1002	418820	0.00012960286403540522
1002	310297	0.14179851114749908
1002	122907	0.058676451444625854
1002	453663	-0.009231762029230595
1002	303137	0.17249900102615356
1002	291366	0.45399606227874756
1002	357419	-0.042074378579854965
1002	58926	0.027103394269943237
1002	562526	0.11582281440496445
1002	423479	0.09140785783529282
1002	34872	0.04289688915014267
1002	474681	-0.01602068357169628
1002	400954	0.03313716500997543
1002	163765	-0.0017659702571108937
1002	312902	0.017144707962870598
1002	494152	0.027884438633918762
1002	71753	0.042664315551519394
1002	37965	0.04289688915014267
1002	355921	0.4733693301677704
1002	136275	0.11976626515388489
1002	276578	-0.03456639498472214
1002	357485	-0.042074378579854965
1002	504944	0.07075006514787674
1002	268920	0.39245620369911194
1002	252026	0.13883405923843384
1002	444030	0.5077897906303406
1002	200836	0.04462999477982521
1002	444046	0.44624048471450806
1002	138895	0.21192239224910736
1002	175775	0.04555964097380638
1002	295073	0.44010189175605774
1002	263335	0.0912100225687027
1002	326002	0.05742837116122246
1002	212143	0.19211041927337646
1002	146097	0.06702109426259995
1002	34490	0.04289688915014267
1002	202942	0.20022261142730713
1002	372416	0.3027503788471222
1002	419617	0.24966490268707275
1002	292041	0.05599145218729973
1002	108750	0.03295597434043884
1002	554705	0.07762650400400162
1002	363730	0.02717507630586624
1002	390768	0.06654886901378632
1002	431324	0.22006943821907043
1002	419046	0.04289688915014267
1002	34030	-0.0001271702494705096
1002	427766	0.13624097406864166
1002	15095	0.0679229348897934
1002	369401	0.03197404742240906
1002	487164	0.08454378694295883
1002	570326	0.11788564920425415
1002	395532	0.06388363242149353
1002	42771	-0.021253086626529694
1002	299286	0.21651595830917358
1002	271155	0.07954637706279755
1002	37661	0.04289688915014267
1002	284961	0.014384155161678791
1002	79139	0.02759244292974472
1002	451882	0.3884856104850769
1002	448813	0.14931990206241608
1002	183603	0.39110809564590454
1002	409910	0.4964030981063843
1002	513851	0.13575641810894012
1002	531263	0.058899253606796265
1002	283968	0.17779886722564697
1002	412482	0.11528413742780685
1002	457541	0.05776919797062874
1002	437574	0.07890293747186661
1002	34871	0.04289688915014267
1002	96910	0.10723704099655151
1002	29016	0.1021176129579544
1002	300890	0.05084588751196861
1002	555358	0.052268996834754944
1002	227170	0.05938689783215523
1002	169827	0.014857097528874874
1002	374118	0.10436408966779709
1002	364402	0.09564193338155746
1002	193913	0.0898231491446495
1002	527743	0.18535111844539642
1002	553856	0.046616632491350174
1002	491906	-0.04495632275938988
1002	240518	0.1291484832763672
1002	558990	0.06044914200901985
1002	89492	0.02358310855925083
1002	550296	0.06014937534928322
1002	175003	0.38193243741989136
1002	163749	-0.01233344990760088
1002	296092	0.0822523832321167
1002	465333	0.034821297973394394
1002	367544	0.474597305059433
1002	560020	0.06304185837507248
1002	242623	0.08464009314775467
1002	491475	0.03301728144288063
1002	109525	0.04376354441046715
1002	146902	0.07728773355484009
1002	504801	-0.014329496771097183
1002	349692	0.010466355830430984
1002	392695	-0.049685847014188766
1002	507386	0.011669747531414032
1002	41468	0.026880376040935516
1002	132606	0.03710692375898361
