1068	352598	0.6502654552459717
1068	351248	0.2195490300655365
1068	225301	0.0566735677421093
1068	244758	0.021934673190116882
1068	329763	0.1300337165594101
1068	127528	-0.032178845256567
1068	247855	0.1019047424197197
1068	350768	0.06171824410557747
1068	497212	0.22135156393051147
1068	98878	0.07501769810914993
1068	365635	0.21135149896144867
1068	374855	0.09398423880338669
1068	81994	0.21149514615535736
1068	483917	0.11427523195743561
1068	315984	0.00816685613244772
1068	351317	0.20646266639232635
1068	317018	0.032482896000146866
1068	351845	0.19676627218723297
1068	148072	0.07979314774274826
1068	512635	0.13007767498493195
1068	529020	0.05067073181271553
1068	175742	0.08930186927318573
1068	273033	0.1001855656504631
1068	130186	0.12979640066623688
1068	272529	0.03175470978021622
1068	237714	0.10307401418685913
1068	308891	0.24384857714176178
1068	237727	0.052723225206136703
1068	237730	0.07290001213550568
1068	223922	0.000950448215007782
1068	552119	0.3570888042449951
1068	100560	0.2336101084947586
1068	231634	0.05750349164009094
1068	265429	0.07162061333656311
1068	137942	0.07767486572265625
1068	527069	0.04837999492883682
1068	172240	0.07475701719522476
1068	102523	0.6067250370979309
1068	535273	0.7714675664901733
1068	173292	0.4685152769088745
1068	527085	0.04765398055315018
1068	527087	0.034607622772455215
1068	28400	0.7611834406852722
1068	315347	0.010641110129654408
1068	91386	0.08598116040229797
1068	274689	0.2051980048418045
1068	566018	-0.036609500646591187
1068	173315	0.35099664330482483
1068	242951	0.04193501174449921
1068	118536	0.4826420247554779
1068	418569	0.20069479942321777
1068	100113	-0.012429432012140751
1068	539932	0.5632869005203247
1068	236319	0.09137862175703049
1068	482081	0.3011299967765808
1068	349659	0.22615613043308258
1068	206130	0.10575065016746521
1068	161403	0.2214818149805069
1068	556879	-0.0072602564468979836
1068	84304	0.10891056060791016
1068	265553	0.03781251981854439
1068	254294	-0.004270338453352451
1068	220512	0.06185904145240784
1068	482657	0.27751049399375916
1068	495458	0.4938923418521881
1068	579132	0.0944184958934784
1068	425326	0.11579158157110214
1068	468338	0.10827584564685822
1068	25972	0.11390135437250137
1068	483193	0.1669825166463852
1068	265602	0.14320796728134155
1068	483222	0.5154213309288025
1068	41864	0.002121959114447236
1068	404877	0.11624766141176224
1068	354703	0.2743229568004608
1068	408466	0.17869038879871368
1068	408467	0.0019436386646702886
1068	187798	-0.005459338892251253
1068	100249	0.04275539889931679
1068	533912	0.0747893825173378
1068	111513	0.21069921553134918
1068	187802	-0.03143901750445366
1068	179100	-0.005089000333100557
1068	548080	0.5023850202560425
1068	197548	-0.011606993153691292
1068	447409	0.058794859796762466
1068	352978	0.06278940290212631
1068	482239	-0.02728414535522461
1068	330402	0.0407160222530365
1068	179097	0.06390521675348282
1068	11219	0.6209716796875
1068	385493	0.04283025115728378
1068	124891	0.09012521803379059
1068	346449	0.10139098763465881
1068	135666	0.32518288493156433
1068	25592	-0.007990163750946522
1068	135673	0.3116154074668884
1068	347642	0.15290775895118713
