1071	52227	0.0457131527364254
1071	552460	0.0886375904083252
1071	246801	0.2047187238931656
1071	98839	0.5101580023765564
1071	81436	0.10037051141262054
1071	502533	0.6782233715057373
1071	479270	0.27652254700660706
1071	553000	0.49467357993125916
1071	527415	0.03150093927979469
1071	306747	0.6338956952095032
1071	372799	0.14695601165294647
1071	541254	0.6005910038948059
1071	431184	0.6107725501060486
1071	211539	0.2780633270740509
1071	555092	0.23634780943393707
1071	196182	0.06485570967197418
1071	211545	0.1562926471233368
1071	344674	0.04802309721708298
1071	579172	0.09804217517375946
1071	485995	0.16172893345355988
1071	324205	0.027485055848956108
1071	550000	0.18595106899738312
1071	234100	0.05180198326706886
1071	351863	0.20015057921409607
1071	330364	0.25731906294822693
1071	456833	-0.02333974838256836
1071	232579	0.2573072910308838
1071	488580	-0.03506847098469734
1071	486026	0.04955124109983444
1071	323607	0.11883030831813812
1071	248467	0.0313970185816288
1071	486554	0.15311039984226227
1071	275627	0.1365979015827179
1071	161471	0.1646481603384018
1071	127168	0.0019757712725549936
1071	322762	-0.016778698191046715
1071	436940	0.461354523897171
1071	495310	0.4362546503543854
1071	92881	0.09378746151924133
1071	496338	0.5368662476539612
1071	323796	-0.011464517563581467
1071	448683	0.12150450795888901
1071	13018	0.1901627480983734
1071	520418	0.25254306197166443
1071	524753	0.14076773822307587
1071	349931	0.39262261986732483
1071	74483	0.6645239591598511
1071	363266	0.059966299682855606
1071	453379	0.16577747464179993
1071	472837	0.5461742281913757
1071	297752	-0.022207286208868027
1071	353055	0.34968820214271545
1071	180524	0.16038377583026886
1071	160055	0.3589307963848114
1071	373052	0.07161996513605118
1071	472203	0.169159933924675
1071	150854	0.08332464843988419
1071	305207	0.14044345915317535
1071	350543	0.3353593051433563
1071	487259	0.11746256053447723
1071	465769	0.3336161971092224
1071	144746	0.16756145656108856
1071	260460	0.08562014251947403
1071	438126	0.3273114562034607
1071	479099	0.23278333246707916
1071	482176	0.39118650555610657
1071	398722	0.03768141195178032
1071	291715	0.2125270515680313
1071	165257	0.12845386564731598
1071	18314	0.3092481791973114
1071	482187	0.3176465928554535
1071	482191	0.41086259484291077
1071	483217	0.39281487464904785
1071	555418	0.031259115785360336
1071	243104	0.12739568948745728
1071	248232	0.12786845862865448
1071	496047	0.136018306016922
1071	352690	0.2804756760597229
1071	410549	0.14832398295402527
1071	349128	0.24290472269058228
1071	393677	-0.07634769380092621
1071	295886	0.42551982402801514
1071	317391	0.07482615858316422
1071	52177	0.0457131527364254
1071	122361	0.07918044924736023
1071	50661	0.04107614606618881
1071	552537	0.4029986262321472
1071	206314	0.2518134117126465
1071	19436	0.051497682929039
1071	188398	0.015372483059763908
1071	69617	0.061882391571998596
1071	527861	0.6236008405685425
1071	486392	0.32526224851608276
1071	296532	0.11505778133869171
