1137	289583	0.5070638656616211
1137	176385	0.7059633135795593
1137	288130	0.6260488033294678
1137	519045	0.03777933493256569
1137	338694	0.47917720675468445
1137	70401	0.5122954249382019
1137	108810	0.36135706305503845
1137	70284	0.6001548767089844
1137	401026	0.45033738017082214
1137	339133	0.47917720675468445
1137	344083	0.5294619202613831
1137	412820	0.48288750648498535
1137	129639	0.1708894670009613
1137	123865	0.13070011138916016
1137	108513	0.5701417326927185
1137	340506	0.4256996512413025
1137	21787	0.6042019128799438
1137	58129	0.34555649757385254
1137	579869	0.43006739020347595
1137	342302	0.4256996512413025
1137	254946	0.6365941166877747
1137	445083	0.5272402167320251
1137	238342	0.6668170094490051
1137	70257	0.1011161357164383
1137	494376	-0.004269821103662252
1137	374940	0.02453496865928173
1137	4615	0.505824089050293
1137	567340	0.2978701889514923
1137	289582	0.5437263250350952
1137	365597	0.6850459575653076
1137	224432	0.4378669261932373
1137	150321	0.33051082491874695
1137	238771	0.5368993282318115
1137	134324	0.5992887616157532
1137	17205	0.018834257498383522
1137	17199	0.4649057984352112
1137	157115	0.6199035048484802
1137	171708	0.3712688684463501
1137	70333	0.667131781578064
1137	559074	0.30531197786331177
1137	559073	0.3315960466861725
1137	172129	0.7738571763038635
1137	401736	0.6252278685569763
1137	300746	0.447472482919693
1137	300747	0.447472482919693
1137	134498	0.5992887616157532
1137	4559	0.6850459575653076
1137	140920	0.6850459575653076
1137	342355	0.5085698962211609
1137	116694	0.6511715650558472
1137	15675	0.3602653741836548
1137	467166	0.5379208922386169
1137	172127	0.6850459575653076
1137	69857	0.5906888246536255
1137	344162	0.4256996512413025
1137	69731	0.1011161357164383
1137	116839	0.5630860924720764
1137	24552	0.5252160429954529
1137	69865	0.667131781578064
1137	229482	0.48010802268981934
1137	358119	0.5026238560676575
1137	116205	0.7242631316184998
1137	238447	0.6089251041412354
1137	162161	0.6483820080757141
1137	63220	0.27887365221977234
1137	265847	0.4424254894256592
1137	69112	0.7422305941581726
1137	336634	0.43810680508613586
1137	382075	0.46871259808540344
1137	378876	0.46870630979537964
1137	344446	0.42569950222969055
