1138	311040	0.11089879274368286
1138	48134	0.27826738357543945
1138	175362	0.14431728422641754
1138	528	0.36487695574760437
1138	382484	0.009489976800978184
1138	235354	0.4130384922027588
1138	210976	0.1389921009540558
1138	285219	0.33593282103538513
1138	210981	0.03434843569993973
1138	435242	0.6115015149116516
1138	326187	0.04445343837141991
1138	289526	0.2783561944961548
1138	298555	0.04270948842167854
1138	18493	0.38186970353126526
1138	127043	0.3216423988342285
1138	105031	0.27173909544944763
1138	392272	0.15879635512828827
1138	448596	0.3078305721282959
1138	425052	0.0696219801902771
1138	478309	0.05683435499668121
1138	245776	0.4976360499858856
1138	46693	0.6842242479324341
1138	354925	0.47633057832717896
1138	263795	0.07376152276992798
1138	181883	0.12040684372186661
1138	181376	0.061953797936439514
1138	464010	0.1540161371231079
1138	561292	0.18321919441223145
1138	87181	0.4060014486312866
1138	111250	0.01865510828793049
1138	519315	0.1615409106016159
1138	375962	0.3883640170097351
1138	248479	0.032143473625183105
1138	315040	0.2547433078289032
1138	216747	0.051944147795438766
1138	517294	0.09759736061096191
1138	394415	0.03493447229266167
1138	540849	0.4428761899471283
1138	122547	0.045637331902980804
1138	450228	0.27197155356407166
1138	517301	0.07162854820489883
1138	316088	-0.037259701639413834
1138	250043	0.22361665964126587
1138	322748	-0.020336100831627846
1138	411680	0.6980237364768982
1138	327363	0.36738505959510803
1138	262852	0.008115741424262524
1138	320719	0.16629911959171295
1138	206033	0.31793126463890076
1138	514776	0.2117338627576828
1138	273628	0.02467491663992405
1138	316637	0.13526932895183563
1138	316643	0.26066097617149353
1138	345839	0.00195423886179924
1138	347382	0.49581027030944824
1138	209660	0.10878600925207138
1138	27392	0.6937713027000427
1138	318210	0.13887429237365723
1138	206880	0.014364519156515598
1138	15643	0.425872266292572
1138	288030	0.5221251845359802
1138	314660	0.18908777832984924
1138	490033	0.1204625591635704
1138	158506	0.4425344169139862
1138	530224	0.10410243272781372
1138	110386	0.14032919704914093
1138	526648	0.4152356684207916
1138	319801	-0.07280531525611877
1138	447293	0.05485643073916435
1138	382790	0.4194023311138153
1138	247628	0.29984697699546814
1138	319629	-0.03677503392100334
1138	361299	0.42965173721313477
1138	522586	0.3043542802333832
1138	323939	-0.042166054248809814
1138	448869	0.3496972918510437
1138	177004	0.7441483736038208
1138	522607	0.12559813261032104
1138	152211	0.06901823729276657
1138	430452	0.4015640616416931
1138	160117	0.4370635747909546
1138	161147	0.07606728374958038
1138	275839	0.2896195650100708
1138	310661	0.43865472078323364
1138	552003	0.16229911148548126
1138	355735	0.27177053689956665
1138	219290	0.45045721530914307
1138	383478	-0.019477421417832375
1138	205228	0.3711740970611572
1138	204206	0.19412478804588318
1138	577460	0.6128047108650208
1138	457654	0.015616780146956444
1138	326597	0.30236393213272095
1138	367051	0.2956165671348572
1138	323022	-0.07280531525611877
1138	456664	0.12337260693311691
1138	10207	0.1869816780090332
1138	145890	0.009480037726461887
1138	130021	0.07011891901493073
1138	296428	0.5588803291320801
1138	39917	0.2836158871650696
1138	430577	0.20359572768211365
1138	198131	0.4013030230998993
1138	345589	0.8577324151992798
1138	429558	0.15528613328933716
1138	314359	0.21001003682613373
1138	519161	0.04811150208115578
1138	97787	0.046230584383010864
1138	468990	0.39051973819732666
