1153	104449	0.2304256558418274
1153	432135	0.22199277579784393
1153	452621	0.059367112815380096
1153	476176	0.17093876004219055
1153	81940	0.19365786015987396
1153	446490	0.23684094846248627
1153	400924	0.4444712996482849
1153	77113	0.17320208251476288
1153	529973	0.3906835615634918
1153	485433	0.004418198950588703
1153	417864	0.46016520261764526
1153	117835	0.5444043874740601
1153	317012	0.39784133434295654
1153	122455	0.21778440475463867
1153	453216	0.17880523204803467
1153	298084	0.0790625736117363
1153	450149	0.1040293499827385
1153	181862	0.19797515869140625
1153	121447	0.0944831445813179
1153	388208	-0.035112619400024414
1153	122487	0.32724273204803467
1153	241787	0.01650812104344368
1153	310908	0.22940106689929962
1153	388222	-0.035112619400024414
1153	478850	0.3898756206035614
1153	157315	-0.03330833464860916
1153	451205	0.8504429459571838
1153	497286	0.22277218103408813
1153	54417	-0.02837306819856167
1153	171159	0.22590382397174835
1153	32409	-0.005865118466317654
1153	290978	0.2916565537452698
1153	185515	0.12711051106452942
1153	75958	0.33086127042770386
1153	179909	0.310688316822052
1153	235723	-0.005334031768143177
1153	37581	-0.005865118466317654
1153	440526	0.022582000121474266
1153	275152	0.061692770570516586
1153	205011	0.12467589229345322
1153	198868	0.0907396599650383
1153	386937	0.5207483768463135
1153	544489	0.27673009037971497
1153	102125	0.17396898567676544
1153	506094	0.434123158454895
1153	575215	0.27116596698760986
1153	444149	0.06912107765674591
1153	376063	0.2503204643726349
1153	314112	0.06869227439165115
1153	205099	0.07258763164281845
1153	313620	0.17851495742797852
1153	225048	0.03494255617260933
1153	415001	0.8376420736312866
1153	452897	0.2435816377401352
1153	383268	0.10532134771347046
1153	380202	0.08081559836864471
1153	324395	0.1525356024503708
1153	539948	0.07401256263256073
1153	310582	0.8374186158180237
1153	533304	0.17818863689899445
1153	67385	0.7764614820480347
1153	107836	0.3494046926498413
1153	412128	0.24898135662078857
1153	189257	0.4616267681121826
1153	59221	0.14619621634483337
1153	112441	0.1246553435921669
1153	112473	0.36696797609329224
1153	295264	0.12413614988327026
1153	93540	0.042753156274557114
1153	355184	0.10945349186658859
1153	247187	0.05439196527004242
1153	112505	0.12312623858451843
1153	99715	0.693668007850647
1153	477075	0.08724747598171234
1153	477077	0.08724747598171234
1153	522649	0.09820841997861862
1153	299417	0.42969250679016113
1153	478620	0.16214419901371002
1153	544671	0.3775598704814911
1153	130477	0.08979809284210205
1153	200110	0.17334869503974915
1153	509883	0.4807671904563904
1153	509886	0.14137253165245056
1153	364619	0.21822354197502136
1153	396748	0.25648510456085205
1153	276446	0.031600408256053925
1153	371680	0.02111530676484108
1153	579067	0.09831049293279648
1153	464877	0.2704431116580963
1153	427503	0.13668878376483917
1153	538097	-0.04788052663207054
1153	452082	0.8828256726264954
1153	538100	-0.007762413006275892
1153	276470	0.15020710229873657
1153	30203	0.0017522575799375772
