1281	36377	0.11581948399543762
1281	373816	0.17353510856628418
1281	389728	0.11841106414794922
1281	228428	0.07324521988630295
1281	408511	0.07310690730810165
1281	303228	0.10276541858911514
1281	382625	0.20323088765144348
1281	387771	0.07284534722566605
1281	260817	0.07046439498662949
1281	292570	0.03908095508813858
1281	166671	-0.004116796888411045
1281	37672	0.0439288429915905
1281	504893	0.05011320859193802
1281	516977	-0.05314413830637932
1281	446918	0.07403706759214401
1281	446920	0.07403706759214401
1281	165373	0.1889866590499878
1281	564729	0.058748021721839905
1281	139261	0.04524334892630577
1281	213503	0.07893750071525574
