1448	528385	0.46910515427589417
1448	56834	0.014715949073433876
1448	389644	0.054219916462898254
1448	202765	0.23340481519699097
1448	68627	0.41030916571617126
1448	526869	-0.028334856033325195
1448	172063	0.4974611699581146
1448	426528	0.668531596660614
1448	556065	0.022987863048911095
1448	531495	0.11972322314977646
1448	247340	0.36445438861846924
1448	319025	0.2926357090473175
1448	519218	0.25771379470825195
1448	519220	0.13427332043647766
1448	300598	0.1051686480641365
1448	152124	0.5028911828994751
1448	161376	0.1727517992258072
1448	543078	0.1854020208120346
1448	579143	0.18214400112628937
1448	579151	0.13025575876235962
1448	525907	0.7087870240211487
1448	370263	0.0796564370393753
1448	235097	0.2375635802745819
1448	495194	0.754452645778656
1448	306784	0.8117595911026001
1448	161377	0.1727517992258072
1448	479330	0.4259679317474365
1448	281701	0.39115655422210693
1448	103015	0.26580584049224854
1448	112237	0.3566136360168457
1448	541297	0.5138309001922607
1448	211572	0.14288897812366486
1448	348790	0.08748308569192886
1448	75385	0.258186012506485
1448	17019	0.566174328327179
1448	303229	0.057886067777872086
1448	170111	0.579034686088562
1448	364395	0.031244337558746338
1448	516742	0.054806068539619446
1448	137357	0.12204954028129578
1448	352538	0.20961865782737732
1448	182435	0.19673854112625122
1448	348852	0.19106274843215942
1448	103104	0.49025759100914
1448	529090	0.34319597482681274
1448	391883	0.3466821014881134
1448	515284	0.20302854478359222
1448	401621	0.4445887506008148
1448	224472	0.7160459160804749
1448	484058	0.12425969541072845
1448	236254	0.35523074865341187
1448	339680	0.1687103658914566
1448	484065	0.1730988472700119
1448	556770	0.136193186044693
1448	324326	0.025786317884922028
1448	117991	0.3683071434497833
1448	208106	0.02135240100324154
1448	164587	0.3171420693397522
1448	353008	0.5518250465393066
1448	347091	0.2559262216091156
1448	284407	0.32682642340660095
1448	140034	0.19616277515888214
1448	382214	0.25144290924072266
1448	552208	0.17828485369682312
1448	486164	0.09832460433244705
1448	485146	0.3879558742046356
1448	122156	0.0616898238658905
1448	484654	-0.026131678372621536
1448	74032	0.5782967209815979
1448	201033	0.18470889329910278
1448	495436	0.5050352215766907
1448	255309	0.28600266575813293
1448	53071	0.20563936233520508
1448	240466	0.32300880551338196
1448	244066	0.3907204270362854
1448	489317	0.2171291559934616
1448	244070	0.17932026088237762
1448	555882	0.03760574012994766
1448	538987	0.00447092903777957
1448	482674	0.2916693389415741
1448	26089	0.19891127943992615
1448	247674	0.06825459748506546
1448	408472	0.21793660521507263
1448	385946	0.03746920824050903
1448	552176	0.47309228777885437
1448	197540	0.136193186044693
1448	310182	0.19003614783287048
1448	369064	0.7150735855102539
1448	213427	0.7410055994987488
1448	102837	0.17243491113185883
1448	500158	0.4690881371498108
1448	500159	0.2569305896759033
1448	339397	0.4053962528705597
1448	555978	0.17282724380493164
1448	409550	0.21420113742351532
1448	101709	0.3214755654335022
1448	324563	0.13542236387729645
1448	347093	0.27794504165649414
1448	209377	0.09130896627902985
1448	206313	0.17802152037620544
1448	243179	0.35547009110450745
1448	181331	0.0034244502894580364
1448	375798	0.08192607015371323
1448	172030	0.29971328377723694
