18	104320	0.15113045275211334
18	335749	0.6840481162071228
18	240007	0.14044223725795746
18	240009	0.13136523962020874
18	336652	0.7064206004142761
18	240013	0.6735453605651855
18	202127	0.7528196573257446
18	382097	0.8102016448974609
18	114328	0.7203471064567566
18	411293	0.7753999829292297
18	229151	0.9812931418418884
18	24736	0.7095770239830017
18	461345	0.9525346159934998
18	228898	0.10337551683187485
18	567589	0.9999999403953552
18	64422	0.5330573320388794
18	337063	0.5577426552772522
18	195778	0.674584150314331
18	207815	0.14534014463424683
18	411173	0.6324856281280518
18	475960	0.9579030871391296
18	472505	0.8980925679206848
18	200031	0.7257156372070312
18	445002	0.8170545101165771
18	114880	0.09901313483715057
18	114881	0.09901313483715057
18	448066	0.7694181799888611
18	200011	0.7531493902206421
18	185028	0.890758752822876
18	48940	0.1848522126674652
18	228897	0.7993456721305847
18	207816	0.7917252779006958
18	17993	0.898201584815979
18	87882	0.9999999403953552
18	29771	0.7766131162643433
18	200012	0.6657025814056396
18	204493	0.711863100528717
18	204494	0.9999999403953552
18	12623	0.9031798243522644
18	200016	0.6712636947631836
18	337618	0.44892674684524536
18	445011	0.8824359774589539
18	199766	0.5585048198699951
18	170201	0.9999999403953552
18	329691	0.6867203116416931
18	73948	0.639761209487915
18	21086	0.5368844270706177
18	17631	0.9356775283813477
18	124882	0.6153151988983154
18	382689	0.4808174967765808
18	386018	0.3255713880062103
18	100707	0.7073569297790527
18	100708	0.9543644785881042
18	49258	0.8864928483963013
18	523425	0.8771010637283325
18	410990	0.7404751181602478
18	44477	0.8351109027862549
18	462963	0.6192587018013
18	104318	0.21992668509483337
18	525942	0.7384049892425537
18	385697	0.632194459438324
18	337532	0.6840481162071228
18	499710	0.9999999403953552
18	104319	0.21490028500556946
