1800	333825	0.8034729361534119
1800	286725	0.8770405650138855
1800	207368	0.9381600022315979
1800	413713	0.8865463733673096
1800	286230	0.9655415415763855
1800	45601	0.891991138458252
1800	273451	0.5611957907676697
1800	401586	0.8977343440055847
1800	359481	0.9615427255630493
1800	267325	0.9508621096611023
1800	93447	0.916471004486084
1800	405570	0.7774378657341003
1800	86597	0.8158026337623596
1800	382030	0.845186173915863
1800	288852	0.6887426376342773
1800	391254	0.9770713448524475
1800	340057	0.7166255712509155
1800	186459	0.7382329106330872
1800	295519	0.9233852028846741
1800	420454	0.9482185244560242
1800	163431	0.242202028632164
1800	105577	0.954269289970398
1800	455795	0.764555037021637
1800	455796	0.764555037021637
1800	472681	0.8639117479324341
1800	151678	0.930975615978241
1800	170112	0.9090215563774109
1800	333954	0.7646100521087646
1800	156803	0.8994266986846924
1800	559757	0.812408983707428
1800	495246	0.9258394241333008
1800	365205	0.9600955843925476
1800	389785	0.8999536037445068
1800	339611	0.3676729202270508
1800	455837	0.7871955037117004
1800	13982	0.9636009931564331
1800	195243	0.9526926279067993
1800	358578	0.9606107473373413
1800	534131	0.7229929566383362
1800	358580	0.9261817932128906
1800	256188	0.8544285893440247
1800	461509	0.735412061214447
1800	90828	0.9414634704589844
1800	479441	0.9606107473373413
1800	304338	0.9406425952911377
1800	228066	0.6052431464195251
1800	201959	0.891991138458252
1800	262378	0.6774094700813293
1800	63698	0.8955740928649902
1800	408302	-0.008013728074729443
1800	534255	0.9648922681808472
1800	147186	0.9525041580200195
1800	496371	0.9576618671417236
1800	534264	0.9350839257240295
1800	427258	0.8563904166221619
1800	472834	0.9410072565078735
1800	469251	0.9415187835693359
1800	270596	0.8798674941062927
1800	552711	0.9655415415763855
1800	480010	0.9526301026344299
1800	239918	0.8237513303756714
1800	397078	0.9559621214866638
1800	200480	0.87015700340271
1800	532267	0.8781916499137878
1800	397102	0.891991138458252
1800	121821	0.9093056917190552
1800	544561	0.891991138458252
1800	379698	0.8366333842277527
1800	430389	0.9076141119003296
1800	320319	0.6756911277770996
1800	391496	0.9202418327331543
1800	240978	0.932680070400238
1800	397139	0.8810732364654541
1800	456545	0.16146023571491241
1800	456548	0.9344387054443359
1800	260459	0.891991138458252
1800	381845	0.5851489305496216
1800	268699	0.939614474773407
1800	493473	0.596563458442688
1800	336294	0.8398439884185791
1800	8114	0.9468773603439331
1800	372158	0.9620637893676758
1800	528842	0.5621132850646973
1800	405966	0.8262177109718323
1800	454631	0.9081889986991882
1800	455677	0.7859158515930176
1800	138739	0.9302210807800293
1800	214004	0.8786171674728394
1800	542200	0.8919911980628967
1800	427005	0.9013247489929199
