1804	255104	0.8781893253326416
1804	513409	0.898461639881134
1804	21250	0.8384231328964233
1804	580742	0.9412505626678467
1804	570631	0.8669083118438721
1804	17032	0.8857339024543762
1804	541499	0.6992330551147461
1804	534134	0.880867063999176
1804	286094	0.9412505626678467
1804	369039	0.86220782995224
1804	332632	0.7266988754272461
1804	555027	0.7222264409065247
1804	14868	0.9199944138526917
1804	132225	0.8763807415962219
1804	299673	0.9212451577186584
1804	132250	0.8713376522064209
1804	337819	0.7096962332725525
1804	466875	0.811956524848938
1804	86820	0.8089384436607361
1804	27167	0.6983935832977295
1804	194416	0.9412505626678467
1804	77987	0.8395833373069763
1804	405028	0.874100387096405
1804	146920	0.6828333735466003
1804	431142	0.7450394034385681
1804	431143	0.9412505626678467
1804	394666	0.9024885296821594
1804	268843	0.8905060291290283
1804	365484	0.605011522769928
1804	287918	0.7926223278045654
1804	288431	0.8720304369926453
1804	541500	0.619278609752655
1804	21641	0.5743021368980408
1804	268857	0.8604587316513062
1804	341690	0.766270101070404
1804	58299	0.8990896940231323
1804	537532	0.7692086696624756
1804	365475	0.7656165361404419
1804	178057	0.2825741469860077
1804	100287	0.8989754319190979
1804	341828	0.7096962332725525
1804	258117	0.8611057996749878
1804	541510	0.6892035007476807
1804	359329	0.7972121834754944
1804	295483	0.6895175576210022
1804	282342	0.649418294429779
1804	160331	0.9130162596702576
1804	118092	0.2591108977794647
1804	4482	0.906946063041687
1804	540751	0.8280113935470581
1804	342608	0.7380496263504028
1804	337247	0.7566548585891724
1804	304339	0.8969123959541321
1804	343380	0.766270101070404
1804	81038	0.9175994992256165
1804	524246	0.9116935133934021
1804	395385	0.8482196927070618
1804	339928	0.766270101070404
1804	534105	0.9412505626678467
1804	553188	0.7653027176856995
1804	138717	0.8946714401245117
1804	270687	0.795642614364624
1804	160336	0.6755211353302002
1804	537531	0.8814032077789307
1804	265316	0.8496318459510803
1804	255077	0.8525031208992004
1804	255078	0.8525031208992004
1804	454632	0.8368403315544128
1804	420457	0.9412505626678467
1804	105578	0.8801490664482117
1804	105579	0.9254201054573059
1804	105581	0.7879037857055664
1804	112622	0.7068930864334106
1804	239216	0.8703824877738953
1804	542449	0.9175994992256165
1804	124403	0.9112275838851929
1804	405540	0.6429885029792786
1804	176246	0.9412505626678467
1804	268791	0.9412505626678467
1804	520532	0.9215987920761108
1804	534140	0.8427910804748535
1804	219050	0.018827274441719055
1804	532990	0.05966796725988388
1804	264831	0.8990896940231323
