1858	9219	0.26171058416366577
1858	470913	0.5485461950302124
1858	536706	0.6195212006568909
1858	340779	0.5692877769470215
1858	341718	0.5413662791252136
1858	462472	0.27511969208717346
1858	337162	0.6043672561645508
1858	17675	0.7380224466323853
1858	287373	0.7056135535240173
1858	472207	0.7180160284042358
1858	270355	0.7023977637290955
1858	546196	0.6419756412506104
1858	567829	0.6528176069259644
1858	435096	0.6737847328186035
1858	386500	0.743476390838623
1858	369306	0.28258511424064636
1858	320795	0.5586414337158203
1858	17949	0.5130311846733093
1858	258629	0.45843127369880676
1858	288928	0.7584171295166016
1858	5665	0.6164664626121521
1858	513058	0.7911161184310913
1858	276131	0.6657606959342957
1858	562724	0.5904103517532349
1858	248621	0.6049529910087585
1858	540326	0.6277017593383789
1858	287783	0.7363346219062805
1858	338987	0.5925471186637878
1858	330925	0.6087014079093933
1858	336477	0.6377565264701843
1858	48648	0.6907529830932617
1858	330930	0.7023836374282837
1858	83507	0.7466351985931396
1858	361397	0.7981244921684265
1858	287417	0.8448649644851685
1858	386491	0.4294072985649109
1858	31114	0.1115342453122139
1858	229311	0.598486065864563
1858	140320	0.4134986996650696
1858	336323	0.5342007279396057
1858	58308	0.7066161632537842
1858	68677	0.7665719985961914
1858	116166	0.8049595952033997
1858	49991	0.011828887276351452
1858	175048	0.6894885301589966
1858	207946	0.5844622254371643
1858	517173	0.39484289288520813
1858	296524	0.49915364384651184
1858	86690	0.43989428877830505
1858	567760	0.6696221232414246
1858	270453	0.6884257197380066
1858	339796	0.5839754939079285
1858	404821	0.7103033065795898
1858	341590	0.582050621509552
1858	335707	0.46020686626434326
1858	177885	0.7316704988479614
1858	286659	0.6094954013824463
1858	396639	0.6299082040786743
1858	411088	0.7162047624588013
1858	102755	0.6323582530021667
1858	410469	0.42504405975341797
1858	223847	0.5233376622200012
1858	17386	0.45371970534324646
1858	66412	0.6317731738090515
1858	287087	0.7252389192581177
1858	410997	0.6632916331291199
1858	277627	0.6764310598373413
1858	29693	0.5859817862510681
