2203	499220	-0.02062181569635868
2203	499222	0.20992623269557953
2203	499229	0.3682166635990143
2203	499230	0.3682166635990143
2203	229407	0.887814462184906
2203	387624	0.7162492871284485
2203	499248	0.29655683040618896
2203	361546	0.8939942717552185
2203	288850	0.8912923336029053
2203	499288	0.639064610004425
2203	499295	0.9100119471549988
2203	86641	0.22797414660453796
2203	499316	0.5635406970977783
2203	499317	0.3085995316505432
2203	282746	0.804695188999176
2203	499323	0.848776638507843
2203	499355	0.9324665069580078
2203	499226	-0.018996044993400574
2203	361650	0.9324665069580078
2203	314053	0.8806562423706055
2203	42183	0.9390846490859985
2203	268503	0.440474271774292
2203	463072	0.8969735503196716
2203	337128	0.7920605540275574
2203	286443	0.8124980926513672
2203	304891	0.5453913807868958
2203	361743	0.9291213154792786
2203	103186	0.8673210144042969
2203	341286	0.5667539834976196
2203	390978	0.6370968222618103
2203	343396	0.6971064805984497
2203	177518	0.9908100962638855
2203	341224	0.7436522841453552
2203	64395	0.8774943947792053
2203	405390	0.8164469003677368
2203	330640	0.9281398057937622
2203	268694	0.7889810800552368
2203	238491	0.9161521196365356
2203	86939	0.7618988752365112
2203	497583	0.8367621302604675
2203	85426	0.24035272002220154
2203	499273	0.2271580696105957
2203	275018	0.9591550827026367
2203	85445	0.195806086063385
2203	85446	0.195806086063385
2203	85447	0.195806086063385
2203	404937	0.9324665069580078
2203	497627	0.7739030122756958
2203	497638	0.938102126121521
2203	280146	0.8907618522644043
