2375	267819	0.2796712815761566
2375	8834	0.4158599376678467
2375	287355	0.4185197353363037
2375	230567	0.5329186320304871
2375	395094	0.5267333984375
2375	18822	0.19021989405155182
2375	310407	0.4535204768180847
2375	8842	0.3985144793987274
2375	370929	0.12622219324111938
2375	152720	0.29757076501846313
2375	342296	0.6086111068725586
2375	185362	0.47659537196159363
2375	329491	0.25737226009368896
2375	243352	0.7135025858879089
2375	546805	0.07789278030395508
2375	157999	0.17527228593826294
2375	7708	0.5226995944976807
2375	70498	0.04883361607789993
2375	134977	0.38755446672439575
2375	230560	0.4263087809085846
2375	44834	0.9512955546379089
2375	157989	0.4822715222835541
2375	157990	0.5903363227844238
2375	235559	0.44140714406967163
2375	508712	0.6382974982261658
2375	192169	0.4303034245967865
2375	230570	0.6589859127998352
2375	381355	0.37106162309646606
2375	267822	0.33827075362205505
2375	335559	0.6219465732574463
2375	158000	0.37908440828323364
2375	508711	0.17392058670520782
2375	69642	0.04883361607789993
2375	260211	0.19021989405155182
2375	7604	0.3824574053287506
2375	23640	0.1673990935087204
2375	565047	0.0774274542927742
2375	468536	0.21033525466918945
2375	47035	0.2304389774799347
2375	73021	0.4704933762550354
2375	116415	0.4292069375514984
2375	70721	0.7447706460952759
2375	391363	0.47055065631866455
2375	23621	0.2653214931488037
2375	338082	0.3269912004470825
2375	70472	0.04883361607789993
2375	178249	0.36251264810562134
2375	500939	0.6264904737472534
2375	79692	0.5695265531539917
2375	374946	0.41399267315864563
2375	543566	0.6072205901145935
2375	508710	0.08864885568618774
2375	546531	0.24807056784629822
2375	543573	0.6072205901145935
2375	164950	0.3742893636226654
2375	359511	0.5461799502372742
2375	164952	0.5602267980575562
2375	230568	0.4548015296459198
2375	157986	0.1420586258172989
2375	335840	0.4884454309940338
2375	301260	0.3728283643722534
2375	44002	0.4579481780529022
2375	230627	0.24187804758548737
2375	69732	0.04883361607789993
2375	165627	0.6186177730560303
2375	190431	0.1673656553030014
2375	70378	0.7374222874641418
2375	157991	0.5553827285766602
2375	197230	0.4625571370124817
2375	548719	0.5299344658851624
2375	310440	0.3289359509944916
2375	395095	0.17537181079387665
2375	230515	0.32543113827705383
2375	177150	0.41364026069641113
2375	509174	0.24619895219802856
2375	217080	0.39075368642807007
2375	230641	0.2355935275554657
2375	178239	0.43906790018081665
2375	305148	0.21761566400527954
2375	157994	0.16630269587039948
2375	8830	0.7747905254364014
