2432	361993	0.015542831271886826
2432	192011	0.16337908804416656
2432	17963	0.6901137828826904
2432	144433	0.3712425231933594
2432	56950	0.12739570438861847
2432	119392	0.5099915862083435
2432	496741	0.24221599102020264
2432	265149	0.3145911991596222
2432	230007	0.2272571325302124
2432	210558	0.15548868477344513
2432	384277	0.052739936858415604
2432	191115	0.10123958438634872
2432	163981	0.11483152210712433
2432	476306	0.3273603022098541
2432	210579	0.19574502110481262
2432	363205	-0.0023614123929291964
2432	511430	0.34486475586891174
2432	365740	0.12880536913871765
2432	556224	0.10172803699970245
2432	139979	0.3131139576435089
2432	229060	0.7392627596855164
2432	287945	0.7622580528259277
2432	301771	0.029170246794819832
2432	455884	-0.009601264260709286
2432	378073	-0.02197229117155075
2432	236770	0.15844637155532837
2432	163050	0.12307866662740707
2432	57090	-0.02386942319571972
2432	47659	-0.04918820038437843
2432	229641	0.26444873213768005
2432	371477	0.21592751145362854
2432	63767	0.6360166668891907
2432	35119	-0.06755194813013077
2432	489249	0.041982389986515045
2432	458715	0.14827802777290344
2432	474919	0.07133330404758453
2432	465195	0.03153329715132713
2432	540460	0.18052254617214203
2432	555311	0.05708920955657959
2432	195913	0.4976632595062256
2432	464206	0.17031894624233246
2432	495457	0.5847567915916443
2432	5477	0.04287168011069298
2432	269683	0.2306452840566635
2432	463934	0.27212968468666077
2432	140155	0.0944746732711792
2432	488335	0.06764689087867737
2432	444822	0.7448412775993347
2432	47517	-0.00585353747010231
2432	198046	0.17000006139278412
2432	194467	0.34049656987190247
2432	63915	0.4795149862766266
2432	47533	0.04923649877309799
2432	198067	0.20671577751636505
2432	458679	0.03627531975507736
2432	269757	0.19942833483219147
2432	496065	0.07648652791976929
2432	555992	-0.009779170155525208
2432	290778	0.14876903593540192
2432	188388	0.5018225312232971
2432	544741	-0.05121849849820137
2432	218605	0.02976991981267929
2432	571888	0.34872961044311523
2432	57842	0.013565792702138424
2432	37370	0.011130303144454956
2432	408060	0.14196287095546722
