2613	60502	0.1820715218782425
2613	176646	0.6027349829673767
2613	289289	0.12560336291790009
2613	83287	0.6076434254646301
2613	553488	0.2564676105976105
2613	196113	0.1912791132926941
2613	168978	0.12909886240959167
2613	196121	0.18789206445217133
2613	257051	0.36509543657302856
2613	45085	0.24118874967098236
2613	86022	0.678707480430603
2613	170025	0.1487835943698883
2613	430133	0.6467505693435669
2613	467020	0.2972835302352905
2613	85581	0.26641595363616943
2613	290894	0.09419292956590652
2613	84052	0.2838364243507385
2613	37974	0.09784873574972153
2613	144477	0.36414089798927307
2613	406971	0.44679462909698486
2613	36965	-0.04313284903764725
2613	188006	0.13576339185237885
2613	188007	0.3427544832229614
2613	242795	0.2542729377746582
2613	33908	0.08431803435087204
2613	149140	0.25501877069473267
2613	568981	0.3445349335670471
2613	285334	0.09330294281244278
2613	285335	0.09330294281244278
2613	33432	-0.04313284903764725
2613	78493	0.1169995367527008
2613	85667	0.38284578919410706
2613	470693	0.2954948842525482
2613	470694	0.2844271659851074
2613	423079	-2.435129317746032e-05
2613	564396	0.9581497311592102
2613	32953	0.09531214088201523
2613	214215	0.07990679144859314
2613	188112	0.10592685639858246
2613	85717	0.2961648106575012
2613	37083	0.09784873574972153
2613	411883	0.3562822639942169
2613	124652	0.5767505168914795
2613	562927	0.43828320503234863
2613	124657	0.5413088202476501
2613	83186	0.33707907795906067
2613	140540	0.09277262538671494
2613	72445	0.08558341860771179
2613	449792	0.32235658168792725
2613	82690	0.42565029859542847
2613	451542	0.30838310718536377
2613	578822	0.5594870448112488
2613	491788	0.19715522229671478
2613	187664	0.2966572344303131
2613	36625	0.09784873574972153
2613	409882	0.322672575712204
2613	74523	0.04001809284090996
2613	470305	0.18428829312324524
2613	493348	0.43593719601631165
2613	578856	0.6166384220123291
2613	208861	0.09720396250486374
2613	202048	0.31231021881103516
2613	271174	0.025902658700942993
2613	85846	0.3180858790874481
2613	261463	0.10863309353590012
2613	578905	0.5650900602340698
2613	36702	0.09784873574972153
2613	578911	0.6101037263870239
2613	109417	0.7445275783538818
2613	412014	0.5036835670471191
2613	85359	0.2968127429485321
2613	36728	0.09784873574972153
2613	85371	0.003002437064424157
2613	83179	0.7458328008651733
2613	82830	0.5081947445869446
2613	84367	0.34724387526512146
2613	452499	0.5345204472541809
2613	433046	-0.010832409374415874
2613	326039	0.10482491552829742
2613	34201	0.12386135011911392
2613	56223	0.46084725856781006
2613	412579	0.4396597743034363
2613	124658	0.4682583212852478
2613	84910	0.8153608441352844
2613	203190	0.19102981686592102
2613	561079	0.06580362468957901
2613	33723	0.06804458796977997
2613	415167	0.23981507122516632
2613	168901	0.06915147602558136
2613	33868	-0.04313284903764725
2613	83408	0.5111153721809387
2613	83923	0.35957396030426025
2613	451541	0.5010077953338623
2613	167894	0.5750032067298889
2613	188375	0.2751236855983734
2613	557529	0.06552320718765259
2613	79325	0.4433683156967163
2613	83935	0.5475422143936157
2613	143328	0.32267144322395325
2613	143329	0.104977548122406
2613	72444	0.356730192899704
2613	387487	0.4595976769924164
2613	83446	0.4748412072658539
2613	34811	-0.04313286766409874
2613	83452	0.6760852932929993
