2879	124418	0.08977378904819489
2879	444430	-0.11406465619802475
2879	232978	0.15739428997039795
2879	394779	0.35944780707359314
2879	520732	0.27321621775627136
2879	465440	0.33373621106147766
2879	223266	0.020647531375288963
2879	507430	0.02118069678544998
2879	253487	0.05564221739768982
2879	290864	0.3413308262825012
2879	465460	0.38432857394218445
2879	392759	0.09217265993356705
2879	486462	0.21422156691551208
2879	78911	0.20572862029075623
2879	550469	0.24449636042118073
2879	349257	0.1701013296842575
2879	557134	0.18636882305145264
2879	136275	0.07731166481971741
2879	424549	0.7670468091964722
2879	34064	0.0011946411104872823
2879	271973	0.06971361488103867
2879	286824	0.6484166979789734
2879	353385	0.1404540091753006
2879	471147	0.30063945055007935
2879	147052	0.2098618596792221
2879	454253	0.20227432250976562
2879	371822	0.2525428831577301
2879	479350	0.2955458164215088
2879	476794	0.3044434189796448
2879	450177	0.6931533813476562
2879	115330	-0.03733926638960838
2879	307336	0.17393898963928223
2879	130185	0.19484758377075195
2879	392844	0.17702506482601166
2879	326807	0.15540023148059845
2879	132761	0.6555983424186707
2879	283802	0.444111704826355
2879	253083	0.11253616958856583
2879	450210	0.3393566608428955
2879	406693	0.0695393830537796
2879	449193	0.2253313660621643
2879	423084	0.15312963724136353
2879	372408	0.24002449214458466
2879	55157	0.06976445764303207
2879	532161	0.21406063437461853
2879	246981	0.1832951456308365
2879	571606	0.0525011271238327
2879	348378	0.04674011096358299
2879	246491	0.09372015297412872
2879	474332	0.10852092504501343
2879	424162	0.16463208198547363
2879	202471	0.0979609414935112
2879	232684	0.2808467149734497
2879	93942	0.39015769958496094
2879	213241	0.2862398326396942
2879	425723	0.0328805074095726
2879	306428	0.5407598614692688
2879	494334	0.4320966899394989
2879	448469	0.052074041217565536
2879	419587	0.3230397701263428
2879	34057	0.03011064976453781
2879	291600	0.13420215249061584
2879	396567	0.003935352899134159
2879	416536	0.12906089425086975
2879	395035	0.11071287095546722
2879	417572	0.0760929211974144
2879	424744	0.08004922419786453
2879	106287	0.622299075126648
2879	36656	0.07015270739793777
2879	212958	0.22227782011032104
2879	371513	0.062187183648347855
2879	438588	0.19051502645015717
2879	424253	0.263207346200943
2879	163647	-0.006577285006642342
2879	303424	0.049581099301576614
2879	549193	0.42257869243621826
2879	424273	0.39828798174858093
2879	554834	0.34729820489883423
2879	442203	0.08759066462516785
2879	450401	0.23783482611179352
2879	408893	0.11068104207515717
2879	365939	0.12999500334262848
2879	578421	0.04313007742166519
2879	457590	0.07966601848602295
2879	442175	0.0775570198893547
2879	144256	0.2450425922870636
2879	447366	0.3284638524055481
2879	349064	0.19335070252418518
2879	484235	0.16201220452785492
2879	163232	0.13518299162387848
2879	442282	0.1473420113325119
2879	284588	0.230111762881279
2879	553394	0.7586111426353455
2879	403383	0.024469662457704544
2879	572860	0.05903362110257149
2879	210377	0.19951318204402924
2879	152529	0.30947962403297424
2879	212046	0.1768755465745926
2879	183258	0.3476090133190155
2879	212956	0.21078526973724365
2879	152542	0.31116530299186707
2879	357347	0.3878287076950073
2879	380900	0.16446392238140106
2879	419813	0.2750541865825653
2879	285158	0.07469738274812698
2879	450556	0.2916903495788574
