3439	202246	0.7584772109985352
3439	524822	0.821211576461792
3439	280088	0.7897657155990601
3439	406191	0.9915371537208557
3439	472610	0.7881362438201904
3439	346664	0.8258678317070007
3439	346666	0.8678359389305115
3439	331819	0.010034049861133099
3439	17975	0.8516864776611328
3439	129595	0.8517640829086304
3439	451140	0.6666479706764221
3439	253010	0.43558788299560547
3439	405588	0.9380524754524231
3439	177783	0.5780676603317261
3439	579707	0.7599950432777405
3439	404605	0.6666479706764221
3439	58506	0.8449404835700989
3439	58507	0.7713720798492432
3439	58511	0.8417420983314514
3439	276113	0.15201863646507263
3439	66501	0.7727836966514587
3439	276129	0.6427153944969177
3439	281252	0.9230940341949463
3439	276134	0.5348060131072998
3439	276136	0.5217990279197693
3439	276140	0.8131052255630493
3439	276143	0.7574723958969116
3439	281264	0.799435555934906
3439	243378	0.8022776246070862
3439	62645	0.8347885608673096
3439	276153	0.8091146349906921
3439	146111	0.8331694602966309
3439	146114	0.777577817440033
3439	125648	0.6427153944969177
3439	195295	0.858288586139679
3439	95456	0.6679662466049194
3439	95458	0.8487447500228882
3439	238819	0.8831198811531067
3439	103140	0.8226592540740967
3439	170216	0.8656110763549805
3439	567676	0.8118274211883545
3439	119027	0.8274702429771423
3439	309493	0.7703179121017456
3439	469240	0.7735242247581482
3439	342785	0.6656569838523865
3439	309508	0.6295012831687927
3439	477448	0.8735033273696899
3439	51985	0.3506183624267578
3439	26398	0.9006415009498596
3439	432422	0.7503324151039124
3439	113962	0.7704554796218872
3439	195372	0.8069458603858948
3439	280376	0.841624915599823
3439	280377	0.819678783416748
3439	154939	0.4954875707626343
3439	154940	0.8168818354606628
3439	330890	0.4846400320529938
3439	118083	0.31450533866882324
3439	470869	0.7735242247581482
3439	2876	0.39842361211776733
3439	580458	0.6427153944969177
3439	174450	0.6890706419944763
3439	107380	0.8070333003997803
3439	236412	0.8007082343101501
3439	273278	0.8690860271453857
3439	304513	0.8953956365585327
3439	96652	0.5190779566764832
3439	291736	0.8429615497589111
3439	147865	0.7035638689994812
3439	174494	0.9250249266624451
3439	20387	0.2909487783908844
3439	20396	0.7097570896148682
3439	20398	0.783518373966217
3439	528816	0.8391562700271606
3439	288891	0.8512459993362427
3439	330171	0.6666479706764221
3439	272325	0.8485339879989624
3439	190442	0.8851089477539062
3439	475118	0.8490586876869202
3439	283632	0.7735242247581482
3439	581106	0.8677495718002319
3439	334326	0.6747057437896729
3439	56315	0.7697044014930725
