358	395782	0.017105907201766968
358	346895	0.006668551824986935
358	144914	0.06583602726459503
358	35747	-0.006731678266078234
358	130470	0.14358092844486237
358	197800	0.029261864721775055
358	22450	-0.011864016763865948
358	189547	0.05391361936926842
358	474507	-0.05336283892393112
358	311230	0.1101389080286026
358	534209	0.08209402859210968
358	534851	0.028794730082154274
358	389325	0.05702337250113487
358	327385	0.06326372921466827
358	219487	0.10318876802921295
358	402276	0.02908792532980442
358	212325	0.10050176829099655
358	191805	0.08322802186012268
358	242034	0.08601991832256317
358	387777	0.006631143391132355
