3600	287872	0.7303051352500916
3600	365441	0.6961878538131714
3600	203394	0.7502435445785522
3600	359301	0.6722126603126526
3600	369158	0.6360210180282593
3600	203393	0.7052037119865417
3600	245004	0.40743348002433777
3600	277776	0.6932113766670227
3600	396433	0.6071383953094482
3600	246675	0.58512943983078
3600	530581	0.6520416736602783
3600	200470	0.782340407371521
3600	73881	0.7208188772201538
3600	340760	0.6885862946510315
3600	340505	0.5320374965667725
3600	523166	0.6240848302841187
3600	295583	0.4524570107460022
3600	437920	0.4642665982246399
3600	181665	0.6430047750473022
3600	324486	0.5867650508880615
3600	359208	0.4957936406135559
3600	100268	0.7804443836212158
3600	516398	0.7220824956893921
3600	91185	0.46532168984413147
3600	86579	0.6002945899963379
3600	380190	0.7607644200325012
3600	503222	0.47706764936447144
3600	228024	0.7428011298179626
3600	540601	0.5367270112037659
3600	243258	0.7358930706977844
3600	264863	0.8304168581962585
3600	480065	0.09091613441705704
3600	319865	0.04839882627129555
3600	532928	0.6111555099487305
3600	531905	0.5480532050132751
3600	106946	0.731786847114563
3600	144068	0.6663235425949097
3600	66757	0.5496291518211365
3600	244806	0.744311511516571
3600	26695	0.7047403454780579
3600	308042	0.7795345187187195
3600	94925	0.7618134617805481
3600	472726	0.6304522752761841
3600	359501	0.7369077205657959
3600	287827	0.8346266150474548
3600	437710	0.4680996537208557
3600	464726	0.733456015586853
3600	427223	0.6996747255325317
3600	178265	0.790408194065094
3600	566977	0.7394205927848816
3600	278363	0.24758194386959076
3600	250591	0.6941132545471191
3600	236514	0.407240629196167
3600	303035	0.723919153213501
3600	42340	0.533155620098114
3600	304238	0.5424556136131287
3600	305491	0.7011994123458862
3600	64633	0.6923413872718811
3600	287610	0.711121141910553
3600	525180	0.6941133141517639
3600	573005	0.7210387587547302
