3707	118017	0.47299787402153015
3707	581122	0.6011369228363037
3707	97669	0.6606186032295227
3707	336262	0.5209313631057739
3707	257921	0.6514276266098022
3707	176392	0.7339926958084106
3707	229515	0.6154806017875671
3707	141954	0.24260036647319794
3707	413446	0.4344654679298401
3707	339601	0.5737988352775574
3707	335507	0.41698145866394043
3707	70422	0.6521744132041931
3707	483481	0.4530585706233978
3707	435311	0.6506348252296448
3707	364829	0.23178322613239288
3707	10949	0.34470871090888977
3707	342432	0.6036484837532043
3707	339106	0.5171912312507629
3707	124067	0.6581091284751892
3707	261796	0.29607781767845154
3707	60197	0.4606979787349701
3707	454705	0.6657695770263672
3707	168449	0.6266260147094727
3707	341063	0.543458878993988
3707	117676	0.36317136883735657
3707	337522	0.3758501708507538
3707	70294	0.6977563500404358
3707	341341	0.36794644594192505
3707	307227	0.49690428376197815
3707	488497	0.6514276266098022
3707	384946	0.6334649920463562
3707	117812	0.544754683971405
3707	238774	0.5383737087249756
3707	518071	0.443128764629364
3707	288692	0.5987079739570618
3707	254266	0.418768048286438
3707	177467	0.6154806017875671
3707	338364	0.5898374319076538
3707	335678	0.5969604849815369
3707	141375	0.7047805190086365
3707	435316	0.6585240364074707
3707	343362	0.5443059206008911
3707	141379	0.727180540561676
3707	463926	0.6132940053939819
3707	89798	0.6467849612236023
3707	129735	0.6930310726165771
3707	372619	0.3356817364692688
3707	338381	0.028223993256688118
3707	239310	0.4816594421863556
3707	254673	0.6252931952476501
3707	13651	0.6514276266098022
3707	337364	0.18857626616954803
3707	179285	0.5580618381500244
3707	408726	0.37408989667892456
3707	500187	0.6514276266098022
3707	483676	0.36530449986457825
3707	13661	0.6436392068862915
3707	239713	0.727180540561676
3707	338363	0.6263377070426941
3707	228271	0.2901323139667511
3707	115467	0.5104773640632629
3707	117865	0.47299787402153015
3707	335725	0.5230239033699036
3707	254580	0.21926233172416687
3707	529135	0.6626452803611755
3707	178672	0.7754870653152466
3707	435313	0.4714866876602173
3707	459634	0.5657920837402344
3707	101492	0.6506348252296448
3707	523326	0.5301006436347961
3707	124329	0.38767898082733154
3707	141953	0.32243144512176514
3707	529406	0.6251530647277832
3707	134485	0.2249508500099182
