3934	180736	0.08941179513931274
3934	461319	-0.008346907794475555
3934	205328	0.006661784835159779
3934	185886	0.034834250807762146
3934	483359	0.011222215369343758
3934	393819	0.31201422214508057
3934	395816	0.06190714240074158
3934	54317	-0.040705613791942596
3934	203310	-0.010875490494072437
3934	210481	0.008914198726415634
3934	549939	0.20179028809070587
3934	323636	-0.042310990393161774
3934	441914	0.0519862063229084
3934	314439	0.0024332799948751926
3934	346893	-0.005557797383517027
3934	185972	-0.05497375503182411
3934	538196	0.07387406378984451
3934	554581	0.2588624954223633
3934	490075	0.07439744472503662
3934	393821	0.4000318944454193
3934	86622	0.045004941523075104
3934	550500	0.05553406849503517
3934	114792	-0.008189390413463116
3934	362601	0.09431713819503784
3934	534644	0.05941537022590637
3934	538232	0.3139069378376007
3934	145019	0.14481221139431
3934	303232	0.036206722259521484
3934	163969	-0.011065303348004818
3934	275086	0.5728040933609009
3934	448661	0.08621061593294144
3934	262818	0.03083805739879608
3934	387748	0.04846265912055969
3934	452380	0.015293371863663197
3934	256170	0.07552851736545563
3934	315052	-0.0062814271077513695
3934	448685	-0.028761226683855057
3934	549552	0.17310068011283875
3934	473268	0.06012033671140671
3934	37048	-0.040368031710386276
3934	76473	-0.039775997400283813
3934	458439	0.08943568170070648
3934	190165	0.025365075096488
3934	168663	-0.018914058804512024
3934	457445	0.034836627542972565
3934	37100	-0.040368031710386276
3934	35054	-0.040368031710386276
3934	41207	-0.09525510668754578
3934	219903	0.09661401063203812
3934	115969	0.046985361725091934
3934	311682	0.07867346704006195
3934	212238	0.2195008546113968
3934	558125	0.05846865102648735
3934	37660	-0.040368031710386276
3934	430365	-0.037777047604322433
3934	355105	0.30983173847198486
3934	425254	0.21041737496852875
3934	120616	0.07066120207309723
3934	443689	0.17485389113426208
3934	521011	0.07439671456813812
3934	482612	0.03342525288462639
3934	507701	0.056404564529657364
3934	495928	0.07280823588371277
3934	273725	0.29801660776138306
3934	409408	0.04702931270003319
3934	70477	0.5507873296737671
3934	243024	0.17066755890846252
3934	243000	0.12663231790065765
3934	461145	-0.005932440981268883
3934	487261	0.05066807568073273
3934	474000	0.06651972234249115
3934	97085	0.08318282663822174
3934	406387	0.07330936938524246
3934	7542	0.5649100542068481
3934	449405	0.030730009078979492
3934	355711	0.5280598402023315
3934	442754	0.3424373269081116
3934	477059	0.020615097135305405
3934	137611	0.09630683809518814
3934	373648	0.010851048864424229
3934	71570	-0.027325207367539406
3934	555413	0.051997579634189606
3934	53661	0.34173664450645447
3934	192414	0.008939364925026894
3934	37795	-0.040368031710386276
3934	253862	0.5475186109542847
3934	403370	0.03315895050764084
3934	211375	0.07767625153064728
3934	250289	0.05270799994468689
3934	442802	0.02342047356069088
3934	409011	0.18089358508586884
3934	250292	0.05270799994468689
3934	364490	0.050239402800798416
3934	9682	0.03668105602264404
3934	130004	0.022281553596258163
3934	393693	0.035470787435770035
3934	222690	0.03924441710114479
3934	478691	0.14640109241008759
3934	264165	0.2617746889591217
3934	249321	0.10769575089216232
3934	443380	0.11598903685808182
3934	436213	0.03309318423271179
