3960	351873	0.5593752861022949
3960	145538	0.7785009741783142
3960	138755	0.7809187173843384
3960	266198	0.4969068765640259
3960	224135	0.7662768959999084
3960	559752	0.7045020461082458
3960	410507	0.7627353072166443
3960	416525	0.5487250685691833
3960	359311	0.8474993109703064
3960	335761	0.630948543548584
3960	287251	0.8768887519836426
3960	329168	0.7227188944816589
3960	178709	0.8474993109703064
3960	292375	0.7215073108673096
3960	146969	0.7515652179718018
3960	466843	0.3069975674152374
3960	568220	0.6961867213249207
3960	41891	0.7100608944892883
3960	428452	0.3432069718837738
3960	566822	0.6684582829475403
3960	335784	0.6703202724456787
3960	353031	0.8869687914848328
3960	231852	0.8980827331542969
3960	229549	0.8474993109703064
3960	14766	0.6474433541297913
3960	352946	0.6039139628410339
3960	352691	0.6281118392944336
3960	567476	0.7250708937644958
3960	17719	0.7515401840209961
3960	418616	0.7653540372848511
3960	263993	0.689027726650238
3960	177595	0.6776214838027954
3960	353087	0.6163490414619446
3960	400434	0.2670377790927887
3960	26180	0.7958967089653015
3960	505384	0.5300424695014954
3960	437446	0.8397751450538635
3960	164937	0.4403466582298279
3960	104906	0.6111973524093628
3960	336503	0.6644347310066223
3960	329164	0.8674013018608093
3960	194253	0.5634980797767639
3960	329167	0.7227188944816589
3960	374992	0.6665080785751343
3960	254548	0.8090678453445435
3960	96597	0.4999373257160187
3960	327894	0.7013362050056458
3960	341592	0.6711575388908386
3960	506331	0.635503888130188
3960	555533	0.36399421095848083
3960	288919	0.7492628693580627
3960	327903	0.7013362050056458
3960	290656	0.6313000917434692
3960	552545	0.7162072658538818
3960	196323	0.7451590895652771
3960	381029	0.8353434801101685
3960	466841	0.3069975674152374
3960	568041	0.738284170627594
3960	49518	0.5494019389152527
3960	495216	0.7669084072113037
3960	151665	0.8228107690811157
3960	215284	0.7673450708389282
3960	337769	0.7042036652565002
3960	25976	0.5859699845314026
3960	332436	0.3447618782520294
3960	301179	0.9896783232688904
3960	405500	0.8289558291435242
