4311	554628	0.44994449615478516
4311	369397	0.482146292924881
4311	80649	0.4166446030139923
4311	412149	0.7056131958961487
4311	113293	0.6456568837165833
4311	293549	0.5375017523765564
4311	151953	0.6272332668304443
4311	575122	0.5675466656684875
4311	118035	0.4429049789905548
4311	11854	0.3746196925640106
4311	547485	0.672272264957428
4311	118561	0.6333186626434326
4311	113830	0.5784907937049866
4311	45863	0.9024186730384827
4311	334761	0.5758296847343445
4311	355114	0.42364946007728577
4311	138027	0.6319801211357117
4311	138028	0.503066897392273
4311	177837	0.4442029297351837
4311	185390	0.5467309951782227
4311	565041	0.6441410183906555
4311	565042	0.8089940547943115
4311	116914	0.4464137554168701
4311	8887	0.8385844230651855
4311	116921	0.49841129779815674
4311	264762	0.32686862349510193
4311	264764	0.3668626546859741
4311	264767	0.3668626546859741
4311	440000	0.49871397018432617
4311	9794	0.5110437870025635
4311	151620	0.5070948004722595
4311	264758	0.28012964129447937
4311	23879	0.3099399209022522
4311	16712	0.44227170944213867
4311	292809	0.4104785919189453
4311	292811	0.5139990448951721
4311	188622	0.7435916662216187
4311	412664	0.5527421236038208
4311	369363	0.5013380646705627
4311	557396	0.5401667952537537
4311	497656	0.7435916662216187
4311	185433	0.3674631714820862
4311	369370	0.5013380646705627
4311	116730	0.18285724520683289
4311	501215	0.3159807026386261
4311	387644	0.4497009515762329
4311	293624	0.6460332274436951
4311	387822	0.3904983401298523
4311	3696	0.9024186730384827
4311	342386	0.45128560066223145
4311	293620	0.6460332274436951
4311	329982	0.4767991304397583
4311	412663	0.7247984409332275
4311	117496	0.5679740309715271
4311	151417	0.5303828120231628
4311	368122	0.4833660423755646
4311	552895	0.05263201519846916
4311	412668	0.5400545597076416
4311	412670	0.5784907937049866
4311	369365	0.39684075117111206
