4333	527616	0.726330041885376
4333	443136	0.7804150581359863
4333	15749	0.5472710728645325
4333	121025	0.5063018202781677
4333	117384	0.6766170859336853
4333	134922	0.9025358557701111
4333	183179	0.3382960259914398
4333	544780	0.31201961636543274
4333	134413	0.9025358557701111
4333	236247	0.36543896794319153
4333	183185	0.3382960259914398
4333	565396	0.30656206607818604
4333	15383	0.3864460289478302
4333	501400	0.4090547263622284
4333	157849	0.6074891686439514
4333	490906	0.5247200131416321
4333	109724	0.11094740778207779
4333	277150	0.16760803759098053
4333	116641	0.5882979035377502
4333	499747	0.7481478452682495
4333	246428	0.48314136266708374
4333	83628	0.11252893507480621
4333	468399	0.8577852845191956
4333	111668	0.08801491558551788
4333	261429	0.48108920454978943
4333	337078	0.5382459163665771
4333	420409	0.5781716108322144
4333	70587	0.43124109506607056
4333	42812	0.09708644449710846
4333	187453	0.5500628352165222
4333	221633	0.42202866077423096
4333	30146	0.9105902314186096
4333	134582	0.9025358557701111
4333	377286	0.19346439838409424
4333	264263	0.6038597226142883
4333	505802	0.7288306355476379
4333	530252	0.6037482023239136
4333	502861	0.5336837768554688
4333	20304	1.0000001192092896
4333	44091	0.6042640805244446
4333	549203	0.3641580045223236
4333	49785	0.5411288738250732
4333	551259	0.5460944175720215
4333	90205	0.5612587332725525
4333	399070	0.7804150581359863
4333	293986	0.42223837971687317
4333	428091	0.35149645805358887
4333	573115	0.4218789339065552
4333	558054	0.4267137944698334
4333	337768	0.5913949608802795
4333	340841	0.5913949608802795
4333	172987	0.2628791630268097
4333	214205	0.6211385130882263
4333	39283	0.6733818650245667
4333	23031	0.44632232189178467
4333	183544	0.7990162372589111
4333	12153	0.4709291458129883
4333	446205	0.7804150581359863
4333	134912	0.7804150581359863
