437	485890	0.03454025089740753
437	315396	0.23857271671295166
437	530458	0.5798247456550598
437	129572	0.2662455141544342
437	552504	0.17632843554019928
437	160692	0.08572162687778473
437	258619	0.3614252209663391
437	255548	0.32193055748939514
437	326208	0.028532514348626137
437	559193	0.029214324429631233
437	419770	0.041286613792181015
437	547427	0.21509085595607758
437	117860	0.06708400696516037
437	17004	0.23467250168323517
437	548462	0.12723447382450104
437	322162	0.1341671347618103
437	107123	0.1568852663040161
437	391287	-0.03074169158935547
437	548473	0.11225830763578415
437	303228	0.042883723974227905
437	297598	0.09487900137901306
437	330379	0.27256086468696594
437	374415	0.25318053364753723
437	211099	0.5643957257270813
437	401578	0.28423872590065
437	209067	0.05013371631503105
437	107122	0.08580683171749115
437	473268	0.08121068775653839
437	171191	0.35612112283706665
437	96953	0.06996557116508484
437	458938	0.27121803164482117
437	273090	0.2159452587366104
437	478927	0.11463344842195511
437	483025	0.1239955723285675
437	277204	0.028135910630226135
437	485596	0.08783408254384995
437	252637	0.1822821944952011
437	274658	0.3526920676231384
437	214247	0.022223394364118576
437	578280	0.05397726967930794
437	130940	0.20471906661987305
437	430827	0.13551226258277893
437	29939	0.006317060440778732
437	490230	0.15024854242801666
437	22275	0.10988219827413559
437	101642	0.08990965038537979
437	123660	0.2797490656375885
437	460562	0.059819526970386505
437	21779	0.4211505353450775
437	353068	0.41603952646255493
437	239418	0.5214957594871521
437	77963	0.6144705414772034
437	14662	0.4243948459625244
437	299852	0.39606043696403503
437	112983	0.2853492200374603
437	240476	0.1945256143808365
437	496989	0.19562947750091553
437	8031	-0.04980878904461861
437	538977	0.0564488060772419
437	397155	0.3939245939254761
437	441192	0.08069225400686264
437	227693	0.1204216480255127
437	202105	0.6043400764465332
437	247676	0.030462373048067093
437	80269	0.047144994139671326
437	578965	0.13474008440971375
437	329623	0.09101054817438126
437	385435	0.03349854424595833
437	484262	0.002846308285370469
437	490920	0.6319433450698853
437	541102	0.05519656464457512
437	578991	0.10541406273841858
437	578996	0.14411374926567078
437	317370	0.059443436563014984
437	205755	0.1493106186389923
437	459721	0.4369502067565918
437	398284	0.2128237783908844
437	176078	0.35539671778678894
437	123351	0.2326137125492096
437	120799	0.012920369394123554
437	130017	0.18806330859661102
437	96738	0.19530224800109863
437	223210	0.017259059473872185
437	382957	0.7344049215316772
437	173054	0.049756765365600586
