462	551936	0.7180188894271851
462	531969	0.5882946252822876
462	239234	0.6460419297218323
462	164356	0.9572944045066833
462	415749	0.7284411191940308
462	337692	0.6285117864608765
462	282631	0.9141754508018494
462	274696	0.7951034903526306
462	165259	0.3151152729988098
462	78172	0.3330787718296051
462	351375	0.8620425462722778
462	202770	0.7625389099121094
462	148627	0.8664785623550415
462	399126	0.8664364814758301
462	496538	0.5689868927001953
462	412956	0.43742260336875916
462	305310	0.3439541161060333
462	540950	0.609101414680481
462	273957	0.5731760859489441
462	197158	0.6001257300376892
462	232433	0.5661323070526123
462	172200	0.5090435147285461
462	336041	0.6589654088020325
462	123436	0.1814701110124588
462	467886	0.4387189745903015
462	467887	0.8620425462722778
462	236900	0.3425427973270416
462	248632	0.9866214394569397
462	492857	0.7125913500785828
462	149946	0.6585614681243896
462	351807	0.9866214394569397
462	266817	0.6570295095443726
462	405574	0.8081158399581909
462	282567	0.33250829577445984
462	352200	0.6954733729362488
462	381003	0.7785459160804749
462	437709	0.7791712880134583
462	10830	0.7541971206665039
462	541041	0.21916264295578003
462	395856	0.8081272840499878
462	395857	0.8081272840499878
462	197332	0.8790661096572876
462	304470	0.33553045988082886
462	577901	0.7531747221946716
462	197336	0.4104211628437042
462	164452	0.6471580266952515
462	541020	0.667251706123352
462	499642	0.20610809326171875
462	475199	0.11463548988103867
462	534113	0.8480897545814514
462	537955	0.8818641901016235
462	231652	0.7218952775001526
462	534120	0.8650885224342346
462	394985	0.5640475153923035
462	231658	0.9141754508018494
462	350375	0.36154189705848694
462	373522	0.6410515904426575
462	60015	0.8660138845443726
462	164337	0.528508186340332
462	415744	0.5029253959655762
462	147958	0.29965654015541077
462	299511	0.8949253559112549
462	266815	0.3352043330669403
462	273898	0.3465889096260071
462	554879	0.9527319073677063
