4639	228873	0.24453356862068176
4639	452618	-0.025936219841241837
4639	18958	0.14864347875118256
4639	197142	0.204030841588974
4639	158236	0.1191311925649643
4639	250928	0.0433928444981575
4639	412722	0.14815279841423035
4639	436275	-0.013314765878021717
4639	9271	0.11422114074230194
4639	180793	0.03209716081619263
4639	373770	0.004373029340058565
4639	211524	0.04362478479743004
4639	165959	0.10022266209125519
4639	566857	0.040921542793512344
4639	541264	0.015155800618231297
4639	9298	0.24562788009643555
4639	452617	0.0278206467628479
4639	395866	-0.023852208629250526
4639	9309	0.5280236601829529
4639	210528	0.009667095728218555
4639	139882	0.05591956526041031
4639	123504	0.04184738174080849
4639	72274	0.0730007067322731
4639	106615	-0.022495627403259277
4639	205433	-0.001833846908994019
4639	429178	0.07643343508243561
4639	314986	-0.06086461991071701
4639	170122	0.13271568715572357
4639	87693	0.05183781310915947
4639	314648	0.20359405875205994
4639	110742	0.13471552729606628
4639	241815	0.03476681932806969
4639	301721	0.0021988917142152786
4639	402075	0.025522448122501373
4639	331424	0.0415315106511116
4639	328865	0.08961997926235199
4639	172827	0.15428633987903595
4639	572068	0.012523922137916088
4639	55836	-0.016271330416202545
4639	21674	0.06086210906505585
4639	267947	0.161662295460701
4639	465592	0.37699195742607117
4639	270009	0.6851491928100586
4639	427708	0.14551588892936707
4639	98500	0.02965947985649109
4639	353489	-0.02924644574522972
4639	196307	0.15939563512802124
4639	96469	0.26947396993637085
4639	373987	0.08873123675584793
4639	326867	-0.008460279554128647
4639	360692	0.09064844995737076
4639	351989	0.24455340206623077
4639	179451	0.06258490681648254
4639	159997	-0.032367803156375885
4639	519424	0.10747067630290985
4639	196354	0.07717684656381607
4639	42243	-0.005431985482573509
4639	371980	0.10198888927698135
4639	546067	0.06425520777702332
4639	112919	0.5843175053596497
4639	109336	0.0344991460442543
4639	413979	-0.01648329384624958
4639	448801	0.0201699361205101
4639	553436	0.22541958093643188
4639	481588	0.04109002277255058
4639	235319	0.088958241045475
4639	439614	0.09867916256189346
4639	110911	0.002026574919000268
4639	379207	0.04046263173222542
4639	165943	0.10022266209125519
4639	241486	-0.001210235059261322
4639	69455	0.27459853887557983
4639	72017	-0.007924058474600315
4639	336099	0.05335264652967453
4639	99163	0.01335302647203207
4639	22878	0.10408622026443481
4639	94059	-0.07736162841320038
4639	282988	0.2013101428747177
4639	47478	-0.0580088347196579
4639	439674	0.06077874079346657
4639	378757	0.02857724018394947
4639	159628	0.21139712631702423
4639	115086	0.016183702275156975
4639	60313	0.09550692141056061
4639	338843	0.5853420495986938
4639	158630	0.06235504150390625
4639	7082	0.2555714547634125
4639	7083	0.24906793236732483
4639	166320	0.10022266209125519
4639	59835	0.038846373558044434
4639	572860	-0.02639579586684704
4639	262901	0.34363555908203125
4639	284614	-0.014465645886957645
4639	109002	0.032076358795166016
4639	427636	0.023359322920441628
4639	332249	0.1009957492351532
4639	548827	0.019451767206192017
4639	484828	0.133097842335701
4639	452576	0.05924214422702789
4639	453603	0.004354196134954691
4639	228262	0.03161534667015076
4639	558056	0.11999501287937164
4639	188397	0.3191162943840027
4639	368623	0.05847747623920441
4639	182266	0.16836923360824585
4639	108458	0.027582615613937378
