469	327853	0.06272826343774796
469	93240	0.011506445705890656
469	261205	0.09083806723356247
469	271476	-0.014367948286235332
469	380540	0.06166195124387741
469	189576	0.09521058201789856
469	125101	0.023125477135181427
469	412846	0.04932368919253349
469	403650	-0.023560909554362297
469	311064	0.008107317611575127
469	96465	0.2681853771209717
469	104173	0.01839802786707878
469	189696	0.2965562641620636
469	383360	0.11496898531913757
469	284999	0.13292984664440155
469	439157	0.0032021068036556244
469	77222	-0.04790440946817398
469	311742	0.11940718442201614
469	131064	0.10058633238077164
