4825	374282	0.06770563125610352
4825	110661	0.007803182117640972
4825	241734	-0.07867219299077988
4825	94887	0.022199708968400955
4825	252640	0.104696124792099
4825	59198	0.004362791310995817
4825	61759	0.14029629528522491
4825	116088	0.04394738748669624
4825	189418	-0.0378803052008152
4825	116123	-0.022607332095503807
4825	460716	-0.032655294984579086
4825	211375	0.06506050378084183
4825	285117	0.03737896308302879
4825	380355	0.011887706816196442
4825	311781	0.0683860257267952
4825	127471	0.055297791957855225
