4887	263688	0.1291949301958084
4887	280585	0.5943999290466309
4887	397834	-0.03370358794927597
4887	387596	0.056519996374845505
4887	372241	0.6757652759552002
4887	529442	0.10658721625804901
4887	539175	0.1898065060377121
4887	462387	-0.018923142924904823
4887	218685	0.023720309138298035
4887	544320	0.06794045120477676
4887	529477	0.09041644632816315
4887	56902	0.06160907447338104
4887	267336	0.13408315181732178
4887	496205	0.006887729279696941
4887	496209	0.28606703877449036
4887	61012	0.289040207862854
4887	81593	0.48338472843170166
4887	245850	0.017478562891483307
4887	332891	0.16631387174129486
4887	323166	0.170402392745018
4887	323174	0.18553470075130463
4887	94310	0.02093350514769554
4887	323175	0.13079047203063965
4887	93803	0.3181098401546478
4887	334444	0.3589310944080353
4887	13935	0.05555124953389168
4887	109690	0.49648094177246094
4887	371840	0.5948141813278198
4887	303749	0.24821646511554718
4887	41099	0.07236563414335251
4887	397965	0.041449155658483505
4887	333967	0.3695550858974457
4887	61082	0.289040207862854
4887	61125	0.19124957919120789
4887	459936	0.25612232089042664
4887	314018	0.16188901662826538
4887	258725	0.10430661588907242
4887	409768	0.3878462612628937
4887	332973	0.0690075159072876
4887	528047	0.09552818536758423
4887	334512	0.6363837718963623
4887	219833	0.03553946688771248
4887	426173	0.12334760278463364
4887	398526	0.030285997316241264
4887	335631	0.2662625312805176
4887	331970	0.38364821672439575
4887	61637	0.05182486027479172
4887	333006	0.06199512630701065
4887	487122	0.011394466273486614
4887	457944	0.3321845233440399
4887	214747	0.3781251311302185
4887	266981	0.30117887258529663
4887	42215	0.09006481617689133
4887	266987	0.4907166063785553
4887	335596	0.20810753107070923
4887	219893	0.023439403623342514
4887	14077	0.09493432939052582
4887	128258	0.028177620843052864
4887	366341	0.055571939796209335
4887	119046	0.07270932197570801
4887	230156	0.07362294942140579
4887	280333	0.29673781991004944
4887	272143	0.12120617181062698
4887	64275	0.28082314133644104
4887	344852	0.18821226060390472
4887	54549	0.19406813383102417
4887	305947	0.027363978326320648
4887	460060	0.3555687963962555
4887	199973	0.31843510270118713
4887	526647	0.3706819415092468
4887	344376	0.347988098859787
4887	106812	0.16693423688411713
4887	64831	0.19785505533218384
4887	367947	0.3929106593132019
4887	347473	0.34066954255104065
4887	398675	0.013431874103844166
4887	118102	0.33254799246788025
4887	61794	0.256376713514328
4887	195945	0.5128101110458374
4887	258937	0.28868401050567627
4887	61818	0.030759049579501152
4887	536955	0.22353051602840424
4887	235436	0.08492100983858109
4887	527234	0.42637091875076294
4887	558469	0.1055726483464241
4887	157073	0.3917790353298187
4887	426900	0.011132773011922836
4887	332954	0.10519596189260483
4887	490914	0.09599244594573975
4887	397382	0.41858458518981934
4887	468906	0.6892619132995605
4887	280492	0.19756858050823212
4887	118193	0.0994499996304512
4887	334770	0.21046780049800873
4887	48058	0.0067861368879675865
4887	500535	0.09906376898288727
4887	92610	0.15215054154396057
4887	508868	0.09670461714267731
4887	290773	0.12547795474529266
4887	71126	0.08061666786670685
4887	290775	0.24972708523273468
4887	189402	0.01901833899319172
4887	551902	0.04945450276136398
4887	469585	0.18935665488243103
4887	507883	0.4323296546936035
4887	528364	-0.0436643622815609
4887	233981	-0.04430000111460686
