4904	38415	0.041636813431978226
4904	482479	0.024246182292699814
4904	150060	0.14304804801940918
4904	548418	0.050259437412023544
4904	193092	0.03091883473098278
4904	234054	0.03500475361943245
4904	429181	0.06267832219600677
4904	211611	0.09348195791244507
4904	373920	-0.013108122162520885
4904	457377	0.014918030239641666
4904	284875	0.08348792046308517
4904	373468	0.03939209133386612
4904	15612	0.0774107351899147
4904	436580	0.12219591438770294
4904	219411	0.11920811235904694
4904	59201	0.002073193434625864
4904	373599	0.07605607062578201
4904	379232	0.1392204314470291
4904	94097	0.05406038835644722
4904	152983	0.038160331547260284
4904	166305	0.011062858626246452
4904	22683	0.05547424778342247
4904	266707	0.07920152693986893
4904	191978	0.08918134868144989
4904	233463	0.07287979871034622
