5146	349696	0.0694635882973671
5146	363521	0.08370403945446014
5146	329219	0.3674401640892029
5146	359952	0.40191808342933655
5146	47634	0.08704549074172974
5146	836	0.16958937048912048
5146	390169	0.15004537999629974
5146	103283	0.1715930849313736
5146	561182	0.049781810492277145
5146	230440	0.2960902154445648
5146	25129	0.6588204503059387
5146	230442	0.32341763377189636
5146	525366	0.2974275052547455
5146	458298	0.17541536688804626
5146	215101	0.6583561301231384
5146	367171	-0.04065428301692009
5146	323652	0.10498103499412537
5146	411211	0.09375711530447006
5146	44500	0.5649955868721008
5146	216141	0.25904256105422974
5146	309844	-0.01939263567328453
5146	265819	0.03011775016784668
5146	299614	0.24573877453804016
5146	102495	0.1492544412612915
5146	543849	0.20098784565925598
5146	398958	0.03309813514351845
5146	223167	0.20272304117679596
5146	490113	0.07902631908655167
5146	35974	-0.013972103595733643
5146	63113	0.7482514381408691
5146	543888	0.056360356509685516
5146	147601	0.3338259160518646
5146	470164	0.7948243021965027
5146	485525	0.09929487109184265
5146	544409	0.23763713240623474
5146	448668	0.011907760985195637
5146	309415	0.10121399164199829
5146	383147	0.027070317417383194
5146	457388	0.059264544397592545
5146	427187	0.5813885927200317
5146	251573	0.06783276796340942
5146	191670	0.552173912525177
5146	157380	0.1354389637708664
5146	171720	0.12755365669727325
5146	102092	0.5995182991027832
5146	59084	0.041014980524778366
5146	320721	0.11569536477327347
5146	19667	0.045154985040426254
5146	44253	0.05284995958209038
5146	325343	0.21479690074920654
5146	214243	0.004147217143326998
5146	31461	0.13170145452022552
5146	108262	0.0938108041882515
5146	220905	0.10916610807180405
5146	245484	0.009379697032272816
5146	449266	0.144027441740036
5146	389878	0.054938167333602905
5146	41208	-2.9889870347687975e-05
5146	330196	0.8811400532722473
5146	434938	0.4519686698913574
5146	34055	-0.013972103595733643
5146	362264	0.04067482799291611
5146	77099	0.08451623469591141
5146	310071	0.424116313457489
5146	418105	0.20893684029579163
5146	228161	0.044445428997278214
5146	562502	-0.00013652071356773376
5146	54089	0.234045147895813
5146	17738	0.035993125289678574
5146	133969	0.05412312597036362
5146	460119	0.35916879773139954
5146	143707	0.053087808191776276
5146	179553	0.057653848081827164
5146	129378	0.021106956526637077
5146	21349	0.03805797919631004
5146	263526	0.22247357666492462
5146	320871	0.12447812408208847
5146	100714	0.16893236339092255
5146	530801	0.7469837069511414
5146	259443	0.30138394236564636
5146	121207	0.020989088341593742
5146	539515	0.20283527672290802
5146	563069	0.7570540308952332
5146	249068	0.11355332285165787
5146	441229	0.09950166195631027
5146	546193	0.16211968660354614
5146	528281	0.03500896319746971
5146	538528	0.2557993233203888
5146	191394	0.28656482696533203
5146	232357	0.006082773208618164
5146	199078	0.24447867274284363
5146	447633	0.007824576459825039
5146	25535	0.07174444943666458
5146	37964	-0.013972103595733643
5146	215377	0.03218274936079979
5146	123345	0.5221256613731384
5146	400851	0.17962855100631714
5146	411092	0.14953197538852692
5146	459733	0.27589327096939087
5146	447449	-0.0009841202991083264
5146	295395	0.5232247114181519
5146	569254	0.04197385907173157
5146	353264	0.06093299761414528
5146	220659	0.01305738277733326
5146	413183	0.32375115156173706
