5264	144384	0.1170128807425499
5264	211979	0.05605480819940567
5264	436245	-0.040312811732292175
5264	451104	0.04238622635602951
5264	70702	0.5876340866088867
5264	31282	0.014996711164712906
5264	108089	-0.04482363909482956
5264	436283	-0.013980155810713768
5264	207424	0.00392764899879694
5264	568903	0.09695575386285782
5264	355403	0.08480551838874817
5264	416848	0.27456462383270264
5264	142179	0.05992491543292999
5264	449625	0.009433872997760773
5264	537184	0.005664244294166565
5264	198757	0.1078767403960228
5264	426603	-0.1212088093161583
5264	30317	0.15360692143440247
5264	3185	0.16934597492218018
5264	536188	0.02236977405846119
5264	92392	0.03199451044201851
5264	196232	0.11800987273454666
5264	275083	0.23378154635429382
5264	121484	0.6191380023956299
5264	536215	-7.69719626987353e-05
5264	181400	0.0865042507648468
5264	380569	0.10112587362527847
5264	123546	0.3374921679496765
5264	467099	0.040790170431137085
5264	353438	0.03514966741204262
5264	342896	0.4798358082771301
5264	11952	-0.003224171232432127
5264	17088	-0.02413710579276085
5264	484035	0.024854253977537155
5264	279754	-0.01799553632736206
5264	217294	0.051322370767593384
5264	127608	0.2745329737663269
5264	536280	0.07432348281145096
5264	322271	0.01102769561111927
5264	538850	0.40701788663864136
5264	292580	0.08097390085458755
5264	538853	0.26680466532707214
5264	410343	-0.0027820526156574488
5264	208616	0.06757493317127228
5264	12010	-0.009988958947360516
5264	444654	0.44031527638435364
5264	20721	-0.027505258098244667
5264	43251	0.15661181509494781
5264	402165	0.06773541122674942
5264	9469	0.048686668276786804
5264	363779	0.05385671183466911
5264	43282	0.052391234785318375
5264	381737	0.024242470040917397
5264	5329	0.09443005174398422
5264	18737	0.09109298884868622
5264	401722	0.034473568201065063
5264	97083	0.09728053957223892
5264	86845	0.7377462387084961
5264	340802	0.3936116099357605
5264	51014	0.08342118561267853
5264	70476	0.5593252182006836
5264	86362	0.05003846064209938
5264	69979	0.6712502241134644
5264	466785	0.12393506616353989
5264	500283	0.0938941240310669
5264	210277	0.025008661672472954
5264	479084	0.0375988744199276
5264	476013	0.08989547193050385
5264	434032	-0.0007426218944601715
5264	170728	-0.00626926776021719
5264	334709	0.13139156997203827
5264	159466	0.09882479906082153
5264	51594	0.03133245185017586
5264	549284	-0.005536717362701893
5264	11690	0.22577893733978271
5264	191917	0.08636683225631714
5264	523694	0.06287892162799835
5264	248751	0.07444728910923004
5264	70066	0.2707860469818115
5264	70071	0.7248015999794006
5264	6585	-0.022632256150245667
5264	386507	-0.001048648962751031
5264	2001	0.10727112740278244
5264	362458	0.03257312998175621
5264	173024	-0.018616707995533943
5264	396880	-0.0037535843439400196
5264	493043	0.3524683713912964
5264	107509	0.006292040925472975
5264	393718	0.18456193804740906
5264	107511	0.027686739340424538
5264	401723	0.034473564475774765
