5355	211375	0.06360573321580887
5355	87598	0.03920110687613487
5355	222784	0.002149403328076005
5355	37441	-0.013587672263383865
5355	81550	0.09485499560832977
5355	383228	-0.053979456424713135
5355	402195	0.08048821985721588
5355	146220	0.002713081194087863
5355	32070	0.1040877103805542
5355	351565	-0.04623105749487877
5355	35171	-0.013587672263383865
5355	412517	0.0008209134102798998
5355	384363	0.044613342732191086
5355	114045	0.04906285181641579
5355	112520	0.13039222359657288
5355	402330	0.23695248365402222
5355	381359	0.06403536349534988
5355	402868	0.04341932386159897
5355	33768	-0.020851103588938713
