5498	429059	0.09150203317403793
5498	24918	0.09600967168807983
5498	189447	0.09990973025560379
5498	43021	0.017525289207696915
5498	89619	2.1103771359776147e-05
5498	259106	0.02984209917485714
5498	197212	0.5867687463760376
5498	324138	0.02743123471736908
5498	283691	0.06283039599657059
5498	70196	0.5359217524528503
5498	141366	0.39827960729599
5498	253495	-0.0006796904490329325
5498	220728	0.2649730443954468
5498	59449	0.11861927062273026
5498	484410	0.3013267517089844
5498	212032	0.12061446905136108
5498	488003	0.30857792496681213
5498	30276	0.0002588779025245458
5498	484423	0.19285796582698822
5498	118345	0.13766220211982727
5498	25783	0.08083364367485046
5498	324685	0.23075111210346222
5498	212561	0.10379797965288162
5498	203350	0.40909576416015625
5498	266332	-0.002318201819434762
5498	411066	0.08789180219173431
5498	484960	0.22529084980487823
5498	622	0.055890005081892014
5498	104566	0.14904095232486725
5498	535671	0.047778286039829254
5498	298104	0.13786190748214722
5498	575103	0.07407478243112564
5498	30350	0.09541808813810349
5498	485014	0.12987366318702698
5498	299161	0.1879793256521225
5498	212133	0.13732652366161346
5498	141256	0.21250666677951813
5498	442036	0.18543803691864014
5498	463545	0.19352345168590546
5498	554174	0.021298415958881378
5498	484034	0.46430137753486633
5498	472182	0.03341585397720337
5498	442061	0.0848083570599556
5498	96984	0.037497635930776596
5498	293082	0.05648547038435936
5498	89832	0.5798859596252441
5498	393961	0.12500572204589844
5498	240362	0.05975869297981262
5498	241919	0.15435443818569183
5498	340739	0.329366534948349
5498	514007	0.2845185399055481
5498	482008	0.11176938563585281
5498	60198	0.17507223784923553
5498	227626	0.05699848011136055
5498	263469	0.16904793679714203
5498	572718	0.13751119375228882
5498	476464	0.18238894641399384
5498	378166	0.14163340628147125
5498	231226	0.3317892849445343
5498	146749	0.26172491908073425
5498	556867	0.138010635972023
5498	80717	0.0195018257945776
5498	141653	0.36830222606658936
5498	497502	0.16946281492710114
5498	466783	0.0944940596818924
5498	489842	0.07656069844961166
5498	459139	0.25782352685928345
5498	502671	0.2650379240512848
5498	115095	0.11388090997934341
5498	253851	0.11987976729869843
5498	253853	0.07057064771652222
5498	146334	0.273711234331131
5498	379297	0.0003904141776729375
5498	228263	0.19397085905075073
5498	572331	0.1521950513124466
5498	70081	0.26051244139671326
5498	343542	0.39843136072158813
5498	253895	0.18278548121452332
5498	370632	0.15104739367961884
5498	400329	0.04480389505624771
5498	527819	0.0879259929060936
5498	253902	0.3077905476093292
5498	336855	0.47139298915863037
5498	244701	0.2762383818626404
5498	249315	0.26410555839538574
5498	209390	0.18939553201198578
