6148	94208	0.25083282589912415
6148	134401	0.8703687787055969
6148	28395	0.2838701009750366
6148	21508	0.6564683318138123
6148	92339	0.089742511510849
6148	385160	0.17130017280578613
6148	437897	0.42843756079673767
6148	565643	0.07330907881259918
6148	115213	0.16514024138450623
6148	380430	0.5462468862533569
6148	113325	0.42354410886764526
6148	333841	0.5346118211746216
6148	422787	0.5303162932395935
6148	380311	0.6564683318138123
6148	475160	-0.050273995846509933
6148	77209	0.15322497487068176
6148	518810	0.39923912286758423
6148	250523	0.274199903011322
6148	250522	0.36542487144470215
6148	178719	0.7823728919029236
6148	282401	-0.02475545182824135
6148	177573	0.6318458914756775
6148	113704	0.2658608853816986
6148	207401	0.00676271365955472
6148	382386	-0.00026708751101978123
6148	227101	0.24609413743019104
6148	379736	0.1369943767786026
6148	332808	0.1806793510913849
6148	492722	0.1018209159374237
6148	519027	-0.006683517247438431
6148	382388	0.7262554168701172
6148	382391	0.164972722530365
6148	382394	0.7262554168701172
6148	569788	0.3800203502178192
6148	378813	0.6564683318138123
6148	120254	0.6564683318138123
6148	309811	0.49915850162506104
6148	514245	0.29213830828666687
6148	535240	0.15770387649536133
6148	372734	0.05501309409737587
6148	66122	0.17860805988311768
6148	21815	0.35220280289649963
6148	26061	0.2853921949863434
6148	111501	0.12079766392707825
6148	380753	0.12069269269704819
6148	157010	0.46491867303848267
6148	322275	-0.0682201087474823
6148	446083	0.3337155282497406
6148	457102	0.1418015956878662
6148	527831	0.20376630127429962
6148	276056	0.7277058362960815
6148	276057	0.661082923412323
6148	25692	0.539479672908783
6148	157023	0.46491867303848267
6148	124641	0.30396711826324463
6148	314851	0.5210598707199097
6148	148964	0.187713161110878
6148	41701	0.20449881255626678
6148	342118	0.5577688813209534
6148	15697	0.21387620270252228
6148	479336	0.10094492137432098
6148	46436	0.0022126624826341867
6148	309867	0.21276737749576569
6148	478660	0.4384419918060303
6148	537070	0.2808346152305603
6148	314735	0.1533709317445755
6148	298736	0.009025477804243565
6148	475097	0.19672372937202454
6148	75251	0.8656563758850098
6148	315252	0.31015583872795105
6148	64702	0.7261178493499756
6148	88566	0.34146881103515625
6148	107113	-0.02377653867006302
6148	147960	0.16471648216247559
6148	379257	0.3768397867679596
6148	382586	0.656468391418457
6148	378875	0.18240362405776978
6148	578302	0.09682954847812653
6148	466133	0.07682383060455322
