6181	351872	0.44856420159339905
6181	100353	0.4666036069393158
6181	553988	0.5161567330360413
6181	208134	0.15543487668037415
6181	552328	0.44336384534835815
6181	471492	0.7268074750900269
6181	427786	0.39205074310302734
6181	328971	0.400215744972229
6181	378380	0.47121840715408325
6181	23362	0.3203926384449005
6181	378382	0.47121840715408325
6181	427791	0.9689492583274841
6181	427793	0.43092095851898193
6181	307474	0.3814185857772827
6181	176916	0.9689492583274841
6181	543288	0.3867119550704956
6181	427799	0.2465386837720871
6181	553241	0.5970414876937866
6181	426011	0.8697913289070129
6181	171676	0.8001779317855835
6181	466850	0.3540218472480774
6181	211109	0.4569080173969269
6181	31911	0.3391493260860443
6181	26086	0.3723299503326416
6181	552364	0.29157137870788574
6181	124464	0.023188043385744095
6181	418931	-0.024284735321998596
6181	49845	0.05792142078280449
6181	26112	0.7268074750900269
6181	580453	0.3304433226585388
6181	238264	0.8087428212165833
6181	353337	0.4211767017841339
6181	466491	0.5269070267677307
6181	350858	0.4253352880477905
6181	239422	0.3453896939754486
6181	117314	0.5513921976089478
6181	23364	0.3203926384449005
6181	352950	0.602285623550415
6181	124489	0.023188043385744095
6181	254152	0.6183990836143494
6181	351177	0.9689492583274841
6181	254154	0.2893849015235901
6181	15692	0.44527682662010193
6181	398946	0.4191614091396332
6181	266831	0.7268074750900269
6181	25929	0.5405291318893433
6181	76778	0.3425888121128082
6181	374997	0.6113463640213013
6181	450390	0.8116620779037476
6181	147930	0.4446127414703369
6181	385883	0.43762534856796265
6181	358620	0.1258484125137329
6181	385886	0.43762534856796265
6181	99935	0.4630640745162964
6181	351820	0.5183740854263306
6181	351458	0.9689492583274841
6181	179045	0.7364386320114136
6181	350950	0.9689492583274841
6181	29543	0.7268074750900269
6181	212714	0.6268872618675232
6181	350951	0.11086659133434296
6181	352492	-0.005695035215467215
6181	479213	0.32861244678497314
6181	332389	0.19533129036426544
6181	100080	0.38235506415367126
6181	479217	0.6150592565536499
6181	298355	0.5309877991676331
6181	628	0.004696681629866362
6181	328873	0.7268075346946716
6181	173309	0.4994073510169983
