820	129409	0.18793171644210815
820	363845	0.05408964678645134
820	427651	0.047417592257261276
820	175365	0.19123363494873047
820	531333	0.09494730830192566
820	294022	0.1230793222784996
820	188425	0.029190514236688614
820	477143	0.1525430679321289
820	373647	0.16188251972198486
820	113169	0.06566539406776428
820	35695	0.059793997555971146
820	407444	0.12111631780862808
820	235301	0.0776117816567421
820	9110	0.2751447856426239
820	171929	0.14272965490818024
820	163700	0.35953930020332336
820	297967	0.05228135362267494
820	451996	0.14011135697364807
820	471454	0.09439681470394135
820	407109	0.06500505656003952
820	27552	0.1466636061668396
820	119073	0.10326401889324188
820	221731	0.08069948107004166
820	251557	0.2092009335756302
820	273191	0.21215210855007172
820	448169	0.024422690272331238
820	251818	0.4844439923763275
820	320043	0.06677167117595673
820	37936	0.03700180724263191
820	71090	0.17530442774295807
820	522551	0.13521708548069
820	113977	0.15246883034706116
820	510412	0.04980378970503807
820	89661	0.48415786027908325
820	245438	0.02406586892902851
820	387498	0.07212744653224945
820	104000	0.5616576075553894
820	56992	0.02972480095922947
820	246979	0.10408858209848404
820	199459	0.0655878409743309
820	24950	0.10181644558906555
820	273222	0.1599244624376297
820	523681	0.2602383494377136
820	182269	0.20404238998889923
820	384599	0.030987955629825592
820	235447	0.09708031266927719
820	69515	0.04706301912665367
820	91726	0.0723830834031105
820	414073	0.2809937596321106
820	25041	0.10454528033733368
820	33977	0.059793997555971146
820	611	0.06661474704742432
820	416087	0.21594899892807007
820	129240	0.23069259524345398
820	308825	0.01768626645207405
820	369402	0.018992306664586067
820	63963	0.7576367855072021
820	37495	0.10958796739578247
820	522589	0.06754004955291748
820	19166	-0.018128179013729095
820	7973	0.11305668950080872
820	737	0.057419318705797195
820	359104	0.09313596785068512
820	98915	0.1824253350496292
820	118500	0.49001604318618774
820	98917	0.1824253350496292
820	366998	0.00020132868667133152
820	468071	0.22873510420322418
820	445929	0.2600880563259125
820	436971	0.079036183655262
820	122220	0.09109915792942047
820	115181	0.11822817474603653
820	475581	0.04869440943002701
820	221935	0.014243872836232185
820	579590	0.05960102379322052
820	251636	0.39957329630851746
820	271934	0.27764633297920227
820	227190	0.148971825838089
820	535415	0.3069145977497101
820	94713	0.2861596941947937
820	1530	0.06015883386135101
820	502655	0.09119658172130585
820	57725	0.35355842113494873
820	106367	0.12508299946784973
