977	551296	0.5797586441040039
977	551299	0.4338400959968567
977	551300	0.3984566926956177
977	424584	0.6206263303756714
977	163465	0.3564581274986267
977	276618	0.3437529504299164
977	252203	0.17667415738105774
977	224013	0.3165360987186432
977	552463	0.5840575098991394
977	580881	0.4650822579860687
977	580882	0.5114333033561707
977	240021	0.2783534526824951
977	580989	0.13671313226222992
977	424495	0.5975428819656372
977	280988	0.49382591247558594
977	521887	0.06766369193792343
977	499746	0.39445462822914124
977	399835	0.04794080927968025
977	162341	0.4510856568813324
977	495910	0.5351835489273071
977	261415	0.5090745091438293
977	261419	0.35396939516067505
977	196525	0.40971991419792175
977	376458	0.09566444158554077
977	261423	0.3144207298755646
977	132936	0.6825218200683594
977	261427	0.460130900144577
977	261428	0.47118666768074036
977	261045	0.5273048281669617
977	372406	0.4233418107032776
977	550383	0.25213271379470825
977	306360	0.1959417164325714
977	260025	0.4573838710784912
977	580410	0.541318953037262
977	182973	0.4957054555416107
977	297534	0.4374953806400299
977	173119	0.4961964786052704
977	152640	0.462231308221817
977	257709	0.10532449185848236
977	261430	0.3598441183567047
977	401735	0.40748292207717896
977	307272	0.5054376721382141
977	414922	0.3953916132450104
977	252241	0.5790209770202637
977	450517	0.4338294565677643
977	450518	0.3420878052711487
977	171479	0.416733056306839
977	127321	0.2907009720802307
977	405210	0.3429291546344757
977	127323	0.396914541721344
977	252331	0.2940882742404938
977	297515	0.34201115369796753
977	426875	0.5215660929679871
977	443181	0.21058593690395355
977	260843	0.33269092440605164
977	196532	0.14872653782367706
977	252011	0.44483649730682373
977	424556	0.7391151189804077
977	366573	0.05234410613775253
977	252014	0.2130078375339508
977	551229	0.18998724222183228
977	252012	0.3251470923423767
977	551288	0.5790209770202637
977	551290	0.23597538471221924
977	474235	0.7408464550971985
977	551293	0.29544588923454285
977	551294	0.3594241440296173
