111628	10.863808842837182
519183	6.484994743111724
490584	10.420156713906668
528435	6.4850926542086285
259644	5.30770227777645
380478	6.313654972158671
386625	6.607521746758037
560199	12.679337833514484
190024	9.87517202400784
363085	15.676202386716454
414292	6.011465226426966
410200	6.55392940192604
36441	6.136559277911065
558174	8.749310173522895
251999	0.0
69217	5.931253002652051
381539	6.259953930472438
338541	0.0
328302	10.632807328473682
120944	5.413029942168253
492149	0.0
191094	4.740802497699112
384636	0.0
180357	14.30272292971775
43146	4.651324045079513
246412	6.156932400545883
34452	8.942834130858259
124526	0.0
183451	0.0
307360	0.0
289969	6.362120663594122
268985	5.364720641431433
202939	0.0
326844	6.098011951347815
424638	0.0
413887	12.796881406885863
451872	6.239041152139571
442052	6.060170536912505
285381	0.0
285386	6.4316798796154195
196299	6.603169795637758
220893	15.603021660430697
414431	6.600206003998618
551144	6.399804853961973
418025	12.473702120646738
19690	0.0
485613	10.050520131318809
97010	4.105318644206306
386291	6.409385866314374
207146	4.255155157958681
1282	0.0
417547	6.2479400540811385
451854	6.4836718420230195
283923	6.482342482816262
446741	6.441177774837849
32536	6.327082941154542
183582	5.3935039958463
35104	6.0594810899039295
202032	5.476530507655846
394536	9.59474382278387
269098	6.178477816018849
507694	12.12021831404426
110896	11.516972307318495
321075	9.539168495962514
76766	14.23585293407485
358198	6.09493941276838
406844	0.0
362813	13.938284649509956
458560	5.8946832475513204
415562	0.0
305997	6.419974704642
157011	14.438316754773975
42841	10.872462664601482
373594	11.171786760304576
127327	6.323696023646524
482876	5.784573888820462
414572	6.548281495511349
192366	0.0
448370	4.3651464226150365
191892	6.524607373649019
108923	9.874438552614281
157052	5.16812076403916
299242	8.949810308183828
442248	0.0
462734	14.283382774778957
283025	6.468787166079843
283028	6.522704591655529
449947	10.702125036415971
209309	3.0305554529405847
189359	6.290525119081112
192433	9.523882954695207
521459	10.424268573204575
233398	5.314541790657907
367546	0.0
448449	6.284807397845604
508358	6.455332538718926
234573	4.4688395503244625
265179	6.445605147495979
466909	6.417492494494942
289758	6.556521512940672
17377	6.570012743521884
243174	5.4441336735313
245228	6.243908035990833
132592	6.521916862035699
143347	6.3778441325568895
364535	6.462620948901044
397305	6.3311458197932025
