208896	0.0
417291	1.4970596503554094
365068	0.0
482830	0.0
134676	0.0
175644	0.0
346653	0.0
235554	1.5717157402158162
523299	0.0
487976	0.0
322092	0.0
552495	0.0
261300	28.526595090567454
497211	0.0
464444	0.0
488518	1.7208010960833875
218183	0.0
236626	0.0
197715	0.0
221782	0.0
328279	0.0
557146	0.0
354399	0.0
69734	0.0
375916	0.0
276079	0.0
440949	0.0
80916	0.0
137851	1.2709060070497378
436866	3.1703598227203953
538305	0.0
447626	0.0
148624	0.0
354587	0.0
400038	0.0
212140	0.0
524979	0.0
462004	0.0
436917	2.2025436902293594
172214	1.9589822079368875
526521	0.0
474814	1.6418612165363935
487617	2.0773073255695804
75458	0.0
141000	0.0
208076	2.548047401439505
172245	18.83030494369682
7895	0.0
87769	0.0
538342	0.0
529640	0.0
172270	0.0
124145	0.0
338675	0.0
297725	0.0
456460	1.619199817147673
298253	0.0
350990	0.0
172303	0.0
554256	0.0
378132	0.6926329267953633
442134	0.0
442135	0.0
187675	0.0
451370	0.0
170805	0.0
384824	0.0
184636	0.0
184638	0.0
362313	0.0
211282	0.0
465245	0.0
306526	0.0
561125	0.0
207713	2.2825380114221154
203354	0.0
170858	0.0
362347	0.0
270493	0.0
526211	0.0
122246	0.0
107911	0.0
247204	2.623411343507249
186790	0.0
486319	0.0
464819	0.0
16309	1.9780667659641236
211930	0.0
340960	0.0
264161	0.0
486883	0.0
443877	0.0
148454	0.0
561132	0.0
365041	0.0
42996	0.0
561141	0.0
