251908	0.0
153102	0.0
456215	0.0
486941	0.0
171039	0.0
13348	6.54981819127993
106040	0.0
157450	3.439832370122113
317248	0.0
234054	0.0
303706	0.0
111715	5.902545456644583
111718	0.0
149609	3.1551657421000954
419947	2.8661777861382465
332915	0.0
450681	0.0
171135	0.0
145024	0.0
579202	0.0
374407	4.275477746961589
130187	0.0
80537	6.2364274475879355
26565	0.0
112806	0.0
182440	0.0
181417	0.0
479402	0.0
323784	0.0
292213	4.818175203530183
187586	0.0
360645	0.0
351944	0.0
252618	0.0
488141	0.0
178895	0.0
252624	0.0
443100	0.0
234192	0.0
12004	0.0
578791	0.0
494317	0.0
377128	0.0
180979	0.0
374517	0.0
262902	0.0
382218	0.0
216846	0.0
275736	0.0
425241	0.0
241960	5.621317133071966
90933	0.0
240442	0.0
240443	0.0
381760	0.0
411465	0.0
563532	0.0
320846	0.0
250191	0.0
218450	0.0
181078	5.345199403458569
75610	0.0
507233	2.9718861808419708
374632	0.0
150890	0.0
111984	0.0
360818	0.0
491381	0.0
5499	5.786312928757814
207233	6.290424164144245
42373	0.0
40841	0.0
561037	0.0
34702	2.9184163778689536
439188	5.894365738468586
138137	0.0
256408	0.0
379801	7.676100449602659
271773	0.0
419232	0.0
79778	4.307605920331034
507299	0.0
228260	0.0
249262	0.0
462581	0.0
456131	0.0
462789	0.0
354758	0.0
135623	0.0
76237	0.0
440272	7.252619626259138
35793	0.0
258003	0.0
448468	0.0
204758	0.0
119773	0.0
556002	0.0
55267	0.0
310244	0.0
113637	3.2155433740011663
547306	0.0
248308	5.018937461561949
506876	0.0
