131072	2.0999569272822116
193539	2.1057865670875935
461322	2.0997572546938104
389644	0.0
507405	5.558674246526813
193553	4.027806854716474
142870	0.0
488983	3.9376262150712242
429531	5.01529192293426
126496	5.2789962919564655
403632	5.389270960137363
320548	4.022475871820549
310366	1.8791804150021252
183864	5.521926728551427
399419	5.1017784726034545
236606	0.0
362592	5.379535747759628
110667	4.500134178988942
310349	4.405728951789541
181326	2.0998869421229487
189965	5.278742667209755
523346	4.113145225251912
541267	6.28256712718451
378964	2.0928394264114925
352853	2.0667924351682903
196185	2.000026084423634
518750	5.184948597438288
436832	4.13213239913098
15977	4.969669270433589
331377	3.724305498649283
87157	4.578265089338971
377536	2.0367063661087395
317462	1.7797425856970286
492180	1.5074980505226356
248474	1.2455947870762392
373920	3.4672155382078023
131235	2.708384906171243
410288	2.095253198509535
327863	2.113246030205988
157301	1.749659610209048
203808	5.05396580653899
108740	5.230785215763566
413895	5.341239392972237
104140	4.732148602338347
429777	2.108942085793562
157410	5.135616144910049
159460	2.0911114705245466
47333	1.695677855496756
229608	3.4611787193599737
457458	2.1082556452153716
164093	4.429364972253513
172806	0.0
304403	0.0
456469	0.0
282073	5.1750826588440475
237340	2.070202067957548
387358	3.973712955597539
90587	5.377086140562346
553252	0.0
558886	4.468367579223859
558897	2.0996197074620495
229171	0.0
219446	5.474426368033053
107324	4.447865614101408
215357	5.756444011717672
194879	0.0
402241	4.96145054224731
7491	4.616457901246548
376645	4.8349409456886265
223558	1.9934949889226456
385356	3.8901904319375875
1874	4.447189991728649
534873	5.263713758559078
101722	4.5679348343242685
379232	4.395908057436735
94065	4.447665206531674
421239	0.0
300409	2.100387083950456
235404	4.114168719666859
427410	5.324510117300754
266657	3.9961322317013654
389538	2.1062043566096453
439217	4.814759927708401
311223	2.0920626320108195
248251	2.1050056618988484
61372	2.047807120370288
241098	0.0
311757	4.5224631693569535
432079	4.491784016360923
29649	5.344976072419508
527314	2.092675494270739
284835	5.102785555979236
467926	4.06905183255391
421337	4.105817583819041
49115	4.362374692201325
130035	4.783789707255519
539642	5.319329788092218
378965	2.0849421730985043
