292355	2.1648460598246166
158724	2.1018975400741295
196866	5.872286549481799
140308	2.1569561018118684
526869	3.131744679848973
140311	2.089304889693982
54297	1.8858806175852088
328219	5.832957341375533
391887	2.029175711384324
29216	4.374165762036472
205346	2.108656884230716
267813	2.0446268942554067
144954	4.857389613567281
520764	2.1324309897029057
157253	1.776356822954045
543307	1.991897781544079
437324	4.369672663784324
389710	6.497484359527344
457741	4.613008849895688
24658	0.0
567379	4.7757671355871265
161878	2.0926764238617963
352857	1.9578994935143508
319066	2.140953095288021
100446	2.093592312402179
211552	2.1600677270845257
552040	1.8630661332084595
541803	7.99804355984923
261480	4.739934905192183
222327	2.0502506136670964
554110	6.144301915198515
305289	0.0
159376	2.0894537900576102
211604	2.1408048453542348
329366	0.0
164208	3.4054156756059277
42153	4.025747190985216
298667	5.5544307286700425
374447	2.0791902029495164
431650	4.141573143830599
375753	0.0
543423	1.7813579655922387
193218	4.507039831299807
544970	4.383116096608475
186146	1.8821473120283818
338126	0.0
251085	2.1433967294800294
247508	2.153183230699556
119515	7.258510381156208
92388	4.160096601520388
61674	2.1262031666197805
374507	2.1476031847149932
551148	2.137003452421994
362735	6.344527008582653
62193	0.0
581878	2.0745238828190224
566526	6.655859556774814
418562	2.009308563631297
384266	4.469474225707211
537357	2.128460004818923
407324	1.40898370009103
209698	4.707996770965355
544038	5.005472428237053
557351	1.5285649328089377
284982	2.1546713657880905
221321	5.658840682888837
301887	5.993583384183438
131905	2.129905258423771
91458	2.0137171502837017
411459	1.7468310771004014
142154	3.980347097767753
212811	0.0
22867	6.74220323334491
160611	2.115253497434566
160612	2.0595472101918273
349542	2.028567767618498
397672	1.4641184070778255
129904	4.76571093167969
493939	2.1490053465670047
290677	1.7952726455809627
170361	2.114332754957601
353599	0.0
94076	4.6396916472548435
85903	2.111753261550126
170392	2.109171278396486
437664	2.0932385420989865
348585	2.1023924804182985
281004	0.0
196938	2.1148799005368817
457669	5.683715717715149
402376	5.910951775438746
523209	0.0
137167	2.0997486677257737
354770	6.808436107874325
393175	2.068991393643456
268250	0.0
393194	2.02250103444133
116718	1.475741077337949
77054	0.0
528381	0.0
