13826	0.0
512516	0.0
442888	0.0
278051	0.0
107031	0.0
266266	0.0
361904	0.0
45091	0.0
183334	0.0
476201	0.0
476202	0.0
476203	0.0
310321	1.2015999875534524
428090	3.2501752995482818
283743	0.0
171069	0.0
111174	3.391770896441318
450120	0.0
497755	0.0
236636	0.0
442975	0.0
111209	0.0
493162	0.0
423956	1.4109988875070292
168062	0.0
265855	0.0
123009	0.0
196746	0.0
257680	1.2908625134692928
296593	0.0
123026	0.0
211093	2.9601933648511847
47255	0.0
493208	0.0
493211	0.0
476316	1.0246265758656985
186014	0.0
27300	0.0
93349	3.2218728771098477
123051	0.0
123058	1.2516158548992962
484531	0.0
123066	0.0
123067	0.0
236220	0.0
47295	0.0
47297	0.0
183500	0.0
47310	0.0
350422	0.0
8414	0.0
223976	0.0
451818	0.0
176377	0.0
127741	0.0
551684	0.0
443862	1.4878989648343488
123147	0.0
505114	0.0
436001	0.0
257328	0.0
141105	0.0
123698	0.0
123699	0.0
550708	0.0
473913	0.0
473914	0.0
550717	0.0
581441	0.0
428870	0.0
183629	0.0
148814	0.0
89935	0.0
78673	0.0
183635	0.0
415061	0.0
121146	0.0
538466	0.0
75115	0.0
427886	0.0
567672	0.0
389002	0.0
211095	0.0
329618	0.0
294298	0.0
213403	0.0
306082	0.0
296362	0.0
296365	0.0
295854	0.0
499120	0.0
113139	0.0
400834	0.0
550851	0.912468812248676
470998	0.0
429017	0.0
283475	0.0
130554	1.2124218571461665
