465024	0.0
530945	0.0
544258	0.0
344324	0.0
12421	0.0
308760	5.058638550650478
187265	0.0
219785	0.0
155530	0.0
560651	0.0
234508	1.8961632725910937
191746	0.0
140397	0.0
177040	0.0
548180	8.476441733440495
544275	0.0
185646	0.0
502295	3.8824962364309124
201800	6.560934507091538
271769	0.0
341403	0.0
308764	0.0
144926	0.0
263199	0.0
510112	0.0
116069	3.25670597360359
463963	0.0
437369	2.3259088009142452
342309	0.0
237606	0.0
244008	0.0
364073	6.411699605483804
127914	0.0
292231	3.7828771313716416
316460	0.0
266669	0.0
263214	0.0
147759	0.0
107208	0.0
422003	0.0
6675	5.13823929031382
427763	0.0
422009	0.0
211384	0.0
59380	11.614733371159076
342175	0.0
129596	0.0
422079	0.0
477120	5.359933941604443
374575	0.0
193095	0.0
147912	0.0
396105	2.6257915460492223
438731	0.0
421838	0.0
128338	0.0
236755	0.0
145748	0.0
347605	0.0
336727	0.0
89993	3.7228994681956618
428476	0.0
237605	0.0
144352	3.893207478241729
53345	5.747840149436427
185638	0.0
282472	0.0
342249	0.0
490659	2.4690499415390263
109743	0.0
463976	0.0
395347	0.0
581108	4.61551212182515
20983	0.0
90104	0.0
378361	0.0
128379	0.0
47694	0.0
374293	0.0
