393728	0.0
176641	0.0
394244	7.677935054663714
336907	0.0
311323	0.0
375162	0.0
323675	0.0
279177	0.0
344621	0.0
362031	3.618514327901074
404016	0.0
464949	0.0
116797	0.0
452167	0.0
526409	0.0
535631	0.0
399203	0.0
128085	0.0
391780	0.0
129124	0.0
111213	0.0
432751	6.046233167164817
58047	0.0
212610	0.0
63112	0.0
125579	6.4759734748187405
191124	0.0
538261	0.0
483546	0.0
443574	0.0
185034	0.0
323274	6.896567276454075
474321	0.0
379603	0.0
260313	0.0
73946	0.0
377563	2.147243491514355
324986	0.0
182225	0.0
198891	0.0
576254	0.0
493329	6.108144156647057
484629	0.0
483101	0.0
76064	0.0
576289	0.0
486790	2.6263547825739604
464168	0.0
163209	5.172450269034402
441312	0.0
468297	6.589334254077072
130383	3.38360102166981
32721	4.884628637378345
343907	0.0
300905	0.0
466129	0.0
432505	0.0
489338	7.112550472865035
119685	0.0
163718	0.0
482185	0.0
400267	0.0
163217	0.0
225179	0.0
128937	0.0
128940	0.0
203693	0.0
52664	0.0
314812	0.0
193571	0.0
90569	0.0
394186	0.0
255953	0.0
469975	0.0
411099	0.0
57824	0.0
411108	0.0
134227	0.0
353269	0.0
392703	2.994600240663321
554495	0.0
