511500	0.0
54287	0.0
53776	0.0
507927	0.0
87576	3.6411891238165675
170160	0.0
319012	0.0
373304	2.401170220973815
531005	0.0
266304	0.0
414789	0.0
53322	0.0
374348	2.7469196583540763
268046	0.0
374364	1.3322617216553088
87515	0.0
245857	0.0
2150	0.0
374374	0.0
313963	0.0
52334	0.0
489917	0.0
2161	0.0
218229	2.032454425469727
35463	2.2777897410397268
54807	0.0
178830	0.0
188051	0.0
51349	0.0
345750	0.0
374424	4.03631857664327
38559	0.0
3242	3.4081148189342096
12971	3.831167934097323
55469	0.0
319662	0.0
202416	0.0
55473	0.0
204990	0.0
419016	1.4972768692189322
43556	0.0
38106	0.0
236767	0.0
406776	1.9198331141667766
509691	0.0
174332	0.0
228098	3.6697037448305174
228100	4.280441037411726
457479	0.0
128782	0.0
273679	0.0
50448	0.0
228123	3.0947813486521913
55259	0.0
152358	3.8676606047179876
278826	0.0
181549	3.625049002839723
118064	0.0
234802	0.0
354113	0.0
205124	3.779751268488064
403276	0.0
529464	0.0
157531	2.918792325671813
470369	0.0
173411	0.0
139621	2.3987212000495317
354150	0.0
314218	2.9660614844444773
233328	1.9472011257517545
53624	0.0
108921	1.9429844245796994
202304	0.0
184129	0.0
166040	2.9400453148730064
286631	0.0
495017	3.1533602211069507
477099	2.807727088154463
432050	4.160367486741401
373171	0.0
55220	0.0
513464	3.415290280126724
399291	0.9570473914695701
42570	4.350379375727145
79300	0.0
25030	3.0659705327988083
33742	0.0
53200	0.0
555483	0.0
39392	0.0
400877	0.0
348146	0.0
452599	0.0
55292	0.0
266238	4.724893317357278
