310400	0.0
25347	0.0
380933	0.0
25437	0.0
343303	0.0
255118	0.0
353368	0.0
380947	0.0
247768	0.0
351767	0.0
338712	0.0
113348	0.0
298689	0.0
359727	0.0
105886	0.0
215200	0.0
531873	0.0
531874	0.0
204059	0.0
345350	0.0
304039	0.0
360360	0.0
491049	0.0
220078	0.0
265519	0.0
359728	0.0
213297	0.0
267314	0.0
147124	0.0
339614	0.0
464183	0.0
464184	0.0
62521	0.0
465850	0.0
276796	0.0
276797	0.0
176065	0.0
343106	0.0
342347	0.0
380996	0.0
158022	0.0
287948	0.0
351197	0.0
184119	0.0
495308	0.0
273870	0.0
531875	0.0
121045	0.0
304697	0.0
298712	0.0
291556	0.0
541276	0.0
170077	0.0
410462	0.0
340133	0.0
312761	0.0
543074	0.0
381155	0.0
515044	0.0
74853	0.0
74855	0.0
524138	0.0
239727	0.0
77936	0.0
299505	0.0
285694	0.0
409721	0.0
158974	0.0
