309760	0.0
561674	17.13982029739233
30226	0.0
454680	0.0
501792	11.551618857417989
250920	0.0
193081	0.0
397885	0.0
56896	0.0
269818	0.0
328262	4.821860686214963
534095	0.0
67678	0.0
82533	0.0
479849	0.0
339052	0.0
50807	0.0
391288	0.0
53885	0.0
218752	0.0
248966	0.0
395457	0.0
297608	0.0
397449	0.0
165012	0.0
305302	0.0
418460	0.0
262307	0.0
537253	0.0
68778	0.0
94892	7.987955904262723
417456	0.0
50982	0.0
244918	0.0
234174	0.0
88257	0.0
116939	0.0
192714	0.0
320715	0.0
181965	4.155103170923967
24786	0.0
398551	0.0
398552	0.0
284966	0.0
275175	0.0
334570	0.0
51950	0.0
470257	0.0
469237	0.0
209663	0.0
64262	0.0
370952	0.0
150999	0.0
224530	0.0
224535	0.0
225050	0.0
548134	0.0
313127	0.0
396072	0.0
361263	0.0
273718	0.0
472889	0.0
275266	0.0
43334	0.0
480073	0.0
323934	0.0
198500	0.0
270183	0.0
348520	0.0
485738	0.0
438124	0.0
144749	0.0
479087	0.0
398707	0.0
438132	0.0
50037	0.0
382838	0.0
194708	0.0
320382	0.0
548236	0.0
205201	0.0
275353	0.0
319901	0.0
514468	0.0
541605	23.772944035441228
121770	0.0
318892	0.0
310198	0.0
221115	0.0
27584	0.0
545220	0.0
393161	0.0
321187	0.0
393173	0.0
545239	0.0
401371	0.0
300509	0.0
431587	2.3934581715021217
61418	0.0
246765	0.0
490479	16.854113825583678
292337	0.0
104954	0.0
195579	0.0
348670	0.0
