434180	0.0
347657	0.0
299533	0.0
486422	0.0
498713	0.0
434203	0.0
429084	0.0
481029	0.0
444963	0.0
504582	0.0
458793	0.0
481322	0.0
302941	0.0
347704	0.0
347705	0.0
221758	0.0
434249	0.0
434254	0.0
368209	0.0
525394	0.0
186963	0.0
354905	0.0
434269	0.0
149090	0.0
162920	0.0
183927	0.0
521331	0.0
301684	0.0
521333	0.0
468087	0.0
481400	0.0
174202	0.0
255613	0.0
188038	0.0
538760	0.0
538761	0.0
369803	0.0
307861	0.0
45724	0.0
183966	4.118895639089559
45729	0.0
484380	0.0
17069	0.0
183923	0.0
376504	0.0
383690	0.0
263875	0.0
184004	0.0
249030	0.0
383689	0.0
249034	0.0
65655	0.0
283358	0.0
359647	0.0
296160	0.0
199393	0.0
15597	0.0
184047	0.0
235250	0.0
508677	0.0
213254	0.0
173841	0.0
458003	0.0
318238	0.0
481571	0.0
532778	0.0
405295	0.0
405296	0.0
405301	0.0
405305	0.0
323389	0.0
399669	0.0
444899	0.0
445271	0.0
541533	5.981297749430775
127840	0.0
357219	0.0
367469	0.0
561008	0.0
210801	0.0
290162	0.0
257911	0.0
481150	0.0
532356	0.0
290184	0.0
572813	0.0
262548	0.0
396712	0.0
552875	0.0
396716	0.0
184050	0.0
174011	0.0
347585	0.0
357317	4.471674883310619
357318	0.0
430025	0.0
533451	0.0
976	0.0
493525	0.0
255450	0.0
521184	0.0
481249	0.0
444898	0.0
84963	0.0
539115	0.0
302577	0.0
110419	0.0
430068	0.0
434165	0.0
