235532	0.0
213521	1.4009335474912339
258066	0.0
223252	0.0
15905	0.8602253401921723
256547	0.0
511016	0.0
545837	0.0
405039	1.018076423631856
548405	1.704763209498679
559673	0.0
544010	1.1157462262030438
198727	0.0
362508	1.6180918373061435
16461	1.311253494236017
346193	0.941771402147922
324694	1.1997673215187683
312407	1.272684620785399
415322	0.0
416869	0.0
101989	0.6482049898552745
54886	1.2517190197359027
61543	0.8249843730878987
483441	0.8545473532568797
270455	0.0
442494	0.0
312473	0.0
481436	0.0
35997	0.9149473885221809
71333	1.2190787022032459
427691	0.8151718909118817
538797	6.042271881228698
310446	0.0
133295	0.0
554672	0.0
14110	1.1594081622169823
448185	0.8120555425957542
260283	0.0
435394	0.0
443587	0.0
271479	1.2153706428117306
138450	1.4794162347371007
439001	0.0
235739	0.0
259292	1.623253576299691
171229	0.0
172776	0.0
157423	1.3729202377466474
300283	0.0
411905	0.0
482565	0.0
61706	0.0
126225	1.6750279970770545
355606	0.0
260892	0.0
208158	0.0
489257	1.6142171552600866
537386	0.0
407347	0.9513405650554962
389441	0.8614317308310963
109378	0.0
284997	0.8348255234581514
507721	0.7176786912571207
97613	1.4731267630166416
473949	1.374311261364699
94050	0.0
442723	0.0
219493	1.5190247270082082
147302	0.0
266090	1.5275611400722993
322411	1.4997560050466388
481341	0.0
431984	1.0092153109453297
203649	0.0
233349	0.8307407799274391
12171	1.353252071806805
242069	1.3307264490923716
536996	1.509526677195336
426406	0.0
150952	0.0
243113	0.0
135087	1.2901215228198595
79284	1.4564489188351342
527289	0.0
538051	0.9249346748753996
440785	1.7246648808342337
216535	0.0
483294	0.0
29663	1.5156647003677364
98274	0.8562080565587167
373219	1.6337461980153818
135145	1.0723237481182633
429552	0.7142343908339074
188913	0.0
19452	0.0
