33798	2.0430043014411803
33801	3.337529532709852
198161	0.0
474133	2.0754957211532483
364581	3.3472766047445868
360028	1.5192716586474848
309295	0.0
33339	3.5783705000645627
291390	0.0
438849	0.0
366659	0.0
441412	1.8853040917451793
33351	2.0215923974766508
532552	0.0
33870	1.2130252143671707
307279	2.578193250762486
79972	0.0
133736	1.4110264444118454
212602	0.0
169085	1.565451422210407
396421	0.0
159878	2.1211858314835164
441491	1.5281709814940267
350358	0.0
130207	0.8604831561201852
407720	3.7721629217348527
310445	1.7792039085845552
489134	0.0
169651	0.0
142525	0.0
351422	0.0
509899	0.0
214212	3.968244227290845
208588	4.28111458436403
509655	0.0
214236	0.0
209118	1.5801899189400843
496352	2.819602654067074
70885	0.0
448749	0.0
558830	1.9317351803232803
351985	0.0
547369	0.0
456446	0.0
409355	0.0
106765	2.0036100113718
143122	1.5563780300503456
353044	2.0714795650405704
169751	0.9535134193198919
466712	0.0
130851	2.0293695979021082
424753	0.0
445660	4.702270974666216
262444	0.8783687084642171
274737	0.0
462131	1.7712500569549172
462132	1.8600737958626579
407348	1.6212154756630446
552160	2.092955442689626
236866	0.0
209232	4.852891864139817
276817	0.0
448343	0.0
209242	13.905660213869066
279390	0.0
464240	0.0
450430	0.0
362886	4.701691374572738
169352	0.9403359438006693
463759	0.9531142581904625
423826	0.0
455062	2.0685851848605363
490400	5.033173854163974
258465	2.7740422664659365
224166	2.109249874217593
500135	0.0
200141	0.5807881661973698
73710	1.4212659724579066
500828	1.7463786784801167
329723	1.4138256779655893
