564225	0.0
452102	0.0
308751	0.0
74768	0.0
95256	0.0
470362	2.5525401530148653
29217	0.0
191010	0.0
369700	6.516647903830919
266283	6.41010444355239
157229	0.0
499761	4.567223876518324
110130	2.775013587242154
36060	0.0
65077	0.0
119866	0.0
572479	0.0
88640	0.0
320579	0.0
581205	0.0
115295	0.0
478316	3.737016450629763
93313	4.1629317747684835
311942	5.146094595264052
496263	0.0
5771	0.0
157326	0.0
11413	6.42365933788804
495766	2.653716423891314
478361	3.9335718281162677
34461	3.101789490042798
97952	0.0
298146	4.5191477178858
520355	4.7568808367345845
415400	0.0
195753	0.0
551597	6.157377700263996
110775	3.34777922189143
3772	0.0
403655	5.313276894942757
344776	0.0
476362	5.086102858736934
104140	5.396901305606614
344786	2.749729073693891
572627	32.21963357575526
203812	6.159116154167675
548058	0.0
183004	0.0
6880	0.0
344809	0.0
258282	6.647700950694366
109291	5.212760905212993
344812	0.0
10989	0.0
529647	6.751203244334488
126193	5.5622154808403
71379	0.0
490793	0.0
559868	3.5455092065549754
347909	0.0
155407	2.272534258417481
408848	0.0
402195	4.133539479880289
106630	0.0
33329	3.8259567257186036
505129	0.0
58159	0.0
299313	0.0
10546	6.743827536872233
154165	0.0
271172	4.501045793509155
12622	0.0
383311	2.6922408153849324
24918	0.0
215898	0.0
22363	3.633906323533836
97139	4.053476042466064
376195	5.331749245713437
185221	7.316608319781034
113545	0.0
43412	0.0
185241	3.2529074749385543
363932	5.697827143905036
271773	0.0
135072	6.607001730062676
12193	6.997066943110308
148203	5.906678292731237
311208	7.409516701492434
82353	4.244286765092751
548279	4.8700514314204675
131515	0.0
34750	3.811149039084933
191945	0.0
311246	5.600981049028173
180690	6.968213885039282
148950	0.0
149985	5.311156888636406
75234	0.0
198630	5.361706800264763
490	3.255059972577578
76284	0.0
