427013	0.0
12294	0.0
80129	0.0
356360	0.0
277003	5.109524945547913
564748	0.0
418324	0.0
42008	0.0
524316	0.0
276999	0.0
12296	0.0
239670	0.0
178930	0.0
62523	0.0
228944	0.0
291417	0.0
368732	0.0
261215	0.0
342126	0.0
164982	0.0
164984	0.0
497786	0.0
342139	0.0
213125	0.0
213126	0.0
176265	0.0
285837	0.0
531086	0.0
65686	0.0
524439	0.0
531097	0.0
291483	0.0
312990	0.0
342176	0.0
297634	0.0
472740	0.0
66217	0.0
478384	0.0
64697	0.0
163004	0.0
103108	0.0
401609	0.0
144087	0.0
304356	0.0
165093	0.0
127721	0.0
268530	0.0
336641	0.0
331819	0.0
262614	0.0
537868	0.0
286478	0.0
472847	0.0
80144	0.0
336661	0.0
336662	0.0
543012	0.0
360326	0.0
238377	0.0
252729	0.0
64314	0.0
407876	0.0
175942	0.0
203597	0.0
371022	0.0
531085	0.0
550224	0.0
550227	0.0
338269	0.0
448876	0.0
224646	0.0
552335	0.0
343957	0.0
291481	0.0
407960	0.0
543149	0.0
92083	0.0
7099	0.0
262592	0.0
262593	0.0
262595	0.0
344005	0.0
262604	0.0
64462	0.0
465871	0.0
262613	0.0
537558	0.0
502747	0.0
439772	0.0
318430	0.0
116704	0.0
400353	0.0
239587	0.0
79332	0.0
217573	0.0
