374785	0.0
233993	2.0960266580130558
462935	1.8546453156324214
243213	4.482283664960999
165907	4.937670954308091
55830	4.157749637539845
333859	1.516311385061803
461863	1.8632937230515878
137260	2.036488604029477
511029	1.9371242167668574
368696	5.289395449012792
239967	4.493516599043182
550466	2.0048130738752388
247373	3.6908646517326087
368217	0.0
405596	3.9767567142598055
399970	2.4887619893722555
257638	0.0
131176	1.8639290776451172
311413	3.139403322826146
378489	4.455795911806143
308859	4.53666135395934
303228	2.911603214591361
432262	2.9677152822661648
522376	0.0
536209	1.9710100511896007
42645	2.041754615212833
179355	1.0554017668775417
94876	4.82455171325683
382625	1.5023565722921801
473768	1.3981811305537748
237340	2.0598255803183285
165036	0.0
327856	14.6205474580678
448692	14.654949137961943
511159	1.6284230864357023
3701	1.8609855510028555
308418	4.69827790957812
399045	1.4791433940828629
470563	0.0
167128	3.959452401013499
40153	2.0434042177558855
302309	4.106629417084396
384233	0.0
302314	1.9271320949231172
313069	3.7336898374243224
98050	4.323383982790655
130829	1.9937878482399298
408847	1.7781734990954308
233176	2.0614729853420815
104214	3.7995858011069674
328472	0.0
524060	1.05343551374218
490270	3.6135908758391193
33158	1.6870441266422986
402223	4.589517328998398
303416	2.0314181047186057
181050	2.0071386797895743
228155	4.459291695767736
222012	1.7333366602073141
169280	1.3055347963879869
220483	2.0598891471285126
247622	2.0868122599897996
554040	4.082242713578454
396121	0.0
379228	4.2256369347913445
383326	3.78746292409282
478437	1.8819775629106783
32913	3.0954795447628487
402288	4.5582440435187666
190323	4.419601259290119
312180	2.0979198378665096
528247	2.09031927250276
461691	0.0
559996	4.183634551055177
417661	4.109903585110529
133008	0.0
385943	1.981212908637778
154596	0.0
392103	2.0450428412132187
520616	0.0
507548	4.580538102756593
423869	0.0
282560	0.0
263107	3.946146542988801
395210	0.0
260560	1.6565986928032828
453592	4.561469623646048
165849	4.374545711506161
466906	2.7665386699698704
535004	1.4861025359956612
16868	5.012974414599577
137639	3.259300971347648
37871	1.985264901725658
429552	3.2906015444661065
392187	1.427505052090919
