566281	0.0
365604	0.0
365605	0.0
438825	0.0
566826	0.0
498734	0.0
506419	0.0
243767	0.0
469050	0.0
455776	0.0
478792	0.0
480844	0.0
508505	0.0
535647	0.0
535648	0.0
362594	0.0
499830	0.0
503939	0.0
374918	0.0
396423	0.0
246417	0.0
216214	0.0
535703	0.0
420508	7.085803244568566
416415	0.0
188578	0.0
455851	0.0
569525	0.0
430264	0.0
357049	0.0
532854	0.0
200	0.0
154831	0.0
165584	0.0
288467	0.0
572630	0.0
137949	0.0
232161	0.0
480997	0.0
220029	0.0
292102	0.0
129801	0.0
50443	6.0870716077233045
121621	0.0
174872	6.650236170330358
569625	0.0
105754	0.0
281376	0.0
343841	0.0
228486	0.0
223018	0.0
492848	0.0
573749	0.0
284475	0.0
228670	0.0
173889	0.0
200517	0.0
569734	0.0
409929	0.0
48970	0.0
174930	0.0
499033	0.0
148827	8.634839525103466
330588	0.0
357216	0.0
547170	0.0
549220	0.0
241000	0.0
365423	0.0
534385	0.0
529782	0.0
419709	6.781656537826661
262526	0.0
501910	0.0
529286	0.0
558401	0.0
546699	0.0
383378	3.055746487719793
235411	0.0
173974	0.0
414621	0.0
84896	0.0
566086	0.0
187817	0.0
480692	0.0
480693	0.0
124860	0.0
124861	0.0
524735	0.0
44992	0.0
429509	0.0
569800	0.0
569801	0.0
252367	0.0
545744	0.0
331217	0.0
356307	0.0
45013	0.0
430052	0.0
174059	0.0
174060	0.0
289773	0.0
420343	0.0
467452	0.0
69118	0.0
69119	0.0
