334861	0.0
334862	0.0
68111	0.0
127511	8.304429179675674
435034	0.0
473125	0.0
565289	0.0
53853	0.0
391221	0.0
377409	0.0
365125	0.0
62024	0.0
347730	0.0
566356	0.0
566358	0.0
78429	0.0
62558	0.0
11109	0.0
53867	0.0
267893	0.0
267894	0.0
278149	0.0
66183	0.0
295561	0.0
295565	0.0
29326	0.0
574612	0.0
278166	0.0
278167	0.0
168600	0.0
239257	0.0
522906	0.0
384160	0.0
304290	0.0
344739	0.0
377508	0.0
377532	0.0
207551	0.0
164544	0.0
304322	0.0
376518	0.0
278221	0.0
346322	0.0
346325	0.0
568537	0.0
377569	0.0
65262	0.0
148207	0.0
66328	0.0
278302	0.0
278313	0.0
568107	0.0
566067	0.0
147256	0.0
278332	0.0
567102	0.0
174400	0.0
240455	0.0
430418	0.0
299859	0.0
299861	0.0
94554	0.0
568669	0.0
568676	0.0
568677	0.0
537958	0.0
428916	0.0
428917	0.0
309637	0.0
304518	0.0
304519	0.0
567694	0.0
304016	7.993448451261488
290197	0.0
64408	0.0
377256	0.0
566202	0.0
231870	0.0
567755	0.0
344738	0.0
69078	0.0
278488	0.0
22492	0.0
207333	0.0
566763	0.0
30719	0.0
