560134	6.822765631080862
90632	0.0
408588	0.0
448024	7.751019786679458
412185	0.0
462371	0.0
218150	0.0
189491	6.67253954971508
48184	0.0
447156	0.0
155196	0.0
90685	0.0
506942	0.0
113727	3.801779575371194
505922	9.10646051807667
34884	0.0
219062	0.0
365640	0.0
268	4.676948271286027
300621	0.0
129102	0.0
193111	0.0
155227	0.0
411236	0.0
132200	0.0
347246	7.229029884499121
183919	0.0
489073	5.979304567412432
147061	0.0
128119	0.0
253565	11.155774272674389
155262	0.0
507008	0.0
371332	0.0
297665	0.0
91785	0.0
214667	0.0
582082	2.473487982901693
253585	0.0
150211	0.0
253588	0.0
162967	0.0
372888	0.0
232089	8.044827380549691
253596	0.0
300712	4.242581108071381
439977	0.0
253611	0.0
496820	0.0
456373	0.0
382136	0.0
402113	0.0
566467	0.0
357069	0.0
469197	0.0
150227	0.0
384215	0.0
258264	0.0
37604	0.0
163609	0.0
506096	0.0
97521	0.0
321782	0.0
456442	0.0
184571	0.0
487179	0.0
84748	0.0
271121	0.0
321817	0.0
166177	6.7261184739610425
84772	0.0
321839	0.0
262960	0.0
521534	0.0
198986	0.0
506187	0.0
291152	0.0
192338	0.0
539987	0.0
487768	0.0
371565	0.0
363375	3.8735886537604136
44927	0.0
162176	0.0
371587	0.0
206728	0.0
256400	0.0
220563	0.0
262038	8.490323450846892
228774	0.0
357294	0.0
371632	0.0
547523	0.0
551866	0.0
465853	0.0
430018	11.5683782545913
402373	0.0
500174	0.0
500175	0.0
324562	0.0
233427	0.0
582111	0.0
409936	0.0
373219	8.031596389666117
34790	0.0
371690	0.0
1517	0.0
