456713	1.5472514913707331
289297	1.910611542309534
354834	0.7353273845974148
503726	0.0
453142	0.0
328733	1.9360094082545072
503327	0.0
408616	1.827535120649975
196139	0.0
504365	0.0
354864	0.8675314220653615
143927	0.0
60474	1.619843141197808
42557	1.4200166652633337
3139	0.0
149576	1.7848791670527095
457289	0.6470554494785412
567376	2.192168358099159
506981	0.0
577122	0.0
283749	0.0
61545	1.7502281825413708
182384	0.0
145522	2.0703756519125824
217717	1.8966129542169168
271478	1.2752512369010005
1655	0.0
536194	0.0
577046	0.0
364166	2.1482885451554816
153735	0.0
467598	2.1540857914610547
154256	0.0
497299	0.0
240278	1.2461720054938488
85146	0.0
533659	0.0
290981	1.438653127585718
121458	2.0924191861009365
110623	1.3196619390820061
37577	1.1463144939715644
104055	0.0
577400	0.0
31955	2.311782911363047
96470	2.108517546505173
495833	1.9316818937453712
389850	2.07700262768679
577255	0.0
60037	1.3836968916046735
189676	1.9470501609376767
297200	0.0
108274	1.0855640636337613
131316	0.0
313087	1.812256560529098
164613	0.0
503560	0.0
88332	0.0
576782	0.0
411408	0.0
388369	0.0
388370	0.0
374036	1.2216676425818946
577305	0.0
154397	0.0
330015	0.0
504120	0.0
213311	0.0
305986	0.0
286537	0.0
292171	0.0
148300	0.0
470271	0.967724323252193
133458	1.2936751904680028
256851	0.0
76631	1.4033758967642034
496473	1.2603008089204755
412506	0.0
289627	0.0
130916	2.180953213301279
504173	0.0
419695	2.0849102895233185
46448	1.4938077050964103
54648	0.8951076048475469
358786	2.026413487661479
190351	2.2856950035842005
191376	0.0
525715	0.0
218524	2.1757667263406875
301808	0.0
184738	1.1442198944246116
358307	0.0
504230	0.0
504234	0.0
426412	0.0
529650	0.0
313774	2.065180899286769
520117	0.0
155577	0.0
3004	0.0
504257	0.0
515011	1.9123859405944814
306116	0.0
264648	0.0
3035	0.0
31722	0.0
201195	1.434296320568038
503788	0.0
447474	1.3279643762021451
348415	0.0
