99841	0.0
253962	0.0
17425	0.0
17426	0.0
239639	0.0
75801	0.0
7706	0.0
69151	0.0
199714	0.0
509478	0.0
29743	0.0
17968	0.0
455217	0.0
149557	0.0
238647	0.0
427067	0.0
286780	0.0
21057	0.0
80451	0.0
99908	0.0
58437	0.0
58438	0.0
451659	0.0
119375	0.0
435154	0.0
91753	0.0
57987	0.0
7824	0.0
7825	0.0
7826	0.0
107667	0.0
187544	0.0
7836	0.0
343709	0.0
264351	0.0
195744	0.0
538785	0.0
114339	0.0
7845	0.0
243375	0.0
501448	0.0
574154	0.0
286957	0.0
106712	0.0
336621	0.0
21741	0.0
93937	0.0
112884	0.0
309506	0.0
540419	0.0
412291	0.0
86804	0.0
493845	0.0
229147	0.0
88349	17.426163901257834
340528	0.0
195367	0.0
103209	0.0
512303	0.0
411440	0.0
286001	0.0
538932	0.0
529728	0.0
195401	0.0
149559	7.071932360869988
30029	0.0
177488	0.0
131926	0.0
268631	0.0
572766	0.0
462687	8.509975818779258
44397	0.0
7827	0.0
401275	0.0
119361	0.0
67471	0.0
503187	0.0
31125	0.0
107414	0.0
31129	0.0
31130	0.0
411035	0.0
337822	0.0
31131	0.0
567204	0.0
338856	0.0
44461	0.0
462767	0.0
462768	0.0
343988	0.0
116149	0.0
116155	0.0
12223	0.0
287680	0.0
286795	0.0
60361	0.0
543692	0.0
339922	0.0
375764	0.0
44503	0.0
19940	0.0
19941	0.0
9211	0.0
