581632	0.0
581634	0.0
13247	3.3823406723087284
414342	0.0
211080	0.0
553738	0.0
15628	0.0
57485	0.0
485518	0.0
364263	4.204392009792717
156688	0.0
269592	0.0
57746	3.5464627438548777
160067	0.0
209006	1.9865268008666628
469784	0.0
320947	0.0
50845	0.0
36234	2.787335690376106
19397	0.0
241952	1.888097896439467
546977	0.0
162	0.0
300964	5.484303784894853
382761	0.0
445996	0.0
340141	0.0
558621	0.0
527533	0.0
149170	0.0
307507	0.0
36148	1.213140916392666
381493	0.0
169212	0.0
6327	1.0198176372333796
515062	0.0
415164	0.0
358323	0.0
31038	5.575795068388018
46655	0.0
317760	0.0
30787	0.0
169924	0.0
361925	0.0
504006	0.0
112073	0.0
492746	0.0
476108	0.0
168910	0.0
168906	0.0
290680	0.0
89560	0.0
258404	0.0
419210	0.0
198928	0.0
220899	4.252411160833543
381412	0.0
258405	0.0
454886	0.0
144849	0.0
382568	0.0
176118	0.0
437226	0.0
389227	0.0
434028	0.0
549673	0.0
78190	0.0
205679	0.0
150376	0.0
123433	0.0
171795	0.0
549622	0.0
24311	0.0
506872	0.0
154746	0.0
533627	0.0
581628	0.0
