510464	1.4599747559163416
558592	1.5730361838427698
483331	5.734905843796085
510475	2.0796698694563993
26645	2.0850529682023486
507418	1.6934647870489585
474142	2.0952299387094873
528415	2.0330957232064883
115759	1.9714021129340167
31310	1.8479687962662001
111183	0.0
159826	5.255388980553407
392279	2.1129943396148896
233050	4.23294731504393
383584	5.830349990236643
383585	4.961589205417986
282811	0.0
560228	5.362322098285376
92773	3.1681576203425723
23313	0.0
253544	2.036475357278297
560233	6.4584494133085695
364658	5.391069779886172
257299	0.0
47221	0.0
194171	3.243201399320866
159356	5.061624891269609
47235	0.0
47236	0.0
429701	2.113495982929899
338061	0.0
490641	2.0933951909041095
97433	4.46989704434212
139937	5.375244196220996
402096	1.6725132686766764
47282	1.479523582454812
47285	0.0
282387	2.072507585951286
47291	0.0
35516	3.349358735242045
47293	0.0
47301	0.0
47302	0.0
17102	2.0772066452917177
294102	0.0
271066	5.803168466577302
495848	4.739589285984115
210217	3.968262920136568
532217	2.018978744984164
549631	2.0775973506163194
22913	5.0397247130592975
211217	2.0728118870885015
211219	1.862631956005691
146210	4.346221725226861
84777	0.0
351018	1.303813526372146
2358	0.0
552259	1.9759073958500233
233304	2.100500308601006
489444	0.0
312159	4.536765206790364
23911	1.1632875884323384
221035	5.012596603437414
355184	6.422433226704574
72053	5.902383195537261
475005	1.858204988073351
254860	4.51984541054782
456601	2.059367410039008
467360	2.0681925604083085
208291	4.8900629606243
37796	2.0861640356106204
430513	2.0766031920274535
35261	4.87350213380847
395712	0.0
448963	1.2051681172750996
496586	1.4908894796687728
188364	2.119153843579341
457688	2.1120439280921324
145369	2.0984580744066363
226268	2.542879153961705
48612	1.8417418783410637
465895	2.010823090500788
465900	1.5569257964766563
84975	0.0
179191	0.0
484344	0.0
