438274	3.7814171227185853
579329	4.344126470825037
154128	4.280725184689788
362013	4.274175241834033
360991	3.2690558479408747
114209	3.8990659645994263
214573	3.386665003089169
81456	3.606137075359344
153137	0.0
382517	0.0
237117	4.306608574093314
429630	4.407133274230682
546879	2.188904200572487
95810	3.871101539081115
7754	4.137891915736667
275533	3.2171944309662757
448592	4.290707776827898
560228	4.368297880690751
113769	3.864482592366237
268911	0.0
359025	4.1909896004221485
446066	4.113116039344359
285811	0.0
443008	3.359668722006737
23681	4.145610665575302
394887	3.9922862596674387
521868	3.7988341878233802
390798	4.372555713280794
429716	4.237735302431072
293013	4.155518306177286
446614	4.141195533729884
189080	4.246645656566351
500932	0.0
192165	0.0
361130	4.194172957979863
280748	3.4108581389952417
547101	4.318551685476522
79024	0.0
115	0.0
59060	4.01511502595522
412350	3.937128288353078
563903	2.972905530739731
179396	3.1307610691358616
326344	0.0
25297	0.0
232671	0.0
69873	0.0
366337	4.348937788456787
558850	0.0
189206	3.5046029741256755
89373	3.1528219657156944
453419	2.1377774369975704
254253	3.495612253546291
361270	3.9657575679429247
77624	4.292163226739488
512826	0.0
82493	0.0
241982	4.099553320882523
42819	4.225782449175674
25425	4.278928535024529
21330	4.126438246178555
250196	0.0
186712	3.732630381833377
408409	3.1460522827882107
428382	3.9428523394402113
40807	4.148784895843808
212328	0.0
225647	0.0
371262	4.219849673906049
12157	3.773248455914397
269185	3.9805522253418566
180615	4.325249819911481
128926	3.908675758443649
133539	0.0
311207	4.396548085304739
469417	4.161036518470451
115629	0.0
143278	3.4459758568728804
560065	3.9944991506379592
125380	3.5920384552784506
302022	4.358004138747049
302023	4.366786934192855
370120	0.0
553932	3.613006711437699
363470	4.273869874910009
390221	4.399608939248197
404444	0.0
149476	0.0
321509	3.30983261105783
259409	3.4309111327534034
245225	4.022136982415512
490988	0.0
176627	0.0
208372	2.9041696544095736
270837	0.0
454651	0.0
267263	0.0
