405508	0.0
153605	2.180191695916849
485894	0.0
390153	1.503040721326625
322059	0.0
443407	0.0
112656	0.0
469012	1.3235406417131326
469013	1.397296640496555
251932	1.7871175045014134
33110	9.021456021685585
500262	0.0
329769	0.0
222250	2.1529798311730324
240683	2.0777919328273806
458284	0.0
359982	2.228433691965474
36104	9.2769303564176
368661	2.1312928696706677
139323	2.1327518324021866
213564	2.1672496831321757
282180	1.3936406354238136
412742	1.8442134168273923
356432	0.0
363090	2.140092149232007
496723	2.174975060677082
20569	1.8673323742543335
388189	2.1398595991096503
414480	1.5126122989991186
307298	0.0
80489	1.03277039711386
188532	2.2735100947985982
387189	1.7998356620314437
387190	1.970642721259381
446584	1.3700741541157855
410132	19.923608950433294
130581	0.0
360576	2.238301276334229
89730	14.72997745022106
424070	0.0
13973	0.0
509591	0.0
181401	2.0452114981017195
385719	1.531458434654597
538297	0.0
35003	1.7367787903118515
496838	1.8838433905114293
445127	0.0
9418	0.0
313548	2.144616774374443
428240	2.1506784206532865
324305	2.02389751608053
206549	0.0
289499	0.0
230121	11.524365462848987
190187	1.9616175614611753
439539	1.7792482724450227
442734	0.0
236279	2.2354926014969436
137472	0.0
222336	2.189416335324257
291590	1.8193601921953904
123655	0.0
138512	1.9107323661387732
130332	0.0
489245	7.17224865563373
512799	0.0
213800	1.9824223985551426
282934	15.88670894219728
228666	1.3737086772949214
361283	1.508328875189853
267596	1.4314343789808508
218958	0.0
170323	2.179290660176462
230742	0.0
451416	0.0
451417	1.6455864933212985
441691	0.0
282973	0.0
491362	0.0
234043	2.2891593834275343
35685	5.963318620140832
444781	0.0
149358	0.0
520561	1.8660319611932015
500082	2.2172226268419717
201075	2.1749741209319624
54647	1.182810360235498
108920	7.6244544675235115
176508	1.8644602964385766
469227	0.0
257414	17.374065638808652
171404	0.0
175509	2.280975006742919
500129	0.0
367523	2.1912725922487333
457126	2.1357644226585237
420273	0.0
124852	0.0
224185	2.27420494564451
256453	0.0
469974	0.0
216535	0.0
517101	0.0
442360	0.0
574460	1.083777401957558
