243201	25.301215511861127
503299	0.0
359942	0.0
143873	0.0
143882	0.0
143883	0.0
406543	0.0
2583	0.0
503320	0.0
503325	1.678132620914555
155684	0.0
469170	2.0793477885356033
154670	0.0
262749	0.0
153651	0.0
156215	19.70828445770239
11188	0.0
576059	0.8479660078629451
579647	0.8727710264799815
217680	0.0
57529	0.0
549306	0.0
475231	1.640164347189846
426595	1.9552120236645116
156261	0.0
153712	0.0
396407	0.0
40299	0.0
574599	0.0
118920	0.0
254103	9.30858434733063
137897	0.0
193198	1.9417170138169026
2738	0.0
155318	0.0
574648	0.0
566457	1.515571524305553
519870	0.0
153805	0.0
241358	0.0
241359	0.0
241360	0.0
222418	0.0
340692	0.0
474326	13.159870566560691
65239	0.0
222427	0.0
241372	1.7956272280154397
210658	0.0
184548	0.0
188645	0.0
504040	0.0
188649	1.0632577225646653
217837	0.0
153838	2.1267198876012463
576755	0.0
222428	0.0
303868	2.0801830018242757
153870	0.0
40279	0.0
3364	2.0300338809426046
546524	0.0
187692	1.6679900711119868
503598	0.0
570162	0.0
84788	0.0
383797	0.0
402749	0.0
127296	0.0
565591	1.4294492555905025
156485	0.0
153928	0.0
156493	2.210190974324611
477525	2.003966471682847
223575	0.0
466149	0.0
223584	0.0
2913	1.7051617235073353
474979	0.0
474980	0.0
568171	0.0
416109	0.0
14192	0.0
479291	1.798715707032862
187766	1.7577840209307003
91004	2.2487410735205464
565631	1.3003082688295984
155976	0.0
557452	0.0
193425	1.8180734212524468
414614	0.0
463268	0.0
534954	0.0
568756	0.0
186298	0.0
91588	0.0
66502	0.0
133579	0.0
467917	0.0
300365	0.0
79361	1.6828101926223398
574649	0.0
536028	1.972979545941529
555500	1.525891812301778
230901	0.0
579576	1.5071863027076164
118777	1.4481688585387655
143871	0.0
565589	1.5094268752742546
