146825	5.814132292744551
61185	3.6083552608828904
311554	6.0041774635918985
8197	3.536710114418273
89863	0.0
309896	6.529143191289915
318858	6.408856435844907
151513	7.2350920037323805
32140	3.330553729737618
113082	6.767187645144489
59409	4.026892607355078
383634	4.174491940911223
338835	3.029573839123042
76815	6.314530635300638
247190	4.15062969072415
273573	2.7829088945663845
572503	3.3408641744246173
287644	0.0
106526	3.7546291192995116
486559	0.0
125730	2.8646397989954546
482339	6.18869928631242
427428	7.692374046750064
470565	0.0
150950	3.6884850511696374
440872	3.684547419091222
244266	0.0
115079	3.9107524634673294
442924	7.45191924285065
133039	0.0
209201	6.220110860067538
429875	2.748882688079217
57780	6.400520139708653
165406	0.0
274230	4.018799036990452
146618	4.07329482411599
36409	5.0975720265378985
486970	3.6683475599496678
569567	0.0
15292	4.71654539451035
400189	0.0
190271	6.075975339559119
259264	7.085931914189407
444225	3.923321587475822
25539	6.02470546382213
485060	3.509823181841611
212406	3.8735014080717494
571464	2.2291860732835693
490368	6.270904777022874
569279	3.959929823346972
399411	4.010258378616565
76238	3.2366454463742587
308609	2.396791446050752
528593	0.0
93525	3.9943188206071554
79539	3.9715790600958965
255193	7.548963504710827
222683	3.690970401372391
22749	0.0
219173	4.16383960746858
483552	0.0
497121	3.999516988277375
35918	4.75726249695206
150907	0.0
394725	4.118729115948718
373222	5.983827330927534
574289	3.596104096070315
383337	4.068870948609563
322154	6.3919921661578245
337390	0.0
150993	1.7682674655357444
473205	4.082404287866248
34793	3.967234782574859
556851	3.9193328960865395
59200	5.047829865399983
408699	3.1185356747416333
279978	0.0
394495	3.9319831370003646
