482816	0.0
440839	0.0
442384	0.0
561169	0.0
500754	0.0
330775	0.0
420102	0.0
561195	20.352062908665342
395825	0.0
379443	0.0
66100	0.0
395830	0.0
374852	0.0
484944	0.0
382545	0.0
524885	0.0
371799	0.0
436325	0.0
374882	0.0
418405	0.0
418406	0.0
481912	0.0
115833	0.0
482438	0.0
550024	0.0
522384	0.0
143000	13.078043383409504
277155	0.0
162983	0.0
145580	0.0
538801	22.185257762376857
484533	0.0
239083	0.0
266436	0.0
514764	0.0
199377	0.0
15574	0.0
263460	0.0
420068	12.046793011209616
522470	0.0
450286	8.061149770920618
487693	0.0
97043	0.0
250647	0.0
535322	0.0
223520	14.151927769636035
483108	0.0
284967	0.0
520503	0.0
109886	0.0
109887	0.0
188741	0.0
172360	0.0
354635	0.0
461146	14.424098230527989
275812	3.9323691902206352
197995	12.720494456400896
265073	0.0
229746	0.0
22903	0.0
546179	0.0
244133	0.0
545193	9.060983603336602
252843	0.0
208814	0.0
536000	0.0
269772	14.418793481378295
401879	0.0
284647	0.0
120999	19.056674070743288
119286	0.0
191479	0.0
124412	0.0
156158	0.0
162901	0.0
