332801	0.5745670973671471
168450	0.0
493572	0.34617581224273875
388617	0.0
362008	0.25205252690030555
189467	0.0
442401	0.18963254084903391
534757	0.0
113191	0.0
270890	0.0
270891	0.0
423468	0.0
429614	0.4591498540552497
247343	0.0
13873	0.0
412218	0.0
54623	0.33064987272900237
409150	0.0
179263	0.5769694134610829
486466	0.5041451100944707
9795	0.0
34888	0.0
509515	0.3831557892124478
241742	0.6051656096124021
566863	0.0
185430	0.0
75873	0.38570654480915334
167099	0.4835147372944447
87106	0.0
375404	0.40473397029105385
36659	0.0
259194	0.0
468099	0.5671692242724348
536022	0.0
502410	0.532258409274782
397966	0.0
397972	0.0
575649	0.0
239267	0.0
33446	0.0
333482	0.0
262832	0.0
107704	0.0
318651	0.0
108225	0.0
255173	0.3401398553988841
389325	0.16938763329827908
13006	0.4025269317277643
564436	0.0
42959	0.0
240167	2.339425305279817
311550	0.5647056222501785
22274	0.0
464133	0.42515615095040626
425737	0.3647716575531058
374029	0.3398760909577751
311061	0.5818639845627102
53014	0.0
262105	0.0
345894	0.6234713940600048
482601	0.0
259208	2.319707684307751
489779	0.24376512611694745
372026	0.0
326538	0.0
59201	0.3068273356415507
247627	0.3900242900481595
177996	0.0
497122	0.0
164179	0.28974215956367955
279900	0.0
15526	0.0
164196	0.5657573797653334
378219	0.0
369519	0.3865483674723268
433044	0.6133224073521192
311163	0.3814148892788864
61313	0.0
3393	0.0
135050	0.0
270733	0.0
270734	0.0
565315	0.0
522644	0.49192962302894777
441756	0.0
245151	0.0
251301	0.6293224899366825
146353	0.0
126388	0.0
230839	0.0
578489	0.0
90043	0.0
388544	0.0
327106	0.0
232899	0.0
58824	0.0
373199	0.1996311725138374
89049	0.0
151514	0.6260355811207771
166877	0.600508197321975
373218	0.40710245920105054
490981	0.40915322764026646
465898	0.3251859765355225
179694	0.5759774229168271
439283	0.32595069012197186
566262	0.4089882464890996
106495	0.0
