424962	17.792667347427663
417290	0.0
216596	1.7592954487016532
319516	1.5756890514395445
557094	0.0
311335	0.0
416808	0.0
197680	0.0
464443	0.0
137812	0.0
296533	0.0
191586	0.0
54889	0.0
258159	0.0
275076	0.0
447626	0.0
259215	12.307609304759989
197781	4.496978690364322
400033	0.9339786172019565
77488	5.788018009682405
483507	0.0
446752	5.820355894177814
124135	0.0
138477	1.3316901486113983
4849	0.0
324349	1.564832221040767
486660	14.102799009703295
439051	0.0
40208	0.0
442133	0.0
442134	0.0
105239	0.0
354587	0.0
482589	0.0
539428	0.0
179493	0.0
247096	1.679928032586955
489801	0.0
417098	0.0
580941	0.0
411448	0.0
446803	7.070024428373933
141658	0.0
483168	0.0
172091	0.0
455528	0.0
373106	1.517434820387725
510784	0.0
397186	0.0
302979	1.6270728053189476
122247	0.0
308620	0.0
456088	0.0
464795	1.2248110567343173
83879	0.0
557992	0.0
481711	0.0
486320	0.0
464819	0.0
559028	0.0
308664	0.0
465342	0.0
465343	0.0
146382	0.0
488914	1.8110470210174163
267223	1.790125861362186
409561	1.567544921917106
523738	0.9649429692667258
482273	0.0
331760	0.0
548343	14.917816241819283
361978	1.7847135154042284
361980	10.725976201294218
432637	16.653553396384034
411135	1.0008931398024892
