567808	0.0
454662	0.0
367112	0.0
12298	0.0
564756	0.0
396315	0.0
439836	0.0
336927	0.0
420897	0.0
445988	0.0
42024	0.0
42026	0.0
542262	0.0
420919	0.0
420925	0.0
493632	0.0
493633	0.0
493634	0.0
1093	0.0
493647	0.0
420949	0.0
112729	0.0
112730	0.0
177246	0.0
345186	0.0
538811	0.0
526447	0.0
291442	0.0
55925	0.0
285814	0.0
285815	0.0
469624	0.0
291449	0.0
291450	0.0
142601	0.0
469636	0.0
27414	0.0
213868	0.0
324247	0.0
437404	0.0
531103	0.0
1705	0.0
103099	0.0
182463	0.0
523976	0.0
430798	0.0
495224	0.0
178912	0.0
10977	0.0
468722	0.0
492787	0.0
492789	0.0
283361	0.0
60163	0.0
457988	0.0
457990	0.0
457991	0.0
457992	0.0
457993	0.0
457994	0.0
457995	0.0
437517	0.0
421142	0.0
197400	0.0
531076	0.0
332572	0.0
554786	0.0
246061	0.0
159029	0.0
251190	0.0
231738	0.0
252731	0.0
218943	0.0
270146	0.0
67396	0.0
259910	0.0
281927	0.0
405832	0.0
101194	0.0
520525	0.0
543056	0.0
248657	0.0
270163	0.0
405848	0.0
541530	17.498299753367167
407866	0.0
3945	0.0
553324	0.0
542583	0.0
301946	0.0
456069	0.0
553369	0.0
334237	0.0
176041	0.0
229807	0.0
537521	0.0
30645	0.0
430525	0.0
341973	0.0
564182	0.0
7127	0.0
95706	0.0
287202	0.0
177128	0.0
184815	0.0
111605	0.0
439798	0.0
215031	7.355028502287946
261115	0.0
