31238	0.0
333833	0.4444150618201305
530442	0.0
286738	0.0
524314	0.2572581053508901
26141	0.0
380959	0.48411653539419675
91173	0.2637935804138714
320555	0.0
304687	0.19187167564709043
126000	0.0
317493	0.24336703394313028
126006	0.0
415801	0.0
542559	0.0
304707	0.0
342599	0.0
274506	0.0
553041	0.0
288338	0.0
127059	0.45526183736303416
524375	0.0
284266	0.0
335979	0.25804091592695205
112239	0.0
338546	0.32598977469475326
359699	0.0
304756	0.0
536695	0.0
414841	0.0598820463201527
543358	0.287492922931032
571009	0.0
213130	0.3902911744649904
288403	0.0
77976	0.36622555538463497
287412	0.0
285877	0.0
304822	0.2045201644976562
78011	0.36622555538463497
548031	0.0
541376	12.34618057043545
464579	0.4405139072364978
381124	0.0
288375	0.0
174801	0.16888123669018365
178898	0.45309592540177995
541305	12.709380344777841
238301	0.0
540965	12.643900005683221
520421	0.0
343791	0.0
336115	0.0
542972	0.40360953585720294
287496	0.0
278798	0.48798304002837956
359696	0.0
570129	0.19986066522740556
359698	0.3425855508464967
464659	0.4405139072364978
540952	12.419350777051427
540953	12.684723190426233
336154	0.40529741890912274
156956	0.0
467233	0.0
399750	0.26558359517742286
290847	0.0
540969	12.6958388258167
81708	0.0
66350	0.3902802405630289
472367	6.717600404882824
175924	0.2965409391268803
342335	0.29211445564214333
187201	0.0
461122	0.0
265541	0.0
334158	0.0
335711	0.27700621280773535
140640	0.0
66406	0.0
287303	0.0
148337	0.36067779821111073
466290	0.0
148347	0.0
67964	0.0
378238	0.0
537579	0.2954405841070775
251268	0.4831536650036518
577926	0.0
340972	0.0
140689	0.0
75668	0.0
382363	0.0
236448	0.0
186276	0.16882520077516613
157099	0.45673529110785027
571821	0.2648922605472487
470453	0.0
534976	0.43659848962355063
534977	0.23678571871473353
569294	0.0
359396	0.39622340163528463
194535	0.36152472970989563
304618	0.2710460397801666
304619	0.38461724638127776
304620	0.0
288240	0.0
212978	0.0
288339	0.0
