491010	0.0
108549	0.0
108550	0.0
224599	0.0
542231	0.0
379934	0.0
379935	0.0
379936	0.0
379937	0.0
379938	0.0
525347	0.0
379940	0.0
160299	0.0
439852	0.0
439853	0.0
160303	0.0
439856	0.0
439870	0.0
282720	0.0
301634	0.0
301635	0.0
454734	0.0
115793	0.0
42074	0.0
261212	0.0
16480	0.0
542821	0.0
542822	0.0
454766	0.0
291441	0.0
454773	0.0
370808	0.0
370809	0.0
55931	0.0
421002	0.0
511682	0.0
81567	0.0
52900	0.0
297646	0.0
371059	0.0
505529	0.0
301755	0.0
4798	0.0
178370	0.0
185543	0.0
251090	0.0
379939	0.0
538839	0.0
526555	13.806578662488343
370916	0.0
197352	0.0
421098	0.0
142580	0.0
533750	0.0
533751	0.0
533752	0.0
274688	0.0
421122	0.0
242903	0.0
467843	0.0
286484	0.0
205871	0.0
341805	0.0
472878	0.0
370993	0.0
246069	0.0
544054	0.0
371003	0.0
371008	0.0
252737	0.0
407874	0.0
262467	0.0
379718	0.0
571216	0.0
246158	0.0
371031	0.0
77154	0.0
423227	0.0
281956	0.0
371047	0.0
371057	0.0
267123	0.0
371060	0.0
407927	0.0
371075	0.0
332678	0.0
492937	0.0
492939	0.0
205710	0.0
581522	0.0
407875	0.0
67995	0.0
410022	0.0
410023	0.0
346025	0.0
111022	0.0
537520	0.0
537521	0.0
426942	0.0
142612	0.0
7120	0.0
502745	0.0
268774	0.0
224679	0.0
511984	0.0
61950	0.0
346965	14.520273858904982
