115203	0.0
377352	0.0
56341	0.0
355350	0.0
320431	0.0
243802	0.0
49695	0.0
188963	0.0
512042	0.0
319515	0.0
439860	0.0
568	0.0
430650	0.0
261181	0.0
420926	0.0
301637	0.0
139854	0.0
530517	0.0
420442	0.0
368223	0.0
301668	0.0
42092	0.0
31342	0.0
55923	0.0
490927	0.0
480889	0.0
62077	0.0
31358	0.0
409729	0.0
418326	0.0
99984	0.0
270192	0.0
326171	0.0
243876	0.0
531111	0.0
56488	0.0
56493	0.0
56496	0.0
372913	0.0
323255	0.0
208568	0.0
303299	0.0
50890	0.0
203473	0.0
476884	0.0
368353	0.0
316642	0.0
370917	0.0
370918	0.0
370920	0.0
370921	0.0
43757	0.0
573169	0.0
326898	0.0
398067	0.0
21243	0.0
68954	0.0
531197	0.0
549127	0.0
159015	0.0
541481	52.9531689530934
304946	0.0
412988	0.0
7393	0.0
301897	0.0
301898	0.0
249178	0.0
323432	20.481910183776108
20330	0.0
301936	0.0
371069	0.0
371072	0.0
246147	38.381001434892184
332681	0.0
212878	0.0
430997	0.0
371098	0.0
264605	0.0
359838	0.0
264607	0.0
205731	0.0
345000	0.0
345007	0.0
460226	0.0
490957	0.0
381904	0.0
112096	0.0
18914	0.0
323835	0.0
401386	0.0
18923	0.0
224764	0.0
48638	0.0
12287	0.0
