188416	0.0
455693	0.0
407575	0.9275893113621363
262170	1.6202706747627584
414811	1.6932427006768038
341542	0.0
368176	0.0
252466	0.0
455741	0.0
191842	0.0
414799	0.0
560210	1.7243242427802794
124507	0.0
325215	0.0
319072	1.9788197280324018
131772	0.0
29801	0.0
325759	0.0
80000	0.0
264325	0.0
244873	0.0
320663	0.0
238754	0.0
12972	0.810668567913386
314029	0.0
262331	0.0
262332	0.0
456053	2.0610745069064365
457415	0.0
430280	0.0
200398	0.0
297680	0.0
144600	0.0
462041	0.0
462044	0.0
98015	0.9842250109678353
467682	0.5601827083382183
53988	0.0
320742	0.0
533747	0.0
321269	0.0
318205	0.0
540032	0.0
398083	0.0
240901	0.0
168199	0.0
217869	0.7205589955085799
529678	0.0
494865	0.0
548123	0.0
191261	0.7985985016364928
178976	0.0
313649	1.4690720934247463
398641	0.0
240947	0.0
297787	1.5273850039846166
320318	0.0
451393	0.0
420163	0.0
68431	0.0
455507	0.0
65883	0.0
240994	0.0
319331	0.0
240998	0.0
59198	0.738145815183241
456054	1.9846269354422121
157568	1.9898002863142408
362302	0.3303870395126735
493481	0.0
222636	0.0
51120	0.0
523185	2.0359102047872604
165312	0.0
455620	0.0
390085	0.0
390091	0.0
390092	0.0
260045	0.0
213456	0.0
340438	0.0
526305	0.47449808677533084
322021	0.0
218615	0.7644332747609695
321530	0.0
74235	0.0
325116	0.0
