540909	3.9343856791672205
343990	0.0
468228	0.0
281989	0.0
243974	0.0
194567	0.0
541158	3.938525846158094
202762	0.0
435287	0.0
238988	0.0
464653	0.0
243949	0.0
568465	0.0
571814	0.0
63507	0.0
304110	0.0
342044	0.0
571250	0.0
340126	0.0
336545	0.0
515106	0.0
541190	3.925766765147124
288934	0.0
299817	0.0
91178	0.0
167851	0.0
541170	3.8882363150393506
269358	0.0
472482	0.0
239152	0.0
65779	0.0
332597	0.0
229558	0.0
359796	0.0
541242	3.9106342859462075
246111	0.0
255804	0.0
232522	0.0
279615	0.0
244032	0.0
333378	0.0
558021	0.0
174753	0.0
63052	0.0
11148	0.0
542540	0.0
284365	0.0
205775	0.0
451665	0.0
50003	0.0
375339	0.0
360405	0.0
142905	0.0
148324	0.0
512079	0.0
103134	0.0
332639	1.507501708078633
173281	0.0
62562	0.0
288355	0.0
541156	3.6559447241855136
541157	3.7066750098464567
278374	0.0
382951	0.0
552297	0.0
541162	3.889485245449646
351079	2.0006651427969024
419309	0.0
338030	0.0
96753	0.0
537586	0.0
284147	0.0
205684	0.0
541174	4.030366407651488
359802	0.0
285819	0.0
359804	0.0
541179	3.8577776639011248
