558083	1.845842611460364
27665	1.8610004062861047
15619	1.3961718091502384
398365	1.9996406557785624
9250	0.0
53796	0.0
187431	2.0551666695168107
509486	1.5020867186687672
355887	2.1869586298594115
355898	2.2517717451921584
400956	0.0
508992	2.0420442864344914
15442	0.0
18004	1.6665541297138151
6746	2.2716525247679487
22109	1.3613560219245233
55390	2.2711734617713955
292972	2.1866805862618053
201840	1.39715090011866
182390	14.725682236247968
96376	2.186201538387609
326695	14.005611180316238
526982	2.1881556739194927
142785	6.034262134027696
543887	2.289584086685627
47774	7.244628754714657
454818	0.0
511142	2.096299584378025
166073	2.376052526946384
450746	2.2163141620273277
11451	1.8345990489477395
194241	2.152819126308426
455877	11.49220390264457
116938	0.0
564433	0.0
327378	2.330455905966022
239315	0.0
327383	1.7986151394107541
327387	8.733336368082082
579807	1.8739991376158984
57571	7.283351636929952
49895	12.890333009174935
128744	2.1583063859879843
18154	1.9065053506162413
251431	0.0
57042	1.152695836815317
500477	1.9988008837015476
563072	2.266416359944639
242435	2.1672242792240626
242437	7.728102358265337
522512	1.1788210882049006
119569	0.0
293142	2.181687863484879
327451	2.2856521963124643
87842	9.896850716462053
235311	2.2177952340225455
214832	2.3486235926988215
145715	0.0
309557	1.6049700405772247
137527	13.341838589260098
293176	0.0
278843	2.204222334982193
278845	2.0771036637371663
267072	2.305986193304143
293187	0.0
47940	2.345850843939127
204103	1.3996522423886957
224074	0.0
579916	1.8642278034553863
579917	1.5239133192645307
432472	2.195597256449159
414559	2.2521577219598803
333157	2.206441338044601
255847	2.132457685247302
285544	2.147367139072185
540011	1.3491483708631318
507757	1.89880385116198
214901	2.3250100969307868
477565	2.070463921346914
48512	2.254967167609293
18155	2.1733508963927752
578950	2.30279913890351
115079	2.090105261323661
414088	2.0427182938867965
20370	18.86499626815071
94616	2.1476383106833867
508318	2.2599420596870745
137641	2.1872184976273754
266155	2.3450866058946573
510386	1.0618001184929062
61342	2.314067024372293
115132	2.3251542376606857
464320	1.864834187045778
268225	1.724939068334627
268226	1.8875730194936136
108995	0.0
578501	2.316136075592567
77264	0.0
21457	0.0
313337	8.693863471571051
327141	2.264024655565633
177126	0.0
452589	2.0286912585322137
563186	1.6819252871466692
45044	1.0950609535221825
106485	2.0838090944307566
106489	0.0
