427009	0.0
555025	8.937523126506186
199699	0.3535146484493785
229908	0.0
315929	0.0
555034	8.937523126506186
80923	0.0
455196	0.0
455197	0.0
322079	0.0
252450	0.2602437162716448
207398	0.0
321577	9.458737631974197
344670	0.4184955222089296
319542	0.0
317350	0.2859998150797707
76355	0.48460131870614415
155210	0.0
155211	0.0
500302	0.4810522795779608
552540	0.0
269406	0.48284459425763226
222303	0.46743741425762997
414833	0.0
316024	0.33414345538567297
324730	0.26383888217073903
377467	0.33946878856864476
160383	0.4764049781515153
44165	0.0
315025	0.0
318101	0.0
262806	0.0
317081	0.2405086407910093
280219	0.0
290470	0.0
325404	0.23462875071519218
414896	0.0
428723	0.4174193324736126
322740	0.3313201204473327
310459	0.2662681990614843
213180	0.0
537283	0.4573537335097915
404174	0.0
282845	7.117301979552208
406481	0.0
244968	0.4644700898820567
458989	0.46278655672753616
320766	0.25027739768958746
375040	0.4920513561935351
316166	0.36495112630057414
322312	0.0
552716	11.024516229593765
282900	0.23514038234694262
315162	0.3580002821915508
248092	0.4320126319312244
397090	0.0
106293	0.0
248131	0.34760767761900596
268104	0.0
398153	0.0
456531	0.0
320852	0.0
325461	0.24446165501362963
267749	0.5044320245299192
323429	0.28720231501215315
324241	0.3234928208219364
344942	0.4141424921927199
207592	0.0
317810	0.0
315765	0.27001865910256573
315255	0.0
317323	0.20481915973107884
317324	0.0
480142	0.48267752698885935
170386	0.43603044787101713
317340	0.0
317341	0.0
562590	0.0
160160	0.0
54179	0.0
318886	0.23707169498562286
245673	0.2940401447310107
372140	0.0
230829	0.0
63921	0.0
321462	0.0
490942	0.0
455755	0.28156384446526955
321476	0.162129466680258
575941	0.4692659967183158
531398	0.4253244906887032
343497	0.0
213455	0.0
332752	0.46152957529134114
281553	0.0
325077	0.0
252386	0.0
436708	0.0
97253	0.0
133103	9.108021173540305
131569	0.4758985185980576
194387	0.4790268486266173
325787	0.3783808997595802
317435	0.0
322556	0.23844779902394156
