513543	9.895681106385142
319503	4.241487281569467
460825	6.976315813255248
95778	4.290870314499147
71204	4.196042193924292
144936	8.640338991928777
560173	10.740997242590018
347186	2.933157852707243
497724	3.333146165655071
10814	8.649399973301454
303169	24.713627794296656
320865	9.1590103306791
377432	3.0192077030681963
529594	8.710827021877574
276575	3.870846343040969
482403	2.9827930170850885
112458	8.107047473633054
15293	2.7673886675717423
119928	4.013155561879263
308354	9.174057069838135
43457	0.0
112777	4.028199103648875
323725	3.9954081166396365
104590	0.0
492399	9.55325286545775
170143	4.222009858560777
389803	4.266961893348249
262832	5.149116001735434
373448	2.949472603931174
426680	0.0
420026	3.8902254410790045
57023	3.8441392399079852
535232	3.804541170229986
390853	6.6847772282591
148001	2.1171023061218857
301768	2.6855572054104724
212684	3.100367616791833
247505	7.96645120844362
502995	6.458378841584535
456920	6.214031490198563
26843	4.286480452579225
486128	2.4960401903249214
364584	10.75091514616455
108281	8.867279189092267
29947	0.0
121630	4.061479765093834
562465	10.073449385814795
489767	8.864327372950669
37170	4.236529521294305
331574	0.0
443703	0.0
189240	4.23597813028376
7996	3.626261477485822
165697	11.634762477451826
104260	7.8158481920962055
546118	4.11388539733241
164168	4.061058511809136
424265	8.348359505252255
75082	0.0
431927	6.4802839339141265
9550	3.531446175426253
54926	3.8061320829047394
516960	4.235382424127372
242017	4.0148453093926495
80741	7.1343435282015095
379238	9.601805950056779
8042	4.231413482734889
122222	2.7701897266864908
120175	11.434863167443678
465264	0.0
374129	3.8608085802825145
370549	4.125629478820351
507255	9.110054843570566
374138	3.698610491093686
492411	3.6425657237018214
557950	4.400719875112152
407424	3.5810271652408723
558979	7.0806712537686405
219527	8.067997975015667
308111	7.178725667924255
404369	0.0
231315	3.582926341139551
34711	4.213751018735657
81825	2.8842820468284103
403782	4.125749315086396
285095	8.227846326104537
374184	3.8934000466554566
125357	0.0
27807	7.423415590428965
444234	3.562740951327398
404417	3.4199357404438633
422853	4.009498373442184
107468	0.0
394198	4.177365543622452
374009	4.0797235377629315
460764	4.266108439780293
277482	4.081431265558106
526828	4.088262768702174
189936	8.140505490762173
385522	8.306349274404933
32755	7.282778368765029
372730	7.645716347634536
87550	10.111660327383499
