270347	0.0
277522	0.0
21011	0.0
9236	0.0
9237	0.0
9238	0.0
65559	0.0
16921	0.0
16922	0.0
16923	0.0
16924	0.0
16925	0.0
366113	0.0
270885	0.0
174633	0.0
21034	0.0
277550	0.0
269872	0.0
277553	0.0
567865	0.0
242528	0.0
277572	0.0
114250	0.0
114251	0.0
467039	0.0
338530	0.0
277603	0.0
350311	0.0
223848	0.0
223849	0.0
9234	0.0
335891	0.0
277620	0.0
110198	0.0
338563	0.0
62599	0.0
41609	0.0
277527	0.0
111385	0.0
270477	0.0
65133	0.0
469653	0.0
270361	0.0
100521	0.0
63661	0.0
113843	0.0
17590	0.0
330957	0.0
64212	0.0
8142	0.0
67799	0.0
67806	0.0
277545	0.0
242425	0.0
65749	0.0
293121	0.0
334097	0.0
342809	0.0
242547	0.0
242466	0.0
147757	0.0
293341	0.0
147762	0.0
335673	0.0
338755	0.0
147786	0.0
147769	0.0
242524	0.0
242525	0.0
242526	0.0
242527	0.0
9235	0.0
499559	0.0
241011	0.0
147833	0.0
401274	0.0
277400	0.0
147877	0.0
428469	0.0
287050	0.0
52298	0.0
175042	0.0
89027	0.0
340421	0.0
9158	0.0
15821	0.0
63438	0.0
147920	0.0
147922	0.0
147923	0.0
60376	0.0
60381	0.0
63968	0.0
340449	0.0
62962	0.0
63482	0.0
