431109	0.0
270343	0.0
281096	0.0
156687	0.0
280596	18.960311287388482
8729	0.0
334883	0.0
282149	0.0
458790	0.0
389175	0.0
133188	0.0
118341	0.0
17992	0.0
156754	0.0
576085	0.0
132184	0.0
513627	0.0
323171	0.0
415333	13.80199122526979
574572	0.0
259695	9.413809163027668
42632	6.378975964632809
57624	0.0
382100	0.0
539799	0.0
354969	0.0
65135	0.0
523421	0.0
463016	0.0
506031	0.0
250548	0.0
210613	0.0
544958	0.0
427212	0.0
544975	0.0
204497	0.0
282842	0.0
230624	0.0
245473	0.0
449254	4.6283207061828335
403175	10.523934270840032
199402	0.0
17135	0.0
199892	0.0
182020	0.0
296197	0.0
558343	0.0
460054	0.0
84248	0.0
580826	0.0
280539	0.0
31527	0.0
449321	0.0
361773	0.0
8498	0.0
390453	0.0
321344	16.631313361706017
435525	0.0
567114	0.0
539979	0.0
274256	0.0
544597	0.0
57174	0.0
197980	0.0
271709	0.0
103262	0.0
451045	0.0
26468	0.0
546666	0.0
87271	0.0
536439	0.0
64891	0.0
448899	0.0
458640	0.0
250258	0.0
468883	0.0
48793	0.0
19353	0.0
537503	0.0
141728	0.0
199077	0.0
199079	0.0
537514	0.0
244652	0.0
85958	0.0
269767	0.0
105935	0.0
135637	0.0
1273	0.0
128987	0.0
557392	0.0
451044	0.0
4069	0.0
567275	0.0
