314882	1.204965036161587
40968	1.7875385237229273
264725	2.0977368823887423
267288	0.0
399394	2.129580429607863
122918	0.0
121902	0.0
350767	0.0
246832	1.7390734249244062
316466	1.3228568314561584
322106	0.0
47701	0.6960750163934608
198230	0.0
348760	2.211807148478778
392286	0.0
107105	1.4918693556863845
480354	1.4372373565493424
436335	0.0
145520	2.2175482184418374
392305	1.4085806993976102
324212	1.806615483471312
39548	2.061536455636885
418430	0.0
78357	0.0
418432	0.0
417411	2.16112544823545
414853	1.4332262643999378
176262	0.0
512135	2.0096129105651523
508040	2.1257326629196815
318653	0.0
457367	2.2964170062765694
348828	2.148391637770989
126109	1.1139982137495397
542893	1.9916728158557677
459438	1.5828696625659024
315055	0.0
171696	0.0
323254	0.0
451773	0.0
348356	2.1777730073840833
317637	1.015150384271552
451797	0.0
46300	1.7218522264618659
358625	0.0
348113	2.0792590795453814
255209	2.1581405169912933
323819	1.075009411423653
558838	1.533423948385682
536532	1.5860716371469812
322812	0.0
404736	0.0
377100	2.078978369469023
317713	1.964897064000092
404764	2.070599910301218
66345	0.0
54570	2.1942965817495956
182060	0.0
124725	1.489902900408716
303927	0.0
543037	0.0
461118	1.4527539059948678
461119	1.4092831815725273
529226	1.391928742266793
332113	2.192849401917591
361302	1.489902900408716
468314	0.0
315236	1.7215915785786382
457088	1.354888912579503
424834	0.0
323973	0.0
47495	0.8031739238997027
479627	1.9132366822457407
427916	0.0
465807	0.0
541073	2.190558013691184
538005	0.0
502682	2.1143672729330745
455580	2.077883050747728
154530	0.0
499111	0.0
154540	1.968867637934023
161203	2.2191974461870303
315319	1.9188653468595085
522682	0.0
462271	2.1796006058413337
325068	0.7517185612602689
507345	1.509803850439118
346578	2.0012519054392874
465876	2.224047881476952
465877	1.4629069867556184
320249	1.0104315368555967
471513	1.9146404745857983
348638	2.180665250584468
323568	0.68452519710578
345587	0.0
219130	1.792363262552199
294397	2.0603471436909273
