334850	0.0
559109	0.0
248841	0.0
195090	0.0
182019	0.0
46614	0.0
46615	0.0
321048	0.0
102939	0.0
145242	0.0
576005	0.0
536123	0.0
56893	0.0
249923	0.0
516166	0.0
79948	0.0
23630	0.0
152143	0.0
459856	0.0
477274	0.0
89180	0.0
63073	0.0
347746	0.0
239206	0.0
576106	0.0
436337	0.0
66674	0.0
446070	0.0
252351	0.0
49770	0.0
250495	0.0
214343	0.0
549000	0.0
62090	0.0
382092	0.0
309389	0.0
88724	0.0
17056	0.0
62320	0.0
111779	0.0
14514	0.0
329405	0.0
347854	0.0
471769	0.0
428774	0.0
7404	0.0
40173	0.0
168178	0.0
112883	0.0
511732	0.0
511734	0.0
518395	0.0
17667	0.0
334604	0.0
356627	0.0
428820	0.0
280341	0.0
317210	0.0
204063	0.0
199972	0.0
208685	0.0
68400	0.0
113969	0.0
320820	0.0
476984	0.0
329958	0.0
145220	0.0
68423	0.0
414605	0.0
103255	0.0
214874	0.0
94555	0.0
273765	0.0
96615	0.0
353648	0.0
129396	0.0
199035	0.0
499585	0.0
320406	0.0
128903	0.0
40172	0.0
21389	0.0
319887	0.0
1425	0.0
454550	0.0
200606	0.0
141729	0.0
335267	0.0
454567	0.0
388523	0.0
391084	0.0
44464	0.0
196021	0.0
580031	0.0
47053	0.0
47054	0.0
178641	0.0
357854	0.0
268771	0.0
192998	0.0
237546	0.0
533999	0.0
145905	0.0
