329385	0.0
322222	0.0
427040	0.0
463905	0.0
427042	0.0
40484	0.0
463397	0.0
40486	0.0
68151	0.0
387641	0.0
387642	0.0
127038	0.0
129600	0.0
50245	0.0
469065	0.0
466521	0.0
102505	0.0
466541	0.0
466544	0.0
466545	0.0
22644	0.0
247925	0.0
31351	0.0
480890	0.0
480891	0.0
466557	0.0
52351	0.0
466561	0.0
466562	0.0
31371	0.0
88725	0.0
251548	0.0
360093	0.0
415942	0.0
515753	0.0
322221	0.0
329390	0.0
395462	0.0
259274	0.0
335570	0.0
430627	0.0
238804	0.0
165590	0.0
24796	0.0
67297	0.0
466555	0.0
415974	0.0
415975	0.0
166696	0.0
43780	0.0
43781	0.0
43782	0.0
126736	0.0
126741	0.0
58139	0.0
14119	0.0
14120	0.0
14121	0.0
14122	0.0
14124	0.0
335670	0.0
139	0.0
177476	0.0
44871	0.0
101716	0.0
569686	0.0
306010	0.0
271195	0.0
271196	0.0
188253	0.0
239458	0.0
74389	0.0
126854	0.0
251785	0.0
119693	0.0
564111	0.0
6549	0.0
176534	0.0
6555	0.0
426914	0.0
502179	0.0
570277	0.0
528807	0.0
65961	0.0
502186	0.0
64940	0.0
334259	0.0
454069	0.0
434106	0.0
332234	0.0
53725	0.0
50150	0.0
94696	0.0
372718	0.0
372721	0.0
101715	0.0
502185	0.0
