99845	0.0
99846	0.0
99849	0.0
162317	0.0
8724	0.0
282117	0.0
75305	0.0
285743	0.0
150576	0.0
46647	0.0
45119	0.0
129106	0.0
52307	0.0
351332	0.0
150633	0.0
287338	0.0
343148	0.0
213101	0.0
42429	0.0
53360	0.0
340594	0.0
68727	0.0
579706	0.0
150634	0.0
187526	0.0
375943	0.0
341649	0.0
281235	0.0
516760	0.0
18606	0.0
218803	0.0
218804	0.0
218805	0.0
178363	0.0
334022	0.0
342218	0.0
344269	0.0
344275	0.0
343768	0.0
314074	0.0
314075	0.0
8415	0.0
477410	0.0
477411	0.0
170217	0.0
444650	0.0
86764	0.0
533233	0.0
342260	0.0
560888	1.7522105525020064
218876	0.0
218877	0.0
218878	0.0
218879	0.0
218880	0.0
218882	0.0
380684	0.0
12562	0.0
315160	0.0
375071	0.0
18721	0.0
15148	0.0
15149	0.0
15150	0.0
1329	0.0
1330	0.0
1331	0.0
1332	0.0
361788	0.0
322904	0.0
238938	0.0
342370	0.0
343398	0.0
284305	0.0
287608	0.0
341374	0.0
182763	0.0
62340	0.0
334224	0.0
107672	0.0
333209	0.0
239004	0.0
343456	0.0
382369	0.0
39331	0.0
562600	0.0
86957	0.0
86958	0.0
86959	0.0
386483	0.0
343484	0.0
121789	0.0
27080	0.0
342835	0.0
529898	0.0
529899	0.0
182764	0.0
123373	0.0
291824	0.0
388596	0.0
244216	0.0
