365059	0.0
79141	1.7647769212573154
486406	0.0
483357	0.0
119841	0.0
571437	0.0
208950	0.7398485356925738
509495	1.3554777810423324
45778	4.549471632532334
425539	0.0
27724	0.0
212045	0.0
266318	4.388101749084208
310866	0.9333660664239469
197734	0.0
432746	0.0
487532	6.7354444216467675
275059	1.1930712327132862
147573	0.0
252537	0.0
104574	0.0
229503	0.0
556674	0.0
261779	0.0
484502	0.0
572059	1.5711815893693808
440989	1.5964593881237545
544417	1.7288378667505104
339110	0.0
310951	0.0
254650	0.0
25808	1.7870547684648777
105170	1.2842849372920508
538328	1.32936532198237
48350	1.70493229253326
123685	0.0
96997	1.276273642005742
422610	0.0
400115	0.0
553717	1.826393769163263
467191	0.0
333577	0.0
225239	9.651667592633244
284944	0.0
484128	0.0
485669	8.87870560636751
122164	0.0
538436	0.0
207693	0.8527135945062182
402255	6.083431753931656
16210	0.0
440158	0.0
102242	0.0
395622	1.5759177984919193
538475	0.0
538476	0.0
451445	1.7867046991460582
483707	1.7895949978940384
272534	1.2315195766868092
204168	0.0
225173	0.0
393633	1.265143443586689
70051	0.0
526245	0.0
470958	7.231078565335826
442288	1.6198072670665649
437177	0.3937286261304138
513978	0.0
136636	0.0
484799	0.0
480589	0.0
174551	0.0
430552	1.2898161102391075
263589	0.9969055287383047
538605	0.0
