324160	0.0
169346	0.8994292240512088
529963	7.04759274434142
183702	0.0
189123	6.284972132724852
189341	6.748799318317709
470380	1.7114542960289303
169283	0.9907576642974022
357516	1.9804756364416267
357389	8.14086041798266
257806	0.0
531471	5.06149819857452
531473	5.046300940128651
4371	1.8453796793757364
325852	5.760884791670104
491798	0.0
23492	7.128338862582446
532566	4.357912048709354
447262	0.0
394143	0.0
199520	7.061436333227567
399427	0.5318823766932669
114011	1.6135766678572319
150309	1.4486956528399655
168999	1.010370665026103
37415	4.289124842259014
467883	6.966451394801086
74156	1.2608944430656872
507311	5.933303316396891
36950	1.7241072816287548
249779	1.6869704939514991
401718	1.2555467996291048
219575	0.6944618323935823
371129	0.0
404410	0.0
190239	5.2039892410760045
265789	1.983984549286671
438208	0.0
578912	1.6756766770723515
32707	4.43979266150178
257092	0.0
448246	0.0
38854	1.0845511501971918
473803	0.0
353260	4.085124779065504
444238	1.7934270364216953
326863	1.9989021359340196
38225	1.8802766452079425
296091	0.0
38286	0.0
357465	8.606699787157892
181774	5.904029626332294
277711	0.0
579548	6.407898001224202
524005	5.461938540496025
11488	1.8755597691458756
114016	1.922807305859989
402535	0.0
465641	0.0
357482	8.622501647844766
226283	1.9780865782172885
290412	1.6991339816858972
291510	1.8001173260648338
357451	7.18314719157709
257526	0.0
34550	1.9612330074473652
168924	0.0
168950	0.0
474134	1.974710597323001
203180	0.0
366588	1.283497371179338
34154	1.9620017390388877
