416770	0.0
359254	2.7500486746680455
164359	3.1747945681752725
561685	0.0
315422	0.0
458792	0.0
458281	0.0
422442	0.0
438315	0.0
438963	0.0
458305	0.0
85060	0.0
147020	0.0
278606	0.0
168534	0.0
568922	0.0
195173	0.0
468064	0.0
155237	0.0
205929	0.0
121963	0.0
121964	0.0
213110	0.0
509047	0.0
477816	0.0
46356	0.0
24094	0.0
377469	0.0
417415	0.0
228488	0.0
573066	0.0
395405	0.0
315031	0.0
377502	0.0
210595	0.0
472741	0.0
460979	0.0
267038	0.0
445110	0.0
498359	0.0
542913	0.0
222408	0.0
498890	0.0
501966	0.0
187089	0.0
358613	0.0
184540	0.0
358609	0.0
391463	0.0
291565	0.0
410865	0.0
125684	0.0
428792	0.0
317701	0.0
388363	0.0
445198	0.0
494868	0.0
203547	0.0
159006	0.0
317727	0.0
546598	0.0
567591	0.0
506076	1.4502033987445135
189575	0.5790652883558769
474925	0.0
158514	0.0
541493	5.378508177489446
315702	0.0
405308	0.0
390464	0.0
530758	0.0
541511	5.39589200497717
521544	0.0
491338	0.0
323926	0.0
155480	0.0
445280	0.0
202093	0.0
535413	0.0
367479	0.0
392056	0.0
281465	0.0
492926	0.0
463232	0.0
546691	0.0
567176	0.0
138643	0.0
543129	0.0
405919	0.0
521128	0.0
358825	3.0707531702466193
140718	3.2882111170149124
5039	0.0
300471	0.0
311743	0.6089860216586683
282053	0.0
347079	0.0
466378	0.0
303564	0.0
420305	0.0
346084	0.0
174574	2.6512101378172757
355312	0.0
158711	0.0
377339	0.0
