483840	0.0
136199	0.0
112144	0.0
119319	7.502784871602332
504580	0.0
376859	0.0
409116	0.0
482853	0.0
359974	0.0
483880	0.0
417287	9.102776382343459
554544	0.0
512579	0.0
98889	0.0
559184	0.0
383068	0.0
171280	0.0
123496	0.0
137837	0.0
353390	0.0
150804	0.0
70270	0.0
29461	0.0
445571	0.0
509589	0.0
386203	5.764050438551527
258207	0.0
438436	0.0
484520	0.0
121006	0.0
474801	0.0
236216	0.0
292031	0.0
460484	0.0
7543	0.0
413389	0.0
275155	0.0
460503	0.0
467170	0.0
381682	0.0
263425	0.0
75524	0.0
554250	0.0
313103	3.707414997950015
225043	0.0
29460	0.0
121114	0.0
13596	0.0
339230	0.0
114978	0.0
380709	0.0
226605	0.0
409395	0.0
384845	0.0
527188	0.0
141659	0.0
218473	0.0
122227	0.0
546185	0.0
522653	0.0
141214	0.0
545697	0.0
464807	0.0
197558	0.0
211896	6.03316724516678
209354	0.0
113615	0.0
30165	0.0
39389	5.000414681592037
122348	0.0
113134	0.0
