575491	2.1848242423122395
569349	2.0227298252956865
575495	2.0782684232105244
433166	3.4592036797434704
570903	2.0483130812868104
166426	3.5083843454666517
486064	3.9864054784930225
436774	3.4522552301273417
480808	3.509133309198388
290858	3.6850814277558293
396335	2.8699676146413373
219186	3.78427324267285
191539	3.173012152979637
561204	3.563992851677064
10805	1.4196961676552124
575038	0.0
419391	3.6742854276670465
515649	3.3638152303778117
246342	3.48769000155311
566345	2.2236518842941644
167524	3.229673353716609
572519	3.6665722660392697
389821	2.9052733055152538
182915	2.2985614119560167
107658	3.525513569713592
575354	1.9441619222729283
569487	1.7439989937850844
73368	2.3213393159935376
572569	1.7998638632538189
320668	2.8811530411212853
560797	3.802144612468944
157856	4.054185549300455
482465	3.3644430502832394
337062	1.6598253397889688
558760	3.4318150357428014
312496	2.2866824420474705
344244	1.8838923888586099
261815	3.3217113719145077
86712	1.6416640187666913
189627	3.918856781057019
571580	2.0247094116478612
157373	3.353687154903954
23231	2.3134562361312776
492736	2.251519917273025
108225	2.294999531274754
326343	2.0457163947917745
379595	1.9729512414809804
477901	3.6342086586936233
130765	1.9557987054978554
574165	2.29384485801878
329430	2.2978641381537193
511197	3.6670512916209677
178913	2.295710663719232
382708	2.8957937901988213
565499	0.0
406011	1.9585838577643175
76166	2.3239820954675237
75018	2.1919907480145424
81175	2.327315702897063
27932	3.599759136063904
462624	2.2878362771921243
527651	3.1333846660106603
417573	2.2743745605812085
415014	3.3537713210008917
113448	2.7669711538392554
366393	3.461169695523069
395066	3.443825095944052
389439	3.3388291785882327
91972	2.2733519382690246
354117	3.938342632059296
573777	2.0953309169136607
28131	2.348579106490569
573782	0.0
459612	0.0
266554	3.5405866311345533
99679	2.3362426343302567
300390	4.132315565596334
552807	2.306992971021274
330618	3.600293678520681
412223	2.3329557789819018
431486	3.826774941960629
569749	1.9606992334941988
53638	3.479507548684519
31633	2.2288730679994853
573843	2.1484339723220143
12181	0.0
214934	3.2623612796195554
115097	2.2289336801990687
466333	2.3311193827608885
99742	2.3302575401834784
575046	1.6530546160129642
522662	3.6244514981780145
22957	2.193471050105487
373678	3.2480370129160714
543389	2.337748449656269
28082	3.611300695443812
27577	2.347002766246912
416698	2.3321512617907847
70075	0.0
8141	0.0
328145	2.738470282456143
21468	1.4647109637750768
568291	2.3052085074729507
432620	3.6338533363585768
439281	2.1897999925541165
331764	3.5151690820555066
246775	2.341535490428555
565243	3.319357654349621
486908	2.222487109009524
