527872	0.0
423941	0.0
443403	1.6025825822272757
497172	0.0
436143	0.0
135711	0.0
424483	0.0
294948	2.2345347385004533
138798	0.0
135727	1.7785124834019885
284725	0.0
257079	0.0
78687	0.0
483394	0.0
79438	0.0
507473	0.0
412763	0.0
375392	0.0
449131	12.43463271494122
405624	3.6955958204146993
451708	0.0
196740	0.0
132545	2.8448530897711617
486167	0.0
441793	0.0
236228	6.633148528583115
36515	2.473055778488993
424612	2.337638809355197
359079	0.0
252074	0.0
306365	0.0
538309	10.815393700619534
305866	2.640424210213159
487629	0.0
288466	0.0
212515	0.0
328921	0.0
39658	0.0
183021	0.0
152824	0.0
257284	0.0
193797	1.8756466853891007
139020	2.4421618913854477
139021	2.770910710724673
139023	2.770910710724673
438545	1.6798958945684468
405271	0.0
443160	0.0
263449	0.0
402906	2.696782178290107
491814	11.653924540582032
572717	2.440374323989481
152884	0.0
211254	0.0
260925	0.0
491852	0.0
193871	0.0
32592	7.628037356463711
203183	15.255851231436269
553817	2.8370487973379572
163679	0.0
257385	0.0
462186	0.0
187246	0.0
366571	15.150423308230174
555909	2.5312323683357363
392258	0.0
344978	0.0
406938	2.050321904809823
193435	0.0
511396	0.7125822304803767
539559	15.36144276588873
183212	0.0
182701	0.0
389039	1.8546147972809996
306096	0.0
136120	0.0
109498	0.0
306107	0.0
193982	0.0
448961	0.0
423875	0.0
220615	0.0
441804	0.0
395213	0.0
530895	2.611366106719264
481235	0.0
481242	0.0
219621	0.0
564724	0.0
196606	0.0
366583	0.0
196604	0.0
196605	0.0
165374	0.0
