47112	0.0
538284	0.0
559115	0.0
34833	0.0
179736	3.132101019009585
141854	0.0
37919	1.3424040534579378
518064	0.0
11311	0.0
560190	2.294677500215555
255551	0.0
240197	2.772291027569423
434763	0.0
362585	0.0
6843	0.0
255590	0.0
93286	0.0
260543	0.0
500860	2.4555842675123625
354436	0.0
357515	0.0
349891	0.0
174747	2.263436761258284
461474	0.0
364711	1.1016887230148336
429740	1.949518913895073
185519	0.0
527024	0.0
203444	0.0
52766	0.0
395450	0.0
481979	2.6468751255740552
141524	0.0
441561	0.0
578267	0.0
162547	0.0
311151	2.9113135040625293
192772	0.0
545031	0.0
260362	0.0
260364	0.0
37652	0.9390258253474905
483614	0.0
282402	0.0
306600	0.0
528165	0.0
311080	0.0
382253	0.0
110900	0.0
241461	0.0
406851	1.1669890239750833
324426	2.458486424799618
246608	0.0
389470	1.284778289458384
355167	0.0
163176	0.0
545135	0.0
545139	0.0
9590	1.748121790396054
179072	0.0
311683	1.2819900688978783
427403	1.183515210902862
215445	2.271268433924556
328092	1.7240769188404956
350118	0.8823838907278102
306599	0.0
509352	0.0
527280	0.0
9649	1.7266097956703732
431552	1.7686312219527043
581057	2.5721335890605626
483266	0.0
350148	0.0
284624	0.0
549335	0.0
371678	2.259933622300333
296928	0.0
550371	16.345321148821117
506868	0.0
240120	0.0
