225707	6.667939500557659
576516	0.0
35848	12.077669072668986
218642	0.0
464918	1.9002580776324944
34334	12.799668151629788
104479	29.532626210722043
75298	2.085916788746058
488485	1.916257900714506
119858	1.6414270399690416
210493	0.0
481873	1.833778386294783
296541	1.8191970815750194
356961	11.921959896445946
206448	1.5434866214120362
32902	9.687077952796507
113803	11.220394146165752
507022	0.0
310934	0.0
212122	0.0
552107	0.0
191155	0.0
362684	2.0633222163951737
266449	0.0
495755	39.93404027815457
205526	13.614620180733654
561188	0.0
521436	19.27306309199015
171235	0.0
47949	1.9591759352188756
195793	0.0
440554	19.308672123827456
482542	0.0
131330	0.0
170762	1.5717250305834836
208770	0.0
380698	0.0
5406	1.9222744879017828
70432	0.0
70433	0.0
102178	15.712434268913407
242983	0.0
120624	0.0
554297	1.8632152858031794
545089	13.528228759358031
395587	0.0
211268	0.0
227661	0.0
556873	0.0
368461	0.0
487248	1.7250509276008044
381777	0.0
172373	1.956145299622746
36182	13.368216246293374
232335	19.83703416093897
211300	0.0
280448	0.0
526210	0.0
164227	10.343414730154363
190273	15.453228252605063
33673	2.0613445599976083
440719	12.422275886698737
120725	1.7240352766104992
209816	1.62143325746197
192412	14.25788143161967
431525	13.217404051339708
200107	17.280595530259927
179629	6.924532992244148
496564	1.3109498775619242
392121	15.896974693408477
41407	12.795130324602937
488385	0.0
492997	0.0
441289	0.0
253903	1.3320735033514666
72146	22.017979363723907
560089	0.0
249307	0.0
443358	14.197899136472095
488933	2.1165595194958233
212460	16.94611218080623
362992	14.371315882841007
339441	1.546033464927703
393715	1.326691467430002
339450	0.0
339451	1.5521982005785278
255484	1.7247680686470181
339453	0.0
