294827	1.1327289172280297
410119	0.0
261634	5.307631519760746
531477	6.311259637413325
550938	0.0
120865	0.9819000178430461
32803	1.6412008861488367
493607	5.275131292334663
244777	10.756123249539398
493613	0.0
224815	0.0
549433	0.0
353856	1.7129193931553481
474185	1.5427166048973324
130132	0.0
424536	0.0
485467	0.0
32361	7.647877421193458
331709	0.0
276604	1.79612965175032
473214	5.433903412056464
112772	1.761439575379909
415368	5.299941481937721
455306	0.0
33932	9.940236677097559
428686	0.0
305812	0.0
138902	5.46764138463947
33440	1.5265548693517408
223396	1.7650996281175138
487592	0.0
197803	8.987643409837888
532141	0.0
498175	0.0
364219	1.7299407951635235
497855	1.6686363779273161
292039	1.2423320067537371
266448	0.0
468185	0.0
189151	9.254982044295193
120544	6.256981087390726
326183	6.539379923714064
33005	6.973471781087795
350977	5.315938094932143
491779	0.0
408961	0.0
36634	1.4739011521236418
346918	6.8798413372734535
506155	5.157839336318076
532285	0.0
412487	1.2467012696049453
491345	0.0
175454	4.368783063571406
111977	0.0
532334	5.335142244250918
353138	5.254845789503386
551297	1.7463367385623707
270215	0.0
377755	0.0
511396	0.5542674986370097
331695	0.0
59465	1.7215084669574179
136637	0.0
199614	0.0
305601	5.954708910621954
35799	5.679626982154026
390626	0.0
521191	0.0
36436	1.6715213100721151
392699	5.782204936371329
309247	0.0
