225286	1.3498541705591192
103432	0.0
77842	0.0
386067	0.0
483863	0.0
69158	1.2017408951455615
194095	0.0
203313	1.7736567156536258
13364	5.0279539519763246
83510	7.753335732595597
190009	8.724341337711728
84029	0.0
218174	0.0
262211	8.570260573470984
86091	0.0
86092	0.0
130639	0.0
532565	0.0
148570	6.3951922576647675
365670	0.0
34749	7.514258480127888
194158	0.0
504947	0.9797078868269186
83305	0.0
122500	0.0
560264	7.53727362531924
504970	1.836459585777756
465261	0.7212070784409862
423568	1.8523344499238934
35988	1.9585377925516403
86174	0.0
86213	0.0
483528	0.0
344786	5.526721451107388
290515	0.8992883673575118
149717	1.6311101254184246
252124	0.0
136420	0.0
91885	1.9460739041637611
83701	1.262762598264865
149754	0.0
281810	0.0
380626	3.9151280388351415
252186	0.0
252187	0.0
458014	0.0
523553	0.0
82722	0.0
428323	1.3240643700846475
203556	0.0
423719	0.0
78632	0.0
419117	5.351052094827985
225586	0.0
274742	4.288457880120468
491834	0.0
99134	0.0
271172	8.343105166132204
510006	0.0
232267	6.63359068561903
495953	0.0
210771	0.0
379241	0.6868927265586783
12653	0.0
34158	5.484513865121379
284733	0.4457958740508942
239985	0.0
22386	0.0
59283	5.123291047352947
83830	0.0
224120	4.873458462189201
29057	6.850070249553332
380290	1.293607651399823
120557	0.0
14739	0.0
195477	4.197337566416873
560027	1.884149206493273
200092	0.0
419141	8.042061085795563
84891	4.465981345916967
425392	7.3882661403798
183220	11.007976054208145
270261	1.8318407759215969
379325	8.735131053694888
356811	0.0
103381	0.0
29148	0.0
544736	0.0
13793	3.4403829950617264
32747	5.353719987554737
359920	7.509857114579333
492019	1.3575687436610564
246869	1.8553768327775937
