23299	0.0
137220	0.0
132871	2.5296925641078167
13833	0.0
450186	0.0
256011	3.3213825879626326
424588	0.0
295555	0.0
328469	1.747913587382977
328470	1.8008726080415396
461977	0.0
337946	0.0
253658	0.0
131358	0.0
553503	0.0
343585	0.0
125091	0.0
450215	2.955057733492778
439593	0.0
461994	0.0
461995	0.0
178735	0.0
448132	0.0
132785	0.0
283186	2.911146299707347
431283	0.0
361141	0.0
427062	0.0
366775	0.0
538655	0.0
446404	0.0
371141	0.0
207773	0.0
361034	2.9307115091195852
532721	0.0
439632	0.0
390737	0.0
267986	0.0
390740	3.0260398365220715
253653	0.0
287574	0.0
298969	0.0
154714	0.0
79835	0.0
439395	0.0
106852	0.0
390507	0.0
330093	0.0
520559	0.0
80497	0.0
132850	1.783947611728797
445044	0.0
532478	0.0
112631	2.4990330508570717
196732	3.0653531664370925
335914	0.0
360452	0.0
