258063	0.0
75906	0.0
134150	0.0
442503	0.0
269707	0.0
121229	0.0
363534	2.973872593619201
179087	0.0
125585	4.973927000506211
556483	0.0
400020	0.0
352021	0.0
363629	0.0
379928	0.0
367002	0.0
528303	0.0
77214	5.224754877743215
435362	0.0
501411	0.0
70835	0.0
483244	0.0
179505	0.0
556334	0.0
549807	0.0
118344	0.0
370909	6.860619425400349
460469	0.0
363749	0.0
441146	0.0
352443	0.0
352444	0.0
400317	0.0
538303	0.0
536679	0.0
417089	0.0
487491	0.0
236228	5.7686450191857155
538904	0.0
386377	0.0
442315	0.0
163020	0.0
265421	0.0
54350	0.0
224835	0.0
557139	0.0
141652	0.0
489693	9.803878844235426
449499	0.0
487517	0.0
231774	0.0
388261	0.0
489716	10.188714501659422
409437	0.0
214247	0.0
537834	0.0
76455	7.554262411483928
523373	0.0
421282	0.0
443761	0.0
378159	0.0
408563	0.0
280308	0.0
151925	0.0
380662	0.0
41719	0.0
402937	0.0
350581	0.0
372860	0.0
385514	5.591914872051311
258302	0.0
