211968	2.7499759425367207
290310	0.0
290311	0.0
445450	0.0
524816	0.0
333854	0.0
511008	0.0
549932	0.0
393774	0.0
548400	8.082073752223703
300809	0.0
510986	0.0
520373	0.0
209473	0.0
122437	0.0
482379	0.0
539728	0.0
57939	0.0
105561	7.695487058813052
101981	0.0
14693	0.0
568420	9.022615624133582
363621	7.7801392435401056
485993	0.0
313453	0.0
18048	0.0
122560	0.0
258178	0.0
488641	0.0
124046	0.0
11407	0.0
446613	1.8799866028626258
540015	0.0
168612	0.0
206501	0.0
346281	0.0
435376	0.0
446644	1.9820432921076223
43038	0.0
38582	0.0
126649	0.0
374972	0.0
535744	8.022505175015732
371232	0.0
185027	0.0
495306	0.0
499917	0.0
141008	0.0
96982	0.0
554712	0.0
569564	0.0
242398	0.0
46816	0.0
220392	0.0
386793	0.0
97517	4.823807321917076
508159	0.0
394496	0.0
3332	0.0
572169	0.0
229653	0.0
249622	0.0
483612	0.0
449315	0.0
456997	0.0
525609	0.0
310571	0.0
15662	0.0
99123	0.0
236355	0.0
304966	0.0
404296	0.0
236365	0.0
17745	0.0
120160	0.0
278885	0.0
241513	5.094667880460966
534894	4.092258820152626
102461	0.0
527221	8.083897938946318
527222	0.0
311161	0.0
476027	0.0
405373	0.0
10110	0.0
209280	0.0
466822	0.0
146320	0.0
179603	0.0
546200	0.0
114075	0.0
337989	0.0
223153	0.0
33715	0.0
508857	0.0
122298	0.0
495550	0.0
394175	0.0
474054	0.0
362951	1.3347382870029914
309707	0.0
276951	0.0
247786	0.0
350150	4.053181103031946
350198	6.080121151449906
487416	0.0
576505	0.0
38396	0.0
