185217	0.0
100715	0.0
313339	1.328251488447254
486411	0.0
707	0.4732191954050432
507559	0.0
13064	1.1174343466200949
37785	0.0
7953	0.0
488955	0.7120209984225849
556291	0.0
128660	0.0
446617	1.0597892783742455
40879	0.0
340637	0.0
469918	0.0
117663	0.0
446192	0.0
389485	0.9137169894854259
241596	0.7596937568236126
477606	0.0
474535	1.3789776386408588
437929	0.0
210986	0.0
374727	0.6871476493417026
496044	0.0
11949	0.0
79517	0.9619189089359869
362160	1.5998818994761341
578952	0.0
488243	8.312217555516213
579764	1.3104410228242265
463416	1.1783877866416042
394298	0.0
373564	1.1432657013089669
543453	0.0
77549	0.0
90806	0.6254974775621285
435654	1.2360141370647317
228167	0.9022536402464835
34863	0.6829029206313121
210599	1.3066826347778937
82218	0.0
197967	0.0
108920	0.9679112548611114
47471	1.1845102413210025
495128	0.638259620855854
373561	0.0
387800	1.0357358524927676
410340	0.0
271322	0.0
466299	0.5431481441378838
559964	0.9732621076032657
97338	0.6023292849511281
24289	1.763220741489074
284975	1.5781867133095815
299878	0.0
114705	0.7652419242520162
212329	0.0
43629	1.3394727632006278
697	0.569490282956997
106863	0.9288958938027708
293873	1.712780747804134
56309	1.847075181808848
578921	0.0
223736	0.0
111380	0.0
93435	0.0
180284	0.7179774154779678
483453	0.0
