513541	2.6324557613698
17946	0.0
17440	0.0
107557	25.36228990447208
210475	11.393987028761945
561207	0.0
534087	0.0
395338	5.307571556112974
429131	0.0
291406	0.0
553555	0.0
469591	0.0
45155	0.0
45157	0.0
347750	0.0
563822	0.0
544370	0.0
13941	0.0
544376	0.0
526977	0.0
258691	0.0
199302	0.0
334989	0.0
529040	0.0
133785	0.0
109723	0.0
562844	2.5533524531229
409759	0.0
464038	0.0
139633	0.0
105643	0.0
74412	0.0
127663	26.721363712357025
529083	0.0
415933	0.0
396990	0.0
396991	0.0
277700	0.0
277701	0.0
277702	0.0
550090	0.0
277188	0.0
263901	0.0
110302	0.0
92898	0.0
500461	0.0
529140	0.0
52984	0.0
529150	0.0
174847	0.0
529162	0.0
251663	0.0
214802	0.0
313733	0.0
214831	0.0
20274	0.0
20275	0.0
214836	0.0
263902	0.0
458048	0.0
140610	0.0
461635	0.0
74056	0.0
526989	0.0
536914	9.706452774400043
65876	0.0
118107	0.0
265063	0.0
353647	0.0
201585	0.0
243062	0.0
570233	21.2231024399167
255354	0.0
255355	0.0
328573	0.0
511365	14.741163274894557
62342	0.0
53642	0.0
53643	0.0
51095	0.0
239515	0.0
63900	0.0
64925	0.0
201583	14.856016683138167
477608	0.0
218025	12.515856570981066
580030	0.0
65987	0.0
406980	0.0
126917	0.0
137670	0.0
126919	0.0
126920	0.0
40393	0.0
52171	0.0
142285	0.0
128464	11.939120615211491
62935	0.0
118766	0.0
125424	0.0
522739	0.0
13300	2.9331222575266147
