336899	0.0
422922	0.0
560669	0.0
560670	0.0
15398	0.0
176167	0.0
178728	0.0
254507	0.0
331820	0.0
550451	0.0
112564	0.0
264252	0.0
151623	0.0
544335	0.0
544338	0.0
544340	0.0
70232	0.0
286301	0.0
574046	0.0
528060	0.0
7276	0.0
186487	0.0
101501	0.0
511105	0.0
560782	0.0
548496	0.0
24222	0.0
86697	0.0
289458	0.0
478389	0.0
99001	0.0
220347	10.134862190172077
220348	0.0
214816	0.0
142532	0.0
93900	0.0
116941	0.0
93903	0.0
410837	0.0
332509	0.0
8951	0.0
333052	0.0
269053	0.0
81468	0.0
118032	0.0
337178	0.0
526619	0.0
365856	0.0
164131	0.0
151855	0.0
298801	0.0
502082	0.0
179013	0.0
260426	0.0
333136	0.0
90450	0.0
106835	0.0
17238	0.0
549213	0.0
160094	0.0
365924	0.0
447849	0.0
405354	0.0
466802	0.0
288120	0.0
255870	0.0
131970	0.0
29571	0.0
93580	0.0
288578	0.0
332694	0.0
333209	0.0
151456	0.0
330224	0.0
492962	1.8950072749570357
18339	0.0
405415	0.0
332717	0.0
332721	0.0
340915	0.0
173492	0.0
332219	0.0
80832	0.0
344513	0.0
414150	0.0
332743	0.0
332744	0.0
46030	0.0
559057	0.0
333292	0.0
117232	0.0
339449	0.0
342783	0.0
151037	0.0
