103424	0.0
27137	0.0
321544	13.500019244891837
403287	10.829003998856832
364058	6.169243132312576
247325	9.828124863135951
221218	2.1183743171111225
359971	0.0
519716	0.0
403495	2.0761174000106135
379944	0.0
512567	0.0
58430	0.0
548418	13.259757793038125
548419	2.174681346984739
110664	12.50914410655807
146506	0.0
192587	2.0947471155553985
133199	1.996382226939581
501845	2.0193191068690246
486999	0.0
193636	10.971881148631885
466023	0.0
211495	2.1594946351976545
249965	0.0
389742	0.0
365171	1.8783275952256888
499866	0.0
109219	2.057150311741845
331428	1.453947005087589
491685	0.0
162985	0.0
345774	2.147722158378796
266417	0.0
249971	0.0
474807	0.0
206522	0.0
148157	0.0
515787	7.113623160654676
365092	1.2573174271222636
500454	12.975763665055082
381672	0.0
55019	1.4346088707527966
472301	0.0
500464	13.878825516267817
126197	15.446433296127333
442615	0.0
372476	16.105539562078672
500478	2.109475057921431
77057	2.073528870411831
372736	9.40917792880451
580888	1.2725739539781706
172316	2.043733542625366
508707	0.0
146724	0.0
124208	0.0
501055	2.140893804366475
552256	1.9898873821184146
380226	1.4030333830953536
109381	1.5709466651338007
428360	0.0
483149	0.0
403279	13.59360381439269
454992	0.0
319827	11.098619795815024
423255	0.0
189792	14.09949125927555
138599	7.061230466818829
216943	1.5914659737483337
457584	9.649266443715073
108404	8.11645648559168
447465	1.6976314229812952
130424	0.0
149483	11.374268792281152
189830	12.469210939250582
463783	2.122744662122885
477609	9.217699424543728
197551	1.5710338238699997
478641	8.915770005591636
243636	2.082855367092852
412605	11.276089086015498
417216	13.503067396483377
118266	0.0
243653	2.1576178222635436
243659	1.9172943882347437
243666	1.9188534948454026
197626	0.0
259041	11.922764882613906
108514	0.0
208358	0.0
310761	1.403311511940253
382443	14.932330703867045
311795	13.583631585225199
119294	0.0
385526	15.25095937103072
575482	0.0
126462	2.0739918474578234
