488448	0.0
69642	0.0
543758	0.0
474640	0.0
54293	0.0
134481	0.0
432172	0.0
147511	0.0
388152	0.0
393798	0.0
108616	0.0
170584	0.0
402530	0.0
437862	0.0
474215	6.225654935023149
527983	0.0
266864	0.0
92520	0.0
96883	0.0
121975	0.0
140924	0.0
379005	0.0
115842	0.0
266898	5.6799559957729295
145045	0.0
145048	0.0
212634	0.0
565918	8.154033686904695
6309	0.0
84142	0.0
96432	0.0
526001	0.0
280246	0.0
381112	0.0
543933	0.0
293569	0.0
45771	0.0
440038	2.532134365617439
452842	0.0
415480	0.0
468217	0.0
111876	0.0
297738	0.0
231042	0.0
13586	0.0
449305	0.0
538415	0.0
60211	0.0
308542	0.0
388151	0.0
124236	0.0
519504	0.0
86353	0.0
103762	0.0
13150	0.0
89672	0.0
21323	0.0
71025	0.0
209269	0.0
70521	0.0
70522	0.0
355713	0.0
295812	0.0
536970	0.0
536971	0.0
70542	0.0
70545	0.0
116635	0.0
70044	0.0
116638	0.0
70559	0.0
279968	0.0
70055	0.0
430505	0.0
562248	0.0
207806	0.0
131403	0.0
30662	0.0
254410	0.0
341240	0.0
557524	0.0
468951	0.0
404441	10.280069809250701
71928	5.299532078651505
99806	0.0
335335	0.0
130537	0.0
244718	0.0
412143	0.0
140797	0.0
471550	0.0
