389636	4.46356089043175
443910	1.2041484783539365
392712	4.486525040523133
200210	2.1918657634419096
278041	2.1591954047135085
136218	1.91951329136386
38427	5.6432462355369415
148000	0.8428917954551174
373084	2.187441987786369
32298	5.469266028434348
55853	5.872353654157803
47151	6.932901938018759
110642	7.098883313385432
281142	6.307210259486281
116280	0.0
440377	7.425845896217481
391739	4.552832588087815
87628	4.285609671386619
32847	5.397196133620932
42583	4.554627162726339
532569	1.6857786044265393
121947	5.731876584435222
431196	2.1721296548066116
536673	0.0
324715	7.436629913274983
205421	5.508138105094879
219247	0.0
560241	6.34443198304774
221298	5.424953556533756
80502	0.0
407678	1.7485299101862624
173185	0.0
136835	6.500806934298391
490628	0.0
94863	7.413297147252942
87697	4.153356196945067
169618	0.0
34453	5.318749520420073
168985	5.058883427343671
432239	4.231686373842593
284837	6.981695083022503
449725	2.759550865893297
404341	0.0
270541	4.116496276705152
92886	5.1588206300551676
496866	4.265402165585805
299237	0.0
149736	2.1747223810309837
219882	5.153391462208386
299252	4.301895010662451
385784	0.0
358650	1.4212700256511706
299275	6.321541685468507
392481	0.0
426803	0.0
494900	0.0
40764	6.531305900361234
492355	5.531203977061306
416584	1.4377615274130342
494054	6.91525726873923
59211	2.1276916391043033
492365	5.16424238703058
247631	5.042173166130599
258908	6.340120880330119
457566	4.833625844514727
217952	1.1279156252172948
202600	0.0
22891	7.247651685847848
563566	0.9812627033044923
258929	1.8294823596125154
389494	6.307767323596567
59255	0.0
242048	5.689611170908057
136582	1.9010075814454526
168848	0.0
34712	5.354310796958086
47512	5.997888605744583
213487	0.0
370590	1.8736477755307073
477601	2.188127624145541
364454	1.7080139531392027
362409	7.618076551971116
228277	6.687201813721293
507831	2.068304899343729
61369	7.016337275816939
207808	5.513452813865483
13131	6.250259251561909
8011	5.220628344803787
426458	2.1764038683168
186331	2.187562759229977
510433	3.722878982519151
88038	7.210279077376956
311783	5.878918092780509
148989	5.252832780120095
513520	6.227026721324904
259064	2.1905310010184063
312317	7.2473925351744635
