212487	0.0
408075	0.0
15886	2.3236709478641044
111632	0.0
72217	4.0643662395779145
579618	2.4582803281952588
99675	0.0
5156	3.9147184363267478
13350	0.0
489514	4.515675118962654
489515	4.617633915818528
218156	0.0
505390	0.0
78387	0.0
159835	0.0
393842	4.23129077068373
28276	4.4037613803059035
412803	0.0
159876	0.0
581776	0.0
6292	3.3409127159983996
371373	0.0
509617	0.0
3270	4.097354101289676
27852	5.170876267977296
73423	0.0
3911	0.0
489507	2.26720492442114
393430	0.0
468703	0.0
97504	0.0
20198	0.0
20719	0.0
92912	3.5945861908021355
507124	0.0
27894	0.0
27895	0.0
27896	0.0
27897	0.0
99583	0.0
465153	0.0
258	4.685951996654096
500995	0.0
500996	0.0
178438	0.0
44818	0.0
94339	4.490538463835117
489518	0.0
42265	0.0
387356	4.660363599817538
27936	0.0
18728	1.4761780301001666
363821	0.0
363822	0.0
98101	0.0
468704	0.0
94944	0.0
334151	0.0
453961	3.757756894320517
217933	1.5719865146186116
27984	0.0
22355	0.0
71514	4.115842861414052
230747	0.0
364381	4.110451742290541
99678	0.0
27496	4.238014466487098
98672	6.0794487308423975
88434	0.0
27509	0.0
221048	3.7696678967020123
547197	0.0
366976	0.0
95621	0.0
284551	0.0
385416	0.0
368527	0.0
28056	0.0
27546	0.0
92570	3.8404560493006508
81323	0.0
20910	2.2642901601870387
557492	0.0
28097	0.0
406519	2.301208803602567
557519	0.0
100818	0.0
326614	0.0
378617	0.0
499162	0.0
421370	0.0
14815	0.0
97256	0.0
14828	0.0
307693	0.0
221166	2.4089451714838575
361969	0.0
28148	6.275456694023047
4087	0.0
76282	4.028871974716406
487421	0.0
