216070	4.773032903964674
310794	0.0
357387	5.741199350249414
507918	0.0
255474	0.0
98324	1.999176552334784
310807	0.0
323615	1.9198818156959627
93232	2.2352633717336756
72762	2.2547988385064284
60987	2.0807844366648403
69701	0.0
116919	0.0
486990	0.0
108623	0.0
134738	0.0
122456	0.0
134751	0.0
119905	0.0
362598	0.0
146535	1.8162128732724405
263280	0.0
146554	0.0
323201	1.2859171160680472
77442	5.268926881096996
389483	2.1346646204290716
323205	1.3621029048648758
317889	2.0635079761245017
146570	4.713810216227827
130191	1.0637012195912396
504686	2.256168288401572
501913	1.951334553020314
373915	1.279429656510683
274595	1.4735108788431985
354471	0.0
557742	4.41783319312562
562358	2.2377441380386425
235703	1.0114855051732636
37053	0.0
562369	1.3802368618813972
390854	4.323604626398481
208055	2.2692774075224884
400094	0.0
179943	0.0
206578	5.100735922974149
541946	11.901727347480067
423166	0.0
212736	0.0
525572	2.0388904273510815
362247	1.9516117818098997
500490	1.35752970870163
118028	0.0
24333	11.415056774580743
235790	0.0
497935	2.049169660308421
527632	2.074883381809905
130321	0.0
449810	1.9177971047481985
449811	0.0
191780	2.202619093411431
528679	4.8962751329745755
96553	2.251692805768271
140590	4.65561088863359
121144	0.0
525634	5.827499540250228
403269	1.5411522332872947
165704	9.159323727967962
74569	1.5926294290140521
124234	0.0
266065	2.1266422133531835
327002	1.8536744293748533
374123	1.6236124517262744
503150	2.210044225119946
16243	0.8305630270698934
362364	3.0772479896843272
465286	2.019521951678783
404361	2.179760962532453
146839	0.833966624604267
24977	1.71108106328128
56213	1.237457614471258
423319	2.003718137265474
270237	0.6275866193128564
327082	2.025570094373995
327085	2.0140373509483984
311215	1.4891828859481164
519090	1.6726089246319997
227262	0.0
452031	0.0
205249	8.525946811703847
54732	1.893826284324126
541647	11.999494313239207
412152	0.0
285138	2.179786830258258
387027	2.239046882077371
514519	4.8391490277208735
486872	0.0
102873	0.0
417760	7.404340311010111
526307	4.464624936031471
43492	0.0
417260	1.102104480385151
452078	0.0
294898	1.784237450154303
412151	0.0
191992	9.20430571256708
560123	7.690608048517656
