511361	0.0
528939	0.0
80516	0.0
149254	0.0
530824	0.0
530825	0.0
303475	0.0
555330	0.0
75278	0.0
338575	0.0
345240	3.2121596280765643
384788	0.0
160558	0.0
202903	0.0
345241	2.8431436977266107
82457	0.0
225691	0.0
493852	0.0
188144	0.0
169374	0.0
377029	0.0
133153	0.0
497956	0.0
500678	0.0
173606	0.0
173607	0.0
528936	0.0
528937	0.0
528938	0.0
99271	0.0
528940	0.0
188077	0.0
488494	0.0
181936	0.0
497073	0.0
497074	0.0
497075	0.0
561438	0.0
374715	0.0
140092	0.0
377030	0.0
296770	0.0
497069	0.0
99269	0.0
226502	0.0
377031	0.0
156882	0.0
377033	0.0
546511	0.0
252752	0.0
191314	0.0
508886	0.0
241060	0.0
99270	0.0
271065	0.0
528941	0.0
50142	0.0
188128	0.0
546512	0.0
524528	0.0
66043	0.0
295878	0.0
478387	0.0
171624	0.0
188156	0.0
528942	0.0
298939	0.0
504560	0.0
173608	0.0
111475	0.0
382580	0.0
188065	0.0
523768	0.0
545441	0.0
333435	0.0
461308	0.0
30845	0.0
