555520	0.0
464909	0.0
514576	0.0
549403	0.0
541727	31.015828683121878
549410	0.0
249895	0.0
435754	0.0
320048	0.0
227378	0.0
312670	0.0
310838	0.0
179255	0.0
405561	0.0
531722	0.0
440901	0.0
516691	0.0
167549	0.0
275075	0.0
53387	0.0
425101	0.0
386702	0.0
36498	0.0
232597	0.0
344222	0.0
234145	15.163116378616966
386722	0.0
269988	0.0
348956	0.0
310960	0.0
299704	0.0
358590	0.0
338379	0.0
133830	0.0
133831	0.0
226510	0.0
440529	10.957816123851904
143064	0.0
143069	0.0
247009	0.0
243429	0.0
136401	0.0
361199	0.0
497402	0.0
172297	17.536219298989533
127754	0.0
580227	0.0
389913	0.0
63772	0.0
510237	0.0
347426	0.0
403237	0.0
516903	0.0
521000	0.0
383273	10.946321543895598
428253	0.0
341827	0.0
444235	0.0
481615	0.0
233301	0.0
38235	0.0
361310	0.0
272739	0.0
388967	0.0
388968	0.0
299370	9.02833219713985
288108	0.0
297362	0.0
527933	0.0
278899	0.0
535936	0.0
390529	0.0
390530	19.186470793806176
535941	0.0
157577	5.524623657858555
513932	0.0
428434	0.0
469406	0.0
392619	0.0
392623	0.0
264113	0.0
122296	0.0
122303	0.0
57589	0.0
365002	19.823679970778816
365003	26.340957846543592
177104	0.0
487380	0.0
417241	0.0
314331	0.0
372701	0.0
184294	0.0
470507	0.0
365043	0.0
551593	0.0
