98818	0.0
18441	0.0
7179	0.0
7180	0.0
11864	0.0
162335	0.0
10785	0.0
7261	2.54189663486262
187958	0.0
222781	0.0
333891	0.0
4534	0.0
19018	0.0
16464	0.0
108120	0.0
46683	0.0
561338	0.0
118884	0.0
475761	0.0
173178	0.0
173179	0.0
26280	0.0
26281	0.0
80558	0.0
31005	0.0
25544	0.0
427379	0.0
179385	0.0
179386	0.0
179390	0.0
75455	0.0
4289	0.0
309443	0.0
58568	0.0
58569	0.0
232139	0.0
461014	0.0
4825	0.0
44763	0.0
44767	0.0
44768	0.0
44769	0.0
119531	0.0
539889	0.0
539890	0.0
168691	0.0
168692	0.0
168694	0.0
184105	0.0
477945	0.0
17147	0.0
29958	0.0
2824	0.0
535311	0.0
11037	0.0
16673	0.0
8487	0.0
184104	0.0
39209	0.0
48938	0.0
11579	0.0
3296	0.0
258380	0.0
506708	0.0
506710	0.0
506711	0.0
506712	0.0
117083	0.0
342367	0.0
533869	0.0
69523	0.0
427380	0.0
39819	0.0
276364	0.0
276365	0.0
11667	0.0
916	0.0
100775	0.0
402864	0.0
539891	0.0
437686	0.0
437687	0.0
418235	0.0
91076	0.0
577992	0.0
25545	0.0
10702	6.338818250050254
30672	10.04116950970645
49641	0.0
49642	0.0
141815	0.0
