51728	0.0
51730	0.0
551957	0.0
459288	0.0
50714	0.0
51229	0.0
94238	0.0
320261	0.0
96347	0.0
53938	0.0
27696	0.0
73782	0.0
73783	22.03033729585956
574008	0.0
17471	0.0
214592	0.0
462923	0.0
53836	0.0
315483	0.0
528991	0.0
341179	0.0
368749	0.0
189554	0.0
574582	0.0
347780	0.0
53894	0.0
53896	0.0
371337	6.734638846940007
9356	0.0
53903	0.0
458896	3.6621246022764797
53906	0.0
333463	0.0
323738	0.0
39588	0.0
319143	0.0
409771	0.0
101551	0.0
53937	0.0
315570	0.0
393402	13.748047594793544
534047	0.0
323791	0.0
89808	0.0
398548	0.0
68823	0.0
66265	0.0
99550	0.0
201952	0.0
89825	0.0
61173	0.0
325882	0.0
510205	0.0
62213	0.0
370953	0.0
297740	0.0
535822	0.0
532754	0.0
514339	0.0
66184	0.0
548150	0.0
513858	0.0
513860	0.0
412812	0.0
218442	0.0
308557	0.0
230222	12.765708500691337
170319	0.0
524119	0.0
313178	0.0
321886	0.0
89740	0.0
495977	0.0
578925	0.0
43381	0.0
99707	0.0
360989	0.0
51094	0.0
558474	0.0
535952	0.0
64401	0.0
66452	0.0
121749	0.0
81302	0.0
27553	0.0
27554	0.0
63395	0.0
104358	0.0
316840	0.0
50603	0.0
334772	0.0
131001	0.0
398781	0.0
371340	0.0
74743	0.0
51364	0.0
564698	0.0
323552	0.0
51171	0.0
564714	0.0
316907	0.0
292340	5.129962365885393
416758	0.0
323063	0.0
157179	0.0
