65549	0.0
228369	0.0
388119	0.0
129059	0.0
539398	0.0
129063	0.0
132143	0.0
369211	0.0
209468	0.0
90184	0.0
421967	0.0
363192	0.0
149074	0.0
451156	0.0
149077	0.0
365142	0.0
451170	0.0
424977	2.764907620670917
463982	0.0
274038	0.0
50810	0.0
142271	0.0
519805	0.0
451200	0.0
38024	0.627294346949786
436879	1.2150803692816554
477338	0.0
334493	0.0
426142	0.0
458911	0.0
245410	3.550358785570626
564904	0.0
509098	0.0
26287	0.0
364725	2.312402919950182
127671	0.0
322744	3.064062580018549
357563	0.0
127678	0.0
539327	0.0
431297	0.0
154824	0.0
426196	0.0
357593	0.0
412380	0.0
581669	2.0567193900149054
508641	0.0
289916	0.0
251630	0.0
330993	0.0
501972	0.0
191742	0.0
65797	0.0
281862	0.0
395018	0.0
134103	0.0
357646	0.0
65816	0.0
539421	0.0
89887	0.0
220467	0.0
68412	0.0
536902	0.0
35147	0.0
308570	0.0
350560	0.0
490340	0.0
449386	0.0
357741	0.0
167282	3.0812523247246455
297843	0.0
385915	0.0
289674	0.0
99211	0.0
212365	0.0
421774	0.0
357780	0.0
163224	0.0
196522	0.0
65452	0.0
357874	0.0
35758	0.0
451514	0.0
141246	0.0
575935	0.0
579012	0.0
376778	1.695419575139017
236023	0.0
498647	0.0
32217	1.1123786824083486
498655	0.0
395746	0.0
66019	0.0
44712	2.868530509851157
53234	0.0
483829	0.0
477175	0.0
371193	0.0
313852	0.0
393725	0.0
262654	0.0
