300041	0.0
108556	0.0
89105	0.0
534045	0.0
307742	0.0
237088	0.0
237089	0.0
258087	0.0
185908	0.0
54281	0.0
398398	0.0
191046	0.0
53831	0.0
53832	0.0
96331	0.0
415841	0.0
22118	0.0
22121	0.0
66666	0.0
22125	0.0
469616	0.0
469618	0.0
395539	0.0
22137	0.0
22138	0.0
22139	0.0
88189	0.0
22142	0.0
22159	0.0
95889	0.0
22162	0.0
1172	0.0
6805	0.0
68253	0.0
163487	0.0
16551	0.0
44210	0.0
26292	0.0
105659	0.0
95420	0.0
18622	0.0
293056	0.0
199371	0.0
63179	0.0
293070	0.0
360656	0.0
118995	0.0
107222	0.0
293095	0.0
91372	0.0
105709	0.0
22255	0.0
95990	0.0
109782	0.0
532232	0.0
96009	0.0
293131	0.0
96013	0.0
96014	0.0
30483	0.0
6946	0.0
206134	0.0
206138	0.0
30518	0.0
293711	0.0
5968	0.0
5969	0.0
5977	0.0
371549	0.0
96097	0.0
540002	0.0
540003	0.0
71014	0.0
96111	0.0
510834	0.0
229779	0.0
511872	0.0
102790	0.0
102279	0.0
102281	0.0
110475	0.0
524172	0.0
91373	0.0
563091	0.0
87964	0.0
400797	0.0
400800	0.0
214441	0.0
376753	0.0
376754	0.0
376755	0.0
123320	0.0
150458	0.0
96190	0.0
150463	0.0
50625	0.0
353730	0.0
89564	0.0
89565	0.0
91103	0.0
91106	0.0
110566	0.0
533995	0.0
96236	0.0
96237	0.0
62462	0.0
15871	0.0
