451597	0.0
209422	0.0
498703	0.0
123408	0.0
215299	0.0
438292	0.0
324122	0.0
324123	0.0
554673	0.0
193065	1.4678238288517698
73785	0.0
126013	0.0
562245	0.0
8264	0.0
547915	0.0
176204	0.0
218808	0.0
280760	0.0
389207	0.0
518232	0.0
453723	0.0
360033	0.0
366951	0.0
324718	0.0
143478	0.0
398461	0.0
386692	0.0
404104	0.0
307849	0.0
493197	0.0
149139	0.0
404629	0.0
435993	0.0
520344	0.0
214683	0.0
303131	0.0
454821	0.0
282794	0.0
282801	0.0
456376	0.0
493243	0.0
465087	0.0
358602	0.0
209102	0.0
56023	0.0
234712	0.0
425850	0.0
388833	0.0
60643	0.0
60644	0.0
234726	0.0
324839	0.0
536810	0.0
25327	0.0
282359	0.0
113912	0.0
150265	0.0
475901	0.0
317187	0.0
282385	0.0
447762	0.0
221973	0.0
521497	0.0
58145	0.0
557866	0.0
101166	0.0
249650	0.0
68917	0.0
539873	0.0
471380	0.0
258392	0.0
258397	0.0
479075	0.0
186215	0.0
222059	0.0
260463	0.0
361843	0.0
361844	0.0
222073	0.0
344954	0.0
437115	0.0
505225	0.0
396690	0.0
370586	0.0
560539	0.0
173980	0.0
121765	0.0
191398	0.0
53673	0.0
565674	0.0
306091	0.0
39854	0.0
561071	0.0
555956	0.0
336821	0.0
450487	0.0
78923	0.0
47052	0.0
498637	0.0
282360	0.0
278492	0.0
462307	0.0
53734	0.0
188917	0.0
62967	0.0
537599	0.0
