251140	0.0
64261	0.0
541196	32.9790404440295
475019	0.0
475020	0.0
533391	0.0
475029	0.0
382999	0.0
299209	0.0
327708	0.0
405150	0.0
376133	0.0
41822	0.0
475046	0.0
475047	0.0
475048	0.0
150697	0.0
475051	0.0
553390	0.0
269615	0.0
475057	0.0
44766	0.0
44745	0.0
126769	0.0
427061	0.0
475758	5.8854764867248495
451141	0.0
11206	0.0
365383	0.0
476105	0.0
100663	0.0
205772	0.0
182863	0.0
410450	0.0
552533	0.0
44772	0.0
334811	0.0
271070	0.0
525535	0.0
246754	0.0
294628	0.0
343909	0.0
341736	0.0
279145	0.0
397162	0.0
549483	0.0
404972	0.0
379721	0.0
534768	0.0
81905	0.0
81906	0.0
77813	0.0
238121	2.3976074204103575
534776	0.0
177788	0.0
372221	0.0
553982	0.0
400661	0.0
