336901	0.0
369825	0.0
255917	0.0
70747	0.0
573490	0.0
376373	0.0
342582	2.0442045802909674
530494	0.8626032126737311
530495	0.0
70722	1.945211363839108
454726	0.0
531017	0.0
69730	0.0
5199	0.0
556123	0.0
116319	0.0
464992	0.0
555105	0.0
70754	0.0
89787	0.0
386666	0.0
243824	0.0
270454	0.0
148108	2.022133865781673
134286	0.0
378511	0.0
148117	2.2342274100966266
345239	11.148925863509241
514575	0.0
148125	2.7320360748971355
393584	1.8676735876270922
501413	0.0
535213	0.0
340657	0.0
224434	0.0
148148	0.0
89785	0.0
70330	0.0
342715	0.0
148110	2.3122078761814775
545471	0.0
15552	0.0
300756	0.0
300757	0.0
381655	0.0
300762	0.0
60123	0.0
205532	1.3591185776817643
340701	0.0
340708	1.525665459784811
406247	0.0
378610	0.0
148265	1.5585430057149654
114389	0.0
574720	0.0
574721	0.0
353032	0.0
406284	0.0
150317	0.0
70434	0.0
99804	0.0
465706	0.0
254251	1.1347053939736291
338733	0.0
524082	0.0
148289	1.7297932254327717
134466	0.0
468808	0.0
120138	0.0
378510	0.0
134488	0.0
134489	0.0
208218	1.1006523373024173
226654	0.0
393573	1.9709518873780665
206696	0.0
299751	1.8086208259318775
79728	0.0
393585	1.5616781884775313
116596	0.0
116598	0.0
254330	0.0
330815	1.2811970774743122
231295	0.0
302985	2.028218511876424
148269	0.0
466827	0.0
40357	0.0
265128	0.0
18861	0.0
430522	0.0
540101	0.0
148129	2.1830570116723185
174552	0.0
89761	0.0
123868	0.0
148188	0.0
566246	0.0
566247	1.5133484369639427
566248	1.9249425260226551
231415	0.0
168441	1.5667471702513185
393724	2.096258188395584
