354820	9.117144559149592
450056	8.15919876964961
114186	2.078497380798476
40974	8.362731645463871
144922	7.6128314193377715
36892	6.241675665130867
211717	2.107981939488726
203312	1.0842582445752467
80956	2.026922565624673
574527	2.078879331900088
233536	5.9993726526641815
489545	2.0519315837050245
41230	1.973804048220646
77399	2.122609678047304
76889	9.337789185439672
473758	2.0966039763966267
558175	1.0562386454975023
115296	0.0
489733	7.46267404156376
71782	5.739064438116831
271982	2.142999548321945
33405	2.0552594545579104
112768	5.533653308455068
127105	2.0613662879098094
127106	2.0061181460210036
48260	2.1280684911127308
383119	9.287341916206032
15507	0.0
494741	8.665682209658467
248989	2.151449619437469
42142	2.069013551445587
112806	2.1420079002039376
101034	0.0
381104	0.0
32287	1.941079284753769
534205	5.726916356321842
568513	8.72328327243381
507590	1.8935727377932912
267466	2.1282646190664294
394443	2.1270187616868417
247502	2.13935263069001
71379	2.1600315964005703
410328	2.144923929686614
110117	2.136554610260285
230112	2.1424282999992985
505073	2.076311444399772
313595	2.0874031252259058
561918	8.354318288523437
492805	2.136873154153474
211719	2.129746023912306
308488	5.04599171386834
506122	2.04208754753905
527118	2.0784453690609745
180499	6.652105748644697
313454	0.0
191259	6.87323655615349
561950	2.143082691987597
25889	2.126988306803175
295716	2.1097709884551543
58662	2.0489311979642237
271144	2.1247796873960523
415017	1.5894550679130957
331564	2.1192987726725883
130861	5.475858803833387
547630	2.0762228324600085
417586	7.03687132666557
38707	1.9587456556214558
191803	6.820761066476889
299334	1.989670695571735
561995	1.9608184426542672
559438	8.876526856695046
311121	10.659544795678704
98131	1.640991941264936
374102	1.6276835908425744
19804	7.940716805846231
275816	2.0115381316898784
558447	2.131752178217475
160628	2.0690080313212933
522621	2.1331992277447434
59029	1.2124451721302554
571265	0.0
80778	0.847467924790384
222101	2.121740313946989
95144	2.095727433471126
414129	2.1160911030371947
89012	5.3355193200656785
89013	1.39140127543377
369591	7.245460759560398
202175	2.1308137341211797
574405	0.0
364502	2.0828221294461904
504801	2.120653483827028
108283	2.1084561495885428
419816	2.1325141999330754
453290	2.054014479442562
11775	2.1777155049830075
