233996	0.0
579090	1.1710724002758148
328726	0.9041420915807906
312867	0.0
285221	0.0
531496	0.0
8028	0.0
579116	0.0
159793	0.0
134194	0.0
354687	0.0
425012	0.0
519221	0.0
100410	0.0
350780	0.0
255243	0.0
383056	0.0
555090	0.0
98901	0.0
12910	0.0
529009	0.0
430709	0.0
512638	0.0
275733	0.0
298119	0.0
546441	0.0
296076	0.0
90765	0.0
430222	0.0
173208	0.0
315033	1.4495078015431357
375454	0.0
348845	0.0
3247	0.0
147132	0.0
479421	0.0
82549	0.0
571074	0.0
385735	0.0
389837	0.0
466639	0.0
408283	0.0
94940	0.0
171743	0.0
512227	0.0
75492	0.0
542949	0.0
47337	0.0
552174	0.0
191215	0.0
560368	0.0
512241	0.0
218354	0.0
505588	0.0
541429	2.758940903791849
384247	0.0
504569	0.0
552187	0.0
91393	0.0
552197	0.0
494859	0.0
328977	0.0
511250	0.0
552213	0.0
107800	0.0
488741	0.0
151089	2.6436815234926856
516904	0.0
472363	0.0
559666	0.0
245038	0.0
559667	0.0
168756	0.0
105272	0.0
77133	0.0
538961	1.2936771091579606
144725	0.0
105814	0.0
314204	0.0
103776	0.0
401771	0.0
298352	0.0
455034	0.0
95103	0.0
236939	3.7016749712494823
101773	0.0
146584	0.0
78226	0.0
100250	0.0
98799	0.0
348058	0.9921346457577421
100255	0.0
358304	0.0
352161	0.0
26030	0.0
105908	0.0
556470	0.0
90052	0.0
124894	0.0
518224	0.0
135663	0.0
553460	0.0
372213	0.0
135670	0.0
462329	0.0
