146944	0.0
146945	1.4473521132054592
25101	1.2240262507668827
25102	0.0
25103	0.0
542747	0.0
332332	2.0442160603411197
283693	1.7433923488712435
331822	0.0
236595	0.0
283700	1.8204759880968788
466485	0.7324753005020832
304907	0.0
535110	0.0
282704	0.0
26197	0.0
398936	0.0
163600	0.0
332387	2.038876691087634
77926	0.8949085794368423
332394	2.0448445361627554
231024	1.6713309910470195
313970	0.0
192628	0.0
125047	0.0
494712	0.0
381049	0.0
273531	0.9487355568738095
296072	0.0
494729	1.6527155621394105
510606	1.2805739853885296
488592	1.2666735356796464
351890	1.9616221449894113
16019	0.0
55959	0.0
31900	0.373582956137549
276637	0.0
433825	1.8815471542002022
571043	0.944910159626579
368809	1.8872528665659087
258075	0.0
350386	1.1531458160714891
151732	0.0
20601	1.9654489072310637
48312	1.4054504327655843
571066	0.0
301756	1.7973201510527332
382657	1.8519604764529143
29892	0.0
29893	0.0
260296	0.0
492239	1.7665213969350047
93392	0.0
249042	0.0
121043	0.0
502486	1.5611217930031716
502487	1.2240635459149076
502488	0.5123027352534714
8410	1.7884856035211667
94939	0.0
212708	0.0
235242	0.0
396022	0.0
333052	0.0
156925	1.7251052558633357
477438	0.0
433929	0.0
39691	2.029945841385672
39692	2.04660487649049
267021	0.0
163599	1.157213155334375
186128	0.0
270620	1.4544822250926341
69409	0.0
425271	0.0
14653	1.0003223591421453
369474	1.3546729852218184
377163	1.9969246092849053
324945	0.7802022357425944
552275	0.8048937817029879
433507	1.8210482453953647
385383	0.0
118633	1.7663499417370938
466293	0.8272173545479222
433541	0.0
96648	0.0
352144	1.3971203485078838
28569	0.0
416669	0.8536925420968782
400630	0.9849062301212627
480734	0.0
537055	0.8394939518874327
349521	1.1968254083285776
357358	1.9136762413769484
14324	1.2814348263334743
14325	1.3511832790959906
14326	1.6839593661710637
376824	1.7252857830140556
461819	0.0
73813	0.0
