104457	0.0
141326	0.0
141329	0.0
19486	0.0
212529	0.0
417334	0.0
474170	0.0
438332	0.0
416830	0.0
570946	2.128736272584948
225353	0.0
416842	0.0
516692	0.0
266847	0.0
381536	0.0
36449	23.402040836182486
488547	0.0
403045	0.0
15986	25.975244055945527
464403	0.0
505991	0.0
279831	0.0
575682	0.0
15504	3.5410566553663054
363155	0.0
298133	0.0
271523	2.312795448165061
279728	0.0
482504	2.6234344677279253
48315	0.0
208573	0.0
402114	2.8827296256276815
487625	0.0
522444	0.0
102612	0.0
392930	0.0
59623	0.0
266482	0.0
395508	0.0
483515	0.0
211705	2.6919016169171543
569084	0.0
417066	0.0
443144	0.0
163083	0.0
487694	0.0
185121	0.0
224903	0.0
395573	0.0
171332	0.0
16211	0.0
417636	0.0
36716	26.32423403206676
124790	0.0
254327	0.0
110462	0.9428542084498253
91519	0.0
556695	0.0
311362	0.0
575906	0.0
487851	0.0
41905	0.0
136629	0.0
551383	0.0
115673	2.07212717310012
57306	2.9130364949839147
115677	0.0
305632	22.22861446102812
571364	0.0
265713	3.20056349371579
381946	0.0
381951	0.0
