329216	0.9258556205699608
47620	1.1459907818192479
104460	0.0
553486	0.0
47122	1.0440770122017071
576533	0.0
218140	0.8836574838124703
299549	0.0
310830	0.0
414768	0.0
357429	0.9726899121055621
308282	0.6970305939071944
63	0.0
47680	1.2386298365706243
98401	0.0
203788	0.0
20560	0.0
127574	0.0
389210	0.0
515675	0.0
186465	0.0
558693	0.0
426093	0.0
50803	0.0
47737	0.0
357509	0.8646329312304243
508551	0.0
208521	0.0
93835	0.0
104588	0.0
258701	0.0
471697	0.0
453788	0.0
259744	0.0
143528	0.0
138410	0.5416343329375147
93878	0.9236493047593559
449723	0.0
470204	0.0
71870	0.8407000375441761
539330	0.0
92355	0.8334944854392493
563401	0.0
246988	0.6511187923199143
199460	0.4258881348326251
24821	1.1275508819890914
147702	0.0
78077	0.0
168706	0.0
90376	0.0
144654	1.2282610135841543
108815	0.0
259857	1.4236114008533778
381720	0.0
313119	0.8977332126543334
299610	0.0
259886	0.0
218418	0.43876739013513016
500531	0.0
101172	1.2509810340130938
500533	0.8241098850858256
108681	0.8052043066935612
36668	0.0
383305	0.8955164932690891
168270	0.0
559439	0.0
213330	0.0
67043	0.0
34644	0.7170606007124423
470357	0.0
139095	0.0
38233	0.0
392545	0.0
473959	0.5373861122235096
38252	0.383947632007747
71362	0.0
327037	1.1726281362381146
179599	1.0099539586521136
419220	0.9850209203058367
307616	0.0
138660	0.0
118181	0.0
456624	0.0
447927	0.5865005408922304
6586	0.0
293820	0.560163802960232
366528	0.0
511426	0.0
353219	0.0
73674	0.0
39393	0.0
215011	0.0
372732	0.0
168274	1.177564829379968
307696	0.0
307702	0.0
116217	0.0
39418	0.0
93180	0.0
470525	0.0
101374	0.0
