321963	0.0
367622	0.0
273928	0.0
367626	0.0
426512	0.0
540179	0.0
247556	0.0
93210	0.0
397852	0.0
362022	1.7409739933724353
473644	4.760529555105459
211501	0.0
79409	0.0
346167	0.0
52805	0.0
204363	0.0
158286	0.0
161891	0.0
513109	13.715285703253794
321623	0.0
160861	0.0
516191	0.0
518755	5.818066415304287
240746	0.0
261741	0.0
397436	0.0
394371	0.0
206468	0.0
211590	5.695152488789343
345735	0.0
237704	0.0
116364	0.0
322703	3.5707604968976785
440481	8.83327421955731
447650	0.0
434855	0.0
373416	9.28377607701146
303277	0.0
130230	0.0
414905	0.0
510146	0.0
490180	2.1745752660095357
273605	0.0
410325	2.9041677830921326
158422	0.0
397536	0.0
353515	6.906824453954682
42732	3.79246447919588
538861	7.671638738367409
400622	0.0
393459	3.294586689971959
231668	0.0
506106	0.0
61179	0.0
158972	0.0
363778	1.957611249863609
183044	0.0
289032	0.0
250668	0.0
240911	0.0
245520	7.770909020567402
324372	0.0
470810	8.026186395401584
277791	0.0
109865	0.0
298796	0.0
292658	0.0
307506	0.0
253240	0.0
319370	0.0
189247	4.453829563258369
281920	0.0
409921	0.0
284999	0.0
31564	0.0
346082	0.0
24916	0.0
397156	0.0
578918	0.0
190826	10.578263920055912
485739	0.0
378220	0.0
4463	0.0
331123	0.0
351094	0.0
398718	0.0
316288	0.0
426475	0.0
285062	0.0
160138	0.0
51084	0.0
115090	0.0
248222	0.0
129954	0.0
164167	0.0
158126	0.0
80818	7.16361682355851
189371	0.0
201157	0.0
252359	0.0
59351	0.0
211420	0.0
256989	0.0
50658	0.0
203755	0.0
373743	0.0
95742	11.130723648795481
