216580	1.8929069015986115
460810	1.9612604858771336
521739	3.7101266877667793
206349	0.0
419343	0.0
484372	0.0
297391	1.2831387730496158
129057	0.0
116258	0.0
179754	3.24925139456842
105515	0.0
315437	0.0
172637	2.2459920029928595
307761	1.7251279305011806
1611	1.5763180364163598
1612	1.27662466283854
50765	1.930165968275063
211537	2.2725583207940008
362076	2.2427799647885434
252509	1.7512448355723866
43622	2.7288392195022477
362607	2.8197945034008436
212080	0.0
296564	2.006354636143388
61050	2.148694174213505
72128	3.7080894100291157
441478	0.0
414348	3.0434534336202548
507533	1.8348414231380816
563349	2.138017949425092
16541	0.0
496292	1.4771133348410175
8051	1.8576048103452345
42167	2.0650818179839807
464060	1.7638158676590399
464074	0.0
11976	0.8364210065828016
230090	2.1589518457934282
69329	2.004604906269557
414499	2.186549485299981
196829	2.2050061970543138
523486	3.2685588899641465
6879	3.9145411153617142
1249	1.9589199891326767
192752	0.0
467190	2.036698788280542
284920	1.6900225315145987
364796	2.563745366580488
284927	0.0
536839	2.268637756641234
208648	0.0
106776	1.9831686173119358
117024	0.0
337186	1.490335864957066
552227	0.0
442502	0.798623731579871
266033	1.4642437106005417
99636	2.1758441854868034
189750	2.2142632640993747
414528	3.5213868028149973
404705	3.1463196412391867
189267	3.767519001101656
538457	0.0
203100	2.1515114492694
271712	2.239072221828219
442209	0.0
414565	3.934352427558456
122729	2.969643939519972
113515	0.0
99184	1.8118025487026612
428402	4.250837821807977
40819	2.253640042449059
522619	1.8666692561868086
209278	1.9171694285404657
186754	2.944787085615246
417155	2.04533918952027
401799	0.0
215440	2.987937835283122
566161	0.0
519573	1.9456574231345605
127390	0.0
362400	2.106696094927353
539376	1.7293616632604007
185252	3.105563500726027
545707	2.030596726311757
459180	2.8857986430051596
456623	4.441247647908504
212416	0.0
98720	2.6652706824121313
1986	0.0
81349	2.121056869677682
14280	0.0
407498	0.8056814190386502
532428	0.0
412113	1.5656505470269124
290259	1.4462930910852134
124886	1.3331844806550877
2009	1.6263687741324298
81370	2.046761040934694
17883	0.0
378333	1.5814958503646273
148965	2.0183763916320228
336366	1.8453984947183701
491505	0.0
248825	1.9207316220590804
389627	2.2054744270424753
189950	3.2906638619358155
