370176	0.0
301576	4.819103314105741
376333	0.0
376336	0.0
181270	0.0
461852	7.962367915448444
312351	7.630600220359492
368676	8.398346654044065
219182	3.387020981175991
560179	7.551227472770674
521268	9.0936005091241
190007	12.680365781280827
383546	7.477378991589911
312379	6.912669375689205
517695	6.405803245622991
489025	3.4585367738881754
127044	0.0
494152	3.5914639219503277
59470	0.0
211726	8.33252153218199
369751	0.0
405595	9.066051220373891
434786	5.523828780739125
285115	6.358146710629761
331371	6.18485675174596
497261	6.874665692995848
462449	4.9500523713962234
457338	3.5060656687735365
494219	0.0
215588	9.587066390980223
247952	9.172381966304775
259219	7.22107163300976
383653	6.502474295052757
96934	4.242870262292054
484007	0.0
166081	8.687266119420384
476355	4.146243844374987
413906	0.0
205526	10.567445066847199
440537	3.097539855840466
440545	0.0
110839	8.100845342150162
94459	7.8993088875416495
233725	0.0
189899	6.880931703079593
402176	8.430878254194328
347905	0.0
532742	5.194472941167399
157454	0.0
205587	7.720474166367735
170542	0.0
191768	0.0
496922	0.0
241951	6.569824140190919
219430	9.170344962155406
362792	6.39649181828902
273200	7.1541987124013815
241716	5.156655216902976
422721	0.0
440644	0.0
175943	6.270564730898046
181065	0.0
536907	5.523503091341366
59731	4.647151591396939
373589	9.637955368813987
139619	0.0
94052	8.153601212600865
279920	0.0
427667	7.929117316924631
271935	0.0
355200	0.0
373920	3.943991171126016
313665	7.65318906855506
120201	5.959716896322301
125325	0.0
254873	0.0
94109	7.715300050846513
145838	7.503803337041026
369583	5.28418885214586
285113	5.005252993202962
380346	8.653474150565344
452539	5.773637560050392
385472	3.9856414269649965
527297	0.0
560075	5.869981881115582
477650	0.0
258022	6.539514086128873
127201	0.0
216046	8.099362245425535
49137	5.924923323356781
402428	9.12081519257554
507477	8.63107307345539
