5640	0.0
16915	0.0
206869	0.0
429078	0.0
429079	0.0
18968	0.0
59929	0.0
270878	0.0
258086	5.336060830372052
398375	0.0
563753	0.0
551469	0.0
562222	0.0
377396	0.0
171575	0.0
349241	0.0
563772	0.0
9279	0.0
443456	0.0
302145	0.0
384579	0.0
56901	5.7102163434639746
46151	0.0
213065	0.0
195150	0.0
248399	0.0
94290	0.0
51795	0.0
80493	0.0
53874	0.0
145524	0.0
564358	0.0
57481	0.0
61073	25.939736161289837
30868	0.0
348318	0.0
57541	0.0
314534	0.0
309435	0.0
429248	0.0
94913	0.0
447173	0.0
418593	0.0
309962	0.0
579276	0.0
558806	0.0
81273	0.0
429272	0.0
188126	0.0
263917	5.381276867364213
24302	16.894222521388528
221943	0.0
238548	0.0
176904	0.0
429323	0.0
429324	0.0
311567	0.0
412434	0.0
239382	6.045161869660712
418587	0.0
454433	0.0
436528	0.0
49458	4.2947406580321905
49459	0.0
560949	0.0
138560	0.0
301388	0.0
95565	0.0
437588	25.127244035743516
81237	0.0
530831	0.0
194909	0.0
5471	0.0
578925	0.0
307568	0.0
5491	0.0
434324	2.3797736450223814
542077	5.582500926190389
462724	0.0
27529	0.0
467850	0.0
288655	0.0
61335	0.0
397217	0.0
251811	0.0
126377	0.0
100266	0.0
27564	0.0
313263	0.0
61086	17.38043120339588
96184	0.0
365501	0.0
376770	0.0
99784	0.0
215505	6.2804589264317965
309204	2.575866557806989
533975	0.0
116698	0.0
367068	0.0
243175	0.0
85995	0.0
392414	0.0
44534	0.0
191480	0.0
