474881	2.448312824145567
450570	4.064331097440954
168971	2.714807608224345
392721	4.05811724318116
536084	9.743905675796494
197210	3.380075416187675
194086	4.15769855792205
400943	9.382132182139717
196656	0.0
170506	2.110489939926188
522305	11.760331124295433
519239	19.91652876194429
178765	3.591025008498317
232015	4.127040864662144
456273	17.002714167013483
505945	4.1726240826214385
274522	0.0
360029	0.0
194144	0.0
320613	4.184628221627585
489583	4.183429414917115
257651	11.097067589915405
465530	0.0
303233	3.1108205135325604
549507	4.0245092904610775
15492	9.651361695889362
261484	3.83417381818068
421525	0.0
38049	11.775877337504824
257186	0.0
157041	3.86034740933935
35497	10.936236127893693
224942	0.0
146099	3.4076019955802606
521400	0.0
497850	0.0
197832	4.26027384635685
423630	0.0
551121	4.134820225271141
33493	8.390034111549259
179416	4.258288383537956
505051	11.94689821246481
302301	3.7622399524182684
197873	11.589656265376151
290561	4.116925623844287
493831	3.7429046207887224
533768	12.118457973318156
136969	1.8928750842499371
261393	8.351141229544353
358164	3.654384958405806
488214	2.273745548457798
306458	0.0
169763	0.0
203559	8.90760935590188
276274	4.265148743693178
283959	4.201458023368273
155971	0.0
283974	3.978961614279623
356680	7.6619536400339445
338250	0.0
371531	4.130476873173098
419677	3.8708194242540537
268639	0.0
305528	4.237834219472805
246634	2.922199050216436
34668	11.600027361046898
245101	17.080304982697868
132465	4.282872807479339
550770	4.190363764991859
423799	3.195951815343397
274324	4.295136492033916
350081	2.398284257874898
296329	4.192693712279779
137103	3.9112896728458115
38289	9.585988489336481
427331	0.0
368532	3.978044700923753
33184	2.7413613959458156
504739	4.219448204311326
143270	3.9709917339997363
418727	3.713238286123355
369579	15.005699556446315
395182	4.020049208997684
427439	4.136862176493502
127409	3.5136641846213736
392120	2.2437452647196463
491962	0.0
491461	0.0
392135	8.382562310246325
252360	0.0
143817	0.0
301514	0.0
224209	4.207163623305564
33699	10.212983451387132
491990	4.257454685498922
256986	4.214169882658454
397289	4.224009780045742
216555	17.40184760691322
373742	14.678653438880517
383474	15.832560352403116
