496640	0.0
181770	0.2149622418552013
296971	0.24373820141798297
166931	0.35332668765168845
132118	0.5599302824088442
558105	0.1605451086904386
222747	0.0
167455	0.382976022054373
128033	0.0
241188	0.0
345641	0.0
493319	0.3258277794790446
544946	0.0
213551	0.0
412723	0.0
300094	0.39023971172116545
527428	0.0
223301	0.0
241222	0.0
183885	0.4953749097415991
527438	0.23675263364645877
233041	0.0
172635	0.10161849920298847
551005	0.0
181857	0.3268006565367245
249954	0.13962130197547223
241258	0.0
32375	0.09326062913518304
439416	0.24783112131611953
418442	0.0
343691	0.0
375437	0.0
247456	0.32659109368095884
528411	0.3832191638609521
176295	0.0
410793	0.0
377520	0.37770471650044735
559793	0.2108081391743396
206002	0.0
240820	0.0
510134	0.0
305847	0.0
176833	0.0
175308	0.0
161489	0.0
373461	0.3339189025133034
249559	0.272610792817107
259289	0.2818723734554544
550620	0.0
475874	0.0
270569	0.0
202992	0.28399426361795604
270578	0.0
467706	0.0
477653	0.0
524033	0.2465407761059985
555271	0.2692168176471724
550666	0.25545594211936995
533777	0.24454314594829776
247571	0.15775715437255783
388889	0.0
473371	0.0
162591	0.0
237865	0.0
462634	0.1979727581396276
199469	0.3584933302938263
100445	0.0
305460	0.25472528062534955
345910	0.37736363816283297
345923	0.28970383476370304
191884	0.35784178954940615
345422	0.2560727795759472
255117	0.0
533841	0.31105218790848865
429395	0.0
295767	0.1346450839729216
581466	0.26796853718715
289639	0.1680803639007285
249708	0.0
313627	0.0
462719	0.21494290361985463
292740	0.0
220549	0.39292109402600545
501132	0.0
467341	0.4192528968035087
43407	0.0
189336	0.3701314798756187
448410	0.0
493978	0.0
269726	0.0
452514	0.0
243120	0.0
469427	0.0
390581	0.0
430534	0.2270743129322542
309703	0.0
223177	0.0
458	0.0
312397	0.0
73173	0.0
383450	0.43556115515775784
18398	0.0
252895	0.0
413156	0.0
176105	0.2730873267441112
271852	0.0
361966	0.21165184179566024
413172	0.0
329212	0.21461406287995058
