122368	0.0
173061	0.0
481292	0.0
252942	14.95921897902977
550928	0.0
297490	0.0
347675	16.070043547587538
534564	0.0
581163	0.0
32307	0.0
32825	9.653305370431724
266810	0.0
35765	0.0
134208	0.0
301408	13.245558267512651
52814	0.0
468055	0.0
491610	0.0
213083	0.0
552029	0.0
209503	0.0
294501	0.0
298611	0.0
211065	0.0
217214	0.0
275583	0.0
80515	0.0
209031	0.0
481421	0.0
37521	0.0
392855	0.0
569514	7.9771714416476165
104622	0.0
323760	0.0
214195	0.0
409268	0.0
550588	0.0
440518	7.283151532383901
61645	0.0
477398	0.0
555736	5.675147056413322
412381	0.0
562912	0.0
470768	0.0
44275	0.0
218368	0.0
168662	14.462390695279181
537354	0.0
519951	0.0
46873	0.0
32037	6.302544293756925
193830	0.0
8488	0.0
419120	0.0
30001	0.0
194874	0.0
387902	0.0
185675	0.0
133456	0.0
471377	0.0
90964	0.0
98651	0.0
474085	0.0
302948	0.0
260966	9.95338808506293
555375	0.0
407409	0.0
555904	0.0
408966	0.0
396951	0.0
279444	0.0
142235	0.0
198051	0.0
144998	0.0
127413	0.0
113598	6.79219490901343
378187	0.0
218058	5.9589110716037395
186831	0.0
544721	0.0
581027	0.0
423897	0.0
423901	0.0
33760	9.854088039879715
522725	8.351259161698959
35817	0.0
14827	17.339519407578468
39923	0.0
213498	0.0
392188	0.0
550570	0.0
