295424	0.0
88065	0.0
518151	0.0
383497	0.0
102923	0.0
318990	0.0
72210	0.0
218655	0.0
522278	0.0
387762	0.0
453685	0.0
537149	0.0
206913	0.0
455751	0.0
211021	0.0
179792	0.0
4693	0.0
222296	0.0
24154	0.0
537180	0.0
222307	0.0
362084	0.0
87662	0.0
87667	0.0
309885	0.0
476804	0.0
569477	0.0
471686	0.0
60040	0.0
413841	0.0
142446	0.0
411813	0.0
92850	0.0
241981	0.0
115902	0.0
374468	0.0
56011	0.0
321243	0.0
55008	0.0
446178	0.0
73444	0.0
446181	0.0
244966	0.0
220903	0.0
200427	0.0
220917	0.0
262398	0.0
12031	0.0
99593	0.0
146187	0.0
386830	0.0
67863	0.0
314137	0.0
99717	0.0
249632	0.0
90405	0.0
85802	0.0
20780	0.0
557365	0.0
22324	0.0
87867	0.0
431933	0.0
556353	0.0
208195	0.0
425796	0.0
142667	0.0
160589	0.0
324436	0.0
248153	0.0
557402	0.0
88411	0.0
437085	0.0
570719	0.0
468328	0.0
505711	0.0
886	0.0
887	0.0
108418	0.0
368005	0.0
382348	0.0
9616	0.0
93585	0.0
106899	0.0
465812	0.0
372139	0.0
231856	0.0
465859	0.0
107462	0.0
252366	0.0
380368	0.0
114130	0.0
164311	0.0
512677	0.0
206309	0.0
564198	0.0
252398	0.0
348143	0.0
131573	0.0
