430764	3.2434425886387914
228881	0.0
208921	1.7760978889706527
139812	0.0
523310	0.0
306224	0.0
557619	0.0
453684	0.0
356408	0.0
528447	0.0
511552	0.0
36934	1.3339903597387803
73799	0.0
550475	0.0
133714	0.0
148053	0.0
188508	0.0
262245	0.0
352357	0.0
309352	0.0
148074	0.0
148075	0.0
448111	0.0
467060	0.5580058367207037
448119	0.0
125049	0.0
483434	4.354506571658542
558211	0.0
558213	0.0
558214	0.0
558215	0.0
500872	1.9466414696747805
306833	0.0
353427	0.0
237724	0.0
237725	0.0
280225	0.0
40617	0.0
237738	0.0
209580	0.0
266418	0.0
430775	0.0
246977	0.0
21700	0.0
352470	0.0
537819	0.0
552669	0.0
537829	0.0
557801	0.0
527083	0.0
230135	0.0
321786	0.0
495868	0.0
263424	0.0
495365	3.0824564038592714
118538	0.0
128783	0.0
217990	1.771773813911766
299303	1.4879259555802753
207659	0.0
384817	0.0
276786	0.0
120627	0.0
250167	0.0
415284	0.0
170976	0.0
408898	0.0
254286	0.0
266581	0.0
135510	0.0
527077	0.0
294764	0.0
291197	0.0
200066	0.0
352646	0.0
443786	0.0
397634	0.0
422295	0.0
491420	0.0
524191	0.0
221093	2.100347903697826
370602	0.0
425971	0.0
498079	0.0
125884	0.0
270275	0.0
489419	0.0
122316	0.0
403406	0.0
195538	0.0
249299	0.0
134615	0.0
254432	0.0
522722	0.0
566244	0.0
157162	0.0
204787	2.52447964393719
522153	0.0
204885	0.0
