100099	0.0
392325	1.108592026686124
161160	0.0
292370	0.0
288660	0.0
439957	12.43645219983678
238746	0.0
264866	2.2749822325618787
29605	1.7735482635162785
172839	0.0
384816	0.0
204213	0.0
565727	0.0
204216	0.0
415033	0.0
332091	2.460852392375857
125629	1.0152332563370752
425918	0.0
425919	0.0
79200	0.0
158147	0.0
411745	0.0
573900	0.9073574395688787
573901	0.0
580813	0.0
204113	0.0
392274	0.0
368475	0.0
365148	0.0
79198	0.0
79199	0.0
332128	1.80719658712319
79201	0.0
536547	1.1262595986540742
536548	0.0
98790	0.0
98791	0.0
203753	0.0
137963	0.0
203756	0.0
203757	0.0
131694	2.304382961751885
546416	0.0
101233	1.961020110475678
542706	0.0
292468	0.0
332280	1.9215450199250808
542329	0.0
542330	9.208020052754572
269692	0.0
292478	0.0
