140800	0.0
122381	1.7012746101346827
271891	10.943921927529653
252949	1.1104551232623079
130072	12.102590101490627
490526	2.101175240355909
443943	9.77872832607504
141352	1.607161694027159
429620	9.070361000638268
448053	7.961426003901835
327226	11.885491189206235
474688	14.161048672672258
222787	12.059327064699664
87565	2.127855454120477
464977	0.0
389714	12.325758660363942
464981	13.457588112543103
36438	7.824444103647801
509115	8.626532289974861
175717	0.0
172137	1.2246068000943064
179309	10.103184962805752
393326	0.0
36977	8.043486497772104
368249	1.776819422059732
147580	2.00588992635908
403585	13.129403871974997
163971	7.9687232494795435
163972	8.880723752061684
169610	1.467732540982166
403600	12.833902717427437
54421	9.329071719134063
354458	1.4180893313262137
71329	12.651386682099503
483496	0.0
145586	8.971663370449237
313011	8.591935235185838
310967	13.395041330332969
110267	9.372122561173903
389309	14.302669831208554
149182	1.799768649328822
77506	10.835222702427586
577734	2.0572766488416803
412362	12.054654437988233
278732	8.944066120378212
278745	11.619383361192686
205546	9.42907644850688
227563	12.77694841919935
241902	1.992556613808311
61172	1.8814398044710392
364278	12.532014458420518
138490	2.044046898318413
254421	1.3847042001658743
362241	12.951712006287435
441603	14.309008394192375
181514	8.110630128471875
314135	2.0955164061607907
5401	1.9300648680825825
559901	2.0817527837850465
88352	13.640641619117854
77702	15.053286629899688
449318	0.0
451636	2.0492296231240053
189783	8.208222449578969
438618	0.0
169311	9.371595604722657
266080	12.70673548807357
108902	6.996124562441859
146280	13.167391091045703
94570	10.092038813183688
384875	0.0
131436	1.7666420566112249
314344	1.9333812853907872
168831	0.0
460164	2.087443652192148
439173	9.981597498218509
326534	2.0430977265702226
324489	12.937473582580921
373648	6.941187234204474
418883	12.086193321398104
486638	1.9536385487558983
112541	10.499374351059123
266657	9.330488421103768
56233	14.091113626573557
293805	1.880025337113438
219067	1.334894694118144
9670	12.33156780894814
311246	12.698511136424777
399829	1.6013029251121815
369640	10.639822284977908
326644	2.110178542647077
236534	14.853603984915601
144809	1.069918201889608
43512	11.450182773510884
483583	1.4408061126280187
210940	2.1048460467240604
484349	1.7102381401408213
30206	0.0
