568939	0.0
425477	0.0
235526	3.937431848821885
197651	0.0
92181	4.329561177164946
200220	0.0
98731	0.0
568358	0.0
555567	0.0
8755	0.0
207924	0.0
62517	0.0
65590	0.0
580159	0.0
569922	0.0
37956	5.491969416695133
66636	0.0
574031	0.0
298168	0.0
144466	0.0
359097	0.0
219232	0.0
219233	0.0
566379	0.0
578156	0.0
578158	0.0
211055	7.2878317610940995
546929	0.0
210963	0.0
203898	0.0
571003	0.0
574078	0.0
91775	0.0
228480	0.0
228483	0.0
228484	0.0
125063	0.0
577690	0.0
577691	0.0
513697	0.0
577698	0.0
265891	0.0
577702	0.0
128680	0.0
128683	0.0
562862	0.0
91686	0.0
128184	0.0
576185	0.0
128698	0.0
361671	0.0
46283	0.0
46284	0.0
97997	8.45661111902227
209622	16.942772183908918
173519	0.0
335483	0.0
85733	0.0
185586	0.0
4856	0.0
408315	0.0
248573	0.0
195327	0.0
469762	0.0
465160	0.0
780	1.5237826287399616
791	0.0
472350	0.0
570475	0.0
349488	0.0
566835	0.0
389171	0.0
89400	0.0
366132	0.0
128834	0.0
376137	0.0
555341	0.0
85329	0.0
173917	0.0
576872	0.0
569198	0.0
565616	0.0
353649	0.0
281970	4.760147014760685
90491	0.0
54141	0.0
145281	0.0
414598	0.0
218503	9.712306551632624
283532	0.0
128413	0.0
246686	0.0
563115	0.0
406449	4.824021179674754
221001	9.85278823967723
406457	0.0
165820	10.538068192861125
291785	0.0
360911	0.0
129488	0.0
430047	0.0
129516	0.0
575985	0.0
110715	10.147811178671875
575988	0.0
54775	0.0
