345600	0.0
479489	1.2617720802535803
307331	0.0
390616	0.0
286727	0.0
183562	1.0679269966638039
249983	0.0
239757	0.0
413253	0.0
411920	0.0
74001	0.0
24067	1.4464214009229133
413221	0.0
113331	0.0
257690	1.3975189491241586
298799	0.625963584447984
436693	0.0
254623	0.0
53285	2.330151583261124
413223	0.0
413224	0.0
132905	0.0
542507	0.0
413254	0.0
283229	0.0
378416	0.0
472648	0.0
120455	1.7066697284861316
177203	0.0
55732	1.2627554632294093
334901	0.0
411958	0.0
343096	1.7060658925750987
160569	2.1390184563495973
343519	0.0
346673	0.0
422462	0.0
177983	0.0
413248	0.0
413249	0.0
161218	1.8756995957539893
312643	2.0218326976611416
413252	0.0
116022	0.0
111686	1.0555190499430878
413255	0.0
413256	0.0
413257	0.0
295114	0.0
413259	0.0
295117	1.813889740280466
312641	0.0
176207	1.0663600733836938
136888	0.0
411986	0.0
528981	0.0
289003	0.0
132568	1.6156153191824685
4442	1.2805550445155902
10319	0.0
117683	0.0
343775	0.0
132834	0.0
229375	0.0
248550	0.0
477457	0.0
196712	0.7465212425018801
196713	0.0
254631	0.0
306386	1.3593106567167164
286190	1.8736804483249405
479473	0.0
453490	0.0
549236	0.0
404114	0.0
331819	0.0
239720	0.0
135418	0.0
239483	0.0
100988	1.0352977344328713
299007	0.6830274592882164
