501249	0.0
99337	0.0
208906	0.0
57875	0.0
57368	0.0
321455	0.0
461342	0.0
477227	0.0
496174	0.0
309299	0.0
260148	0.0
477238	0.0
199746	0.0
544323	0.0
21061	0.0
119369	0.0
477266	2.344668535922432
93779	0.0
464057	0.0
89181	0.0
199265	0.0
335459	0.0
127591	0.0
5241	0.0
446074	0.0
90235	0.0
2189	0.0
381730	0.0
56990	0.0
206277	0.0
104109	0.0
371889	7.528280565162477
411317	0.0
457910	0.0
371383	0.0
93881	0.0
411336	0.0
382153	0.0
28877	0.0
140493	5.065306921105972
459479	0.0
170200	0.0
258783	0.0
426219	0.0
121582	0.0
450811	0.0
121601	0.0
118827	0.0
523222	0.0
519895	0.0
272142	0.0
249104	0.0
195346	6.124025412608146
163606	0.0
268056	0.0
553758	0.0
381728	8.009858838106805
381218	0.0
281894	4.964485336804804
534323	0.0
385845	0.0
185142	0.0
185143	0.0
272188	0.0
374088	0.0
435022	0.0
258896	0.0
432979	0.0
214358	0.0
465752	0.0
432989	0.0
557407	0.0
498532	0.0
191853	0.0
66414	0.0
520048	0.0
571254	0.0
258935	0.0
149368	0.0
489339	0.0
533901	0.0
61844	0.0
57757	0.0
325542	0.0
102314	0.0
350639	0.0
499016	0.0
149426	0.0
539061	0.0
43963	0.0
521669	0.0
521671	5.329200663771819
521682	0.0
260052	0.0
93142	0.0
462810	0.0
191967	0.0
56656	0.0
312804	0.0
173029	0.0
580072	0.0
90089	0.0
496210	0.0
459250	0.0
435027	0.0
511989	0.0
539050	0.0
