195081	2.1194903317207623
460812	5.644461901053904
189454	2.1008619751605027
332815	2.0237865199772727
179219	2.1235577144254467
502804	1.9921352019415226
526869	5.331898905431247
202262	2.0771197348975154
146970	0.0
321060	1.8490974633159036
541735	12.086083769970237
161628	1.9823412507804257
300597	2.0900276407713343
87608	10.39764893897234
218682	9.363634166085859
79932	7.32774661163936
248386	2.0826335033077727
202321	2.090506908517983
54286	8.881478302855992
245848	2.117594955329205
478735	11.40794985721275
329826	2.0914901348806847
363110	7.256850879449234
12773	5.85775642953004
299124	2.032662199238972
429687	12.076060115365822
202376	2.0975340148431596
259219	9.915252542011647
540312	7.096010046716226
373403	8.971080871323657
152737	2.1077491823257186
411811	2.01754506926073
111269	12.705884379604566
309926	10.329926669535617
47986	1.9291745452925986
313006	7.299263195613921
234162	2.0830556539190543
174773	9.025166351463124
252618	2.1240253948598915
490699	9.584152978644077
378572	11.0526019320447
278242	2.117183657684696
330470	9.310845481511494
230120	12.080959423075567
174315	11.156285623233217
252653	0.0
404723	10.86878464142425
183030	7.737130506791266
13559	5.038528130906002
374011	8.096914665082847
190204	7.737900564259261
324351	11.51466799434063
259329	7.886267403452956
177934	0.0
189712	12.713486087359799
480018	2.044910222398074
349145	10.590807517639323
345881	8.531857650935274
126244	2.030978082136147
324397	10.070310931933237
228144	9.951307755408404
191793	2.106980426599769
384310	12.859223349997668
462144	1.385421589789101
457541	5.623040219514678
93510	2.111098424010743
87368	10.462194404868443
329551	11.38154953693474
159570	11.702920515712439
323412	10.352109125888058
318295	1.2334309602677291
545624	1.7575593781698555
116060	7.115663187200114
504671	2.116456961096721
547691	2.1106480005028194
285548	2.0930300399296846
164210	6.039742378057371
389492	10.883769119703903
13179	11.709278863230034
116097	2.1284217478052834
567696	1.7114307695831197
548758	8.726673865311602
303511	2.0725219709035168
242078	10.035793249876436
380319	11.147390971091468
125345	2.093877794503364
95650	11.543612507029872
233891	13.933987426655275
311721	9.50108412271131
257970	2.121470853160764
310196	2.035032443662024
412605	9.570588696473987
412606	6.221436380238517
234956	2.052139083731777
246741	5.320526541959817
310232	1.592207132413201
87525	5.52729804509023
138224	0.0
153082	11.763915407850853
311807	10.951116466253394
374271	2.1232518093077033
