351488	0.0
285057	5.854825207887313
307575	0.0
418309	5.0593194908692265
286214	0.0
352391	0.0
350359	0.0
351489	0.0
230544	4.44684949576135
412440	0.0
458130	0.0
74755	0.0
308244	0.0
227735	3.843490650940062
287896	0.0
345370	24.361571479518485
238236	2.86104979515636
351478	0.0
81111	3.9227248170037767
28960	0.0
350881	0.0
288412	0.0
115884	0.0
111537	0.0
111538	0.0
111539	0.0
513078	38.4697979184244
121782	0.0
339513	0.0
4669	6.089373317882543
4670	0.0
4671	0.0
508865	0.0
352196	0.0
178373	0.0
102497	0.0
402635	0.0
288716	0.0
341967	0.0
458066	24.002480159435603
236372	0.0
240085	5.17603207605835
410583	0.0
106972	0.0
106973	0.0
106974	0.0
106976	0.0
106977	0.0
376803	2.986777507589222
253799	0.0
505960	0.0
302441	4.549838215953673
302442	6.455271529550548
119506	0.0
49398	0.0
351479	0.0
287353	0.0
287356	0.0
