279552	1.6777551260805712
119309	0.0
105998	1.3677915582754296
371216	0.0
447509	1.3270835810574106
253464	0.0
223257	1.966645327743826
143903	0.0
432048	0.0
289831	0.0
436777	0.0
521780	1.409018981277589
436789	1.33536104403685
275510	0.0
114755	0.0
138013	0.0
123461	0.0
253517	0.0
243285	0.0
416644	0.0
335969	0.0
441452	0.0
348786	0.0
1656	0.0
147065	1.6781776500125811
303227	0.5612271118636052
327293	0.0
190085	1.1629354301614405
562341	0.0
189095	0.0
138409	0.0
423599	0.0
550076	0.0
386242	0.0
115395	1.6124422289705747
532175	1.6118736618433382
425684	0.8480753979845129
255197	2.096534213729063
536808	2.167252396091601
348909	0.0
378101	0.0
493881	0.0
305921	0.0
148742	0.0
486152	1.7294955478445093
70412	0.0
228115	0.0
271639	1.2682526373724563
373124	0.0
549659	0.8561282777476975
233757	0.0
392991	1.454897686576944
493857	0.0
224040	0.0
525611	0.0
110380	0.0
348472	0.0
347961	0.0
247103	0.0
103746	0.0
413509	0.0
534859	1.0837718274558945
203089	0.0
430932	0.8572962825080152
151865	1.868102276926972
223064	0.0
203099	0.0
535389	0.0
438623	0.0
479588	0.0
296811	0.0
210796	0.699335515408306
534902	1.6091933813025687
247162	1.7399727712155408
68988	0.0
211349	0.0
417665	1.093560971658716
100228	0.0
393026	1.6642046713119163
108946	2.254278754467145
108947	2.254278754467145
77205	0.0
265127	0.0
340394	0.0
46510	0.0
301999	0.0
302000	0.0
365489	1.560821811790326
453556	0.0
494528	1.955485507273081
423366	1.521406209285521
106951	1.5467489195241209
266696	0.0
257994	2.0183886372982784
412110	0.0
560084	1.7185431176992456
463829	0.0
261590	0.0
306141	0.0
375267	0.0
526310	1.602001395065495
443049	0.0
548332	1.3360280585379622
453614	1.5472314370071514
519151	0.0
93175	0.0
358904	1.2884718396860642
417785	0.79388496099339
