442891	0.0
450063	0.0
373271	2.6278024198356236
478748	0.0
363551	5.115604572557836
449578	0.0
491052	0.0
442418	0.0
490040	1.5678341156258935
145985	0.0
77892	0.0
521798	3.48248411039569
194631	0.0
363084	5.186559015409985
470606	0.0
470608	0.0
241747	0.0
259171	2.9603709465127146
302696	0.0
442998	0.0
150141	3.252857070500251
427646	4.541959188700279
212095	0.0
355463	0.0
33936	0.0
240274	0.0
448660	5.902429291344784
514709	0.0
487063	0.0
319640	3.95188761065309
403609	0.0
145052	0.0
146597	0.0
362155	3.1573553159607166
501943	0.0
349881	0.0
378049	0.0
406215	0.0
549579	0.0
392917	1.7094224208197661
26838	0.0
157399	0.0
534753	0.0
96995	2.5205840622120683
369382	3.0713088912371607
104167	1.9140917920717686
342760	0.0
486634	3.9393856144625166
514287	0.0
470774	0.0
212216	0.0
97017	0.0
146682	0.0
441096	0.0
111377	0.0
188690	0.0
120600	0.0
146309	0.0
409893	0.0
241446	0.0
441129	5.955205978658478
527668	0.0
484149	0.0
180023	0.0
54078	3.6624704095517147
240608	0.0
417093	0.0
417096	0.0
463181	0.0
188750	0.0
449359	0.0
391010	0.0
157544	5.013889881289158
424298	0.0
262003	5.456090940712441
363894	5.017545633125712
441211	0.0
24957	0.0
181118	0.0
363157	4.137794462296414
179657	0.0
70021	0.0
460178	6.086652123238727
274845	4.510090618623943
285091	0.0
255911	0.0
258476	4.099477343226842
311726	0.0
373173	2.759317163578697
75204	4.586584756312438
293831	0.0
259528	0.0
255454	0.0
407717	0.0
538080	0.0
345059	3.206306183771156
2535	0.0
271862	0.0
231418	0.0
