254465	0.0
111106	0.0
422918	0.0
208395	0.0
431119	0.0
171700	5.454700140012508
270362	5.965530091273143
298531	0.0
281636	0.0
494637	0.0
422965	0.0
123961	0.0
242760	0.0
10826	0.0
271439	0.0
502865	0.0
141910	0.0
10327	0.0
561245	0.0
578747	2.5158979945803854
39021	0.0
78449	0.0
186995	0.0
446081	0.0
74370	0.0
401028	0.0
121477	0.0
468615	0.0
494730	5.146115770925955
302222	0.0
25744	0.0
250515	0.0
231573	0.0
210201	0.0
80024	0.0
260294	0.0
203946	0.0
265396	0.0
552635	0.0
534720	0.0
396994	3.231759816162795
534724	0.0
359110	0.0
1238	0.0
510689	0.0
424167	0.0
548585	0.0
516330	0.0
486126	0.0
568051	0.0
17791	0.0
72453	0.0
540804	0.0
272668	0.0
111391	0.0
191267	0.0
121479	0.0
271666	0.0
507702	0.0
17208	0.0
538428	0.0
9540	5.440736083645382
462669	0.0
376659	6.430230825177431
271417	0.0
20840	1.3829805733074976
231571	0.0
474997	16.01999560478707
533371	0.0
201084	0.0
296831	6.443523169659797
139140	0.0
29063	0.0
425363	0.0
476567	0.0
28571	0.0
275872	0.0
448383	0.0
18855	0.0
530859	0.0
14408	0.0
117189	0.0
82374	0.0
259530	0.0
419787	2.1753429471959516
185083	5.199913494100048
48614	0.0
224840	0.0
246250	0.0
133611	0.0
209392	0.0
151544	0.0
311292	0.0
569342	0.0
