139265	0.0
290307	0.0
555528	0.0
38658	0.0
496654	0.0
155170	0.0
130598	0.0
511018	0.0
260653	0.0
423475	0.0
155201	0.0
354372	0.0
456774	0.0
255566	0.0
158804	0.0
303712	0.0
34404	0.0
566378	0.0
155247	0.0
216690	0.0
501523	4.267873120522213
234103	0.0
215163	0.0
508032	0.0
152732	0.0
136861	0.0
520862	0.0
219807	0.0
171680	0.0
389800	0.0
289961	0.0
321708	0.0
59568	3.327726381145827
495797	3.771161177196954
392887	0.0
369849	0.0
80576	0.0
276162	0.0
397002	0.0
38093	0.0
210127	0.0
282832	0.0
36049	1.6862588212509568
527059	0.0
340345	0.0
278746	0.0
568030	0.0
510181	0.0
134375	0.0
520940	0.0
326895	4.578925592945153
117488	0.0
477992	0.0
135411	0.0
135412	0.0
135416	0.0
23808	0.0
416514	0.0
275501	0.0
412437	6.3614125089407105
327960	5.218077934421173
76572	0.0
534302	0.0
550183	0.0
134440	0.0
301358	0.0
113458	1.4987294307393049
214324	3.7680034084811287
164151	1.235906282223873
171844	0.0
473418	0.0
5965	0.0
506853	0.0
228195	1.654235940916165
543096	0.0
543097	0.0
556410	0.0
48001	0.0
389518	4.129834398113043
117487	0.0
4512	0.0
412586	0.0
366515	0.0
509344	0.0
12739	2.9764166891962027
24517	0.0
438239	0.0
399845	0.0
239593	0.0
10732	0.0
162293	0.0
540244	4.917294978338464
214523	0.0
340989	0.0
556030	0.0
51199	0.0
