379393	8.167569951731183
355331	4.0450063606898805
502278	4.5427525967195015
407560	3.407165056480319
579596	0.0
37393	9.133401996537858
310275	12.41303850966653
504344	0.0
282144	0.0
384035	0.0
41515	0.0
503341	0.0
230964	2.5126184021659084
416180	2.296085785692163
537659	1.5022533916333016
324671	1.5453782779821619
24129	4.320032085556365
147017	4.175417291701393
87626	8.274900272547697
503884	0.0
47697	0.0
120923	1.5060776824051594
539229	4.579325499207418
268896	0.0
214636	0.0
503919	0.0
155260	0.0
85117	0.0
189452	11.95754790649013
246481	0.0
425627	4.477027454442713
494241	13.773394266463459
503469	0.0
233134	4.597993765420877
173743	0.0
37552	0.0
466097	0.0
555700	3.4013284708386955
183991	0.0
174270	3.7862409213333303
47809	3.854893477474447
5317	6.369978420529091
148680	13.98541577223245
455887	0.0
552657	0.0
173779	0.0
579798	4.415317085036355
504032	0.0
210657	0.0
503523	0.0
57574	3.0123762070040385
47825	2.8588624791201624
514796	9.436221874069116
521967	12.358162983131871
521969	4.0804695976998175
417523	3.8221061193962504
427770	0.0
567036	11.034222408230312
173827	0.0
518404	4.584357192495481
81676	4.505149285477544
145168	9.049677979133925
504083	0.0
465685	2.8259721105970357
15236	2.4505607706827943
54046	13.935702007158422
383778	0.0
504107	0.0
2348	4.042982985602861
284492	8.93737886839164
118606	3.971323117747324
419213	0.0
454996	3.479486109332562
519515	0.0
545644	0.0
504174	0.0
384368	3.46410556914829
43384	2.650696659827765
396156	3.4108425022173683
419204	4.163217010753248
47501	4.162795365984666
435598	0.0
471021	4.69799877113825
314256	13.893799289735824
361362	7.264275559620415
101269	3.790744015561824
10654	0.0
399266	2.785244704871102
173995	0.0
82350	4.386164338599353
176052	10.617048518167786
64951	0.0
351676	3.732780490777391
174017	0.0
351683	3.2438617842667528
7621	0.0
289734	4.440509185929834
252360	0.0
82378	8.194154772337948
154571	8.99126445135737
263125	3.826228784929015
491490	3.541959035904367
173548	0.0
383981	0.0
503636	0.0
