150528	0.0
4353	0.0
19971	0.0
246535	0.0
186506	0.0
779	7.091714379403041
472205	0.0
59117	7.859510907232989
168592	0.0
187736	0.0
279443	0.0
168596	0.0
479381	0.0
5921	0.0
458648	10.226339050526313
274010	0.0
509600	0.0
400816	0.0
388515	0.0
169893	0.0
571177	0.0
568234	0.0
221869	0.0
144430	0.0
71088	0.0
428465	0.0
122674	5.898739344342553
563432	0.0
423732	0.0
3381	0.0
273334	0.0
254007	0.0
123380	0.0
384059	0.0
384090	0.0
492298	0.0
562238	0.0
187712	0.0
383776	0.0
40131	0.0
89413	0.0
436550	0.0
302663	0.0
119112	0.0
89419	0.0
186316	0.0
503757	0.0
557518	0.0
378689	18.489126431796272
383971	0.0
466773	0.0
581848	0.0
15194	0.0
112347	0.0
217437	0.0
392926	0.0
309983	15.979598304151885
383840	0.0
407668	0.0
466146	0.0
522555	0.0
294502	7.862830612802194
526384	0.0
522344	0.0
256749	0.0
379201	0.0
22832	9.801200906750218
202096	0.0
202097	0.0
436210	0.0
503540	0.0
380794	14.508214823999674
579830	0.0
264238	8.522831263569627
383994	0.0
149247	0.0
81660	7.903306335234084
93437	0.0
357119	0.0
