567296	0.0
250112	0.0
404739	0.0
164566	0.0
244524	0.0
339081	0.0
503822	0.0
47820	0.0
187282	0.0
569363	0.0
528022	0.0
415641	0.0
390191	0.0
121760	0.0
436769	0.0
475298	0.0
547611	0.0
10660	0.0
383909	0.0
568486	0.0
568487	0.0
173865	0.0
302124	0.0
558638	0.0
147247	0.0
383921	0.0
383924	0.0
119222	0.0
455097	7.058927527369598
384058	0.0
289468	0.0
140605	0.0
155199	0.0
158641	0.0
281666	0.0
8518	0.0
431926	2.672680033665313
499142	0.0
98145	1.6668700232564846
567752	0.0
85068	0.0
234058	0.0
343371	0.0
135571	0.0
83490	0.0
567759	0.0
568400	0.0
164307	0.0
569429	0.0
569430	0.0
85082	0.0
524635	0.0
465118	0.0
502693	0.0
467424	0.0
410192	0.0
566375	0.0
525391	0.0
383783	0.0
274924	0.0
467437	0.0
383987	0.0
173894	0.0
47779	0.0
362490	0.6981264904444757
503419	0.0
358524	0.0
133117	0.0
