545152	0.0
244355	0.0
555854	5.723171076058635
92549	0.2795775990733713
11782	0.0
170378	0.28369561435413154
120971	0.0
112525	0.2941561164925392
222606	0.260806843144289
23055	0.0
144	0.0
455058	0.0
155285	0.0
291991	0.292510680569762
13107	0.2952541508934347
461211	0.2866490414860759
546204	0.0
244381	0.0
253599	0.0
175521	0.2924289958232901
258978	0.0
140195	0.0
188614	0.0
90289	0.28266914484243927
529948	0.0
463146	0.0
32617	0.27346894190157695
440626	0.2647284450847298
90669	0.19968694870476333
571182	0.0
364719	0.2939613274641011
243642	0.29065863583067497
184625	0.0
220978	0.2930792425554081
570163	0.0
403380	0.17077283691131764
314462	0.15176461593287432
145462	0.2942850825023403
218295	0.2937243042304625
525625	0.20309585513231118
200634	0.0
540447	0.25712530870464595
300860	0.20003499581537562
189998	0.29107388758231095
165186	0.0
180164	0.0
36726	0.2543576670350784
279238	0.0
522657	0.17083590943322896
209350	0.0
406603	0.1079046930945543
253602	0.0
241998	0.23541389192351556
324687	0.0
297941	0.0
258008	0.2815282516540253
222810	0.2029873930230246
577755	0.0
59738	0.26508247105080407
510429	0.0
346590	0.0
420191	0.2922981405114312
155362	0.0
135395	0.0
135396	0.0
331752	0.0
570345	0.13844042687433883
523242	0.0
478702	0.27659415042201557
504303	0.23721502276379006
450416	0.0
508017	0.0
309874	0.0
42995	0.11775195292310821
3060	0.0
38006	0.0
244471	0.0
577145	0.23480513594623895
123258	0.23629510826355046
303228	0.2351072631417386
416234	0.0
31374	0.0
526079	0.0
