220699	0.0
155173	0.0
526385	1.0434793837752507
85576	0.0
568393	0.0
382549	0.0
384089	0.0
174176	0.0
409701	0.0
576616	0.0
445545	0.0
155251	0.0
302203	0.0
546947	0.0
579222	0.0
82071	0.0
577699	0.0
82086	0.0
535722	0.0
4780	0.0
253613	0.0
356025	0.0
548541	0.0
548542	0.0
193397	0.0
85184	0.0
274920	0.0
47814	0.0
193737	0.0
15568	0.0
228562	0.0
147668	0.0
572120	0.0
188965	0.0
244455	0.0
579816	0.0
155374	0.0
19697	0.0
448755	0.0
377214	0.0
579830	0.0
84728	0.0
294139	0.0
84732	0.0
514301	0.0
534270	0.0
534271	0.0
266497	7.888593994649372
561420	0.0
144141	0.0
494808	0.0
472315	0.0
444193	0.0
407332	0.0
519465	0.0
192309	0.0
192310	0.0
522549	0.0
573979	0.0
573762	0.0
82230	0.0
56646	2.2294447113754527
85320	0.0
531788	0.0
531789	0.0
444752	0.0
566102	0.0
2392	0.0
232281	0.0
567740	0.0
422750	0.0
422751	0.0
47458	0.0
416100	0.0
565100	0.0
276849	0.0
276850	0.0
565619	0.0
40309	0.0
546679	0.0
567162	0.0
85886	0.0
276363	0.0
573329	0.0
99226	0.0
248734	0.0
279455	0.0
248745	0.0
333227	0.0
291759	0.0
413619	7.198519686969938
53688	0.0
329660	0.0
77249	0.0
47563	2.03977746855369
104781	0.0
500176	0.0
75227	0.0
84731	0.0
84454	0.0
338920	0.0
290288	0.0
90609	0.0
17396	0.0
56310	0.0
121338	0.0
