513536	4.398324372000629
409603	0.0
522761	0.0
191503	0.0
488465	10.442144095328924
175123	3.111342970885507
203296	3.566605032085991
255009	3.9330493076365753
531491	4.374219606654879
127015	0.0
11820	4.141666741901778
22581	3.8610294292341876
224310	0.0
483383	0.0
392765	4.367642657876753
552513	0.0
552521	0.0
302667	0.0
462929	3.2609204875676996
379474	6.834659388603814
91918	4.144043295807397
105049	0.0
489054	5.267990995105913
458085	0.0
482926	0.0
502389	0.0
416377	0.0
454272	0.0
202371	4.359419007031592
351364	6.438643275961462
557708	0.0
376470	0.0
279199	0.0
81075	0.0
190133	7.102749430630602
406713	1.569850066790469
524474	4.236503905006293
180928	4.212650262317736
265409	0.0
562897	6.369851343601223
364760	6.808218111948963
24281	3.1011200311918072
169179	3.04580316759829
281820	0.0
321253	4.3508971157407474
13032	6.708625210405272
262377	0.0
360685	4.4122379682366235
225011	4.373851630538753
40698	0.0
350973	3.544181397875592
352004	0.0
352005	0.0
281865	4.044372477632679
127246	5.029745583826366
254083	2.349759664885649
36484	5.21908763870759
32035	2.0445049736100165
471357	0.0
141630	0.0
212805	4.242749704567696
34632	5.506563700838361
162127	3.116554328521821
482128	5.653309449979613
465746	0.0
92499	5.903457449590614
573276	0.0
426850	4.172186303802832
312165	6.8364101856076065
367462	3.2528579685159023
232808	4.381193406929447
581995	4.636631930298372
137069	7.516672009423338
285551	3.382705409604036
354673	0.0
83839	5.265953322601412
496515	7.08707629518476
127368	1.2875891867578435
409495	0.0
445851	0.0
303516	4.354728874609868
193950	0.0
218015	6.329186417681
266657	6.034288060552462
163751	4.164285536552869
142776	4.388105000833131
568250	6.94719513480502
273861	4.35464620197585
322506	6.926806183818659
383436	7.433280162087759
352719	4.015356284434447
272747	0.0
285278	3.910489323133329
383456	6.534485771453245
509921	0.0
86499	0.0
132070	4.167175283957037
218099	0.0
22012	7.404293991681763
87549	7.465758119454109
