183937	0.0
571906	0.0
571908	0.0
566918	0.0
488705	0.0
366729	0.0
174142	0.0
250124	0.0
493453	0.0
105087	0.0
12348	0.0
661	0.0
570136	0.0
488558	0.0
377496	0.0
228634	0.0
577306	0.0
572190	0.0
527520	0.0
578081	0.0
527266	0.0
573859	0.0
357105	0.0
566309	0.0
471409	0.0
69032	0.0
220458	0.0
561580	0.0
197897	0.0
568367	0.0
519600	0.0
539826	0.0
3125	0.0
69046	0.0
192055	0.0
561822	0.0
403130	0.0
298683	0.0
448060	0.0
154430	0.0
527424	0.0
569537	0.0
153621	0.0
220022	0.0
567622	0.0
133959	0.0
7625	0.0
69047	0.0
559458	0.0
189518	0.0
259853	0.0
365264	0.0
308819	0.0
508500	0.0
539994	0.0
438846	0.0
231205	0.0
230881	0.0
173922	0.0
357096	0.0
152188	0.0
548970	0.0
469484	0.0
228078	0.0
268017	0.0
577013	0.0
355574	0.0
477687	0.0
268154	0.0
355067	0.0
577148	0.0
88317	0.0
409246	0.0
142975	0.0
