429570	0.0
373769	5.624315945700863
130060	0.0
440341	0.0
404504	7.908874950306039
557595	0.0
110620	9.466738730427753
87589	5.594185560814382
110630	5.412514993080305
555560	0.0
283692	6.659409539828053
38450	4.598607722629149
112649	3.698599037546522
22584	0.0
364602	7.9322391254575
486971	6.7490516758451164
37439	0.0
115272	0.0
560206	11.435930845077198
35853	0.0
90195	0.0
433241	4.070200568669482
308327	10.32916080028057
107119	0.0
375408	6.161867290576754
484474	0.0
299644	0.0
157311	0.0
573056	0.0
44161	0.0
23684	0.0
259210	7.967916018213443
109709	7.882315963022193
285124	5.267013279562522
262255	6.02973188343012
179871	0.0
135841	0.0
74922	5.9914070139006474
69292	5.227241688040285
429741	11.443491590836576
174774	7.394312786424823
234181	0.0
90318	7.811851691457127
545491	4.109893058591374
429785	10.103317960766455
131805	0.0
209630	22.10336985207149
13537	9.971799599776302
279786	0.0
313582	0.0
72403	9.200978107764506
295672	0.0
503034	0.0
82710	0.0
82711	0.0
578840	5.8942111460533715
273177	4.494060715522384
314658	0.0
274822	7.826401377727134
346416	0.0
539956	0.0
181061	7.632246255694573
448840	9.39147108707999
453978	0.0
453178	0.0
581982	7.990267153807669
309090	6.200403978701178
439658	4.809524547854162
380267	0.0
118212	6.620351321922015
49015	9.667633136227415
384390	0.0
164234	7.788301190119517
477067	9.925735987956157
308109	7.503261766904977
404366	6.887960519716166
205202	7.946859920568364
492435	8.44816298521843
59205	0.0
89505	0.0
432035	10.432200968748415
381860	0.0
232362	0.0
122800	8.073098949815108
189888	0.0
92099	6.712170944187074
366020	0.0
311756	7.678104605436859
431566	3.5494060486644967
77779	0.0
114132	6.354354374797544
29660	9.116083196994023
29661	10.191058925087614
218598	7.156524272748921
447470	4.605120404541453
131061	5.145063270807371
379382	10.142150303032874
116219	9.170316128680016
526846	5.770185350841547
