1014	532483	0.16755035519599915
1014	69637	0.04827535152435303
1014	132629	0.14346054196357727
1014	29216	0.06297057121992111
1014	469028	0.14572575688362122
1014	541737	0.3012852370738983
1014	37932	-0.012196487747132778
1014	13875	0.0511220321059227
1014	221751	0.5997350215911865
1014	196675	0.579933762550354
1014	35397	-0.012196487747132778
1014	16968	0.1264220029115677
1014	153674	0.13833747804164886
1014	210002	0.01572176069021225
1014	77401	0.05994769558310509
1014	532576	0.2006051391363144
1014	346470	0.0056221061386168
1014	472169	0.012665677815675735
1014	99441	0.0729561299085617
1014	276594	-0.0009799619438126683
1014	519273	0.3719763159751892
1014	153728	0.13147304952144623
1014	175234	0.07275066524744034
1014	126086	0.37674739956855774
1014	211592	0.10226891934871674
1014	313481	-0.04009908437728882
1014	444044	0.23334887623786926
1014	32397	-0.012196487747132778
1014	59022	0.0413195863366127
1014	375964	0.12036387622356415
1014	504991	0.05475898087024689
1014	106664	0.09747955203056335
1014	194729	0.14690496027469635
1014	236829	0.2576020061969757
1014	391357	0.1984485536813736
1014	233154	0.16293224692344666
1014	574148	0.08303838968276978
1014	377544	0.08702658116817474
1014	424656	0.5803785920143127
1014	277209	0.20845255255699158
1014	41179	0.012692820280790329
1014	288479	0.6246050596237183
1014	551137	0.3301544487476349
1014	126184	-0.0009232350275851786
1014	92394	0.18924419581890106
1014	501486	0.010803346522152424
1014	233203	0.026578618213534355
1014	92925	-0.018958186730742455
1014	106753	0.27974942326545715
1014	155911	0.0005102865980006754
1014	135946	0.02816939540207386
1014	41227	-0.005207485053688288
1014	59152	0.028327135369181633
1014	40731	-0.005207485053688288
1014	189213	0.2281123399734497
1014	33058	0.044179968535900116
1014	493865	0.02045425958931446
1014	162607	0.4885941743850708
1014	417585	0.04751482233405113
1014	419634	0.2444797158241272
1014	137011	-0.05605547875165939
1014	416564	0.1566905826330185
1014	477494	0.06202154979109764
1014	505144	0.1243860051035881
1014	458721	0.1807360202074051
1014	132429	0.5166561603546143
1014	326996	0.06348459422588348
1014	555862	-0.014134477823972702
1014	36751	0.0659855529665947
1014	178015	0.5517281293869019
1014	204640	0.09782011806964874
1014	34145	-0.10563606023788452
1014	490338	0.08356157690286636
1014	137062	0.1960211992263794
1014	137065	0.2950912117958069
1014	550802	0.24329692125320435
1014	59248	0.010145890526473522
1014	407418	0.18938612937927246
1014	507371	0.03958182409405708
1014	226283	0.024582386016845703
1014	174468	0.17074154317378998
1014	273799	0.1186532974243164
1014	413067	0.2919868528842926
1014	142223	0.23787090182304382
1014	386962	0.13229793310165405
1014	382868	0.03350029140710831
1014	248725	0.018049651756882668
1014	532899	0.20612135529518127
1014	261540	0.02867051213979721
1014	555431	0.0781327411532402
1014	508328	0.061224013566970825
1014	48556	-0.011900162324309349
1014	162738	0.19142574071884155
1014	555445	0.15601935982704163
1014	368567	0.26032567024230957
1014	535485	0.45806628465652466
1014	33733	-0.012196487747132778
1014	446919	0.06586576253175735
1014	266705	0.08601752668619156
1014	377825	0.5456387400627136
1014	458722	0.3132053017616272
1014	289765	0.062106624245643616
1014	469480	0.211967334151268
1014	280487	-0.033726323395967484
1014	139760	0.0825042575597763
1014	159912	0.0746385008096695
1014	458741	0.2975275218486786
1014	265209	0.04033244401216507
