1039	505003	0.21889160573482513
1039	443918	0.16495823860168457
1039	294929	0.10261175036430359
1039	568852	0.10478878021240234
1039	213525	0.03694290667772293
1039	347159	0.19028326869010925
1039	475673	0.20065295696258545
1039	409628	0.15706117451190948
1039	257061	0.4737164378166199
1039	434728	-0.022182319313287735
1039	328749	-0.06347443908452988
1039	549424	0.17494869232177734
1039	284721	0.019187765195965767
1039	410683	0.04737710952758789
1039	119871	0.000885712041053921
1039	285249	0.14035797119140625
1039	275524	0.10463777184486389
1039	243783	0.15894794464111328
1039	184400	0.02578003890812397
1039	197203	0.1185799166560173
1039	497252	0.12898215651512146
1039	539231	0.16001252830028534
1039	88164	-0.0005057977396063507
1039	276583	-0.02371671237051487
1039	60534	0.01819155551493168
1039	224382	0.3453373312950134
1039	151061	0.35612303018569946
1039	290438	0.0626436322927475
1039	362638	0.005454021506011486
1039	77459	0.0646858662366867
1039	424087	0.17772427201271057
1039	382624	0.1303902417421341
1039	260939	0.06562197208404541
1039	11947	0.02053862065076828
1039	424630	0.1946166306734085
1039	550584	0.13808156549930573
1039	365753	0.18275834619998932
1039	512708	0.04309830442070961
1039	203973	0.1154492124915123
1039	37062	0.016722390428185463
1039	149713	0.0025968868285417557
1039	234195	0.09762360900640488
1039	311513	0.12937898933887482
1039	233695	0.07385347783565521
1039	402153	-0.012636683881282806
1039	13548	0.05228082463145256
1039	295673	0.18253518640995026
1039	443348	0.10145639628171921
1039	12030	0.052665166556835175
1039	109940	0.06402628123760223
1039	358157	-0.04473568871617317
1039	157457	0.03866759315133095
1039	125205	0.6048987507820129
1039	34583	0.020971544086933136
1039	263450	0.12352649122476578
1039	367394	0.14598292112350464
1039	121141	-0.014878722839057446
1039	108255	0.06859671324491501
1039	103733	0.1342519223690033
1039	135490	0.15178731083869934
1039	492357	0.1476326435804367
1039	32075	-0.010605127550661564
1039	183633	0.5540130138397217
1039	266066	0.07049692422151566
1039	192374	-0.0008091369527392089
1039	389467	-0.0037862483877688646
1039	35178	0.016722390428185463
1039	395631	0.12649594247341156
1039	477044	0.07577155530452728
1039	488310	0.05079718306660652
1039	157048	0.12917767465114594
1039	470397	0.07828137278556824
1039	368511	0.09203726053237915
1039	350598	0.07906006276607513
1039	34697	0.016722390428185463
1039	233868	0.1953733265399933
1039	447904	0.12472052127122879
1039	305581	0.040558263659477234
1039	55216	0.1214054599404335
1039	38326	0.16578108072280884
1039	285123	0.041580311954021454
1039	337353	0.5259175300598145
1039	120779	0.14747579395771027
1039	377811	0.20870207250118256
1039	377812	0.4320734143257141
1039	253414	0.09365357458591461
1039	41959	0.06163390725851059
1039	422898	0.3720690608024597
1039	112118	0.22249026596546173
