1134	159744	0.411811888217926
1134	153088	0.12029209733009338
1134	235016	0.13653314113616943
1134	420875	0.17126263678073883
1134	58892	0.08268612623214722
1134	273933	0.6573324799537659
1134	189454	0.04981890320777893
1134	496143	0.13145378232002258
1134	477715	-0.025324920192360878
1134	443925	-0.009439482353627682
1134	47137	0.03770998865365982
1134	12835	0.04631458595395088
1134	301606	0.16932494938373566
1134	313391	0.1313718855381012
1134	311862	0.10175911337137222
1134	301624	0.25561943650245667
1134	45628	0.8281627893447876
1134	183873	0.05430511385202408
1134	501831	0.2128543108701706
1134	313929	0.11288581043481827
1134	362062	0.01019695121794939
1134	246797	0.1696348488330841
1134	218197	0.059181004762649536
1134	107614	0.01818886026740074
1134	378980	0.1881905347108841
1134	46187	0.6990116834640503
1134	474741	0.8281627893447876
1134	240149	-0.0117463618516922
1134	307852	0.07493477314710617
1134	50836	0.07997317612171173
1134	362140	-0.014741268008947372
1134	9374	0.13295651972293854
1134	389282	0.05300333723425865
1134	116909	0.5544949173927307
1134	68782	0.10018270462751389
1134	560301	0.14280803501605988
1134	94899	0.10766356438398361
1134	555701	0.07661028951406479
1134	520381	0.14788568019866943
1134	222401	0.20112824440002441
1134	272673	0.07909300923347473
1134	345297	0.06259197741746902
1134	544478	0.057638391852378845
1134	164066	0.08254055678844452
1134	146659	0.03274776041507721
1134	185553	0.15322142839431763
1134	374738	0.008807806298136711
1134	348407	0.18551795184612274
1134	189689	0.12374010682106018
1134	372475	0.18430759012699127
1134	177410	0.7450993061065674
1134	375557	0.01781860552728176
1134	311061	0.052160464227199554
1134	165657	0.06408308446407318
1134	401694	0.6140341758728027
1134	378657	0.08181284368038177
1134	98597	0.08808992803096771
1134	383271	0.12096258997917175
1134	363230	0.014979823492467403
1134	232757	0.03890395164489746
1134	297811	0.18694235384464264
1134	248660	0.3634110987186432
1134	437594	0.11873683333396912
1134	159598	0.12660326063632965
1134	305522	0.13875384628772736
1134	319351	0.06505295634269714
1134	301948	0.3433964252471924
1134	327040	0.039393845945596695
1134	311172	-0.008403540588915348
1134	555401	0.01826781965792179
1134	310155	0.11293691396713257
1134	488336	0.17889244854450226
1134	555928	0.11681994050741196
1134	383378	0.14734315872192383
1134	250772	-0.022606689482927322
1134	309141	0.03791717067360878
1134	379288	0.11123476177453995
1134	320925	0.18737027049064636
1134	316319	0.05208931863307953
1134	527780	-0.029630938544869423
1134	389276	0.06558064371347427
1134	495030	0.15766997635364532
1134	495032	0.12162931263446808
1134	555455	0.06768791377544403
1134	261056	-0.003872097935527563
1134	75713	0.24730649590492249
1134	383432	0.1433504968881607
1134	127438	0.004852126818150282
1134	534481	0.7957134246826172
1134	216018	0.06018172577023506
1134	75731	0.13725367188453674
1134	389595	0.04413147643208504
1134	153082	0.22347566485404968
1134	42468	0.21421568095684052
1134	158187	0.40278196334838867
1134	511980	0.6021922826766968
1134	490480	0.08508706837892532
1134	311793	0.05955607816576958
1134	311794	0.09724966436624527
1134	457555	0.1904725581407547
1134	180218	-0.014067297801375389
1134	271868	0.033746615052223206
1134	191997	0.05674542486667633
