1157	558594	0.0012285831617191434
1157	571907	0.16357535123825073
1157	305410	0.04079941287636757
1157	218128	0.010658006183803082
1157	371730	0.060206443071365356
1157	37891	-0.01755993813276291
1157	242204	0.06017928197979927
1157	312353	0.1828990876674652
1157	193573	0.07562840729951859
1157	529449	0.21241967380046844
1157	198186	0.054673321545124054
1157	28716	0.14922451972961426
1157	41009	0.06805150955915451
1157	172594	-0.005284779239445925
1157	321589	0.09060017019510269
1157	60982	0.2888215184211731
1157	527419	0.22947539389133453
1157	249404	0.1677781641483307
1157	222788	0.1598508059978485
1157	463945	0.05766633525490761
1157	550989	0.31276625394821167
1157	327762	0.03486934304237366
1157	431703	0.12671473622322083
1157	361560	0.17993396520614624
1157	273082	0.04885469004511833
1157	121961	0.009877187199890614
1157	563308	0.37177106738090515
1157	259695	0.04460330680012703
1157	59509	0.1284353882074356
1157	62582	0.40241891145706177
1157	109181	0.31856584548950195
1157	420501	0.07086267322301865
1157	413343	0.1762062907218933
1157	73891	0.282204270362854
1157	389283	0.07135383784770966
1157	442022	0.15569475293159485
1157	280232	0.11653516441583633
1157	378546	0.03431310877203941
1157	240823	0.11283052712678909
1157	145594	0.055002279579639435
1157	302779	0.43730396032333374
1157	507077	0.23790188133716583
1157	54984	0.2922249138355255
1157	472782	-0.016468791291117668
1157	364753	0.1175023689866066
1157	232160	0.3008292317390442
1157	270564	0.24593521654605865
1157	270573	0.07156357169151306
1157	377071	0.21894362568855286
1157	37107	-0.01755993813276291
1157	168181	0.0911652222275734
1157	404226	0.09809426963329315
1157	137772	0.09260464459657669
1157	389905	0.007689621765166521
1157	391956	0.1687575727701187
1157	3870	0.14047950506210327
1157	91697	0.16097767651081085
1157	181029	0.16118305921554565
1157	97574	0.17333422601222992
1157	561959	0.09585396945476532
1157	392495	0.10328799486160278
1157	456498	0.2739558815956116
1157	374070	0.07796261459589005
1157	531770	0.14254315197467804
1157	457540	0.080100417137146
1157	526150	0.15501420199871063
1157	266568	0.1430879384279251
1157	462665	0.0384233258664608
1157	63547	0.3361363708972931
1157	402276	0.09084230661392212
1157	232805	0.12403730303049088
1157	529259	0.03244869410991669
1157	267630	0.09643539041280746
1157	267122	0.09211850166320801
1157	191861	0.08130181580781937
1157	199546	0.2335880696773529
1157	198016	0.24379120767116547
1157	130433	0.0681687593460083
1157	358788	-0.04269353672862053
1157	94087	0.1310194730758667
1157	211524	0.1411478966474533
1157	189341	-0.01792907528579235
1157	427425	0.05064721405506134
1157	140708	0.06993933767080307
1157	175526	0.0976988673210144
1157	462766	0.3037027418613434
1157	222641	0.26323509216308594
1157	267187	0.04335733875632286
1157	312756	0.27378135919570923
1157	75201	0.11317816376686096
1157	266657	0.11749661713838577
1157	381387	0.45395365357398987
1157	540114	0.05330544337630272
1157	267219	0.06556934118270874
1157	478677	0.014814062044024467
1157	242159	0.04669688269495964
1157	494580	0.07037274539470673
1157	78846	0.15379832684993744
