1216	536580	0.36024364829063416
1216	232453	0.4227742552757263
1216	160262	0.3456515967845917
1216	160265	0.3276023268699646
1216	229898	0.4000086486339569
1216	286221	0.5945000052452087
1216	230415	0.3093375861644745
1216	346129	0.30877143144607544
1216	22035	0.22432179749011993
1216	179221	0.251424640417099
1216	179222	0.251424640417099
1216	378396	0.2948719263076782
1216	49181	0.2561300992965698
1216	184359	0.09638220071792603
1216	132137	0.488360732793808
1216	285227	0.22052466869354248
1216	357424	0.19133467972278595
1216	294963	-0.006896865554153919
1216	195082	0.07158469408750534
1216	292427	0.3042702376842499
1216	98892	0.26104092597961426
1216	352846	0.136154904961586
1216	337495	0.35225680470466614
1216	100441	0.5124116539955139
1216	149594	0.35150548815727234
1216	352865	0.33759456872940063
1216	411247	0.3391777276992798
1216	352887	0.33759456872940063
1216	158840	0.50006103515625
1216	234625	0.30766624212265015
1216	162434	0.09034735709428787
1216	39043	-0.010492528788745403
1216	194582	0.4135320782661438
1216	352404	0.3688812553882599
1216	161432	0.35940998792648315
1216	391833	0.04586299881339073
1216	400026	0.07213131338357925
1216	305307	0.38581961393356323
1216	434845	0.4813033938407898
1216	304800	0.29820096492767334
1216	234658	0.3860897421836853
1216	419495	0.39496663212776184
1216	164524	0.39426809549331665
1216	171181	0.08659277856349945
1216	200878	0.462595671415329
1216	235185	0.3288484513759613
1216	391866	0.18550211191177368
1216	355009	0.27795925736427307
1216	401603	0.5273644924163818
1216	488644	0.5252425074577332
1216	556742	0.1358327567577362
1216	425164	0.3240644037723541
1216	379598	0.2692699432373047
1216	207569	0.4124488830566406
1216	526565	0.3977593183517456
1216	21736	0.4146932065486908
1216	212721	0.18665723502635956
1216	12534	0.30571484565734863
1216	455418	0.3852140009403229
1216	78590	0.258745402097702
1216	12546	0.4577144682407379
1216	516364	0.12390217930078506
1216	96525	0.38979578018188477
1216	144659	0.3196580111980438
1216	167706	0.3839157223701477
1216	183079	0.3061496317386627
1216	318760	0.2252388298511505
1216	272682	0.34863677620887756
1216	390707	0.14935186505317688
1216	78133	0.06492084264755249
1216	324270	0.019086280837655067
1216	269118	0.2827989161014557
1216	87367	0.312298059463501
1216	378699	0.38720405101776123
1216	345932	0.3931518495082855
1216	553297	0.41073834896087646
1216	345428	0.15255707502365112
1216	568158	0.613159716129303
1216	457077	0.04384096339344978
1216	281975	0.3928748369216919
1216	72568	0.2401486039161682
1216	416638	0.17622904479503632
1216	559488	0.21752460300922394
1216	49539	0.19545890390872955
1216	293255	0.2986535131931305
1216	348552	0.3520147204399109
1216	53134	0.23652400076389313
1216	351119	0.13871802389621735
1216	60304	0.2622140049934387
1216	440214	0.08011685311794281
1216	30620	0.54518723487854
1216	203930	0.048823002725839615
1216	480158	0.29155540466308594
1216	345506	0.21327030658721924
1216	565164	0.26369693875312805
1216	550814	0.317307710647583
1216	31180	0.3188570737838745
1216	349135	0.44118019938468933
1216	378832	0.3484953045845032
1216	225240	0.00381712825037539
1216	119774	0.05799423158168793
1216	270310	0.3450317680835724
1216	47090	0.0534852035343647
1216	220147	0.3699756860733032
1216	194554	0.49025753140449524
1216	179198	0.07303322106599808
1216	387071	0.1258450746536255
