1376	217603	0.5444089770317078
1376	579079	0.18040980398654938
1376	573048	0.5680990219116211
1376	238602	0.7091304659843445
1376	450190	0.61973637342453
1376	132754	0.7307403683662415
1376	541844	0.23752272129058838
1376	380054	0.5909011363983154
1376	380055	0.7309132218360901
1376	425763	0.6384875178337097
1376	567580	0.24808569252490997
1376	113310	0.5777284502983093
1376	337386	0.4829252064228058
1376	438179	0.07414264976978302
1376	513061	0.6264397501945496
1376	372135	0.6393183469772339
1376	450216	0.4641868472099304
1376	132653	0.007811803836375475
1376	29102	0.16831670701503754
1376	132655	0.35976162552833557
1376	106288	0.5494878888130188
1376	5171	0.5712389349937439
1376	438174	0.07414264976978302
1376	356689	0.49530893564224243
1376	277727	0.6483741998672485
1376	114257	0.48446813225746155
1376	572609	0.6801083087921143
1376	173123	0.38044100999832153
1376	329668	0.7383338809013367
1376	132805	0.7307403683662415
1376	424136	0.531395673751831
1376	424137	0.531395673751831
1376	132555	0.35656940937042236
1376	410575	0.6145056486129761
1376	337105	0.5995948910713196
1376	410578	0.6145056486129761
1376	286675	0.6737988591194153
1376	473779	0.5826104283332825
1376	522841	0.40956589579582214
1376	430170	0.529890239238739
1376	344540	0.6686995625495911
1376	132645	0.35976162552833557
1376	578929	0.41174352169036865
1376	213091	0.5608760714530945
1376	551015	0.4116007089614868
1376	283242	0.6433918476104736
1376	217620	0.6067359447479248
1376	176637	0.6408274173736572
1376	21489	0.6963992118835449
1376	287987	0.5353527665138245
1376	287990	0.5121749639511108
1376	476023	0.4300987422466278
1376	160632	0.6288995146751404
1376	78329	0.7298316955566406
1376	392058	0.601629912853241
1376	286843	0.6097793579101562
1376	551036	0.3725055456161499
1376	551037	0.37929680943489075
1376	367246	0.5987279415130615
