140	371719	0.032623328268527985
140	510998	0.11413807421922684
140	93211	0.034201137721538544
140	38320	0.0008592959493398666
140	269354	-0.08748409152030945
140	34861	0.0008592959493398666
140	268334	0.11032421141862869
140	560177	0.18103644251823425
140	74291	0.049948569387197495
140	400952	0.1335785686969757
140	86073	0.5122525095939636
140	407619	0.16194859147071838
140	5700	0.08174819499254227
140	59465	0.07232106477022171
140	108115	0.1561344861984253
140	188003	0.10392085462808609
140	500326	0.15421760082244873
140	137318	0.02738901786506176
140	149095	0.0008592959493398666
140	258672	0.1310635358095169
140	7285	0.4455294609069824
140	32888	0.0008592959493398666
140	85627	0.5561831593513489
140	489088	0.1379109025001526
140	384651	0.062432702630758286
140	291986	0.08620966225862503
140	202387	0.03957006707787514
140	135832	-0.012444150634109974
140	197789	0.038188762962818146
140	210078	0.08642895519733429
140	423536	0.12132494896650314
140	224934	0.12839645147323608
140	299690	0.08110091835260391
140	315062	0.19751419126987457
140	302268	0.20925135910511017
140	233665	0.019463617354631424
140	197826	0.07703288644552231
140	163533	0.0008592959493398666
140	555731	0.06955531239509583
140	36572	0.0008592959493398666
140	395997	0.049948569387197495
140	34529	0.0008592959493398666
140	433890	0.05398505553603172
140	138470	0.022765880450606346
140	366828	-0.030759910121560097
140	226349	0.23622792959213257
140	419055	0.0008592959493398666
140	385779	0.08591412752866745
140	347892	0.13507966697216034
140	157432	0.08895507454872131
140	112596	0.07316692173480988
140	399099	0.15576624870300293
140	520958	0.11590785533189774
140	201983	0.19609081745147705
140	255751	0.03703758120536804
140	533261	0.11233974248170853
140	419087	0.051100537180900574
140	28445	0.14172042906284332
140	59459	0.10735694319009781
140	150834	0.05263419449329376
140	305968	0.050526879727840424
140	471346	0.027351628988981247
140	36149	0.0008592959493398666
140	143158	-0.026685122400522232
140	549687	0.11733075976371765
140	330558	-0.04983637481927872
140	114498	0.008396007120609283
140	298310	0.0008592959493398666
140	376647	0.08202754706144333
140	382800	0.03619454801082611
140	85332	0.5111658573150635
140	527702	-0.03674886003136635
140	406881	0.12401929497718811
140	392551	0.20262160897254944
140	158569	0.10119424760341644
140	166770	0.004473675042390823
140	74108	0.06932542473077774
140	183679	0.451691210269928
140	210308	0.038436222821474075
140	162195	0.028407162055373192
140	119705	0.27162426710128784
140	11503	0.07882136106491089
140	356254	-0.01071940641850233
140	132515	0.3081666827201843
140	83365	0.318736732006073
140	446883	0.07393541932106018
140	150958	-0.013905316591262817
140	199599	0.02364821545779705
140	87472	0.15366408228874207
140	323004	0.1377025842666626
140	188358	0.17295995354652405
140	34465	0.0008592959493398666
140	8654	0.05119435116648674
140	55761	0.11332390457391739
140	285603	0.0008592959493398666
140	382420	0.054807644337415695
140	131030	-0.012533190660178661
140	345052	0.16836871206760406
140	335743	0.43089452385902405
140	72680	0.05672729015350342
140	562161	0.13830749690532684
140	34803	0.12488958239555359
140	560119	0.18931806087493896
140	34810	0.000859362946357578
140	392191	0.07655990868806839
