1488	558603	0.5110422968864441
1488	337497	0.3841989040374756
1488	113180	0.7795255780220032
1488	64032	0.7002953290939331
1488	337449	0.6158878207206726
1488	108589	0.49059435725212097
1488	576559	0.6610264182090759
1488	65078	0.46859702467918396
1488	506939	0.5319502353668213
1488	108605	0.5876503586769104
1488	84343	0.5418150424957275
1488	517704	0.45039108395576477
1488	545356	0.6211296916007996
1488	287822	0.5764123201370239
1488	156239	0.6189078688621521
1488	45650	0.561016857624054
1488	28757	0.34505271911621094
1488	28761	0.35094013810157776
1488	28762	0.29146870970726013
1488	65627	0.6970363259315491
1488	199099	0.44696539640426636
1488	68198	0.7155795693397522
1488	66151	0.6357741951942444
1488	558696	0.4890751242637634
1488	69563	0.45089390873908997
1488	435824	0.35431501269340515
1488	558705	0.5617287755012512
1488	215681	0.38299235701560974
1488	290953	0.35899296402931213
1488	45203	0.6811124682426453
1488	285845	0.7197408676147461
1488	522903	0.38902100920677185
1488	64667	0.6121320724487305
1488	558748	0.3525239825248718
1488	43685	0.858878493309021
1488	251558	0.28015896677970886
1488	43687	0.6291874051094055
1488	238761	0.3879273235797882
1488	572077	0.6093491911888123
1488	67764	0.4324035048484802
1488	464566	0.4037322998046875
1488	53434	0.48746785521507263
1488	450752	0.23208582401275635
1488	199200	0.4220615029335022
1488	19652	0.6790010929107666
1488	339659	0.7376601696014404
1488	457932	0.5286491513252258
1488	63703	0.6602497696876526
1488	514779	0.45819324254989624
1488	574181	0.3533971607685089
1488	516842	0.31804120540618896
1488	558973	0.512550950050354
1488	514800	0.47741687297821045
1488	580346	0.5544400811195374
1488	64763	0.7773872017860413
1488	104710	0.5903586745262146
1488	558855	0.48880305886268616
1488	427784	0.4142879545688629
1488	127703	0.4695024788379669
1488	115483	0.4444849491119385
1488	144678	0.3797944188117981
1488	376627	0.7684061527252197
1488	64308	0.6527922749519348
1488	125750	0.47317662835121155
1488	558729	0.1837308257818222
1488	198972	0.5539010167121887
1488	517438	0.4849037528038025
1488	251711	0.5769930481910706
1488	108598	0.36017554998397827
1488	93008	0.3686489760875702
1488	66391	0.7155795693397522
1488	333674	0.7942218780517578
1488	336752	0.47251448035240173
1488	515446	0.5612282156944275
1488	13856	0.5441560745239258
1488	333690	0.5821496248245239
1488	198975	0.691599428653717
1488	93565	0.44762173295021057
1488	312704	0.5312684178352356
1488	569218	0.8497121334075928
1488	201603	0.7600743174552917
1488	199045	0.5394755601882935
1488	27018	0.58526611328125
1488	199051	0.3935495615005493
1488	199052	0.5984410643577576
1488	498574	0.5303817987442017
1488	514964	0.4526391625404358
1488	229271	0.8683450818061829
1488	343449	0.7376601696014404
1488	384922	0.4799715578556061
1488	384928	0.34464871883392334
1488	516004	0.4093005061149597
1488	335783	0.4680008590221405
1488	25517	0.05604957789182663
1488	63417	0.7299754619598389
1488	343995	0.5389760136604309
1488	565190	0.427433043718338
1488	66503	0.6390790343284607
1488	565193	0.4400179982185364
1488	563658	0.5044389367103577
1488	39884	0.563011109828949
1488	577999	0.378170907497406
1488	88529	0.30897799134254456
1488	64375	0.7246597409248352
1488	199076	0.6011501550674438
1488	65016	0.5724227428436279
1488	112639	0.5466200709342957
