162	580096	0.37259185314178467
162	447496	-0.00043252206523902714
162	219147	0.15562909841537476
162	450065	0.0826905369758606
162	417812	0.029015574604272842
162	141347	0.05171471834182739
162	475693	0.19476057589054108
162	451631	0.055163417011499405
162	429616	0.029378466308116913
162	549958	0.06889950484037399
162	240199	0.021544435992836952
162	302675	0.14582352340221405
162	311381	0.11426486074924469
162	485996	0.21807420253753662
162	107629	0.285867303609848
162	17519	0.08732163161039352
162	236663	0.1166556179523468
162	460931	0.3100563883781433
162	359046	0.05420076474547386
162	485997	0.045668963342905045
162	109712	0.04742532595992088
162	373914	-0.012341507710516453
162	312998	0.04060515761375427
162	427688	0.09504425525665283
162	373930	0.03663981705904007
162	429741	0.02689511515200138
162	428208	0.050121009349823
162	311993	0.35459229350090027
162	241857	0.11454801261425018
162	266434	0.028440942987799644
162	72900	0.064605712890625
162	130762	0.29943346977233887
162	472781	0.08077672868967056
162	241869	0.10351260751485825
162	555224	0.13023243844509125
162	483034	0.20788274705410004
162	446695	0.13387499749660492
162	452334	0.16696621477603912
162	174831	0.4338272213935852
162	312050	0.5360403656959534
162	555251	0.22374314069747925
162	138485	0.019450915977358818
162	439031	0.08233145624399185
162	222460	0.09122690558433533
162	72456	0.05419066175818443
162	247939	0.17966808378696442
162	219418	0.06393486261367798
162	555226	0.10753456503152847
162	533288	0.0927482470870018
162	5431	0.06848200410604477
162	480568	0.18185678124427795
162	469819	0.03825429826974869
162	394055	-0.034291449934244156
162	190287	0.04755517840385437
162	414546	0.028448069468140602
162	580445	0.733264148235321
162	457570	0.11766644567251205
162	463213	0.020983804017305374
162	534898	0.0808405727148056
162	40339	0.08245745301246643
162	528265	0.20364320278167725
162	373648	0.032723668962717056
162	120211	0.1552392542362213
162	76181	0.07481565326452255
162	565144	0.168875053524971
162	146330	-0.028654873371124268
162	40431	0.2531345784664154
162	464290	0.13075251877307892
162	242088	0.11388317495584488
162	175028	0.4301493167877197
162	562103	0.026254799216985703
162	394183	0.02669188193976879
162	560073	0.1314963400363922
162	326090	0.08279608935117722
162	482256	0.02612944319844246
162	489677	0.07558728009462357
162	32725	0.005681825336068869
162	149975	0.06080160662531853
162	473566	0.14356140792369843
162	228319	0.05888356268405914
162	144874	0.08933999389410019
162	40428	0.35566994547843933
162	483310	0.19455400109291077
162	315887	0.06542572379112244
162	127475	0.03265943378210068
162	253947	0.035848602652549744
