1686	368644	0.10869016498327255
1686	271369	0.12372414022684097
1686	203450	0.049936722964048386
1686	506383	0.6405501365661621
1686	367126	-0.006533853244036436
1686	310303	0.06306953728199005
1686	212002	-0.019652139395475388
1686	485413	0.013652695342898369
1686	468518	0.03254857659339905
1686	429623	-0.03240407630801201
1686	332859	-0.0019360148580744863
1686	395838	0.10432761162519455
1686	495167	0.10724040120840073
1686	519233	-0.045456260442733765
1686	306246	0.20212575793266296
1686	70223	0.2729538679122925
1686	322646	0.10258213430643082
1686	100957	0.013016053475439548
1686	90207	-0.031358081847429276
1686	477281	-0.05907248333096504
1686	478311	0.03295261412858963
1686	200812	0.07540595531463623
1686	274542	0.010876666754484177
1686	326767	0.04613884910941124
1686	476786	-0.03245004639029503
1686	303223	0.0754757896065712
1686	552068	0.05159558728337288
1686	579206	-0.11885695904493332
1686	70283	0.15190322697162628
1686	538767	-0.011826510541141033
1686	247445	-0.02187817543745041
1686	387744	0.07065167278051376
1686	54951	-0.020232049748301506
1686	167595	-0.02548421360552311
1686	471731	0.04684758186340332
1686	414390	-0.02168494276702404
1686	435383	0.07135648280382156
1686	435385	0.05393260717391968
1686	236228	0.05197126790881157
1686	70343	0.18591627478599548
1686	145096	-0.03324752300977707
1686	508617	0.10118141770362854
1686	411864	-0.027311908081173897
1686	292573	0.05356934666633606
1686	59615	0.02713492512702942
1686	470763	0.1303952932357788
1686	486140	-0.05222491919994354
1686	526378	0.2541104257106781
1686	190211	-0.013007711619138718
1686	414478	0.02489953301846981
1686	102177	0.060620203614234924
1686	452394	0.03451964259147644
1686	105263	0.09987621009349823
1686	35644	-0.035229943692684174
1686	57483	0.048500604927539825
1686	489797	-0.07118494063615799
1686	457547	0.0298458319157362
1686	423756	0.02881598472595215
1686	456533	0.02660485729575157
1686	236603	-0.06200718507170677
1686	516965	-0.021443529054522514
1686	484200	0.0432361401617527
1686	160116	0.027819057926535606
1686	460150	-0.0499243438243866
1686	295292	-0.028927600011229515
1686	437119	0.037020593881607056
1686	386283	-0.0007257015095092356
1686	486790	0.025342628359794617
1686	212360	0.08068229258060455
1686	409068	0.005968116689473391
1686	486796	0.0343184694647789
1686	233358	-0.006856338586658239
1686	555408	0.018400156870484352
1686	469399	-0.021030182018876076
1686	77212	-0.040892381221055984
1686	243103	-0.06500107049942017
1686	232352	-0.010024073533713818
1686	228266	0.05749017000198364
1686	189868	-0.03348304703831673
1686	36280	-0.035229943692684174
1686	228291	-0.00015109778905753046
1686	283094	0.042461663484573364
1686	70615	0.056367672979831696
1686	151001	-0.009389934130012989
1686	271951	0.07629954814910889
1686	131047	-0.004418724682182074
1686	306155	0.056428540498018265
1686	137710	-0.01882469654083252
1686	495602	0.09579673409461975
1686	365170	0.022314706817269325
1686	134139	0.08304117619991302
1686	520189	0.01637074165046215
