1862	343808	0.749602198600769
1862	359681	0.7014785408973694
1862	567683	0.7167568206787109
1862	281017	0.6298865675926208
1862	264841	0.5410131812095642
1862	259382	0.5864385962486267
1862	251023	0.8158408999443054
1862	166928	0.06387848407030106
1862	375185	0.519493043422699
1862	176275	0.9999999403953552
1862	580372	0.7871385216712952
1862	341653	0.7032949328422546
1862	14614	0.6151089072227478
1862	251288	0.5349619388580322
1862	358682	0.601391077041626
1862	548891	0.6005173325538635
1862	239132	0.7339750528335571
1862	542490	0.7288040518760681
1862	158238	0.7560467720031738
1862	158239	0.7560467720031738
1862	396449	0.7288040518760681
1862	72431	0.3210757076740265
1862	257887	0.7222954034805298
1862	142876	0.7116419672966003
1862	385597	0.907857358455658
1862	509227	0.5158963203430176
1862	80428	0.7719555497169495
1862	388526	0.4241679012775421
1862	265904	0.4721749424934387
1862	397427	0.7725319266319275
1862	45620	0.7288040518760681
1862	164021	0.6991270184516907
1862	177078	0.5648285150527954
1862	211768	0.7007542848587036
1862	359353	0.7288040518760681
1862	339642	0.7599387168884277
1862	454649	0.717608630657196
1862	357437	0.06387848407030106
1862	274623	0.7725319266319275
1862	316736	0.2744332253932953
1862	73029	0.9999999403953552
1862	578145	0.0667450800538063
1862	477896	0.38429269194602966
1862	334409	0.6939741969108582
1862	324346	0.5243892073631287
1862	360395	0.6380028128623962
1862	288325	0.7782350182533264
1862	324431	0.14517612755298615
1862	558032	0.5954068303108215
1862	435157	0.8770546317100525
1862	196438	0.5327296853065491
1862	44793	0.8535804152488708
1862	307161	0.6478092074394226
1862	541786	0.7846960425376892
1862	491054	0.907857358455658
1862	472157	0.8866704106330872
1862	553950	0.6680958271026611
1862	433887	0.907857358455658
1862	127073	0.5954068303108215
1862	578146	0.0667450800538063
1862	426619	0.8050552606582642
1862	473061	0.10566265136003494
1862	552806	0.31260523200035095
1862	315195	0.45930054783821106
1862	541817	0.6334263682365417
1862	74477	0.39826372265815735
1862	342511	0.7753281593322754
1862	375536	0.3370300531387329
1862	338801	0.5934195518493652
1862	414611	0.7924830913543701
1862	290676	0.733065664768219
1862	338601	0.7085837721824646
1862	290010	0.6456347703933716
1862	342777	0.7934576272964478
1862	541818	0.6131435632705688
1862	106235	0.907857358455658
1862	541822	0.6145943403244019
1862	136917	0.6183513402938843
