189	548864	0.46458080410957336
189	76033	0.4305952489376068
189	338731	0.7684279680252075
189	75396	0.43989887833595276
189	464261	0.688255786895752
189	531216	0.7258791923522949
189	405870	0.7217419743537903
189	501209	0.6104983687400818
189	213791	0.6241905093193054
189	79520	0.21368737518787384
189	60324	0.756264328956604
189	22055	0.05332081764936447
189	228011	0.7969969511032104
189	20524	0.302189439535141
189	398895	0.6090279817581177
189	398896	0.6090279817581177
189	398897	0.6090279817581177
189	192946	0.6011496186256409
189	270131	0.5609986782073975
189	530486	0.5780875086784363
189	289087	0.7217419743537903
189	391616	0.7207279801368713
189	527169	0.7249037623405457
189	69440	0.8416363000869751
189	146870	0.603073000907898
189	3398	0.5655455589294434
189	450504	-0.09832107275724411
189	495313	0.7545032501220703
189	30674	0.8416363000869751
189	335705	0.7843062877655029
189	375008	0.6194092035293579
189	161250	0.6912452578544617
189	228967	0.7969969511032104
189	281961	0.7969969511032104
189	337646	0.7275000214576721
189	152308	0.5966986417770386
189	568951	0.7969968318939209
