1891	100354	0.3999398350715637
1891	26539	0.12529990077018738
1891	498180	0.24805492162704468
1891	377360	0.2804768979549408
1891	353304	0.37373125553131104
1891	286244	0.36024239659309387
1891	462890	0.7062975168228149
1891	158763	0.24107660353183746
1891	201268	0.48048660159111023
1891	316994	0.14546623826026917
1891	139361	0.2991117238998413
1891	539532	0.4103597104549408
1891	412236	0.36520060896873474
1891	415821	0.5542518496513367
1891	518734	0.13998918235301971
1891	160338	0.47802484035491943
1891	277076	0.6761242747306824
1891	323673	0.010250011458992958
1891	187483	0.46290671825408936
1891	214108	0.3961833417415619
1891	306785	0.4013029932975769
1891	142957	0.1281193643808365
1891	316014	0.1799251288175583
1891	411252	0.43223506212234497
1891	325750	0.245283842086792
1891	303246	0.2724924683570862
1891	196243	0.2654207944869995
1891	353428	0.12884430587291718
1891	141973	0.31634557247161865
1891	194715	0.3104436695575714
1891	541341	0.4874102771282196
1891	495265	0.8000534772872925
1891	61091	0.14357583224773407
1891	485028	0.07255138456821442
1891	135333	0.3327793478965759
1891	260381	0.5341854095458984
1891	232120	0.30934736132621765
1891	472763	0.4639436602592468
1891	525505	0.31049126386642456
1891	288962	0.6886454820632935
1891	404679	0.4709059000015259
1891	319176	0.1266227513551712
1891	198857	0.26971593499183655
1891	50891	0.09659519046545029
1891	275663	0.5795213580131531
1891	530644	0.36817342042922974
1891	470742	0.8585608601570129
1891	323802	0.01184704340994358
1891	407930	0.07810895889997482
1891	103148	0.5670316815376282
1891	408301	0.4255501329898834
1891	541422	0.25871741771698
1891	501494	0.4768020808696747
1891	159482	0.4129346013069153
1891	508668	0.32880091667175293
1891	238845	0.7058725953102112
1891	322303	0.172240749001503
1891	489942	0.05938664451241493
1891	398087	0.08265431225299835
1891	519944	0.07368394732475281
1891	252681	0.7362056374549866
1891	399628	0.5097861289978027
1891	554772	0.44950127601623535
1891	334102	0.7408260703086853
1891	121623	0.41511693596839905
1891	494877	0.3653120696544647
1891	502054	0.5436108708381653
1891	179495	0.16675813496112823
1891	140595	0.3321788012981415
1891	373048	0.13539953529834747
1891	318791	0.03941834717988968
1891	145225	0.4967685043811798
1891	328525	0.34922322630882263
1891	315734	0.03941834717988968
1891	395097	0.19249653816223145
1891	158049	0.32880136370658875
1891	286062	0.44291871786117554
1891	428911	0.25679510831832886
1891	51091	0.0657440647482872
1891	436596	0.3509303033351898
1891	209784	0.15123963356018066
1891	354682	0.731361985206604
1891	161662	0.7864001989364624
1891	112238	0.3964458405971527
1891	243586	0.7079199552536011
1891	309643	0.334319531917572
1891	194956	0.769486129283905
1891	201106	0.3066166937351227
1891	430483	0.3714466094970703
1891	341397	0.7593098878860474
1891	343448	0.2269664853811264
1891	352153	0.5269890427589417
1891	149924	0.14895497262477875
1891	133030	0.3858555257320404
1891	410536	0.2247718721628189
1891	410537	0.2247718721628189
1891	146859	0.5966910719871521
1891	475574	0.3964743912220001
1891	376766	0.28622356057167053
1891	502433	0.8846194744110107
1891	450505	0.31636786460876465
1891	552396	0.7010602951049805
1891	519632	0.7843790650367737
1891	519633	0.4631515443325043
1891	365526	0.5278830528259277
1891	365533	0.3725740909576416
1891	1504	0.5414378643035889
