2049	434689	0.3184010088443756
2049	317957	0.1800343543291092
2049	179628	0.058845195919275284
2049	493585	0.7684811353683472
2049	12306	0.1766481101512909
2049	357405	0.06431757658720016
2049	21537	0.8670029044151306
2049	394274	0.09745106846094131
2049	312357	0.12292538583278656
2049	562099	0.08238391578197479
2049	35384	-0.0010522884549573064
2049	58939	0.20055218040943146
2049	486325	0.05225534737110138
2049	264258	0.2884131371974945
2049	128068	0.04755412042140961
2049	552019	0.02130080759525299
2049	52834	0.10116986930370331
2049	442983	-0.010903723537921906
2049	445548	0.19698397815227509
2049	389748	0.08677033334970474
2049	357495	0.06431757658720016
2049	292985	0.10466640442609787
2049	273542	0.37666553258895874
2049	320648	0.1800343543291092
2049	489068	0.020951732993125916
2049	212112	0.22010570764541626
2049	432280	0.06398232281208038
2049	559769	0.30932047963142395
2049	474784	0.05455522984266281
2049	32931	-0.013734161853790283
2049	447663	0.1425498127937317
2049	502448	0.14078575372695923
2049	245429	0.0919189378619194
2049	363209	0.20654739439487457
2049	447604	0.20260219275951385
2049	460474	0.10246945172548294
2049	97470	0.04870756343007088
2049	556738	0.21743063628673553
2049	414413	0.11303593218326569
2049	442063	0.1284240186214447
2049	556665	0.027772024273872375
2049	442586	0.21472017467021942
2049	283087	0.07261092215776443
2049	349916	0.12239652872085571
2049	57060	0.04249592125415802
2049	88807	0.22323726117610931
2049	102648	0.29803505539894104
2049	137987	0.3830573558807373
2049	254232	0.13889947533607483
2049	130330	0.1318775713443756
2049	282908	0.20250868797302246
2049	220450	0.13245297968387604
2049	172678	0.04470028728246689
2049	254247	0.040666673332452774
2049	368435	0.2207595556974411
2049	201014	0.06189471110701561
2049	63799	0.5224546194076538
2049	403149	0.044019948691129684
2049	545097	0.004972530994564295
2049	73039	0.8728184103965759
2049	261980	0.10250435769557953
2049	186728	0.33031490445137024
2049	539499	0.21947014331817627
2049	248694	0.4964671730995178
2049	323960	0.17345711588859558
2049	427897	0.13087177276611328
2049	427898	0.13423046469688416
2049	281467	0.12397418171167374
2049	391039	0.09014573693275452
2049	94086	0.07717166841030121
2049	177036	0.8728184103965759
2049	481678	0.352586567401886
2049	141713	0.2666374146938324
2049	291730	0.1651773601770401
2049	539031	0.3171134293079376
2049	232346	-0.000326447217958048
2049	126368	0.0919647291302681
2049	243105	0.09901804476976395
2049	485283	0.13174261152744293
2049	77222	0.15656980872154236
2049	171443	0.11446531116962433
2049	160181	0.09413370490074158
2049	61367	0.18006081879138947
2049	304581	0.6934282779693604
2049	434630	0.6608147621154785
2049	32674	0.09663001447916031
2049	392655	0.16402623057365417
2049	201464	0.5884265899658203
2049	302499	0.19760015606880188
2049	442191	0.07062405347824097
2049	212446	0.11552233248949051
2049	173023	0.15699805319309235
2049	58336	0.7137969136238098
2049	530408	0.1696777492761612
2049	318966	0.20046880841255188
2049	478201	0.6048720479011536
