2074	492673	0.8224408030509949
2074	50179	0.41417989134788513
2074	333572	0.622218668460846
2074	268551	0.4893377721309662
2074	331400	0.6652601957321167
2074	25609	0.5509213209152222
2074	462347	0.6629659533500671
2074	365827	0.3104093372821808
2074	551963	0.01889904960989952
2074	331444	0.49889063835144043
2074	229524	0.8224408030509949
2074	542468	0.8224408030509949
2074	231578	0.6304033398628235
2074	432539	0.4848299026489258
2074	432540	0.36477696895599365
2074	238493	0.6928699612617493
2074	66463	0.610589861869812
2074	101152	0.7829248905181885
2074	46369	0.4787266254425049
2074	172059	0.5754725933074951
2074	331684	0.6005762219429016
2074	355621	0.7731707692146301
2074	298407	0.4211283028125763
2074	519978	0.45741137862205505
2074	229767	0.6411229372024536
2074	278960	0.8224408030509949
2074	267569	0.6176096200942993
2074	359346	0.8224408030509949
2074	496052	0.7789019346237183
2074	331445	0.49889063835144043
2074	66489	0.588686466217041
2074	333754	0.710846483707428
2074	355516	0.7037737965583801
2074	49098	0.5371022820472717
2074	435125	0.7721510529518127
2074	469669	0.4559338688850403
2074	66755	0.5653824806213379
2074	26692	0.6801558136940002
2074	188449	0.3583734929561615
2074	266057	0.3411802351474762
2074	339914	0.7447358965873718
2074	560716	0.379965215921402
2074	285646	0.7829248905181885
2074	506322	0.5177446603775024
2074	19798	0.2147296816110611
2074	339159	0.568497359752655
2074	50137	0.37948909401893616
2074	68698	0.6194330453872681
2074	164955	0.3917425870895386
2074	287653	0.4227159917354584
2074	66528	0.5186796188354492
2074	286563	0.7320053577423096
2074	333028	0.09868745505809784
2074	138726	0.7617053985595703
2074	312679	0.3895544707775116
2074	287464	0.4970860183238983
2074	7017	0.1070728451013565
2074	148967	0.4571191370487213
2074	73580	0.5243929028511047
2074	286930	0.5198609232902527
2074	4413	0.16137400269508362
2074	331332	0.5841844081878662
2074	287473	0.7294002175331116
2074	247666	0.8224408030509949
2074	448893	0.5019323229789734
2074	313081	0.3353739082813263
2074	258555	0.4869597554206848
2074	180605	0.4034382700920105
