2174	79362	0.09588436037302017
2174	468490	0.4838770925998688
2174	468491	0.33048224449157715
2174	466447	0.1784558892250061
2174	51118	0.08926080167293549
2174	533014	0.5397545695304871
2174	520221	0.15633316338062286
2174	578082	0.23646174371242523
2174	357414	0.05924569442868233
2174	66602	0.3174177408218384
2174	571997	0.07033615559339523
2174	574005	0.1014183908700943
2174	533050	0.31365102529525757
2174	333888	0.44233790040016174
2174	323142	0.15793205797672272
2174	120391	0.20852603018283844
2174	201810	0.26096224784851074
2174	195667	0.21523481607437134
2174	249429	-0.035981837660074234
2174	519354	0.19901661574840546
2174	372321	0.08366519957780838
2174	382056	0.09121307730674744
2174	248425	0.13045057654380798
2174	248426	0.08444392681121826
2174	563821	0.23792846500873566
2174	91758	0.07462549209594727
2174	565363	0.17516012489795685
2174	334452	0.3357178270816803
2174	142453	0.11733224242925644
2174	315511	0.212286576628685
2174	299640	0.24638038873672485
2174	515007	0.17903225123882294
2174	540802	0.12905430793762207
2174	49796	0.08599261194467545
2174	290949	0.03864298015832901
2174	568172	0.06196589395403862
2174	255114	0.03746236488223076
2174	570519	0.19641393423080444
2174	519331	0.22169117629528046
2174	25263	0.1487044245004654
2174	63162	0.2514890432357788
2174	415936	0.10658847540616989
2174	335553	0.4099036753177643
2174	108738	0.0332101546227932
2174	249027	0.25383874773979187
2174	551624	0.14211532473564148
2174	556237	0.10152989625930786
2174	343246	0.32255974411964417
2174	248527	0.2916332483291626
2174	79569	0.13398146629333496
2174	529123	0.0375942662358284
2174	471269	0.07806221395730972
2174	532713	0.10076385736465454
2174	113899	0.1261446177959442
2174	1777	0.18430109322071075
2174	274166	0.08982996642589569
2174	573702	0.02526220865547657
2174	19720	0.30114051699638367
2174	367369	0.10477854311466217
2174	571667	0.11765413731336594
2174	422680	0.4695458710193634
2174	538907	0.21497051417827606
2174	579868	0.1609274297952652
2174	400673	0.1006038635969162
2174	454454	0.06086770072579384
2174	566584	0.019740324467420578
2174	59193	0.050409190356731415
2174	211774	0.08513196557760239
2174	211776	0.14161238074302673
2174	151876	0.12425807863473892
2174	51028	0.14191947877407074
2174	439643	0.166311115026474
2174	126306	0.06525997817516327
2174	466790	0.17497219145298004
2174	334700	0.30877983570098877
2174	569746	0.15557733178138733
2174	20339	0.2900015115737915
2174	206710	0.35494884848594666
2174	181993	0.08629340678453445
2174	296828	0.2481352835893631
2174	197502	0.10328059643507004
2174	566144	0.2087685763835907
2174	249067	0.2137632966041565
2174	563592	0.047058504074811935
2174	11154	0.2646902799606323
2174	174485	0.1399429589509964
2174	67992	0.3261260390281677
2174	39843	0.13214649260044098
2174	422309	0.1360062211751938
2174	66983	0.33830493688583374
2174	531374	0.34506842494010925
2174	334256	0.3915877938270569
2174	52659	0.3373583257198334
2174	427959	0.04494205489754677
2174	410041	0.15520842373371124
2174	529338	0.3047354221343994
2174	334779	0.3047082722187042
2174	102332	0.10332357883453369
2174	342973	0.45387259125709534
2174	327615	0.4390012323856354
2174	223687	0.26804929971694946
2174	529352	0.18668828904628754
2174	223695	0.11349420994520187
2174	511956	0.08011546730995178
2174	516057	0.06940519064664841
2174	180196	0.15182912349700928
2174	516583	0.0963236391544342
2174	272879	0.467846542596817
2174	18425	0.22818326950073242
