2274	560129	0.12304481118917465
2274	83467	0.5027223229408264
2274	83981	0.08370080590248108
2274	546324	0.07745175808668137
2274	394783	0.07441086322069168
2274	196640	0.30615344643592834
2274	355163	0.048857182264328
2274	148006	0.11012669652700424
2274	469040	-0.006861870177090168
2274	195633	0.08946876972913742
2274	33972	0.21321214735507965
2274	280671	0.128180593252182
2274	86081	0.6356316208839417
2274	84040	0.7426320910453796
2274	424522	0.37850403785705566
2274	202828	0.5256761312484741
2274	287839	0.6972869634628296
2274	36970	-0.08024647831916809
2274	408692	0.124687559902668
2274	56960	0.08198396861553192
2274	76932	0.12810403108596802
2274	84502	0.08145055919885635
2274	83594	0.20130234956741333
2274	402073	0.06819288432598114
2274	242334	0.16492240130901337
2274	470688	0.10861246287822723
2274	484038	0.15412330627441406
2274	252071	0.051248699426651
2274	490439	0.08193250745534897
2274	400045	0.16516341269016266
2274	16046	0.013960100710391998
2274	86196	0.4379189610481262
2274	448693	0.1232704371213913
2274	83644	0.18655245006084442
2274	85711	-0.08024647831916809
2274	86207	0.4379189610481262
2274	400070	0.13238239288330078
2274	83655	0.23653195798397064
2274	85714	0.006066979840397835
2274	11991	0.09130590409040451
2274	431323	0.10676505416631699
2274	83167	0.2106591910123825
2274	485089	0.08021864295005798
2274	532707	0.3653261065483093
2274	550632	0.32777172327041626
2274	466673	0.24979214370250702
2274	257779	0.7625957131385803
2274	82676	0.1733740121126175
2274	481537	0.1497361958026886
2274	217875	0.1452840268611908
2274	535831	0.09072349220514297
2274	254238	0.23005782067775726
2274	554272	0.08552324026823044
2274	203557	0.05779595673084259
2274	411949	0.46814632415771484
2274	19759	0.5148441791534424
2274	482098	0.38113826513290405
2274	84278	0.0712132453918457
2274	550714	0.1435716599225998
2274	491999	0.06125091388821602
2274	83265	0.5992233753204346
2274	428358	0.22683560848236084
2274	83681	0.49254605174064636
2274	394059	0.13980159163475037
2274	539478	0.2685258388519287
2274	346971	0.26983222365379333
2274	210270	0.14244678616523743
2274	374117	0.02176266349852085
2274	423784	0.34244662523269653
2274	412051	0.25357502698898315
2274	254338	0.14224709570407867
2274	411527	0.4924289584159851
2274	14734	0.21526481211185455
2274	32143	0.05705783888697624
2274	283027	0.40467506647109985
2274	550813	0.41118913888931274
2274	297380	0.04762939363718033
2274	143786	0.35517480969429016
2274	143787	0.35517480969429016
2274	358333	0.09534624963998795
2274	469950	0.12609225511550903
2274	34805	0.13417640328407288
2274	409031	0.2891077995300293
2274	72138	0.07206832617521286
2274	402892	0.13686822354793549
2274	36309	0.28158944845199585
2274	35801	0.1464184671640396
2274	442842	0.23250429332256317
2274	265183	0.43790385127067566
2274	140768	0.4532819986343384
2274	211940	0.09260093420743942
2274	32741	-0.08024647831916809
2274	34881	0.2461332082748413
2274	226294	0.19562068581581116
2274	431095	0.03769362345337868
2274	265209	0.0031643500551581383
2274	535547	0.6286997199058533
2274	270847	0.11165603995323181
