2290	550918	-0.009784466587007046
2290	448522	0.06996415555477142
2290	465422	0.23950745165348053
2290	324119	-0.002394316717982292
2290	13402	0.14008702337741852
2290	561694	0.09753469377756119
2290	264738	0.5491592884063721
2290	448547	0.016778653487563133
2290	211495	0.04499828815460205
2290	268850	0.3792702853679657
2290	489529	0.17234213650226593
2290	482364	0.0014162679435685277
2290	184386	0.100748211145401
2290	468551	0.0951843336224556
2290	142690	0.05414946377277374
2290	5202	0.07613668590784073
2290	177239	0.5861207246780396
2290	312410	0.02811107039451599
2290	388188	0.05698481574654579
2290	399454	0.172744482755661
2290	109151	0.08768820017576218
2290	109153	0.08768820017576218
2290	312425	0.13614149391651154
2290	317039	0.10973162204027176
2290	190072	0.061033304780721664
2290	507523	0.05636608228087425
2290	222856	0.06777854263782501
2290	561802	0.22720128297805786
2290	250006	0.06951835751533508
2290	312471	0.2422524243593216
2290	467608	0.23777952790260315
2290	446623	0.14383108913898468
2290	162976	0.27955320477485657
2290	452262	0.00846891663968563
2290	110759	-0.0221996046602726
2290	321193	0.07584547996520996
2290	98476	0.16159546375274658
2290	203950	0.19872325658798218
2290	102685	-0.02267417311668396
2290	380596	0.7125310897827148
2290	44725	0.6350610852241516
2290	468154	0.237435981631279
2290	465597	0.10798902809619904
2290	483026	0.10620769113302231
2290	309027	0.07062692940235138
2290	340181	0.20246824622154236
2290	304862	0.03205607458949089
2290	104230	0.14103873074054718
2290	446704	0.01941765658557415
2290	271617	-0.03285994008183479
2290	507650	0.012072266079485416
2290	581380	0.20625415444374084
2290	537351	0.3976271152496338
2290	375567	-0.008371615782380104
2290	442130	0.11790604144334793
2290	432403	0.10860676318407059
2290	562456	0.07447896152734756
2290	410394	0.2480749934911728
2290	423707	0.18183188140392303
2290	479516	0.5699236989021301
2290	479517	0.5555312633514404
2290	50979	0.11249729990959167
2290	161062	0.017211684957146645
2290	483120	-0.006280332803726196
2290	402228	0.07544631510972977
2290	383294	0.11653610318899155
2290	243007	0.32434332370758057
2290	110912	0.09946627914905548
2290	482627	0.1157715767621994
2290	245573	-0.026675671339035034
2290	483669	-0.023387640714645386
2290	139610	0.0770503580570221
2290	104288	0.11454082280397415
2290	42337	0.6297938227653503
2290	300898	0.17121075093746185
2290	311144	0.20947261154651642
2290	498538	-0.022752106189727783
2290	18299	0.0663842260837555
2290	505664	0.07227077335119247
2290	260994	0.21712349355220795
2290	98706	0.03795303776860237
2290	493469	0.4302707314491272
2290	408994	0.20428937673568726
2290	383395	0.041855212301015854
2290	311731	0.023214904591441154
2290	249273	0.10528354346752167
2290	76220	0.22657474875450134
2290	453569	0.06505382806062698
2290	190411	0.0049636587500572205
2290	387490	0.5351772904396057
2290	111082	0.03714035823941231
2290	126034	-0.04972061887383461
2290	231922	0.24232015013694763
