2344	560768	0.5595555901527405
2344	560769	0.5013247728347778
2344	560770	0.7231183052062988
2344	560771	0.5288457870483398
2344	100868	0.5595555901527405
2344	286213	0.6901054978370667
2344	302214	0.10970033705234528
2344	302599	0.601861834526062
2344	371116	0.37663960456848145
2344	287882	0.7291542291641235
2344	287499	0.6623386740684509
2344	457858	0.276541143655777
2344	350995	0.38578668236732483
2344	196372	0.4720461964607239
2344	379670	0.3524280786514282
2344	560857	0.5663467049598694
2344	332385	0.44422054290771484
2344	373734	0.28922176361083984
2344	143261	0.5595555901527405
2344	284190	0.2840271592140198
2344	560773	0.3423222601413727
2344	177313	1.0000001192092896
2344	269834	0.5672284364700317
2344	375974	0.7364460825920105
2344	250353	0.3603687584400177
2344	508968	0.5595555901527405
2344	336169	0.6576939225196838
2344	371114	0.5565299391746521
2344	371115	0.5759698748588562
2344	341932	0.6643776893615723
2344	371117	0.674671471118927
2344	371118	0.674671471118927
2344	245169	0.17937642335891724
2344	140339	0.5542015433311462
2344	140340	0.5542015433311462
2344	371125	0.3408189117908478
2344	371126	0.6308056712150574
2344	371127	0.5755179524421692
2344	502585	0.6947107315063477
2344	341434	0.7826826572418213
2344	525499	0.40761858224868774
2344	168124	0.22635333240032196
2344	232765	0.8466188311576843
2344	553795	0.649690568447113
2344	552518	0.3598088324069977
2344	381127	0.3803836405277252
2344	395188	0.45782890915870667
2344	552519	0.3598088324069977
2344	468215	0.45594069361686707
2344	22732	0.4217589795589447
2344	381133	0.5635252594947815
2344	143438	0.4295501112937927
2344	304461	0.5770494341850281
2344	25431	0.26749128103256226
2344	332244	0.11723217368125916
2344	266837	0.649690568447113
2344	335702	0.4727466404438019
2344	46009	-0.014665407128632069
2344	498393	0.5891920924186707
2344	429915	0.22007188200950623
2344	429916	0.3517003655433655
2344	346334	0.31241998076438904
2344	351918	0.30982497334480286
2344	541281	0.3351794183254242
2344	439739	0.4650588631629944
2344	150628	0.649690568447113
2344	457829	0.5424438714981079
2344	535398	0.5595555901527405
2344	7531	0.41130614280700684
2344	17644	0.3877856433391571
2344	352622	0.8609225749969482
2344	28399	0.7231881618499756
2344	297713	0.7375120520591736
2344	560772	0.4324183166027069
2344	352659	0.30975663661956787
2344	415476	0.4649885892868042
2344	468214	0.45594069361686707
2344	371113	0.6195934414863586
2344	177915	0.5681476593017578
2344	502524	0.15465880930423737
2344	112253	0.2802140712738037
2344	343807	0.5799048542976379
