2381	507392	0.16399209201335907
2381	460289	0.1400691717863083
2381	428035	0.005862108431756496
2381	23561	0.1386636197566986
2381	70155	0.3067414164543152
2381	362003	0.09398595243692398
2381	255513	0.3523341119289398
2381	482845	0.16944944858551025
2381	297505	0.5338258147239685
2381	227366	0.5859182476997375
2381	464947	0.48373013734817505
2381	352310	0.006790537387132645
2381	20660	0.012582342140376568
2381	18870	-0.01096371654421091
2381	571463	0.23489247262477875
2381	571465	0.10658493638038635
2381	227417	0.47620314359664917
2381	485475	0.12585125863552094
2381	110186	-0.1027391329407692
2381	131186	0.11394524574279785
2381	405625	0.2033827006816864
2381	91772	0.07614331692457199
2381	96619	0.5077728629112244
2381	104582	0.36265289783477783
2381	305808	0.11335037648677826
2381	5268	0.054910507053136826
2381	362151	0.07989795506000519
2381	296627	0.05767800286412239
2381	386228	0.14993567764759064
2381	575670	0.17553678154945374
2381	214201	0.10730567574501038
2381	575685	0.06515088677406311
2381	210381	0.016309157013893127
2381	292568	0.10935821384191513
2381	408795	0.15381205081939697
2381	573819	0.0043418374843895435
2381	191526	0.2829863429069519
2381	467175	0.2799108624458313
2381	141034	0.4279950261116028
2381	20726	0.04754602536559105
2381	445692	0.2467338889837265
2381	39174	0.10205536335706711
2381	456462	0.16504640877246857
2381	211727	-0.019045915454626083
2381	504592	-0.0012666502734646201
2381	260881	0.07599098980426788
2381	119942	0.048425428569316864
2381	149820	0.10683102160692215
2381	235840	0.2308569848537445
2381	510788	0.3109484910964966
2381	578375	0.14958855509757996
2381	511306	0.0985889881849289
2381	465229	0.5690180659294128
2381	473934	0.03806513547897339
2381	228688	-0.05383075028657913
2381	400210	0.007542264647781849
2381	14680	0.36610615253448486
2381	14681	0.20829054713249207
2381	331612	0.2033827006816864
2381	409457	0.3423880338668823
2381	425332	0.044417478144168854
2381	440181	0.20586013793945312
2381	350583	0.13154298067092896
2381	295802	0.1341892033815384
2381	349418	0.45591968297958374
2381	10632	0.3932633399963379
2381	440202	0.12432659417390823
2381	82318	0.03029814548790455
2381	208271	0.04216134548187256
2381	254353	0.03451000526547432
2381	536981	0.05438761040568352
2381	108956	0.04523276537656784
2381	306077	0.08196969330310822
2381	141225	0.24242234230041504
2381	356271	0.06926759332418442
2381	206774	0.07502375543117523
2381	395707	0.12199535965919495
2381	212417	0.04554680734872818
2381	253897	0.016906123608350754
2381	395725	0.2145785391330719
2381	284622	0.275064080953598
2381	549844	0.27477821707725525
2381	211928	0.31059885025024414
2381	253929	0.05144239962100983
2381	571382	-0.06074277311563492
2381	481788	0.38233983516693115
