2543	240128	0.05830838531255722
2543	461314	0.024251094087958336
2543	130563	0.15637734532356262
2543	448517	0.024110497906804085
2543	384518	0.021352224051952362
2543	385546	0.2661663293838501
2543	189966	0.12415747344493866
2543	283155	0.056679993867874146
2543	386071	0.18008926510810852
2543	525859	0.004389640409499407
2543	472412	0.1992705762386322
2543	497708	0.01666961796581745
2543	444462	0.03645778074860573
2543	461873	0.15496626496315002
2543	332868	0.051483336836099625
2543	374342	0.0322934128344059
2543	36938	0.09160380065441132
2543	419407	0.14898154139518738
2543	431698	0.1722642481327057
2543	118363	0.15551120042800903
2543	245852	-0.03537285327911377
2543	159841	0.0550844743847847
2543	219750	0.14822746813297272
2543	537192	0.12610183656215668
2543	121455	0.07363051921129227
2543	383604	-0.01969430223107338
2543	193660	0.01762969233095646
2543	234112	0.044442206621170044
2543	188547	-0.043393127620220184
2543	562308	0.08314720541238785
2543	54923	0.011055302806198597
2543	234143	0.18231749534606934
2543	38256	0.046113934367895126
2543	560096	0.11210674047470093
2543	383147	-0.02233322337269783
2543	258737	0.03162993863224983
2543	500409	0.003846369218081236
2543	234186	0.05312848836183548
2543	160970	0.12635160982608795
2543	498895	0.12677033245563507
2543	318161	0.09195094555616379
2543	127705	0.06167663261294365
2543	247005	0.09876903146505356
2543	338150	0.4159621000289917
2543	37612	0.06522173434495926
2543	140157	0.06107685714960098
2543	128335	0.12385331094264984
2543	333560	0.30211499333381653
2543	489733	0.18462134897708893
2543	374535	0.012999875470995903
2543	219913	-0.06892270594835281
2543	60685	0.17909348011016846
2543	334095	0.64604252576828
2543	330512	0.02115381695330143
2543	205078	0.0664198249578476
2543	210716	0.20392373204231262
2543	383274	0.10149399936199188
2543	133419	-0.030715934932231903
2543	191790	-0.09943711757659912
2543	247605	0.1414487510919571
2543	96566	0.07996317744255066
2543	500536	0.09047529846429825
2543	311093	0.09198808670043945
2543	184288	-0.04467273876070976
2543	348746	0.008970090188086033
2543	94006	0.012658030726015568
2543	292167	0.0005079433904029429
2543	457544	0.1520780771970749
2543	128333	0.12385331094264984
2543	205647	0.20099477469921112
2543	349008	0.12336717545986176
2543	472406	0.10239772498607635
2543	210780	0.15735208988189697
2543	256872	0.03192440792918205
2543	479088	0.1651502400636673
2543	266099	0.005560591816902161
2543	170358	0.10155508667230606
2543	385402	0.2661663293838501
2543	54652	0.011055302806198597
2543	191915	0.010602543130517006
2543	27016	0.06882545351982117
2543	457615	0.07039766013622284
2543	191894	0.00440971041098237
2543	505768	0.21944208443164825
2543	375209	0.07564138621091843
2543	16299	0.0997462198138237
2543	115117	0.01754981093108654
2543	261042	0.12964802980422974
2543	399288	0.11072570085525513
2543	183227	0.0010668161557987332
2543	490941	0.145936518907547
2543	244678	0.04010936617851257
2543	244681	0.033326346427202225
2543	244684	0.007035756949335337
2543	218065	0.005993136670440435
2543	114135	0.1274886280298233
2543	548313	0.2576095461845398
2543	374235	0.13107621669769287
2543	387036	-0.07478287070989609
2543	93152	0.07295280694961548
2543	453099	0.10363183915615082
2543	580596	0.3871384561061859
2543	454133	-0.003787428140640259
2543	230911	0.012806590646505356
