2549	9858	0.32401663064956665
2549	286979	0.40994980931282043
2549	67716	0.4762324094772339
2549	124468	0.5109657049179077
2549	169734	0.37907761335372925
2549	512391	0.6659263968467712
2549	519176	0.5335181951522827
2549	288137	0.33389613032341003
2549	364994	0.34573379158973694
2549	475825	0.18201139569282532
2549	336783	0.7103407382965088
2549	5008	0.4267440736293793
2549	142964	0.31814879179000854
2549	117779	0.4681088328361511
2549	3221	0.27325794100761414
2549	53787	0.46078452467918396
2549	340257	0.5391665697097778
2549	90267	0.3858582675457001
2549	335271	0.49391987919807434
2549	73384	0.14183469116687775
2549	220073	0.3193930387496948
2549	469291	0.22575810551643372
2549	564546	0.31717151403427124
2549	502063	0.5024691224098206
2549	564785	0.4464011490345001
2549	356147	0.29485705494880676
2549	2740	0.33681049942970276
2549	124471	0.5109657049179077
2549	521273	0.05063135176897049
2549	356154	0.5807856321334839
2549	356158	0.375841349363327
2549	107839	0.4267440736293793
2549	496320	0.42303067445755005
2549	469384	0.593519389629364
2549	287879	0.39437544345855713
2549	410017	0.4229094982147217
2549	24851	0.44063737988471985
2549	124492	0.5109657049179077
2549	423152	0.264233261346817
2549	298959	0.6877298951148987
2549	502225	0.5489106774330139
2549	124498	0.18758440017700195
2549	287656	0.41370704770088196
2549	376533	0.3953843116760254
2549	86713	0.4525955021381378
2549	446424	0.3455583453178406
2549	53081	0.424468457698822
2549	211802	0.7343752980232239
2549	454543	0.4275730848312378
2549	475834	0.15962348878383636
2549	467377	0.2184205949306488
2549	260575	0.49915772676467896
2549	124443	0.5109657049179077
2549	512400	0.380514532327652
2549	178018	0.5923088788986206
2549	329443	0.7703565955162048
2549	341139	0.4978182315826416
2549	521265	0.05063135176897049
2549	138344	0.07770304381847382
2549	288519	0.31782063841819763
2549	73068	0.6135498285293579
2549	351597	0.3921409845352173
2549	423150	0.5169370174407959
2549	176879	0.6135498285293579
2549	285680	0.6049926280975342
2549	21873	0.3476284444332123
2549	66930	0.4458647072315216
2549	287603	0.53462153673172
2549	138356	0.25908687710762024
2549	545637	0.3179243206977844
2549	494200	0.2319735288619995
2549	138361	0.2717798054218292
2549	251772	0.4670982360839844
2549	533758	0.12921684980392456
