2553	133642	0.8104979991912842
2553	526881	0.2994166612625122
2553	285105	0.07344766706228256
2553	539176	0.3359837532043457
2553	284714	0.2274441123008728
2553	276536	0.06545840203762054
2553	309311	0.35480552911758423
2553	389472	-0.006377940531820059
2553	276546	0.06545840203762054
2553	523846	0.1793549656867981
2553	184673	0.19852641224861145
2553	584	0.3100259304046631
2553	303691	0.04669403284788132
2553	593	0.2924046516418457
2553	244307	0.019905701279640198
2553	202328	0.327887624502182
2553	218554	0.1683441698551178
2553	157284	0.0750768631696701
2553	4710	0.12826639413833618
2553	146023	0.5960860848426819
2553	493682	0.39822274446487427
2553	276608	0.09828110784292221
2553	49793	0.5807141661643982
2553	23175	0.4485119879245758
2553	356495	0.6467152237892151
2553	559299	0.0766592025756836
2553	27291	0.29224514961242676
2553	54428	0.10110760480165482
2553	388772	0.19553329050540924
2553	44715	0.08760404586791992
2553	433840	0.24437838792800903
2553	274111	0.10730638355016708
2553	38080	0.018301643431186676
2553	58051	0.23314623534679413
2553	403142	0.013723463751375675
2553	135373	0.07857055962085724
2553	309453	0.4449596703052521
2553	171215	0.11282184720039368
2553	27366	0.5128878355026245
2553	276609	0.04843929037451744
2553	446705	0.27697911858558655
2553	212725	0.6305949091911316
2553	60663	0.1813240945339203
2553	404351	-0.00420248880982399
2553	148733	0.2884403467178345
2553	36480	0.018301643431186676
2553	197890	0.20873184502124786
2553	339716	0.5923322439193726
2553	81671	0.08035395294427872
2553	232201	0.4203170835971832
2553	81675	0.03654148802161217
2553	443672	0.031766705214977264
2553	568601	0.7237683534622192
2553	40730	0.06541408598423004
2553	191775	0.13834421336650848
2553	9606	0.31522515416145325
2553	574758	0.012858937494456768
2553	232748	0.05345598980784416
2553	209149	0.11066032946109772
2553	232769	0.3083038330078125
2553	393027	0.0705212652683258
2553	403784	0.0768200159072876
2553	516938	-0.019487302750349045
2553	570195	0.4957282245159149
2553	21847	0.12217975407838821
2553	450020	0.14146465063095093
2553	35162	0.018301643431186676
2553	112783	0.16165238618850708
2553	530272	0.447533518075943
2553	348001	0.05634557455778122
2553	426852	0.08792302012443542
2553	113509	0.09085865318775177
2553	109927	0.038148507475852966
2553	389484	0.026249872520565987
2553	13167	0.09507306665182114
2553	366458	0.06606488674879074
2553	146814	0.07777039706707001
2553	9599	0.1305898129940033
2553	326018	0.1665346324443817
2553	380293	0.11713358759880066
2553	530310	0.6511992812156677
2553	24455	0.6126844882965088
2553	543630	0.07619084417819977
2553	79247	0.12175941467285156
2553	465300	0.012365482747554779
2553	79254	0.08739206939935684
2553	554906	0.20866285264492035
2553	392603	0.040250830352306366
2553	440221	0.11859660595655441
2553	362914	0.002631688956171274
2553	354723	0.2196764498949051
2553	374001	-0.007227465510368347
2553	287664	0.5307623744010925
2553	120753	0.0022319485433399677
2553	292282	0.36862894892692566
2553	453056	0.04013986885547638
2553	525665	0.11037559807300568
2553	504789	0.10196706652641296
2553	162263	0.040835365653038025
2553	443353	0.17712178826332092
2553	16868	0.1101350411772728
2553	35822	0.018301643431186676
2553	471535	0.13548946380615234
2553	144370	0.05019303783774376
2553	410618	0.5528960824012756
