277	19968	0.005350575316697359
277	10245	0.004759946372359991
277	263182	0.22499608993530273
277	355862	0.3225281536579132
277	103978	0.3481380045413971
277	18989	0.24581333994865417
277	271413	0.2926487624645233
277	514615	0.012172221206128597
277	99385	0.30298322439193726
277	6208	0.17137601971626282
277	104001	0.2565627992153168
277	477254	0.22326812148094177
277	66633	0.23905958235263824
277	132188	0.30362468957901
277	272992	0.2689709961414337
277	515691	0.2549406588077545
277	446061	0.19563107192516327
277	79990	0.17940272390842438
277	98944	0.24989253282546997
277	400516	0.25220075249671936
277	27788	0.135260209441185
277	93840	0.20933468639850616
277	545435	0.2668553292751312
277	125085	0.1571950912475586
277	176292	0.30241861939430237
277	251562	0.18123163282871246
277	126638	0.21339206397533417
277	333768	0.2717380225658417
277	150205	0.22410258650779724
277	126656	0.29550686478614807
277	427213	0.16967907547950745
277	71373	0.305108904838562
277	282835	0.16207562386989594
277	271584	0.16599039733409882
277	58082	0.25640201568603516
277	23277	0.2683817446231842
277	119534	0.26289039850234985
277	49391	0.16800934076309204
277	214784	0.28171494603157043
277	214785	0.20204821228981018
277	519427	0.2306923270225525
277	16655	0.3797784149646759
277	258336	0.1492442786693573
277	271649	0.16690462827682495
277	251687	0.24426871538162231
277	43305	0.3232685923576355
277	30002	0.03123384900391102
277	437550	0.20049266517162323
277	44850	0.6611799597740173
277	385843	0.15927907824516296
277	20789	0.12075510621070862
277	460091	0.21203796565532684
277	118078	0.176547110080719
277	9024	0.3053683340549469
277	236768	0.25452303886413574
277	279362	0.22821253538131714
277	437575	0.2462037056684494
277	186704	0.13791407644748688
277	478039	0.3066695034503937
277	435544	0.20936211943626404
277	214883	0.19453749060630798
277	263013	0.32570528984069824
277	399212	0.35937222838401794
277	356216	0.26434630155563354
277	39809	0.13087794184684753
277	414596	0.3082028329372406
277	414597	0.24856996536254883
277	58177	0.11999876797199249
277	291213	0.09427643567323685
277	19349	0.2610391676425934
277	66997	0.2645849883556366
277	447414	0.215209499001503
277	414135	0.28994449973106384
277	373176	0.3036273121833801
277	197054	0.28850823640823364
277	251839	0.12232839316129684
277	86466	0.2248372584581375
277	50120	0.28353044390678406
277	516553	0.2236994057893753
277	80842	0.1848774403333664
277	94668	0.26095667481422424
277	244687	0.14955256879329681
277	281049	0.21809016168117523
277	414172	0.25883373618125916
277	334330	0.3081570863723755
277	81915	0.0002995003014802933
277	181733	0.28955715894699097
277	545257	0.33043956756591797
277	500714	0.2527303099632263
277	75243	-0.004529451951384544
277	500717	0.2857826054096222
277	193519	0.2907665967941284
277	127986	0.18330806493759155
277	506362	0.2179563045501709
277	462843	0.22564904391765594
277	462845	0.24635902047157288
