287	165905	0.052189283072948456
287	387758	0.14392562210559845
287	431641	0.039656754583120346
287	283691	0.04658900573849678
287	410863	0.269658625125885
287	548402	0.031947843730449677
287	410683	-0.02144458331167698
287	97858	-0.003414861625060439
287	563787	0.28394779562950134
287	563788	0.28394779562950134
287	419413	0.1752515733242035
287	528470	0.06484974175691605
287	463959	0.07830047607421875
287	395354	0.13760502636432648
287	72795	0.10843094438314438
287	463972	0.1185818687081337
287	93291	0.04032602161169052
287	1655	0.1600092202425003
287	373381	0.1819852590560913
287	56454	0.012112460099160671
287	414344	0.03881562501192093
287	293007	0.24987170100212097
287	438930	0.2680695354938507
287	567955	0.06913882493972778
287	170653	0.15075147151947021
287	316062	0.04951724782586098
287	89256	0.20584352314472198
287	535724	0.03815038502216339
287	89262	-0.014054079540073872
287	399537	0.034071195870637894
287	138420	-0.0026655469555407763
287	580789	0.09498225897550583
287	59063	0.04080669954419136
287	75210	0.04713611677289009
287	399553	-0.06132107600569725
287	326341	0.06303473562002182
287	487622	0.060194242745637894
287	571593	0.07727842777967453
287	94923	0.05035380646586418
287	472781	-0.03428073227405548
287	26336	0.0814746767282486
287	566503	0.033257342875003815
287	467695	0.15272551774978638
287	466814	-0.01955808699131012
287	251	-0.0054643419571220875
287	39664	0.09097885340452194
287	35071	0.021778495982289314
287	36116	0.021717363968491554
287	179480	0.0710090771317482
287	544029	0.04249342903494835
287	534828	0.0653635635972023
287	488757	0.12564218044281006
287	151862	0.07307346165180206
287	478540	0.12672050297260284
287	392017	0.08341530710458755
287	560982	0.170985147356987
287	38031	-0.013957045041024685
287	122731	0.16578024625778198
287	327021	-0.002492612460628152
287	108910	0.009360706433653831
287	323839	0.03592287003993988
287	117621	0.1334427446126938
287	406907	0.22523200511932373
287	489854	0.04359518364071846
287	112528	0.013514826074242592
287	102291	0.04034808650612831
287	165783	0.052189283072948456
287	425880	0.18972405791282654
287	373487	0.05923246592283249
287	250780	0.15995705127716064
287	38305	-0.08705759048461914
287	498587	0.1721101999282837
287	77222	0.10354304313659668
287	142748	0.2694980502128601
287	247722	-0.015449289232492447
287	373685	0.03299868106842041
287	54716	0.061425309628248215
287	247234	0.13873471319675446
287	145865	0.10801436752080917
287	470940	-0.020952027291059494
287	58835	0.1830682009458542
287	292313	0.1124495267868042
287	58850	0.028903238475322723
287	307691	-0.03739862143993378
287	328175	0.0715055838227272
287	557040	-0.041693124920129776
287	9714	-0.057725850492715836
287	237045	0.03450687602162361
287	131064	0.08740593492984772
287	493051	0.12761744856834412
287	362495	0.009701788425445557
