298	3073	0.5494150519371033
298	3074	0.21992972493171692
298	175531	0.08039835095405579
298	296847	0.26678338646888733
298	2949	0.2525278627872467
298	235627	0.21193763613700867
298	456583	0.09304390847682953
298	407989	0.26620912551879883
298	503307	0.2210274338722229
298	3214	0.3172835111618042
298	3087	0.3645443022251129
298	429522	0.2897303104400635
298	197784	0.15258044004440308
298	32547	-0.02820957638323307
298	443667	0.22355328500270844
298	33375	-0.02820957638323307
298	383895	0.36175280809402466
298	2584	0.28949859738349915
298	71577	0.12950170040130615
298	535706	0.47451525926589966
298	535707	0.4744180142879486
298	3098	0.24059295654296875
298	423838	-0.04086773470044136
298	4895	0.23606330156326294
298	192928	0.3357006013393402
298	257313	0.18049590289592743
298	48674	0.02827417105436325
298	219995	0.1320009082555771
298	135429	0.24807816743850708
298	527402	0.06233507767319679
298	18475	0.22158856689929962
298	438789	0.12460815906524658
298	114418	-0.0129630696028471
298	48676	0.03858307749032974
298	16053	0.17522381246089935
298	137907	0.44587212800979614
298	535860	0.15962421894073486
298	367669	0.46577566862106323
298	4406	0.14639469981193542
298	5177	0.25574299693107605
298	311226	0.13062524795532227
298	262047	0.24085582792758942
298	305341	0.14645881950855255
298	503614	0.1779288351535797
298	574271	0.34718918800354004
298	35904	-0.02820957638323307
298	374721	0.05625017732381821
298	577099	0.1987670660018921
298	503876	0.3739466667175293
298	290117	0.14035926759243011
298	206535	0.12692607939243317
298	504136	0.18140970170497894
298	508747	0.22503289580345154
298	3022	0.25651559233665466
298	4943	0.43264445662498474
298	55121	0.07446610927581787
298	4946	0.3981419801712036
298	262051	0.3153946101665497
298	572878	0.21344631910324097
298	2393	0.30866673588752747
298	522191	0.3214213252067566
298	211039	0.09199400246143341
298	456418	0.39272329211235046
298	553659	0.0180649533867836
298	524007	0.09750620275735855
298	4840	0.39876124262809753
298	201321	0.15543055534362793
298	355435	0.17564919590950012
298	210635	-0.0170420091599226
298	503917	0.3810746371746063
298	530542	0.16189613938331604
298	3951	0.3573344647884369
298	3952	0.3706270456314087
298	2802	0.2636770009994507
298	230260	0.18521566689014435
298	128887	0.13434360921382904
298	162422	0.5879018902778625
298	3831	0.3849746882915497
298	208248	0.14448560774326324
298	221691	0.340021014213562
298	504188	0.023335861042141914
298	69117	0.2784707248210907
