3154	199684	0.1781618595123291
3154	378886	0.032396476715803146
3154	81932	0.07550544291734695
3154	134148	0.12293035537004471
3154	315931	0.2767307162284851
3154	316447	0.2142518162727356
3154	255010	0.10674668848514557
3154	311843	0.07667362689971924
3154	81958	0.25825607776641846
3154	510510	0.3440258502960205
3154	88113	0.28040066361427307
3154	235062	0.04324821010231972
3154	218171	-0.04563358798623085
3154	370764	0.15539906919002533
3154	249946	0.740882933139801
3154	167526	0.08849303424358368
3154	181352	0.09649243950843811
3154	384276	0.1374729722738266
3154	486017	0.11066881567239761
3154	270785	0.169167160987854
3154	61580	0.1021033227443695
3154	170126	0.21586506068706512
3154	394391	0.05446257442235947
3154	451756	0.39747512340545654
3154	46766	0.1326930969953537
3154	264885	0.19582386314868927
3154	369847	0.09735243767499924
3154	166593	0.08849303424358368
3154	507074	0.33850690722465515
3154	274633	0.7752668857574463
3154	90318	-0.026014484465122223
3154	373711	0.04959500581026077
3154	320734	0.23027607798576355
3154	494305	0.17069585621356964
3154	314087	0.13389207422733307
3154	329963	0.0878322497010231
3154	329964	0.31998538970947266
3154	308977	0.11208486557006836
3154	300804	0.43199753761291504
3154	300805	0.7114177346229553
3154	372490	0.10407885909080505
3154	235789	0.05062513053417206
3154	519441	0.05906878411769867
3154	457491	0.12089914083480835
3154	324884	0.24492938816547394
3154	241946	0.00561973312869668
3154	281371	0.10225408524274826
3154	316189	0.3527725040912628
3154	483107	0.07962773740291595
3154	291563	0.021107042208313942
3154	537388	0.15838764607906342
3154	543021	0.40940314531326294
3154	315185	0.22200870513916016
3154	537923	0.7312625646591187
3154	260662	0.12074165046215057
3154	309582	0.609703779220581
3154	462671	0.13017278909683228
3154	270672	0.30443981289863586
3154	111958	0.05555242672562599
3154	205154	0.14499561488628387
3154	103779	0.11867557466030121
3154	502631	0.0939251258969307
3154	431979	0.20758038759231567
3154	267117	0.2391892969608307
3154	375152	0.24600118398666382
3154	362363	0.07932981848716736
3154	189824	0.11404434591531754
3154	21891	0.4613923132419586
3154	206221	0.09972910583019257
3154	478607	0.23195213079452515
3154	112528	0.13594289124011993
3154	116121	0.07671193778514862
3154	358810	0.17288154363632202
3154	166811	0.08849303424358368
3154	260933	0.10570521652698517
3154	389538	0.14097541570663452
3154	460711	0.2013271152973175
3154	132016	0.31080925464630127
3154	247735	0.12071076035499573
3154	320444	0.17153869569301605
3154	412605	0.16206766664981842
3154	385473	0.13691119849681854
3154	520643	0.06952205300331116
3154	525765	0.4567694365978241
3154	538054	-0.015235554426908493
3154	320461	0.3374847173690796
3154	20431	0.06370536237955093
3154	87506	0.05790536105632782
3154	165855	0.08849306404590607
3154	548377	0.07535601407289505
3154	54245	0.061425186693668365
3154	78827	0.41089242696762085
3154	88047	0.2546705901622772
