3188	220675	0.43976789712905884
3188	148999	0.02910432033240795
3188	405513	0.5853252410888672
3188	315916	0.25513508915901184
3188	164365	0.19860409200191498
3188	414734	0.03570467233657837
3188	345603	0.11199280619621277
3188	342551	0.512380063533783
3188	501290	0.5701901316642761
3188	479790	0.12437267601490021
3188	345649	0.21099552512168884
3188	314207	0.1663142442703247
3188	344757	0.2922293245792389
3188	322628	0.2193881869316101
3188	345676	0.234365314245224
3188	121427	0.0996779128909111
3188	518740	0.11343987286090851
3188	427534	0.10721594095230103
3188	261207	0.2551717460155487
3188	314973	0.16425855457782745
3188	316513	0.08358808606863022
3188	248931	0.19068339467048645
3188	369252	0.6678044199943542
3188	479853	0.35088738799095154
3188	263790	0.13395772874355316
3188	314991	0.10476541519165039
3188	278644	0.25137385725975037
3188	363126	0.06301937997341156
3188	457339	0.017525624483823776
3188	303228	0.04661672189831734
3188	233601	0.16447296738624573
3188	459409	0.0979313850402832
3188	553621	0.1709650754928589
3188	262812	-0.01868225820362568
3188	160928	-0.028143931180238724
3188	324771	0.15077956020832062
3188	431803	0.03724345192313194
3188	449710	0.24741783738136292
3188	555696	-0.04630224034190178
3188	344754	0.2305852174758911
3188	383669	0.13473747670650482
3188	261065	0.05752957612276077
3188	315064	0.2913070619106293
3188	189115	0.20584584772586823
3188	568511	0.08680157363414764
3188	46277	0.46241167187690735
3188	408262	0.26880505681037903
3188	51401	0.029504911974072456
3188	117967	0.024098433554172516
3188	280784	0.06537798792123795
3188	362712	0.024629663676023483
3188	373979	0.045415978878736496
3188	515806	0.06856513768434525
3188	515807	0.3190506398677826
3188	335079	0.65103679895401
3188	524013	0.14296992123126984
3188	362224	0.12739241123199463
3188	398579	0.3574064373970032
3188	178425	0.6230399012565613
3188	566527	-0.05092678591609001
3188	158984	0.58234041929245
3188	164056	0.0061468095518648624
3188	479506	0.07778538763523102
3188	437529	0.08719659596681595
3188	349467	0.5162179470062256
3188	303900	0.2534976005554199
3188	247073	0.06718013435602188
3188	402214	0.10495023429393768
3188	51509	0.07612351328134537
3188	448312	0.3770731985569
3188	228155	0.10312726348638535
3188	130884	0.007877000607550144
3188	377671	0.5080722570419312
3188	4425	0.8229458928108215
3188	374092	0.049750640988349915
3188	388942	0.0978066474199295
3188	284499	0.23159494996070862
3188	91988	0.5960721373558044
3188	321372	0.21151207387447357
3188	388959	0.0650012195110321
3188	139619	0.01898311637341976
3188	322791	0.12059373408555984
3188	139628	0.04322006553411484
3188	506743	0.3102438151836395
3188	121919	0.24199992418289185
3188	316285	0.11919417232275009
3188	511374	0.3476185202598572
3188	159635	0.08448521047830582
3188	121756	0.16842181980609894
3188	374687	0.3404119610786438
3188	216489	0.22342757880687714
3188	360877	0.36022713780403137
3188	364977	0.2283601015806198
3188	390578	0.06330130249261856
3188	489203	0.08193493634462357
3188	497996	0.22657321393489838
3188	363461	0.05849798396229744
3188	549831	0.12639334797859192
3188	161737	0.36581504344940186
3188	50651	0.09457691013813019
3188	123386	0.016315925866365433
3188	334309	0.2250019907951355
3188	150001	0.008767309598624706
3188	346102	0.43420350551605225
3188	316920	0.10349564999341965
3188	232954	0.26249825954437256
3188	314878	0.0889996737241745
