3196	353284	0.1984880417585373
3196	120326	0.08866842836141586
3196	537104	0.05875581130385399
3196	374290	0.04960334300994873
3196	262676	0.08793684840202332
3196	262677	0.04799714311957359
3196	345207	0.10741075873374939
3196	387101	0.012014553882181644
3196	374307	0.03472527861595154
3196	208422	0.05458544194698334
3196	55857	0.019461674615740776
3196	48692	0.1380903720855713
3196	374325	0.17108729481697083
3196	367673	0.047240693122148514
3196	329274	0.17230179905891418
3196	216638	0.023201702162623405
3196	281670	0.133905291557312
3196	223309	0.10117855668067932
3196	323664	0.029783794656395912
3196	413265	0.11927684396505356
3196	508498	-0.036129534244537354
3196	130644	-0.04272044450044632
3196	198749	0.06779336929321289
3196	83731	0.17187930643558502
3196	410228	0.08286287635564804
3196	277111	0.0017205839976668358
3196	437884	0.2802176773548126
3196	188541	0.048229217529296875
3196	373886	0.07862554490566254
3196	175231	0.0012314190389588475
3196	439424	0.007945923134684563
3196	64129	0.23898187279701233
3196	403591	0.11662856489419937
3196	373887	0.07862554490566254
3196	201361	0.07163812220096588
3196	277139	-0.018617020919919014
3196	182421	0.1288636028766632
3196	358552	-0.04609175771474838
3196	329924	0.23830372095108032
3196	152741	0.10148949921131134
3196	182449	0.1922750025987625
3196	87732	-0.00013543014938477427
3196	26307	0.38621312379837036
3196	211652	0.06797626614570618
3196	304843	0.22460754215717316
3196	488148	0.29527395963668823
3196	470756	0.3920065462589264
3196	414961	0.02307407185435295
3196	155890	0.1255229264497757
3196	494292	0.051039405167102814
3196	374523	0.1489485800266266
3196	516363	-0.044226981699466705
3196	98576	0.05798870325088501
3196	163602	0.09616540372371674
3196	234771	0.2559720277786255
3196	410392	0.05173148959875107
3196	509723	0.16745220124721527
3196	345885	0.07692936062812805
3196	349474	0.018432391807436943
3196	200997	0.0801018700003624
3196	567078	0.10448400676250458
3196	504615	0.19793100655078888
3196	284970	0.055570151656866074
3196	245042	0.05085073038935661
3196	233780	0.1358536034822464
3196	245048	0.05631169676780701
3196	503092	0.027097444981336594
3196	403779	0.15327467024326324
3196	356678	0.3339831531047821
3196	190281	0.2501198947429657
3196	217931	0.1832113265991211
3196	139603	0.0709759071469307
3196	96826	0.38008856773376465
3196	116062	0.056826893240213394
3196	384360	0.019554734230041504
3196	160105	0.23817916214466095
3196	518008	0.09666708111763
3196	312697	0.3168911337852478
3196	358549	0.03659215196967125
3196	480656	0.031225355342030525
3196	55185	0.13186794519424438
3196	347030	0.2127685397863388
3196	478103	0.2053266018629074
3196	37272	0.1503370851278305
3196	117660	0.27489253878593445
3196	495009	0.11856777220964432
3196	478115	0.05466165393590927
3196	311719	0.13299278914928436
3196	349102	0.1253550946712494
3196	207795	0.26723048090934753
3196	32756	0.1503370851278305
3196	228282	0.11095742881298065
3196	247739	-0.0064996047876775265
3196	257981	0.06283269822597504
3196	198083	0.11632883548736572
3196	363477	0.08652506023645401
3196	268249	0.1835387498140335
3196	387037	0.042795099318027496
3196	180304	0.11705520004034042
3196	233443	0.2826208770275116
3196	532675	0.24640695750713348
3196	87121	0.010718694888055325
3196	349161	0.21811443567276
3196	234484	0.2824561893939972
3196	164341	0.3877744972705841
3196	202238	0.053944312036037445
