3281	197123	0.477934867143631
3281	446981	0.26778435707092285
3281	445959	0.8547194004058838
3281	158124	0.511588990688324
3281	478235	0.7280828356742859
3281	392742	0.4904361665248871
3281	116263	0.3912210166454315
3281	287274	0.7449929714202881
3281	285742	0.5356308817863464
3281	278001	0.40044525265693665
3281	288820	0.49057435989379883
3281	465979	0.5461887717247009
3281	379455	0.6068865656852722
3281	531211	0.775917649269104
3281	40011	0.6007744073867798
3281	565329	0.8547194004058838
3281	235610	0.3392895460128784
3281	569447	0.4674784243106842
3281	569448	0.6191731691360474
3281	569449	0.4914894700050354
3281	569450	0.6400496363639832
3281	184940	0.5538358092308044
3281	109	0.44624051451683044
3281	58483	0.8547194004058838
3281	544395	0.8547194004058838
3281	285836	0.6799954175949097
3281	475791	0.3338424265384674
3281	107670	0.5226885676383972
3281	326295	0.646338939666748
3281	326304	0.7356431484222412
3281	41634	0.693424642086029
3281	41635	0.7890841960906982
3281	41636	0.7460830807685852
3281	326310	0.4823821187019348
3281	548007	0.7217876315116882
3281	330408	0.9254116415977478
3281	220336	0.6459991931915283
3281	49845	0.12450512498617172
3281	480450	0.5282788872718811
3281	378570	0.6449562311172485
3281	68300	0.7626180648803711
3281	40656	0.7248606085777283
3281	451283	0.8547194004058838
3281	68316	0.5958064198493958
3281	176361	0.7509461641311646
3281	518384	0.703213095664978
3281	199409	0.5372877717018127
3281	199410	0.8547194004058838
3281	115448	0.441079705953598
3281	204537	0.4233192503452301
3281	65066	0.615154504776001
3281	140031	0.5843035578727722
3281	287489	0.6182882785797119
3281	62210	0.6849465370178223
3281	199430	0.07624857127666473
3281	474891	0.5494168996810913
3281	249101	0.8547194004058838
3281	202542	0.671959400177002
3281	427800	0.4815409183502197
3281	296735	0.7955132722854614
3281	62172	0.1354198306798935
3281	416046	0.5386983752250671
3281	416047	0.4918394982814789
3281	43825	0.7136902809143066
3281	572725	0.7136902809143066
3281	21303	0.5879161953926086
3281	5947	0.4702112376689911
3281	88381	0.4668104350566864
3281	451390	0.705448567867279
3281	52051	0.6852743625640869
3281	424795	0.8547194004058838
3281	177500	0.8547194004058838
3281	566626	0.7136902809143066
3281	379239	0.8547194004058838
3281	537961	0.6521652340888977
3281	73585	0.43599966168403625
3281	4466	0.8547194004058838
3281	267653	0.7420341968536377
3281	95113	0.4897575080394745
3281	917	0.7312759160995483
3281	378775	0.4923236072063446
3281	401306	0.6894340515136719
3281	401307	0.55299311876297
3281	470436	0.8547194004058838
3281	470437	0.7106199264526367
3281	470438	0.6901589632034302
3281	470439	0.7036641240119934
3281	138152	0.45994046330451965
3281	470441	0.6915165185928345
3281	470442	0.6970037221908569
3281	470443	0.6603032946586609
3281	470444	0.6807195544242859
3281	80813	0.8547194004058838
3281	514990	0.5878494381904602
3281	84404	0.30192384123802185
3281	568762	0.9254116415977478
3281	138686	0.7164252400398254
3281	379329	0.9254116415977478
3281	379330	0.9254116415977478
3281	379331	0.9254116415977478
3281	564693	0.38879433274269104
3281	553945	0.8547194004058838
3281	287196	0.6873462796211243
3281	66016	0.5226666331291199
3281	237223	0.6229596138000488
3281	11246	0.711076557636261
3281	470440	0.6774600148200989
