3375	368640	0.28112277388572693
3375	301569	0.112038254737854
3375	332803	0.0728636309504509
3375	157195	0.2852325141429901
3375	360973	0.04271407052874565
3375	72792	0.5892659425735474
3375	160786	0.26075637340545654
3375	240662	0.23042093217372894
3375	316442	0.20519280433654785
3375	468571	-0.03295154497027397
3375	320037	0.13039717078208923
3375	157231	0.13277392089366913
3375	368689	0.2503408193588257
3375	235060	0.23616987466812134
3375	456757	0.27655619382858276
3375	197690	0.25873002409935
3375	294464	0.4948003888130188
3375	298050	0.23860538005828857
3375	352835	0.22785693407058716
3375	214603	0.054146770387887955
3375	331342	0.26389428973197937
3375	277591	0.15575499832630157
3375	214616	0.094718337059021
3375	204378	0.0653257742524147
3375	317531	0.09639131277799606
3375	437946	0.2910768985748291
3375	529343	0.35457196831703186
3375	98429	0.09100067615509033
3375	320640	0.20320051908493042
3375	333441	0.1748790442943573
3375	512131	0.37098315358161926
3375	240769	0.16138961911201477
3375	354444	0.08687713742256165
3375	414864	0.4389241337776184
3375	526481	0.0179910771548748
3375	325266	0.0771394670009613
3375	178324	0.7328709959983826
3375	440469	-0.022710304707288742
3375	363546	0.03063070774078369
3375	208032	0.022875888273119926
3375	13478	0.2206944227218628
3375	246954	0.18254023790359497
3375	135339	0.42225727438926697
3375	411821	0.1448039561510086
3375	465583	0.1601511836051941
3375	226482	-0.01878006011247635
3375	62647	0.2807629406452179
3375	412858	0.6143167018890381
3375	468667	0.03877333179116249
3375	278720	0.02619778737425804
3375	240338	0.09517466276884079
3375	51927	0.16576577723026276
3375	347360	0.1179160624742508
3375	107750	0.09087363630533218
3375	213230	0.18310153484344482
3375	466675	0.5594932436943054
3375	447576	0.06523764878511429
3375	538362	0.06797397881746292
3375	320763	0.0771394670009613
3375	480513	0.5348857045173645
3375	39553	0.37978190183639526
3375	322315	0.10683658719062805
3375	318733	0.13133278489112854
3375	446745	0.1397891789674759
3375	241946	0.12722420692443848
3375	565025	0.13328975439071655
3375	359202	0.4514356255531311
3375	317230	0.07243334501981735
3375	348470	0.315138578414917
3375	525625	0.021286776289343834
3375	235061	0.2656524181365967
3375	219456	0.13518382608890533
3375	460940	0.22292570769786835
3375	472911	0.5545340180397034
3375	100180	0.8888710737228394
3375	324438	0.07421188801527023
3375	417632	0.029602574184536934
3375	331111	0.09645780920982361
3375	462188	0.20493744313716888
3375	73073	0.7328709959983826
3375	457594	0.12572762370109558
3375	320380	0.016581838950514793
3375	323965	0.01166220847517252
3375	102270	0.7166111469268799
3375	310848	0.11072516441345215
3375	14219	0.8939130902290344
3375	315795	0.21131424605846405
3375	285113	0.183991938829422
3375	413085	0.03676484897732735
3375	323488	0.020350461825728416
3375	319919	0.10359664261341095
3375	201145	0.1313677430152893
3375	21954	0.034160539507865906
3375	241605	0.08906815946102142
3375	461261	0.4725501537322998
3375	10193	0.5518635511398315
3375	521806	0.239767923951149
3375	320762	0.03357364237308502
3375	238570	0.6902777552604675
3375	389099	0.09968332201242447
3375	61420	0.3677966594696045
3375	78830	0.7086002826690674
3375	322036	0.2156583070755005
3375	515062	0.0787985771894455
3375	309076	0.042673952877521515
3375	198141	0.22273829579353333
