343	350212	0.04951169341802597
343	548361	0.02534264326095581
343	341003	0.26516643166542053
343	113679	0.3864787817001343
343	195600	0.03276554495096207
343	243218	0.043899282813072205
343	299028	0.23033010959625244
343	381465	0.5383350253105164
343	521754	-0.041106339544057846
343	381467	0.6395993232727051
343	37918	0.010110008530318737
343	550945	0.22600501775741577
343	299043	0.32857200503349304
343	279589	0.2707803547382355
343	414767	-0.07435086369514465
343	87609	0.09684356302022934
343	60	0.02763073705136776
343	391743	0.1755482703447342
343	322112	0.05233590304851532
343	158787	0.10013130307197571
343	15940	0.09605368226766586
343	189515	0.0661102682352066
343	388188	0.028605811297893524
343	452202	0.012277494184672832
343	431211	0.2581169307231903
343	412268	0.018371906131505966
343	516208	0.041309479624032974
343	169594	0.17952194809913635
343	34432	0.12997613847255707
343	362119	0.12550678849220276
343	312968	0.35722213983535767
343	518764	0.11931588500738144
343	259220	-0.023979894816875458
343	120476	0.18857845664024353
343	414365	-0.04928382858633995
343	316065	0.15397566556930542
343	241828	0.09448176622390747
343	466601	-0.02206280268728733
343	373933	0.042313043028116226
343	169653	0.1123347133398056
343	168995	0.09879840165376663
343	118979	0.04585164412856102
343	496327	0.518111526966095
343	269004	0.3292073905467987
343	457426	0.129328653216362
343	202275	0.10019945353269577
343	532201	0.039869826287031174
343	457453	0.05217386409640312
343	149243	0.1920756846666336
343	360189	0.08755503594875336
343	80131	0.12346633523702621
343	167174	0.009160008281469345
343	35081	0.010110008530318737
343	520979	0.19016939401626587
343	54550	0.05829402804374695
343	446745	0.07737290859222412
343	390938	0.2958323359489441
343	36645	0.08540412038564682
343	440615	0.10218111425638199
343	402225	0.0037219361402094364
343	210825	0.2644158899784088
343	103738	0.21572938561439514
343	167228	0.020535187795758247
343	496450	0.01996658556163311
343	514884	0.2135116010904312
343	194886	0.2509736120700836
343	271177	-0.0599905289709568
343	349517	0.10498976707458496
343	486738	0.29661551117897034
343	533332	0.14062674343585968
343	242006	0.08476461470127106
343	526393	0.09029941260814667
343	525657	0.18199977278709412
343	150370	0.03029923141002655
343	121404	0.05577518790960312
343	452973	-0.02125374600291252
343	396146	0.0881962701678276
343	444282	0.11843109875917435
343	363389	0.046091221272945404
343	393087	0.053301163017749786
343	369024	0.40150079131126404
343	373634	0.07802631705999374
343	295299	0.2778891623020172
343	165769	0.020535187795758247
343	476054	0.2514638900756836
343	489882	0.021643012762069702
343	33179	-0.10170693695545197
343	32677	-0.014581086114048958
343	545579	0.080644391477108
343	296881	0.20764891803264618
343	373686	0.09882191568613052
343	179647	0.12630555033683777
343	350145	0.08613400161266327
343	169754	0.039789021015167236
343	114127	0.20332327485084534
343	308706	-0.05278412997722626
343	442401	0.08612603694200516
343	457469	0.08712653070688248
343	37365	0.0368206724524498
343	88233	0.07445429265499115
343	132436	0.1087561696767807
343	33279	0.010110053233802319
