3441	453641	0.1474943310022354
3441	452619	0.011962685734033585
3441	521740	0.10651993006467819
3441	406546	0.09622038900852203
3441	449579	0.05430818721652031
3441	292908	-0.06357848644256592
3441	33837	-0.10079532116651535
3441	505905	0.14050239324569702
3441	364595	0.017900824546813965
3441	97336	0.1534959077835083
3441	457291	0.18266133964061737
3441	457571	0.056331295520067215
3441	495701	0.00491916760802269
3441	283509	0.10651993006467819
3441	440410	-0.0503472238779068
3441	234089	0.146625354886055
3441	417898	0.16317813098430634
3441	186987	0.03799702972173691
3441	406650	0.12959522008895874
3441	167615	0.03620620444417
3441	431740	0.15464067459106445
3441	120426	0.1130581721663475
3441	446590	0.13000507652759552
3441	412296	0.1617710143327713
3441	293228	0.0686655193567276
3441	6282	0.09049444645643234
3441	6286	-0.0048503088764846325
3441	197781	0.04366106167435646
3441	205462	0.05133667215704918
3441	94872	0.09024687111377716
3441	432281	0.07827486097812653
3441	364187	0.026244614273309708
3441	3230	0.1036057323217392
3441	101542	0.0389818511903286
3441	281256	0.5827528238296509
3441	103927	0.1474331170320511
3441	429742	-0.02705276384949684
3441	431792	0.018152793869376183
3441	250047	0.646290123462677
3441	79046	0.08207820355892181
3441	109767	0.1015935093164444
3441	203	0.04166542366147041
3441	293879	0.027862608432769775
3441	228571	0.13582870364189148
3441	94436	0.06429824978113174
3441	495845	0.09794197231531143
3441	308459	-0.010235002264380455
3441	97525	-0.002633988857269287
3441	92406	0.1243201345205307
3441	433400	-0.0005166544578969479
3441	44282	0.029260484501719475
3441	86269	-0.008748374879360199
3441	480640	0.0057735140435397625
3441	425003	0.08823185414075851
3441	364298	0.03584131971001625
3441	14096	0.16348540782928467
3441	98070	0.02141498774290085
3441	303895	0.07025986164808273
3441	237337	-0.010780733078718185
3441	165661	-0.054753564298152924
3441	205605	0.16570651531219482
3441	129323	0.04295819252729416
3441	250158	0.09966402500867844
3441	308528	0.1962120682001114
3441	537396	0.08701331168413162
3441	224581	0.1687733381986618
3441	173381	0.03488152101635933
3441	224583	0.15990494191646576
3441	224584	0.7615599632263184
3441	559435	0.09722091257572174
3441	293201	0.11862415075302124
3441	74066	-0.04137459397315979
3441	247129	0.11698874831199646
3441	261471	-0.02364073507487774
3441	262499	0.06458532810211182
3441	480613	0.17565840482711792
3441	24939	0.04740200936794281
3441	322412	0.021294718608260155
3441	312173	0.18329505622386932
3441	309102	-0.03340300917625427
3441	53621	0.44181928038597107
3441	274816	0.8310854434967041
3441	218499	0.07915286719799042
3441	380296	0.09430625289678574
3441	567704	0.02785715088248253
3441	480671	0.1161457896232605
3441	22946	0.034500982612371445
3441	293796	-0.0009111649706028402
3441	562599	0.47465381026268005
3441	555946	0.03531868755817413
3441	418731	-0.000273924320936203
3441	22344	0.10863052308559418
3441	13125	0.08863996714353561
3441	342456	0.41800108551979065
3441	324087	0.0023605674505233765
3441	221134	0.12364747375249863
3441	107989	0.13331635296344757
3441	90586	0.009621857665479183
3441	120283	0.1130581721663475
3441	469470	0.25864654779434204
3441	14817	-0.010667959228157997
3441	547298	0.0412125363945961
3441	42150	-0.006362806539982557
3441	374758	0.05188234895467758
3441	114152	0.07028762251138687
3441	164332	0.2782731354236603
3441	527863	0.09101686626672745
3441	148986	0.008627841249108315
3441	39932	-0.01907317526638508
