3442	542208	0.6434745788574219
3442	161802	0.48042604327201843
3442	320524	0.39807167649269104
3442	164366	0.6262727379798889
3442	198176	0.06333126127719879
3442	278568	0.04743741452693939
3442	51760	0.027844319120049477
3442	326194	0.5268189311027527
3442	314419	0.07512679696083069
3442	530100	0.42078089714050293
3442	316991	0.18144620954990387
3442	325699	0.06496597081422806
3442	487496	0.013050147332251072
3442	75849	0.4964059591293335
3442	123467	0.4642176032066345
3442	102479	0.07598431408405304
3442	318040	0.06623126566410065
3442	249949	0.42360055446624756
3442	373355	-0.024416092783212662
3442	552047	0.08328618854284286
3442	196208	0.15804147720336914
3442	211572	0.062427621334791183
3442	397941	0.0008088882314041257
3442	323190	0.4796611964702606
3442	408183	0.5926581025123596
3442	431738	0.06317197531461716
3442	43643	-0.060459598898887634
3442	498302	0.5303677916526794
3442	129154	0.05260099843144417
3442	292995	-0.02935783751308918
3442	362116	0.01996983028948307
3442	271498	0.00879988819360733
3442	59019	0.4506995975971222
3442	58513	0.7984896898269653
3442	405650	0.619184672832489
3442	292504	0.6433203220367432
3442	309103	0.00040660990634933114
3442	193180	0.26423564553260803
3442	434846	0.44501522183418274
3442	425632	0.04536304250359535
3442	382064	0.631071925163269
3442	220837	-0.0333399772644043
3442	74921	0.3871501088142395
3442	278196	0.475591778755188
3442	490165	0.08476796001195908
3442	389303	0.023078184574842453
3442	148152	0.46311572194099426
3442	507578	0.05728229507803917
3442	401611	0.4148538112640381
3442	381125	0.4593651592731476
3442	168135	0.575019359588623
3442	39115	0.460670530796051
3442	324047	0.04847927391529083
3442	30429	0.648329496383667
3442	287456	0.6967132687568665
3442	543459	0.1232142448425293
3442	320977	0.06643738597631454
3442	231657	0.4628860056400299
3442	363244	0.01627097837626934
3442	361204	0.43786972761154175
3442	231669	0.06491459161043167
3442	207096	0.7002444863319397
3442	445179	0.7363902926445007
3442	45308	0.06647182255983353
3442	512769	0.5977232456207275
3442	128780	0.04389362782239914
3442	158994	0.0797799751162529
3442	405797	0.8306616544723511
3442	548140	0.3984755277633667
3442	309549	0.532670795917511
3442	320307	0.11062221229076385
3442	288052	0.7504017353057861
3442	321847	0.06643738597631454
3442	318776	0.1298634558916092
3442	418107	0.38225609064102173
3442	396606	0.28341397643089294
3442	234815	0.3167172074317932
3442	315360	0.2895336151123047
3442	541509	0.45322129130363464
3442	165705	0.08127867430448532
3442	150864	0.15334872901439667
3442	289109	0.44146445393562317
3442	316263	0.07845776528120041
3442	318317	0.06643738597631454
3442	278383	0.47093716263771057
3442	537478	0.16855855286121368
3442	520078	0.6015025973320007
3442	473999	0.11475372314453125
3442	323480	0.044684525579214096
3442	541083	0.4637680649757385
3442	385950	0.06743091344833374
3442	77215	0.0030001106206327677
3442	457639	0.056683432310819626
3442	276040	0.6854082345962524
3442	477110	0.046473219990730286
3442	316857	0.2541540265083313
3442	171963	0.04949669539928436
3442	182724	0.08990666270256042
3442	286149	0.515550434589386
3442	202703	0.5548800826072693
3442	150992	0.206490159034729
3442	535505	0.7559420466423035
3442	154080	0.23197557032108307
3442	549346	0.08168959617614746
3442	491570	-0.05021515116095543
3442	322020	0.08901646733283997
3442	245747	0.01237693801522255
3442	141814	0.10451803356409073
3442	205816	0.05863457918167114
