3466	341891	0.7078167200088501
3466	526084	0.6128382682800293
3466	273289	0.5960577130317688
3466	297483	0.6525975465774536
3466	44300	0.6886417269706726
3466	331819	0.1712179332971573
3466	49940	0.579280436038971
3466	546197	0.5426911115646362
3466	65818	0.7850692272186279
3466	340252	0.7163470983505249
3466	104869	0.6378178000450134
3466	52124	0.6451942324638367
3466	229035	0.720437228679657
3466	229036	0.7979325652122498
3466	26413	0.7461487650871277
3466	18611	0.4131228029727936
3466	49845	0.5821829438209534
3466	435255	0.7492147088050842
3466	343610	0.4943286180496216
3466	472159	0.6737791299819946
3466	138300	0.6606433391571045
3466	533064	0.7245282530784607
3466	499724	0.53605055809021
3466	339274	0.7323782444000244
3466	4432	0.7218480110168457
3466	542037	0.5722295045852661
3466	542038	0.5480085611343384
3466	62680	0.7549236416816711
3466	238685	0.7005049586296082
3466	400862	0.7488619089126587
3466	276831	0.6745017766952515
3466	340320	0.7467462420463562
3466	260193	0.6807778477668762
3466	530923	0.7677327394485474
3466	286572	0.7431700229644775
3466	64238	0.661443293094635
3466	50550	0.6141732335090637
3466	400809	0.7835032939910889
