3491	437254	0.5080710053443909
3491	133653	0.29111626744270325
3491	185884	0.10068225860595703
3491	305698	0.09267538040876389
3491	377891	0.8008066415786743
3491	208421	0.013035254552960396
3491	222758	0.46247509121894836
3491	479877	0.5931045413017273
3491	137268	0.3534163534641266
3491	465461	0.4389100968837738
3491	450619	0.39515629410743713
3491	122940	0.24472318589687347
3491	373822	0.35580748319625854
3491	491596	0.08870597928762436
3491	441934	0.18375656008720398
3491	126033	0.48844775557518005
3491	174684	0.12855082750320435
3491	185955	0.13493694365024567
3491	147044	0.33340221643447876
3491	210021	0.08595051616430283
3491	156774	0.4397197961807251
3491	391793	0.12909545004367828
3491	78457	0.14184245467185974
3491	369280	0.08765798807144165
3491	549509	0.5628679394721985
3491	455303	0.35956230759620667
3491	450184	0.43702125549316406
3491	451723	0.202499657869339
3491	436878	0.25434640049934387
3491	183440	0.550569474697113
3491	450195	0.27412012219429016
3491	306335	0.3105112612247467
3491	223395	0.016069648787379265
3491	570029	-0.024773316457867622
3491	443061	0.09519010782241821
3491	183483	0.4632064700126648
3491	214206	0.0930614098906517
3491	183495	0.3595565855503082
3491	157386	0.05844242870807648
3491	424144	0.40173086524009705
3491	267993	0.7679318189620972
3491	1245	0.05547884479165077
3491	413423	0.3777601420879364
3491	423666	0.12328632175922394
3491	76019	0.32599449157714844
3491	567028	0.4471927583217621
3491	487670	-0.0014776877360418439
3491	171768	0.21876710653305054
3491	70906	0.1141841784119606
3491	431355	0.35169652104377747
3491	438530	0.11198312044143677
3491	219399	0.0717184767127037
3491	218895	0.86146080493927
3491	424208	0.3373264968395233
3491	522001	0.15558215975761414
3491	187155	0.3808823525905609
3491	474906	0.37349647283554077
3491	525957	0.5516448616981506
3491	212768	0.23835928738117218
3491	143138	0.032912325114011765
3491	425767	0.3342069089412689
3491	425768	0.38415154814720154
3491	296237	0.1786806732416153
3491	409912	0.5352431535720825
3491	139596	0.5260993838310242
3491	424248	0.6213665008544922
3491	152914	0.4669543206691742
3491	538452	0.3788197636604309
3491	24919	0.13885021209716797
3491	448484	0.019151704385876656
3491	223071	0.22468255460262299
3491	523109	0.4993465542793274
3491	49004	0.21643738448619843
3491	157039	0.39453253149986267
3491	144243	0.46613243222236633
3491	442232	0.12194034457206726
3491	377723	0.5104824900627136
3491	219528	0.11454125493764877
3491	377737	0.49246612191200256
3491	83855	0.6878735423088074
3491	370581	0.5875555872917175
3491	222614	0.1446070373058319
3491	367000	0.12071618437767029
3491	377764	0.3908960521221161
3491	437158	0.1588013917207718
3491	36780	0.07699216157197952
3491	144303	0.14695975184440613
3491	284088	0.5950278639793396
3491	368569	0.6029030084609985
3491	448442	0.40100324153900146
3491	424382	0.189777210354805
3491	285122	0.0773930773139
3491	508357	0.5206686854362488
3491	77794	0.08551041036844254
3491	425955	0.0030563867185264826
3491	498148	0.8944905996322632
3491	447975	0.2936626374721527
3491	345070	0.498855322599411
3491	183791	0.7185741066932678
3491	277491	0.5151195526123047
3491	564724	-0.024620376527309418
3491	100855	0.7006737589836121
3491	303359	0.5093716979026794
3491	397310	0.5852140188217163
