3517	34647	0.10511752218008041
3517	122895	0.1998843401670456
3517	77330	0.3451598584651947
3517	249370	0.05891581252217293
3517	249374	0.051191505044698715
3517	517676	0.12985418736934662
3517	103476	0.15571582317352295
3517	289848	0.3361193537712097
3517	561736	0.12306616455316544
3517	560713	0.07838176935911179
3517	76371	0.13989128172397614
3517	577629	0.5270188450813293
3517	222817	0.2879539132118225
3517	469095	0.30008062720298767
3517	388204	0.25520503520965576
3517	313454	0.16536594927310944
3517	573039	0.31204479932785034
3517	222843	0.23022805154323578
3517	448637	0.4059741199016571
3517	78464	0.21314197778701782
3517	562819	0.2344515025615692
3517	211590	0.3052292764186859
3517	561800	0.09994831681251526
3517	449674	0.07706905156373978
3517	31884	0.16935744881629944
3517	565902	0.6120945811271667
3517	61597	0.314669668674469
3517	428204	0.3787602186203003
3517	78706	0.4147639274597168
3517	189629	0.05886877328157425
3517	569022	0.6057002544403076
3517	534214	0.16488488018512726
3517	492743	-0.010674011893570423
3517	235722	0.06510048359632492
3517	573644	0.37058451771736145
3517	494797	0.04894106090068817
3517	573647	0.5463083386421204
3517	410321	0.06946156173944473
3517	60628	0.34691354632377625
3517	114901	0.33748456835746765
3517	129750	0.31652066111564636
3517	91863	0.04835190251469612
3517	60634	0.22464118897914886
3517	572639	0.6857904195785522
3517	532196	0.23118942975997925
3517	77542	0.08234787732362747
3517	211688	0.05257686227560043
3517	310567	0.21577207744121552
3517	267508	0.05424056202173233
3517	233214	0.26020100712776184
3517	478992	0.24984358251094818
3517	37763	-0.02264845371246338
3517	326932	0.03162243589758873
3517	67351	0.5862149596214294
3517	33048	-0.02264845371246338
3517	490788	0.054441455751657486
3517	148773	0.2425709366798401
3517	486695	0.08693719655275345
3517	40750	0.0530211478471756
3517	415025	0.06217731535434723
3517	569143	0.3556056320667267
3517	485176	0.13369221985340118
3517	364353	-0.04943319037556648
3517	33605	0.1787908673286438
3517	317766	0.16739670932292938
3517	571208	0.5951893925666809
3517	107849	0.20569613575935364
3517	24407	0.1268494576215744
3517	559332	0.4414140284061432
3517	292701	0.1841312050819397
3517	131422	0.09609144181013107
3517	477023	0.006538523826748133
3517	138593	0.19785135984420776
3517	560485	0.18373410403728485
3517	163174	0.13756322860717773
3517	389480	0.0806579738855362
3517	53618	0.5634654760360718
3517	78718	0.6285890936851501
3517	191871	0.0112011032178998
3517	279936	0.13730572164058685
3517	186242	0.11601684987545013
3517	59627	0.21255269646644592
3517	465286	0.1757960319519043
3517	112528	0.0780503898859024
3517	79763	0.1081317737698555
3517	34197	0.020874010398983955
3517	79768	0.10464741289615631
3517	78746	0.21716532111167908
3517	56226	0.40342119336128235
3517	120228	0.2816741168498993
3517	48557	0.02835976332426071
3517	326067	0.2828436493873596
3517	505076	0.08647146075963974
3517	321978	0.1305287778377533
3517	114111	0.3424666225910187
3517	311238	0.04262051358819008
3517	24519	0.278357595205307
3517	560075	0.15026772022247314
3517	546253	0.18602028489112854
3517	442329	0.14615267515182495
3517	8666	0.12235520035028458
3517	42972	0.03562432900071144
3517	454113	0.19559691846370697
3517	180212	0.2868364155292511
3517	108022	0.35559189319610596
3517	538104	0.5054907202720642
3517	353273	0.15036605298519135
3517	34812	-0.022648440673947334
