354	324160	0.10667075961828232
354	169346	0.1877833604812622
354	529963	0.03575931116938591
354	183702	0.6000916957855225
354	189123	0.06752485781908035
354	189341	0.02351677417755127
354	470380	0.0916394367814064
354	169283	0.18857640027999878
354	357516	0.007334795314818621
354	357389	0.007334795314818621
354	257806	0.4175526797771454
354	531471	0.1279103308916092
354	531473	0.1279103308916092
354	4371	0.005873053800314665
354	325852	0.08802076429128647
354	491798	0.1272060126066208
354	23492	-0.007997331209480762
354	532566	0.19051723182201385
354	447262	0.08548428863286972
354	394143	0.009399817325174809
354	199520	0.1268448680639267
354	399427	0.03889952600002289
354	114011	0.0365431122481823
354	150309	0.12375626713037491
354	168999	0.202395498752594
354	37415	0.1518525630235672
354	467883	0.0006382987485267222
354	74156	-0.001662507769651711
354	507311	-0.010295134969055653
354	36950	0.023250563070178032
354	249779	0.16776689887046814
354	401718	0.11988459527492523
354	219575	0.12541522085666656
354	371129	0.05246378108859062
354	404410	-0.06397096067667007
354	190239	-0.0261489637196064
354	265789	0.06731542199850082
354	438208	0.05064825341105461
354	578912	0.22298738360404968
354	32707	0.10554777085781097
354	257092	0.5966992378234863
354	448246	0.7249770760536194
354	38854	0.10258037596940994
354	473803	0.09642758220434189
354	353260	-0.0157319325953722
354	444238	0.10172851383686066
354	326863	-0.013127402402460575
354	38225	0.12541522085666656
354	296091	0.09799125790596008
354	38286	0.12541522085666656
354	357465	0.007334795314818621
354	181774	0.046279799193143845
354	277711	0.5040837526321411
354	579548	-0.03384992480278015
354	524005	-0.00917090941220522
354	11488	0.17974361777305603
354	114016	-0.020563114434480667
354	402535	0.22081923484802246
354	465641	0.015044459141790867
354	357482	0.007334795314818621
354	226283	0.04385411739349365
354	290412	0.12974603474140167
354	291510	0.2591935694217682
354	357451	0.007334795314818621
354	257526	0.11793739348649979
354	34550	0.12541522085666656
354	168924	0.2542405426502228
354	168950	0.1403256356716156
354	474134	0.034960076212882996
354	203180	0.0986945703625679
354	366588	-0.02691550739109516
354	34154	0.12541525065898895
