356	291337	0.6934167742729187
356	88077	0.33014926314353943
356	485392	0.06330139189958572
356	479769	0.25934723019599915
356	195625	0.08424337953329086
356	551090	0.3817291259765625
356	196146	0.08604392409324646
356	196150	0.07299091666936874
356	196153	0.06742622703313828
356	407610	0.16378305852413177
356	512572	0.14887352287769318
356	291912	0.0463922955095768
356	213579	0.2618820369243622
356	349262	0.4673045575618744
356	349263	0.4673045575618744
356	581206	0.05715798959136009
356	5207	0.23844672739505768
356	520297	0.49812695384025574
356	130158	0.06701362133026123
356	557843	0.12711414694786072
356	234106	0.21981169283390045
356	371837	0.523798942565918
356	160392	0.3476051688194275
356	180369	0.21223138272762299
356	38551	0.036349862813949585
356	428701	0.06212190166115761
356	226975	0.20480306446552277
356	457500	-0.03848930820822716
356	146606	0.024539493024349213
356	290994	0.07383367419242859
356	194235	0.1883898228406906
356	355523	0.05735066533088684
356	192374	0.13434596359729767
356	502986	0.08470592647790909
356	34508	-0.02243267372250557
356	91853	-0.03474166616797447
356	209110	-0.006537513807415962
356	424160	0.05292821303009987
356	405738	0.27353164553642273
356	497387	0.1955622136592865
356	532717	0.4234920144081116
356	220911	-0.005876247771084309
356	493296	0.579631507396698
356	438518	0.1511020064353943
356	424183	0.3577958047389984
356	478973	0.07261395454406738
356	11520	0.6049641966819763
356	256769	0.6070905327796936
356	227588	0.03640792891383171
356	424712	0.5218679904937744
356	311049	0.054685238748788834
356	419083	-0.02243267372250557
356	405262	0.4419481158256531
356	232719	0.5450695753097534
356	402707	0.3266085684299469
356	282391	0.5854706168174744
356	436508	0.03693520650267601
356	106279	0.7962819933891296
356	443694	0.24748878180980682
356	438064	0.4645049571990967
356	551732	0.7552573680877686
356	274229	0.17754489183425903
356	420153	0.042321328073740005
356	257760	0.4481262266635895
356	137033	0.40418317914009094
356	233813	0.05088313668966293
356	492887	0.4341662526130676
356	263001	0.03242357075214386
356	262202	0.08952163904905319
356	204644	0.14658844470977783
356	204652	0.4171489179134369
356	390880	0.09406276047229767
356	451446	0.0015564841451123357
356	277884	0.38854339718818665
356	350599	0.11433108896017075
356	465288	0.07251613587141037
356	477065	0.06459294259548187
356	210317	0.15298719704151154
356	488341	-0.0037529305554926395
356	434585	0.3836299479007721
356	555425	-0.019002145156264305
356	485286	0.14577268064022064
356	34729	-0.02243267372250557
356	160191	0.18215908110141754
356	250822	0.07385348528623581
356	233930	0.05355766415596008
356	143825	0.24205400049686432
356	206803	0.4851204454898834
356	368600	0.5407934188842773
356	114663	0.07347844541072845
356	422890	0.626730740070343
356	545771	0.030150875449180603
356	106989	0.047922905534505844
356	106992	0.08815056085586548
356	226291	0.21036888659000397
356	284661	0.10926363617181778
356	291320	0.49763742089271545
356	285183	0.6452370882034302
356	476157	0.19712206721305847
356	492885	0.6328259706497192
