3606	301056	-0.020871564745903015
3606	504321	0.18483476340770721
3606	186373	0.20490096509456635
3606	568343	0.30206742882728577
3606	155163	0.21630072593688965
3606	222241	0.06667497009038925
3606	503843	0.2305450439453125
3606	500260	0.18171009421348572
3606	504361	0.1827572137117386
3606	503342	0.0693892315030098
3606	222256	0.13021129369735718
3606	458290	0.2509751617908478
3606	512567	0.15935103595256805
3606	577087	0.06143146753311157
3606	527937	0.2127017378807068
3606	135235	0.3566459119319916
3606	223303	0.007169161923229694
3606	577096	0.0391857884824276
3606	131146	0.050346214324235916
3606	238683	0.41808268427848816
3606	503393	0.04204564169049263
3606	449635	0.13445456326007843
3606	525415	0.4858078360557556
3606	152168	0.08623440563678741
3606	211049	0.04480724781751633
3606	262767	0.25667083263397217
3606	503920	0.13326282799243927
3606	481397	0.14903542399406433
3606	350334	0.1707945019006729
3606	507041	0.06306606531143188
3606	85124	0.16125112771987915
3606	262287	0.00260985572822392
3606	577169	0.08982401341199875
3606	173718	0.16331396996974945
3606	139425	0.09983457624912262
3606	576677	0.016578413546085358
3606	91304	0.23069536685943604
3606	576688	0.09698845446109772
3606	576691	0.0025520422495901585
3606	410825	0.17793698608875275
3606	522426	0.00151325692422688
3606	321723	0.14296655356884003
3606	504009	0.07289235293865204
3606	468174	0.04929592087864876
3606	299740	0.20342551171779633
3606	177376	0.8494123220443726
3606	214242	0.049314871430397034
3606	484070	-0.07265867292881012
3606	175343	0.2677409052848816
3606	570098	0.2256489098072052
3606	84725	0.23584768176078796
3606	229623	-0.03203215450048447
3606	276220	0.09035678207874298
3606	412427	0.07488062232732773
3606	504591	0.12525132298469543
3606	269586	0.1632026582956314
3606	210709	-0.031148934736847878
3606	42263	0.3551444709300995
3606	200473	0.42696067690849304
3606	567613	0.21040430665016174
3606	445246	0.7995581030845642
3606	230724	0.2961769700050354
3606	504153	0.17778566479682922
3606	46941	0.12536299228668213
3606	551265	0.4231705665588379
3606	442723	0.07427507638931274
3606	151407	0.25177231431007385
3606	35697	-0.04231682047247887
3606	208775	0.03724042698740959
3606	576906	0.0682835504412651
3606	545163	0.13938386738300323
3606	2445	0.21915602684020996
3606	519582	0.11872179061174393
3606	436131	0.17817959189414978
3606	2981	0.08038230985403061
3606	473514	0.024866871535778046
3606	72107	0.21400070190429688
3606	267184	0.3012562394142151
3606	434267	0.19271212816238403
3606	576949	0.06000521779060364
3606	39359	0.06201155483722687
3606	69063	0.39936402440071106
3606	466383	0.2805991470813751
3606	504279	0.041421908885240555
3606	550875	0.030763035640120506
3606	301021	0.07522578537464142
3606	571878	0.206792414188385
3606	69095	0.20224934816360474
3606	434154	0.151041179895401
3606	481262	0.03156086057424545
3606	308211	0.2294078916311264
3606	67061	0.28355276584625244
3606	442358	0.10980897396802902
