382	258048	0.188541978597641
382	88070	0.13405741751194
382	289291	0.019900092855095863
382	289304	-0.02321135252714157
382	395803	0.15557065606117249
382	241670	0.07681987434625626
382	335925	0.4647066295146942
382	248887	0.12981253862380981
382	233529	0.033771492540836334
382	181771	0.08496326208114624
382	494152	0.04193267971277237
382	59465	0.03285503759980202
382	494167	0.0510934442281723
382	453211	0.013599462807178497
382	412256	0.045640844851732254
382	407665	0.20237962901592255
382	273525	-0.006097152829170227
382	240248	0.05120135843753815
382	511616	0.06686568260192871
382	212101	0.09830240905284882
382	429190	-0.01726463809609413
382	441993	0.11903277039527893
382	123033	0.4441714882850647
382	557723	0.13950581848621368
382	262814	0.03088364750146866
382	255942	0.14847607910633087
382	96934	-0.006410327274352312
382	327850	0.0435156375169754
382	508592	0.0502612367272377
382	387766	0.003291322151198983
382	130231	0.09720101952552795
382	89286	0.11498039960861206
382	104136	0.01785689778625965
382	523478	0.02524641342461109
382	473558	0.0025746675673872232
382	302461	0.4851304292678833
382	241912	-0.011215569451451302
382	441594	0.169040247797966
382	427772	0.007677468471229076
382	441599	0.20102429389953613
382	499840	0.055703818798065186
382	467670	0.011752195656299591
382	389902	0.008299232460558414
382	285460	-0.04612726345658302
382	438553	0.03707381710410118
382	420124	0.11075951904058456
382	419101	-0.030625255778431892
382	485152	0.15507537126541138
382	399323	0.15821440517902374
382	451895	0.12571829557418823
382	311238	0.07730083912611008
382	183613	0.7141677737236023
382	362308	0.008480478078126907
382	77111	0.05618676915764809
382	373583	0.08244971930980682
382	34128	0.055685367435216904
382	504678	-0.01700667291879654
382	258936	0.0491739958524704
382	525692	0.12384714931249619
382	443773	0.05418077111244202
382	192382	0.08967266976833344
382	451969	0.031656522303819656
382	34486	-0.05767796188592911
382	520085	0.16042831540107727
382	35737	-0.06205471605062485
382	171418	0.11132490634918213
382	179611	-0.034694768488407135
382	212380	0.09286472946405411
382	372891	-0.012276594527065754
382	186441	0.10216058045625687
382	401849	0.22779437899589539
382	300477	0.02107592672109604
382	569279	0.008450238965451717
382	9153	0.05919567495584488
382	489413	0.03076227568089962
382	175558	0.009812243282794952
382	413129	0.1206178069114685
382	453578	-0.048385802656412125
382	427472	0.11139553040266037
382	255955	0.06103898957371712
382	332758	0.014151869341731071
382	429019	0.4717622697353363
382	202205	0.029378749430179596
382	270817	0.05000302940607071
