3937	118277	0.1468133181333542
3937	310792	0.25950878858566284
3937	54797	0.10508359223604202
3937	213527	0.09069564938545227
3937	460832	0.14865167438983917
3937	267301	0.33588907122612
3937	572468	0.06087375059723854
3937	29247	0.42485788464546204
3937	289856	0.041712064296007156
3937	187463	0.09462397545576096
3937	460360	0.05305511876940727
3937	227922	0.12409722805023193
3937	460373	0.17389744520187378
3937	556120	0.21014204621315002
3937	376411	0.21001367270946503
3937	289896	0.08078842610120773
3937	399469	0.1255268156528473
3937	390767	0.17363278567790985
3937	146544	0.13218724727630615
3937	113276	0.42707157135009766
3937	37502	0.0724133849143982
3937	69760	0.5078447461128235
3937	256130	0.5991886854171753
3937	514697	0.11074009537696838
3937	508554	0.3956242799758911
3937	254999	0.14260607957839966
3937	159341	0.04083356261253357
3937	296594	0.25882071256637573
3937	142995	0.7339618802070618
3937	127125	0.14330491423606873
3937	256172	0.2969444990158081
3937	536239	0.3996121883392334
3937	153776	0.08861241489648819
3937	34997	0.18075822293758392
3937	566967	0.20872175693511963
3937	61119	0.2681429982185364
3937	301762	0.17380781471729279
3937	474819	0.15921348333358765
3937	417990	0.4853195250034332
3937	475847	0.38755783438682556
3937	301771	0.17380781471729279
3937	139468	0.004751117900013924
3937	216270	0.15536631643772125
3937	139471	0.23633374273777008
3937	117971	0.1468133181333542
3937	484053	0.05348121374845505
3937	214230	0.09746193885803223
3937	504869	0.13620105385780334
3937	495842	0.09305485337972641
3937	400100	0.05262120068073273
3937	133869	0.10955099761486053
3937	515822	0.1418570578098297
3937	124148	0.2759670913219452
3937	440064	0.16157002747058868
3937	263427	0.0697171539068222
3937	235781	0.03569956123828888
3937	318216	0.1454198658466339
3937	537355	0.21384400129318237
3937	85774	0.16463060677051544
3937	536338	0.1402643620967865
3937	460566	0.1923268437385559
3937	226600	0.16437071561813354
3937	27438	0.09686289727687836
3937	127282	0.35970842838287354
3937	271159	0.09409476816654205
3937	117561	0.2255803346633911
3937	245051	0.1074037030339241
3937	385342	0.16484110057353973
3937	380230	0.18674686551094055
3937	355655	0.30792078375816345
3937	544073	0.4740772247314453
3937	122186	0.4402027726173401
3937	172370	0.27041205763816833
3937	452440	0.04237581789493561
3937	289629	-0.0074798366986215115
3937	507237	0.18221750855445862
3937	113002	0.46258944272994995
3937	203119	0.3255993127822876
3937	55152	0.10508359223604202
3937	233330	0.1950322687625885
3937	500084	0.06697633862495422
3937	300406	0.14323268830776215
3937	354695	0.13655920326709747
3937	191370	0.11019523441791534
3937	34707	0.09764312207698822
3937	163236	0.1956569403409958
3937	556456	0.10741593688726425
3937	249283	0.10866887867450714
3937	354246	0.13769055902957916
3937	218579	0.013457516208291054
3937	117229	0.10494761168956757
3937	354216	0.137690469622612
3937	500730	0.046125542372465134
