4006	276224	0.02705632522702217
4006	420672	0.12491163611412048
4006	153347	0.1132454201579094
4006	445060	0.1619826853275299
4006	183943	0.06250862777233124
4006	469007	0.15178456902503967
4006	300681	0.22884629666805267
4006	357081	0.1469249427318573
4006	183959	0.08300473541021347
4006	396686	0.20570912957191467
4006	89389	0.07824590802192688
4006	2963	0.2040039300918579
4006	420629	0.27803656458854675
4006	183958	0.10990159958600998
4006	18199	0.2607273459434509
4006	504216	0.2027251273393631
4006	525849	0.24280059337615967
4006	173725	0.11121582239866257
4006	445347	0.06994010508060455
4006	445348	-0.01678648591041565
4006	552796	0.19021981954574585
4006	213670	0.13542945683002472
4006	505383	0.004061237908899784
4006	14889	0.05848737061023712
4006	405290	0.18817494809627533
4006	567623	0.128487691283226
4006	69127	0.08351776748895645
4006	405293	0.2675152122974396
4006	266801	0.004979482851922512
4006	299741	0.1247917115688324
4006	503472	0.2536245584487915
4006	452657	0.03907719627022743
4006	263736	0.11628157645463943
4006	568050	0.22495722770690918
4006	504378	0.21641840040683746
4006	221757	0.13811346888542175
4006	350782	0.18333716690540314
4006	256191	0.22031669318675995
4006	504256	0.23629185557365417
4006	186946	0.05519358441233635
4006	100547	0.10645242780447006
4006	575943	0.3416546881198883
4006	548168	0.19571299850940704
4006	461001	0.21302419900894165
4006	481485	0.08569837361574173
4006	69123	0.08414220064878464
4006	222264	0.09313803166151047
4006	85203	0.08607703447341919
4006	344660	0.2665711045265198
4006	577138	0.16506066918373108
4006	503767	0.19673335552215576
4006	302680	0.06333927810192108
4006	188889	0.16774441301822662
4006	54235	0.10764618963003159
4006	445148	0.11151040345430374
4006	297565	0.17410382628440857
4006	173853	0.07945366948843002
4006	574559	0.03640838339924812
4006	45669	0.049296099692583084
4006	302681	0.05330568924546242
4006	235249	0.11159949749708176
4006	206187	0.25110873579978943
4006	85869	0.0464855320751667
4006	1572	0.2859562337398529
4006	415728	0.15961016714572906
4006	184049	0.08806197345256805
4006	397042	0.21217575669288635
4006	523603	0.035305023193359375
4006	388344	-0.00046674819895997643
4006	3065	0.2180384248495102
4006	503930	0.20575864613056183
4006	276223	0.10312828421592712
4006	255228	0.06136958673596382
4006	419837	0.21980984508991241
4006	498709	0.17606578767299652
