4051	374273	0.07440294325351715
4051	325134	0.16843129694461823
4051	468498	0.6362271904945374
4051	379923	0.8560193777084351
4051	121877	0.722411036491394
4051	230433	0.07206173986196518
4051	122916	0.6549301147460938
4051	205350	0.044641122221946716
4051	235050	0.21618445217609406
4051	349232	0.5601332783699036
4051	457566	0.0956587865948677
4051	167478	0.14187991619110107
4051	316990	0.1126384362578392
4051	581699	0.583519458770752
4051	189510	0.14103198051452637
4051	151112	0.11523040384054184
4051	537162	0.06479588150978088
4051	150604	0.7774729132652283
4051	446734	0.14170007407665253
4051	325723	0.574030876159668
4051	208485	0.22694136202335358
4051	13422	0.1716851443052292
4051	190069	0.1427687555551529
4051	360567	0.056316789239645004
4051	239737	0.5688365697860718
4051	265345	0.7679322957992554
4051	341643	0.763598620891571
4051	170142	0.5210065245628357
4051	431273	0.502726137638092
4051	516781	0.04526199400424957
4051	373434	0.39022040367126465
4051	533179	0.4400326907634735
4051	335549	0.7002881765365601
4051	344254	0.45989790558815
4051	431824	0.35896074771881104
4051	103128	0.7888568639755249
4051	308447	-0.0424937829375267
4051	518881	0.1791682094335556
4051	545506	0.07771151512861252
4051	154339	-0.01833599992096424
4051	55023	0.1341957002878189
4051	345840	0.10343929380178452
4051	71923	0.10779672861099243
4051	320468	0.456470787525177
4051	457472	0.113978810608387
4051	515845	0.12589578330516815
4051	90753	0.16192097961902618
4051	281355	0.07200799882411957
4051	218320	-0.08931073546409607
4051	154382	0.0891907662153244
4051	172815	0.18506933748722076
4051	61713	0.22753484547138214
4051	274710	0.7449217438697815
4051	274711	0.7430420517921448
4051	415515	0.13180719316005707
4051	319773	0.24154171347618103
4051	166177	0.14187991619110107
4051	139555	0.3744871914386749
4051	241454	0.44508063793182373
4051	348975	0.18213704228401184
4051	368438	0.7896053194999695
4051	76094	0.43410712480545044
4051	92640	0.10089343786239624
4051	316740	0.09721682965755463
4051	337224	0.38363948464393616
4051	302409	0.859930694103241
4051	17235	0.7241800427436829
4051	53077	0.5523142218589783
4051	221019	0.15098240971565247
4051	550238	0.7648562788963318
4051	94047	0.06283880770206451
4051	551787	0.323520690202713
4051	422766	0.04612894728779793
4051	207219	0.16805537045001984
4051	462197	0.22722367942333221
4051	247686	0.1402270495891571
4051	135047	0.5003179907798767
4051	386446	0.5124825835227966
4051	190654	0.771998941898346
4051	80787	0.23314058780670166
4051	438166	0.3795410990715027
4051	494487	0.032543957233428955
4051	579992	0.4119105041027069
4051	194457	0.4281063377857208
4051	321438	0.37677517533302307
4051	467364	0.4633399546146393
4051	248230	0.48379063606262207
4051	159144	0.3751361668109894
4051	192426	0.0017617580015212297
4051	257976	0.09943070262670517
4051	247738	0.289590448141098
4051	67012	0.6680938005447388
4051	55237	0.1341957002878189
4051	310220	0.10971469432115555
4051	317390	0.23416727781295776
4051	71634	0.011789637617766857
4051	180179	0.6548808217048645
4051	347604	0.6759055852890015
4051	457687	0.07943322509527206
4051	269275	0.417345255613327
4051	189395	0.03618768975138664
4051	319967	0.2182234674692154
4051	315872	0.1513313204050064
4051	362978	0.005351358093321323
4051	332771	0.2932150661945343
4051	92156	0.2206469625234604
4051	8693	0.5178549885749817
4051	117238	0.4468783736228943
4051	332796	0.06857118010520935
4051	151637	0.7210080623626709
