4064	153089	0.30954262614250183
4064	389642	0.24218906462192535
4064	19470	0.1359194815158844
4064	204120	0.24010488390922546
4064	327705	0.8044814467430115
4064	185882	0.15165886282920837
4064	267354	0.2892371118068695
4064	543665	0.23875270783901215
4064	417838	0.18075960874557495
4064	478767	0.3204171657562256
4064	219185	0.30477380752563477
4064	527922	0.42570316791534424
4064	560180	0.10355937480926514
4064	244789	0.30310213565826416
4064	230968	0.2575153112411499
4064	504894	0.32077616453170776
4064	411714	0.13885100185871124
4064	225354	0.2201644331216812
4064	560203	0.071936696767807
4064	246354	0.47086310386657715
4064	246359	0.1316826045513153
4064	114776	0.5622395277023315
4064	540762	0.31073057651519775
4064	457309	0.1559160351753235
4064	555614	0.10267463326454163
4064	178021	0.7843437790870667
4064	404577	0.44734907150268555
4064	203362	0.7143368721008301
4064	560230	0.06782019883394241
4064	470634	0.35725659132003784
4064	371307	0.1969459503889084
4064	521851	0.13745009899139404
4064	112765	0.030003145337104797
4064	310915	0.5189927816390991
4064	457355	0.3040617108345032
4064	360594	0.28972887992858887
4064	20115	0.6843303442001343
4064	119237	0.23986579477787018
4064	205984	0.40386632084846497
4064	251050	0.7447527050971985
4064	417475	0.19175945222377777
4064	320196	0.15817639231681824
4064	203977	0.35698646306991577
4064	518347	0.3378395736217499
4064	518349	0.16877931356430054
4064	181456	0.6278854608535767
4064	312024	0.16440875828266144
4064	516317	0.20625126361846924
4064	170718	0.27253711223602295
4064	312035	0.32301250100135803
4064	206052	0.5748107433319092
4064	284389	0.16232925653457642
4064	556270	0.15287035703659058
4064	312047	0.38013726472854614
4064	327415	0.3971557915210724
4064	105723	0.420720636844635
4064	258826	0.4215354919433594
4064	439057	0.290560245513916
4064	390930	0.11204244196414948
4064	41091	0.07510540634393692
4064	380184	0.055023569613695145
4064	433436	0.28599607944488525
4064	166175	0.10704029351472855
4064	139558	0.38493120670318604
4064	199464	0.42981526255607605
4064	165172	0.11245489120483398
4064	340794	0.7258893251419067
4064	553789	0.18946628272533417
4064	115523	0.604080319404602
4064	326474	0.3390050530433655
4064	422735	0.11463186144828796
4064	96592	0.1485266238451004
4064	475474	0.24555960297584534
4064	259928	0.3586304783821106
4064	416091	0.20934665203094482
4064	258917	0.3870353400707245
4064	124263	0.5072306990623474
4064	124267	0.5373607873916626
4064	94069	0.22743602097034454
4064	480120	0.6438355445861816
4064	41852	0.32767099142074585
4064	225007	0.025768565014004707
4064	225152	0.24148611724376678
4064	245125	0.6924945116043091
4064	190862	0.10326264798641205
4064	234898	0.29278549551963806
4064	120191	0.3521847128868103
4064	54676	0.09694046527147293
4064	344987	0.24270203709602356
4064	563102	0.14806118607521057
4064	432554	0.36555448174476624
4064	189359	0.22284744679927826
4064	292273	0.33473268151283264
4064	514995	0.5706949234008789
4064	170314	0.15494637191295624
4064	345534	0.576697587966919
4064	161220	0.7735486626625061
4064	341957	0.7572341561317444
4064	47049	0.33133402466773987
4064	210899	0.23962339758872986
4064	191450	0.6417440176010132
4064	247274	0.3458941578865051
4064	439293	0.3774130046367645
4064	493567	0.1557016372680664
