4148	50700	0.19190219044685364
4148	387099	0.15141725540161133
4148	126810	0.21656487882137299
4148	59935	0.6562002301216125
4148	95264	0.10875245928764343
4148	51235	0.10946427285671234
4148	92708	0.16130079329013824
4148	315942	0.1306372433900833
4148	448551	0.07234512269496918
4148	330796	0.035400036722421646
4148	205874	0.11196381598711014
4148	72760	0.10589674860239029
4148	345664	0.09109114855527878
4148	16450	0.1489238291978836
4148	318534	0.1316692978143692
4148	208456	0.06665243208408356
4148	374455	0.051467034965753555
4148	16463	0.06654462218284607
4148	86612	0.054709166288375854
4148	393486	0.1051512062549591
4148	359098	0.12196198105812073
4148	220768	0.09083428978919983
4148	314980	0.20280595123767853
4148	375910	0.1368235945701599
4148	43623	0.11258847266435623
4148	177258	0.8176921606063843
4148	62062	0.4067347049713135
4148	480375	0.17407192289829254
4148	176761	0.7529797554016113
4148	441690	0.11713343113660812
4148	265353	0.5489704608917236
4148	158350	0.1772421896457672
4148	97425	0.1064569503068924
4148	19907	0.07553733140230179
4148	33902	0.04721224680542946
4148	313625	0.09556818753480911
4148	160923	0.1132696196436882
4148	548208	0.1663697063922882
4148	221211	0.08119259029626846
4148	321200	0.12390215694904327
4148	397493	0.11605643481016159
4148	59575	0.10464722663164139
4148	536250	0.06849990785121918
4148	35515	0.003924515098333359
4148	378045	0.29041385650634766
4148	53438	0.4198559522628784
4148	318160	0.10787423700094223
4148	51412	0.12153232842683792
4148	80088	0.2617354094982147
4148	190172	0.07985178381204605
4148	519392	0.1634589433670044
4148	232	0.2025444358587265
4148	159978	0.45324018597602844
4148	133355	0.1251412183046341
4148	490737	0.09372555464506149
4148	211188	0.15955910086631775
4148	458491	0.05793208256363869
4148	275200	0.17873068153858185
4148	426761	0.08729493618011475
4148	301836	0.26896563172340393
4148	137998	0.041805561631917953
4148	30487	0.649225115776062
4148	233753	-0.042205337435007095
4148	313627	0.09556818753480911
4148	48412	0.4484899938106537
4148	313629	0.09556818753480911
4148	26921	0.22539269924163818
4148	100653	0.3361048102378845
4148	173359	0.32754242420196533
4148	129846	0.03767805173993111
4148	419128	-0.011573895812034607
4148	35097	0.03815020993351936
4148	478531	0.021709317341446877
4148	318276	0.15307603776454926
4148	42320	0.0447881743311882
4148	407383	0.0404694564640522
4148	45402	0.24367456138134003
4148	51036	0.1291378289461136
4148	88930	0.5864372849464417
4148	202089	0.3406488597393036
4148	397680	0.1387690007686615
4148	190833	0.38337182998657227
4148	59797	0.22358791530132294
4148	150913	0.07627583295106888
4148	158443	0.22633317112922668
4148	36743	0.06795895099639893
4148	301960	0.148725226521492
4148	117740	0.0586584247648716
4148	158613	0.23017512261867523
4148	200602	0.17099235951900482
4148	430491	0.3276185989379883
4148	406431	0.14630813896656036
4148	299940	0.16406530141830444
4148	250801	0.15987715125083923
4148	159672	0.32321786880493164
4148	364474	-0.0062070852145552635
4148	532926	0.18019971251487732
4148	143299	0.32284313440322876
4148	315335	0.13519161939620972
4148	262607	0.20208950340747833
4148	397779	0.057356659322977066
4148	202713	0.3300088346004486
4148	319974	0.16885297000408173
4148	302873	0.05010683462023735
4148	457710	0.171922966837883
4148	465908	0.24461501836776733
4148	346613	0.4254496097564697
4148	398334	0.16047795116901398
