4189	318551	0.1592501848936081
4189	388623	0.4881298542022705
4189	302611	0.4523839056491852
4189	317975	0.2783483862876892
4189	239135	0.6450653672218323
4189	345633	0.49949154257774353
4189	347683	0.5411320924758911
4189	402984	0.449537992477417
4189	125483	0.6981820464134216
4189	76343	0.5623623728752136
4189	404536	0.273549884557724
4189	252478	0.26356810331344604
4189	341055	0.5456641912460327
4189	314957	0.18529021739959717
4189	450642	0.3344755172729492
4189	273491	0.4001999497413635
4189	273494	0.4910498559474945
4189	450647	0.4897804856300354
4189	496737	0.4353831112384796
4189	203363	0.5672866106033325
4189	234257	0.5382200479507446
4189	203368	0.49861201643943787
4189	29808	0.42889997363090515
4189	200382	0.6520448327064514
4189	317054	0.2392517626285553
4189	553093	0.5739501118659973
4189	505367	0.35752302408218384
4189	238224	0.561546266078949
4189	365206	0.41228383779525757
4189	561306	0.40199601650238037
4189	401565	0.43740203976631165
4189	94887	0.08557325601577759
4189	398007	0.153994619846344
4189	462009	0.22605058550834656
4189	262330	0.6520448327064514
4189	461502	0.43309274315834045
4189	368323	0.49908751249313354
4189	553674	0.2617594003677368
4189	321740	0.19526533782482147
4189	479779	0.40087103843688965
4189	462036	0.5514052510261536
4189	553173	0.2650351822376251
4189	244952	0.5262970328330994
4189	359649	0.6141465902328491
4189	307426	0.31836360692977905
4189	14569	0.5083043575286865
4189	62187	0.2878047227859497
4189	21231	0.24184688925743103
4189	462065	0.5084963440895081
4189	262355	0.4730333983898163
4189	325367	0.32494476437568665
4189	200440	0.5573219656944275
4189	192724	0.27693435549736023
4189	202430	0.4797402322292328
4189	200452	0.4279436767101288
4189	51463	0.11431887000799179
4189	529681	0.5980647802352905
4189	176407	0.313306599855423
4189	312100	0.1437155306339264
4189	93480	0.44428661465644836
4189	316718	0.32401421666145325
4189	472884	0.41583216190338135
4189	233273	0.2767926752567291
4189	52030	0.1118219867348671
4189	160576	0.6898543238639832
4189	395073	0.4039669930934906
4189	451397	0.550888180732727
4189	200520	0.4403042197227478
4189	160593	0.5615399479866028
4189	231737	0.4710046947002411
4189	423260	0.5279777646064758
4189	308061	0.6168375015258789
4189	438160	0.3608740568161011
4189	472931	0.45254388451576233
4189	316775	0.29837074875831604
4189	325992	0.43272215127944946
4189	323945	0.19804631173610687
4189	177003	0.48639050126075745
4189	9069	0.34632015228271484
4189	397681	0.14792637526988983
4189	537971	0.7227703332901001
4189	28532	0.47325676679611206
4189	455742	0.23813088238239288
4189	269887	0.5452919602394104
4189	367484	0.039926815778017044
4189	21890	0.5533756613731384
4189	160577	0.5512084364891052
4189	398732	0.07822083681821823
4189	398736	0.07822083681821823
4189	153072	0.16769929230213165
4189	519588	0.28260546922683716
4189	8106	0.6395118832588196
4189	390572	0.4790497422218323
4189	285113	0.14850856363773346
4189	492990	0.5206804871559143
4189	343489	0.3983801305294037
4189	455622	0.47619473934173584
4189	213453	0.49034449458122253
4189	307150	0.6486422419548035
4189	208633	0.1229984387755394
4189	252388	0.5427426695823669
4189	66030	0.3877940773963928
4189	264688	0.36014994978904724
4189	455763	0.18326422572135925
4189	348663	0.08931465446949005
4189	46077	0.5875191688537598
