4463	96264	0.5165495872497559
4463	564255	0.659075140953064
4463	564256	0.6175928115844727
4463	564259	0.6053577661514282
4463	31785	0.533923864364624
4463	272939	0.49678948521614075
4463	31788	0.5843438506126404
4463	67630	0.6416193842887878
4463	31792	0.6630412936210632
4463	31794	0.48724842071533203
4463	31798	0.5115147829055786
4463	31799	0.49014052748680115
4463	272953	0.17362481355667114
4463	331840	0.6700183153152466
4463	331842	0.452274888753891
4463	331846	0.4437733590602875
4463	272972	0.7857653498649597
4463	272973	0.7803698778152466
4463	331854	0.30863794684410095
4463	387677	0.49075573682785034
4463	499808	0.6006304025650024
4463	499809	0.44152551889419556
4463	95856	0.5894888043403625
4463	117366	0.133607417345047
4463	88183	0.5028430223464966
4463	331897	0.3229329288005829
4463	506513	0.6035545468330383
4463	98972	0.20831997692584991
4463	237214	0.6284361481666565
4463	94368	0.646244466304779
4463	331888	0.6684190630912781
4463	98985	0.35594645142555237
4463	98988	0.2543233335018158
4463	506554	0.6192156076431274
4463	506556	0.5699304938316345
4463	506559	0.5686700940132141
4463	293408	0.24242815375328064
4463	293058	0.6084603667259216
4463	293065	0.4832681715488434
4463	135883	0.6192125678062439
4463	399069	0.6523041129112244
4463	107233	0.5703204274177551
4463	559849	0.7621452212333679
4463	293417	0.40021708607673645
4463	580857	0.2927549183368683
4463	98564	0.5686803460121155
4463	407824	0.5580069422721863
4463	31790	0.5621857047080994
4463	280865	0.29654914140701294
4463	137506	0.7082206606864929
4463	96037	0.5868542790412903
4463	96038	0.5458310842514038
4463	355625	0.6735404133796692
4463	108332	0.6541895270347595
4463	566066	0.5949334502220154
4463	578350	0.7595186233520508
4463	111920	0.9292911887168884
4463	111921	0.9292911887168884
4463	111922	0.9292911887168884
4463	124724	0.5199034214019775
4463	119094	0.6382737755775452
4463	119095	0.5891449451446533
4463	280888	0.3925521969795227
4463	280892	0.3096355199813843
4463	280895	0.4209345877170563
4463	280886	0.42379167675971985
4463	204621	0.8323661088943481
4463	5966	0.7042125463485718
4463	5457	0.5939968228340149
4463	66898	0.5817906260490417
4463	7003	0.5975372791290283
4463	293725	0.41055282950401306
4463	540001	0.7110975384712219
4463	419689	0.30225804448127747
4463	96110	0.4110846221446991
4463	413553	0.21286140382289886
4463	87930	0.7042125463485718
4463	87932	0.6066635251045227
4463	88465	0.6071044206619263
4463	353690	0.5967793464660645
4463	293275	0.20949779450893402
4463	512413	0.553350031375885
4463	104350	0.641621470451355
4463	104352	0.5983718037605286
4463	353699	0.6283438801765442
4463	293295	0.3549462556838989
4463	293298	0.6901058554649353
4463	346548	0.5747218132019043
4463	353719	0.35448968410491943
4463	353720	0.28413957357406616
4463	353721	0.25018978118896484
4463	332219	0.07801569253206253
4463	109505	0.19794107973575592
4463	552899	0.2176351398229599
4463	68041	0.5417159199714661
4463	436693	0.053297050297260284
4463	272347	0.594537615776062
4463	272348	0.6438453793525696
4463	272351	0.2741045653820038
4463	272352	0.4962243139743805
4463	293713	0.2785242199897766
4463	91114	0.3338753283023834
4463	438268	0.35678425431251526
