4549	211457	0.1455870419740677
4549	413186	0.40642935037612915
4549	527365	0.0763949602842331
4549	90113	0.11738386005163193
4549	462856	0.07892050594091415
4549	327690	0.6046225428581238
4549	456208	0.1194746196269989
4549	559660	0.02744094468653202
4549	90166	0.015403869561851025
4549	386104	0.12871940433979034
4549	554847	0.07722058147192001
4549	535634	0.4560220241546631
4549	496724	0.38581132888793945
4549	128090	0.011847782880067825
4549	335546	0.5219720602035522
4549	98398	0.16067315638065338
4549	278637	0.0007154495106078684
4549	394355	0.03300999104976654
4549	283498	0.08475926518440247
4549	158848	0.694818913936615
4549	403586	0.11644065380096436
4549	42126	0.1029113382101059
4549	284822	0.07960550487041473
4549	209560	0.1408645361661911
4549	196264	0.030270719900727272
4549	558762	0.08819441497325897
4549	263353	0.04300977289676666
4549	130234	0.0387050099670887
4549	301244	0.08888822048902512
4549	240836	0.09524077922105789
4549	196295	0.07121264934539795
4549	193227	0.07329856604337692
4549	545485	0.01895197294652462
4549	294094	0.1080629825592041
4549	69331	0.0962279886007309
4549	543956	0.0016126094851642847
4549	386274	0.2575013339519501
4549	31971	-0.009048358537256718
4549	491750	0.09435959905385971
4549	520423	0.03229542821645737
4549	221052	0.026456035673618317
4549	38131	-0.009048358537256718
4549	523003	0.1758844554424286
4549	369792	0.05063557252287865
4549	457482	0.07013722509145737
4549	351502	0.09292861819267273
4549	163604	0.13296107947826385
4549	347927	0.1039041206240654
4549	109341	0.036910753697156906
4549	163616	0.18618498742580414
4549	326945	0.04817325621843338
4549	128295	0.02013077400624752
4549	102185	0.01632203906774521
4549	257322	0.06210477650165558
4549	493959	0.053102750331163406
4549	526129	0.17438563704490662
4549	58679	0.0574030876159668
4549	124728	0.15807954967021942
4549	363833	0.06699071079492569
4549	556862	0.14594964683055878
4549	471360	0.15443316102027893
4549	109894	0.21064512431621552
4549	42824	0.04437602683901787
4549	164682	0.07254590094089508
4549	285004	0.11219026148319244
4549	426381	0.07700073719024658
4549	525650	0.07592663168907166
4549	256342	0.33870118856430054
4549	191836	-0.01928720809519291
4549	205663	0.12106502801179886
4549	407634	0.07942195236682892
4549	126314	0.06268279999494553
4549	556263	0.17521704733371735
4549	431422	0.08871523290872574
4549	129404	0.06877994537353516
4549	267584	0.10111336410045624
4549	554887	0.22131218016147614
4549	175501	0.07880789041519165
4549	234894	0.2962694466114044
4549	452495	0.3271530568599701
4549	144277	0.1577063649892807
4549	537494	0.26923805475234985
4549	524185	0.16472214460372925
4549	192411	-0.00795834045857191
4549	384933	0.08870840072631836
4549	556455	0.1001102402806282
4549	130473	0.0337526798248291
4549	375727	0.004206561017781496
4549	492468	0.21033190190792084
4549	390593	0.10706426948308945
4549	390594	0.19594794511795044
4549	484817	0.011444127187132835
4549	350162	0.07279787212610245
4549	192979	0.04661056399345398
4549	359381	0.5702897310256958
4549	159192	0.4288739562034607
4549	334301	0.4725441336631775
4549	249317	0.05546778813004494
4549	559597	0.2104862779378891
4549	348669	0.31469523906707764
4549	18417	0.09377816319465637
4549	266741	0.058969564735889435
4549	249335	0.10972637683153152
4549	505002	0.10335098952054977
