4571	236544	0.4784272015094757
4571	132100	0.29619187116622925
4571	98825	0.2250932902097702
4571	261130	0.4255724251270294
4571	265048	0.34861108660697937
4571	236567	0.3941955864429474
4571	420893	0.3939136266708374
4571	526881	0.09190963953733444
4571	263716	0.19043047726154327
4571	334909	0.3206197917461395
4571	234563	-0.05679139867424965
4571	233030	0.1258406639099121
4571	15432	0.3529552221298218
4571	210512	0.22195333242416382
4571	144980	0.05539104342460632
4571	280666	0.19380508363246918
4571	325724	0.1842058151960373
4571	250985	0.23547884821891785
4571	209528	0.19727449119091034
4571	218234	0.05923696607351303
4571	355459	0.3599270284175873
4571	414852	0.39013582468032837
4571	213637	0.48361077904701233
4571	66182	0.3635164797306061
4571	261256	0.3382124900817871
4571	52361	0.35694625973701477
4571	232587	0.42295315861701965
4571	323214	0.15739662945270538
4571	355096	0.23323681950569153
4571	516755	0.11499657481908798
4571	317591	0.19338351488113403
4571	342688	0.6835166811943054
4571	289447	0.479531854391098
4571	185514	0.3321136236190796
4571	305323	0.34688371419906616
4571	336558	0.49343225359916687
4571	434863	0.15495805442333221
4571	348338	0.20058566331863403
4571	494261	0.19781561195850372
4571	290487	0.1719679832458496
4571	234683	0.4369429051876068
4571	346812	0.4222675561904907
4571	346814	0.4570765495300293
4571	318151	0.2899518609046936
4571	419530	0.4936184585094452
4571	538829	0.39457204937934875
4571	513235	0.16408522427082062
4571	316631	0.3030874729156494
4571	494301	0.07828003168106079
4571	324320	0.1924823671579361
4571	398562	0.33732903003692627
4571	250086	0.4008137881755829
4571	320233	0.024445094168186188
4571	316148	0.16995291411876678
4571	289527	0.3353565037250519
4571	237304	0.23479518294334412
4571	516353	0.147125706076622
4571	161035	0.08598119765520096
4571	230160	0.2616497874259949
4571	68886	0.2645498812198639
4571	430872	0.23363731801509857
4571	16517	0.05336945503950119
4571	425260	0.2327791005373001
4571	425261	0.21051029860973358
4571	393521	0.13471101224422455
4571	321336	0.20849736034870148
4571	270139	0.5753650069236755
4571	514878	-0.03777693584561348
4571	100161	0.36014479398727417
4571	316230	0.2175649106502533
4571	51596	0.09107614308595657
4571	161102	0.07746517658233643
4571	259919	0.40363171696662903
4571	402257	0.0970754623413086
4571	85842	0.21397864818572998
4571	235348	0.42251574993133545
4571	170328	0.23598964512348175
4571	247166	0.3406881093978882
4571	270209	0.4086219072341919
4571	259973	0.5712700486183167
4571	319878	0.2072824239730835
4571	313738	0.04813191294670105
4571	535436	0.3441876173019409
4571	239502	0.4530318081378937
4571	501139	0.05471125245094299
4571	461732	0.44403326511383057
4571	411560	0.3891296982765198
4571	309746	0.3096853792667389
4571	148399	0.3128723204135895
4571	325041	0.16872183978557587
4571	265460	0.03504211828112602
4571	551355	0.25865307450294495
4571	397773	0.3646722137928009
4571	324049	0.2578824758529663
4571	409556	0.3132176697254181
4571	209488	0.06451291590929031
4571	323043	0.2911648750305176
4571	232420	0.16829247772693634
4571	383468	0.11567218601703644
4571	55278	0.030431432649493217
4571	309743	0.3404468297958374
4571	248306	0.3055492341518402
4571	234836	0.4413832724094391
4571	191997	0.04696447402238846
