4580	309772	0.260154128074646
4580	20504	0.21911434829235077
4580	479261	0.21155734360218048
4580	273955	0.12266289442777634
4580	205863	0.2624693810939789
4580	321064	0.06292250752449036
4580	56873	-0.03244858980178833
4580	27186	0.12113188207149506
4580	9268	0.22256572544574738
4580	151093	0.32483917474746704
4580	9273	0.46784746646881104
4580	76351	0.09717146307229996
4580	9280	0.5373426675796509
4580	9281	0.2923583388328552
4580	9283	0.24741603434085846
4580	9284	0.24075227975845337
4580	431175	0.3951738774776459
4580	472140	0.05529478192329407
4580	9293	0.38890546560287476
4580	151118	0.32358112931251526
4580	286289	0.13461317121982574
4580	235095	0.42743468284606934
4580	408664	0.07869414985179901
4580	374363	0.1046636775135994
4580	411744	0.034852053970098495
4580	490082	0.15054498612880707
4580	498786	0.14828112721443176
4580	547432	0.3926188051700592
4580	391784	0.03958087041974068
4580	416374	0.3811984658241272
4580	487034	0.11962149292230606
4580	196223	0.34886622428894043
4580	360579	0.2315664440393448
4580	309388	0.2976086437702179
4580	455314	-0.015906257554888725
4580	305303	0.12065131962299347
4580	135321	0.25408777594566345
4580	230042	0.37149593234062195
4580	519997	0.1733037829399109
4580	141993	0.18346640467643738
4580	439765	0.2493346780538559
4580	125100	0.14006619155406952
4580	417453	0.2821696102619171
4580	46621	0.04673949256539345
4580	318655	0.09111622720956802
4580	444534	0.19422011077404022
4580	413393	0.06525830179452896
4580	524501	0.15812934935092926
4580	489174	0.1533113569021225
4580	386781	0.056453727185726166
4580	324835	0.10209895670413971
4580	265444	0.21556788682937622
4580	269033	0.09085570275783539
4580	210668	0.08666223287582397
4580	409844	0.32650959491729736
4580	23801	0.03428083658218384
4580	174293	0.05991286039352417
4580	349961	0.280917763710022
4580	324362	0.09359358251094818
4580	544015	0.14922131597995758
4580	578832	0.00022506715322379023
4580	488579	0.1977134495973587
4580	356134	0.03938841074705124
4580	74024	0.4892703890800476
4580	502575	0.7076864242553711
4580	82312	0.1567898392677307
4580	159538	0.1095108687877655
4580	232756	0.24085548520088196
4580	179509	0.16577847301959991
4580	438077	0.28344935178756714
4580	351038	0.39196181297302246
4580	212803	0.4173242747783661
4580	417605	0.34802600741386414
4580	284998	0.44511112570762634
4580	556872	0.041247207671403885
4580	49481	0.303943932056427
4580	144722	0.27895525097846985
4580	252757	0.29618412256240845
4580	252766	0.24696660041809082
4580	465766	0.31443867087364197
4580	302447	0.1316874474287033
4580	322416	0.20259319245815277
4580	481146	0.3853028416633606
4580	168318	0.3715396225452423
4580	243592	0.4262397289276123
4580	320396	0.1189434826374054
4580	200087	0.07136549800634384
4580	250764	0.1687442660331726
4580	563089	0.22769993543624878
4580	523157	0.26739051938056946
4580	432535	0.1354290246963501
4580	559516	-0.005854932591319084
4580	496031	0.0804075077176094
4580	324000	0.11499827355146408
4580	250798	0.25526162981987
4580	538033	0.35492902994155884
4580	153016	0.10962436348199844
4580	495050	0.016418492421507835
4580	179661	0.1623082458972931
4580	9294	0.5574520230293274
4580	352217	0.2857702076435089
4580	312803	0.2829411029815674
4580	246764	0.16930779814720154
4580	380912	0.053545646369457245
4580	284154	0.33283713459968567
4580	359679	0.38754624128341675
4580	432124	0.12032374739646912
