4586	470537	0.10359061509370804
4586	555534	0.11747891455888748
4586	329011	0.043676141649484634
4586	152592	0.3993373513221741
4586	330260	0.32410112023353577
4586	349207	0.3531420826911926
4586	455199	0.2706907391548157
4586	394793	0.554336428642273
4586	303146	0.31087884306907654
4586	300079	0.455752432346344
4586	307762	0.5262097716331482
4586	162873	0.20415715873241425
4586	456458	0.15908215939998627
4586	242752	0.5368740558624268
4586	520770	0.27439796924591064
4586	16963	0.6009010672569275
4586	143430	0.4292772710323334
4586	348231	0.3073710501194
4586	425551	0.45897176861763
4586	132694	0.7951375246047974
4586	361047	0.193669393658638
4586	461925	0.3050534129142761
4586	204647	0.616008460521698
4586	300142	0.4596922993659973
4586	449135	0.18926118314266205
4586	188018	0.3907598853111267
4586	520822	0.25703758001327515
4586	399992	0.5601333379745483
4586	198266	0.32638126611709595
4586	522881	0.5027761459350586
4586	242818	0.5620771050453186
4586	198280	0.4992001950740814
4586	283281	0.755711555480957
4586	300180	0.461129367351532
4586	459630	0.3093818128108978
4586	359578	0.348087877035141
4586	198310	0.5097557306289673
4586	198311	0.47994017601013184
4586	223408	-0.050221383571624756
4586	121288	0.4226135313510895
4586	135350	0.5290382504463196
4586	283330	0.7393315434455872
4586	242371	0.17529767751693726
4586	150727	0.62708979845047
4586	283851	0.540919303894043
4586	283854	0.23174221813678741
4586	505554	0.37420913577079773
4586	198359	0.4786387085914612
4586	442584	0.2878052294254303
4586	240079	0.46253716945648193
4586	305786	0.4862698018550873
4586	483046	0.04754593223333359
4586	133354	0.2764013409614563
4586	300271	0.6666505336761475
4586	303145	0.4217664301395416
4586	150776	0.2205697000026703
4586	510713	0.3744719922542572
4586	255744	0.6103776097297668
4586	555784	0.07461607456207275
4586	283914	0.22360599040985107
4586	161922	0.1770762950181961
4586	424719	0.454915851354599
4586	133398	0.2955596446990967
4586	332568	0.4018637537956238
4586	429339	0.3357071280479431
4586	236830	0.4838656783103943
4586	182050	0.5573882460594177
4586	369955	0.5521495938301086
4586	132902	0.6737514138221741
4586	122665	0.48869210481643677
4586	367325	0.08820780366659164
4586	438067	0.507583737373352
4586	437059	0.3001173734664917
4586	275781	0.18009598553180695
4586	198481	0.4784291982650757
4586	437075	0.42549315094947815
4586	141155	0.22691753506660461
4586	469862	0.49014899134635925
4586	221841	0.320363312959671
4586	53102	0.442077100276947
4586	445810	0.25979629158973694
4586	186744	0.5170118808746338
4586	275779	0.18009598553180695
4586	386967	0.19827570021152496
4586	365978	0.5476698279380798
4586	443294	0.36008521914482117
4586	443301	0.5501827001571655
4586	443304	0.34364351630210876
4586	550314	0.42612776160240173
4586	207792	0.5870609879493713
4586	186815	0.5613276958465576
4586	550336	0.6307293772697449
4586	550337	0.13667309284210205
4586	121283	0.42481574416160583
4586	121286	0.34466812014579773
4586	465041	0.3844701647758484
4586	150775	0.2205697000026703
4586	121295	0.37922191619873047
4586	248273	0.5432363748550415
4586	298459	0.3969184458255768
4586	448993	0.3209119737148285
4586	551397	0.5149343013763428
4586	300162	0.4650737941265106
4586	273397	0.16718493402004242
4586	150519	0.45208337903022766
4586	273402	0.5302063226699829
4586	424444	0.7105724215507507
