4653	274451	0.127964586019516
4653	410646	-0.011121430434286594
4653	32795	0.10214076936244965
4653	418853	0.5011005997657776
4653	550446	0.4286235570907593
4653	143924	0.141312375664711
4653	143930	0.20932796597480774
4653	38973	0.6017773151397705
4653	171585	0.10023492574691772
4653	494152	0.041926346719264984
4653	560203	0.04056008532643318
4653	361043	0.14484526216983795
4653	505948	0.3601573705673218
4653	536170	0.13225969672203064
4653	6675	0.09900408983230591
4653	257653	0.08926409482955933
4653	198774	0.2398172914981842
4653	361081	0.17514343559741974
4653	345211	0.2216196060180664
4653	294016	0.004312672186642885
4653	271493	-0.003953712526708841
4653	391814	0.12424909323453903
4653	227976	0.07071495801210403
4653	11405	0.11614157259464264
4653	71829	0.13487564027309418
4653	475291	0.1443859040737152
4653	156316	0.5068426132202148
4653	203934	0.43319836258888245
4653	410274	0.10261235386133194
4653	363035	0.060161229223012924
4653	303788	0.07149595767259598
4653	520365	0.06258007884025574
4653	159408	0.2592903971672058
4653	349299	0.35063183307647705
4653	489589	0.006696482188999653
4653	389314	0.029557939618825912
4653	127181	0.13089688122272491
4653	113357	-0.04865783080458641
4653	508627	-0.01039642933756113
4653	9941	0.08193355053663254
4653	455896	0.06180894374847412
4653	305882	0.10036595165729523
4653	186588	0.10868040472269058
4653	157406	-0.03968362882733345
4653	383207	-0.009382111951708794
4653	319746	0.07705747336149216
4653	299273	-0.026251785457134247
4653	221963	0.2069295197725296
4653	235277	0.03310742229223251
4653	247566	0.027088476344943047
4653	305944	0.11693590134382248
4653	528672	0.24978528916835785
4653	451874	0.09079215675592422
4653	138533	0.055198606103658676
4653	119592	0.07646574079990387
4653	415196	0.3099169433116913
4653	203562	0.0045070708729326725
4653	189231	0.03579678013920784
4653	551222	0.06714097410440445
4653	123196	0.5406593680381775
4653	123200	0.5406593680381775
4653	142156	0.05114712193608284
4653	425809	0.07605770975351334
4653	442709	0.11246857047080994
4653	153971	0.15793046355247498
4653	296825	0.050004854798316956
4653	514441	0.12604334950447083
4653	356751	0.040636494755744934
4653	172699	0.0940338522195816
4653	422820	0.1268368512392044
4653	297382	0.04293426498770714
4653	413095	0.16938185691833496
4653	386985	0.1864110678434372
4653	247217	0.07011910527944565
4653	479668	0.3871791362762451
4653	473527	0.04960406571626663
4653	305595	0.09717652946710587
4653	521164	-0.009749128483235836
4653	136152	0.1460837423801422
4653	191908	0.08657699823379517
4653	374748	0.14755691587924957
4653	478177	0.239791601896286
4653	292327	0.3283749222755432
4653	520170	0.12560279667377472
4653	466345	0.14344413578510284
4653	392186	0.07577826827764511
4653	531455	0.06400036066770554
