4661	457728	0.02782224677503109
4661	539649	0.04146099463105202
4661	157186	-0.010141436941921711
4661	233484	0.482984334230423
4661	312322	0.06745988875627518
4661	126478	-0.010102330707013607
4661	126482	0.3109119236469269
4661	190483	0.2662273645401001
4661	561695	0.03136247396469116
4661	283168	0.7598001956939697
4661	178011	0.6755447387695312
4661	87077	-0.02954321727156639
4661	11356	0.25045880675315857
4661	523308	0.35424500703811646
4661	373806	-0.020866071805357933
4661	81967	0.196625217795372
4661	247560	0.31498289108276367
4661	281662	0.3399619162082672
4661	338515	0.7433336973190308
4661	87124	0.21374018490314484
4661	514648	0.32436317205429077
4661	574820	0.14112001657485962
4661	157276	0.10299526900053024
4661	379489	-0.006213253829628229
4661	198242	0.02676052786409855
4661	121446	0.09662085026502609
4661	515345	0.1801283359527588
4661	568943	0.5507310628890991
4661	365169	0.11851167678833008
4661	107635	0.06877651810646057
4661	519295	0.2732212543487549
4661	280561	0.1336916834115982
4661	247940	0.06739728152751923
4661	180502	0.14888711273670197
4661	372504	-0.01512864325195551
4661	385171	0.5010538697242737
4661	373397	0.3148260712623596
4661	223899	0.39153099060058594
4661	556192	0.6550077795982361
4661	211622	0.647447407245636
4661	259241	0.12867599725723267
4661	60590	0.21265850961208344
4661	519360	0.39403003454208374
4661	147488	0.329420268535614
4661	71376	-0.040223509073257446
4661	560849	0.8051612377166748
4661	415267	-0.019539834931492805
4661	230110	0.017769785597920418
4661	515813	0.026915574446320534
4661	538858	0.2209869772195816
4661	386795	0.11288086324930191
4661	564984	0.04581722617149353
4661	284410	0.3669840395450592
4661	228603	0.12867599725723267
4661	180479	0.28997039794921875
4661	64772	0.5260360240936279
4661	527624	0.4108004868030548
4661	385802	0.26474806666374207
4661	374545	0.2857932448387146
4661	518932	0.33901992440223694
4661	3350	0.45360803604125977
4661	145688	0.27407440543174744
4661	114564	0.12305250018835068
4661	74529	0.13953237235546112
4661	234279	0.393977552652359
4661	112428	0.03566233441233635
4661	431922	0.17980779707431793
4661	547634	0.028425129130482674
4661	25911	0.1013871282339096
4661	537404	-0.035055775195360184
4661	98119	0.051350418478250504
4661	267099	0.22043859958648682
4661	498522	-0.007998188026249409
4661	498523	0.1526084542274475
4661	547680	0.3097309470176697
4661	271716	-0.011370214633643627
4661	122737	0.09419581294059753
4661	245618	0.25628262758255005
4661	417141	0.2774369716644287
4661	234884	0.377531498670578
4661	514441	0.38760483264923096
4661	223121	0.39602676033973694
4661	356754	0.062101881951093674
4661	180115	0.2406996786594391
4661	294382	0.1868804544210434
4661	180118	0.23175492882728577
4661	514456	0.20763954520225525
4661	325031	0.06064654886722565
4661	340904	0.7253676652908325
4661	247723	0.2853613793849945
4661	517549	0.21389171481132507
4661	232379	0.5709622502326965
4661	76739	0.09204985946416855
4661	21455	-0.010695625096559525
4661	311769	0.02302892692387104
4661	15098	0.6478282809257507
4661	568810	0.04570223018527031
4661	211435	0.4388502240180969
4661	374766	0.24986472725868225
4661	517615	0.3152162432670593
4661	568305	0.1923253834247589
4661	429651	-0.007201257161796093
4661	517110	-0.0005386574775911868
4661	311790	-0.025814814493060112
4661	11775	0.013288706541061401
