4728	126980	0.2322656661272049
4728	458253	0.31090056896209717
4728	528911	0.31849148869514465
4728	285211	0.30290403962135315
4728	458268	0.3063022792339325
4728	289826	0.17680604755878448
4728	234531	0.29411301016807556
4728	320038	0.12373073399066925
4728	390190	0.03647471219301224
4728	525871	0.08575920015573502
4728	202288	0.01742197759449482
4728	76346	0.40952086448669434
4728	356412	0.2021503448486328
4728	25149	0.1093636304140091
4728	374539	0.28935375809669495
4728	383557	0.11711584776639938
4728	432201	0.05374448001384735
4728	245860	0.11760266125202179
4728	253199	0.10997096449136734
4728	253539	0.20131438970565796
4728	208996	0.03226469084620476
4728	538731	0.5091351270675659
4728	46189	0.08617859333753586
4728	29807	0.36717286705970764
4728	245888	0.035593945533037186
4728	571014	0.310969740152359
4728	533643	0.06654059886932373
4728	521367	0.47416096925735474
4728	245913	0.11582658439874649
4728	35183	0.08450368791818619
4728	566436	0.17900708317756653
4728	474285	0.1408640742301941
4728	262345	0.4005793035030365
4728	494270	0.24205218255519867
4728	432833	0.2028832584619522
4728	34735	0.08450368791818619
4728	457416	0.06122313067317009
4728	60617	0.3085099756717682
4728	559823	0.26800888776779175
4728	188117	0.02821498177945614
4728	200414	0.36751651763916016
4728	248036	0.11465173959732056
4728	244967	0.31104981899261475
4728	244975	0.41689762473106384
4728	191732	0.09388397634029388
4728	406272	0.3001796305179596
4728	106754	0.07453161478042603
4728	112899	0.16476358473300934
4728	374021	0.03089185059070587
4728	348422	0.1443406492471695
4728	276235	0.08182597160339355
4728	154895	0.2162649929523468
4728	348949	0.23574954271316528
4728	374553	0.23889343440532684
4728	308508	0.02085672877728939
4728	193309	0.19277603924274445
4728	200992	0.11030580848455429
4728	509732	0.3143515884876251
4728	245034	0.39685899019241333
4728	397099	0.4001433849334717
4728	558900	0.25717344880104065
4728	108853	0.11852289736270905
4728	258883	0.07927872985601425
4728	297803	0.11565931141376495
4728	217936	0.011859891936182976
4728	479059	0.12818697094917297
4728	512341	0.39506998658180237
4728	189271	0.0642707347869873
4728	201053	0.11837722361087799
4728	389470	0.08259397000074387
4728	191842	0.08880317211151123
4728	439654	0.15754897892475128
4728	237423	0.168290913105011
4728	374372	0.2423190027475357
4728	248180	0.4126925468444824
4728	154997	0.1681346893310547
4728	170366	0.17793013155460358
4728	170369	0.2028929889202118
4728	46060	0.32859575748443604
4728	531343	0.30994075536727905
4728	221251	0.0887359157204628
4728	170389	0.2040552943944931
4728	109467	0.2749193608760834
4728	233884	0.053698938339948654
4728	93615	0.22964835166931152
4728	93617	0.29074108600616455
4728	105917	0.38152453303337097
4728	347584	0.1509322077035904
4728	310221	0.0921931192278862
4728	93135	0.24083209037780762
4728	329681	0.14645060896873474
4728	329685	0.2218908965587616
4728	252409	0.3107251524925232
4728	531416	0.0417981781065464
4728	358876	0.1387750506401062
4728	324066	0.21506567299365997
4728	267747	0.19203674793243408
4728	267750	0.24177320301532745
4728	479724	0.1207420825958252
4728	456694	-0.01057441532611847
4728	531449	0.18511880934238434
4728	202234	0.19829848408699036
