4739	480259	0.3141940236091614
4739	8196	0.020096512511372566
4739	271877	0.06582552194595337
4739	4104	0.8288170695304871
4739	59401	0.1748233288526535
4739	566798	0.14265058934688568
4739	245775	0.38729721307754517
4739	567826	0.7957044839859009
4739	161811	0.23013335466384888
4739	48164	0.11327161639928818
4739	528424	0.20536155998706818
4739	576265	0.02067479118704796
4739	75836	0.06631344556808472
4739	416318	0.08514584600925446
4739	164930	0.07887306064367294
4739	247890	0.3096902370452881
4739	513107	0.22662119567394257
4739	567899	0.09191783517599106
4739	563301	0.054553743451833725
4739	563298	0.054553743451833725
4739	113764	0.08593767881393433
4739	113765	0.08525127172470093
4739	234599	0.5724432468414307
4739	166505	0.12060955911874771
4739	211562	0.0725574716925621
4739	383596	0.1350705474615097
4739	59501	0.031012553721666336
4739	126066	0.25228872895240784
4739	541815	0.5386754870414734
4739	447608	0.16993853449821472
4739	346235	0.04720085859298706
4739	181886	-0.005404150579124689
4739	120447	0.14554592967033386
4739	439426	0.08355548232793808
4739	479895	0.07869425415992737
4739	115867	-0.014562581665813923
4739	55456	0.022692127153277397
4739	75941	0.2237446904182434
4739	89255	0.03774420544505119
4739	562367	0.24290481209754944
4739	189124	0.3096882402896881
4739	189642	0.14668907225131989
4739	247504	0.041217777878046036
4739	25811	0.121674083173275
4739	79573	-0.011676223017275333
4739	470232	0.27013570070266724
4739	59097	0.1525457501411438
4739	214751	0.2431691437959671
4739	14561	0.5439222455024719
4739	269035	0.25686177611351013
4739	318190	0.17517061531543732
4739	59632	0.06516952067613602
4739	187634	0.62381511926651
4739	446709	0.07689021527767181
4739	271095	0.17917400598526
4739	564986	0.18456070125102997
4739	42249	0.0385962575674057
4739	233226	0.8108437061309814
4739	218754	0.08682127296924591
4739	380176	0.14890597760677338
4739	59096	0.12898005545139313
4739	433938	0.010970121249556541
4739	462625	0.058531224727630615
4739	87847	0.16637757420539856
4739	237867	0.17067614197731018
4739	334130	0.6821203231811523
4739	251186	0.7585638165473938
4739	402228	-0.008259452879428864
4739	301372	0.039712559431791306
4739	223037	0.09825485199689865
4739	361287	0.10766105353832245
4739	79693	0.24134394526481628
4739	541525	0.7201305627822876
4739	307547	0.1642678678035736
4739	45917	0.04103117436170578
4739	543585	0.10131882131099701
4739	166249	0.0039407918229699135
4739	94058	0.1102394089102745
4739	328048	0.18660888075828552
4739	402302	0.10716871172189713
4739	267647	0.10229012370109558
4739	424329	0.04973587021231651
4739	210314	0.021426187828183174
4739	48523	0.08826498687267303
4739	97164	0.08056961745023727
4739	111006	0.14303134381771088
4739	373666	0.15758371353149414
4739	291235	0.1695910096168518
4739	448426	0.3278345763683319
4739	100789	0.06662546843290329
4739	158136	0.2594858705997467
4739	233404	0.491762638092041
4739	247231	0.09934618324041367
4739	160192	0.3240352272987366
4739	416706	0.24221518635749817
4739	569334	0.12887299060821533
4739	135111	-0.002040514722466469
4739	78809	0.20326843857765198
4739	548315	0.10189732909202576
4739	167389	0.12937204539775848
4739	572383	0.08610006421804428
4739	216545	0.08691973239183426
4739	479715	0.22342611849308014
4739	115879	-0.0037308239843696356
4739	313334	0.1247602328658104
4739	418811	0.06596674025058746
4739	166909	0.1293720304965973
4739	333822	0.7917793393135071
4739	47957	0.21828734874725342
