4787	183810	0.3738873600959778
4787	524805	0.2474478930234909
4787	520759	0.3172885775566101
4787	209933	0.057441189885139465
4787	423962	0.1124536469578743
4787	132639	0.26879939436912537
4787	486950	-0.034454334527254105
4787	285227	0.21491889655590057
4787	522801	0.35964977741241455
4787	377911	0.48884525895118713
4787	424003	0.0930526927113533
4787	183364	0.4780622720718384
4787	291398	0.4346754252910614
4787	137288	0.24081210792064667
4787	81998	0.3761094808578491
4787	184911	0.33115875720977783
4787	232020	0.5009979605674744
4787	280672	0.2256603091955185
4787	132966	0.6486981511116028
4787	442989	0.15442907810211182
4787	212599	0.28418096899986267
4787	521336	0.5400602221488953
4787	422523	0.6014671325683594
4787	412010	0.24688535928726196
4787	451710	0.13770782947540283
4787	450176	0.37552589178085327
4787	491656	0.028323618695139885
4787	438410	0.38696280121803284
4787	183435	0.3203423023223877
4787	268949	0.2684633433818817
4787	483990	0.04131750762462616
4787	302623	0.034418486058712006
4787	226969	0.17225411534309387
4787	533680	0.45976975560188293
4787	283323	0.7066327333450317
4787	472253	-0.01934146322309971
4787	236224	0.11482522636651993
4787	202945	0.19135165214538574
4787	185975	0.3039197027683258
4787	212176	0.4295268952846527
4787	156792	0.37923792004585266
4787	11475	0.28317978978157043
4787	262870	0.09504414349794388
4787	442072	0.356038361787796
4787	554716	0.19964969158172607
4787	163551	0.17428569495677948
4787	285415	0.5709248185157776
4787	237801	0.23001840710639954
4787	501997	0.38113683462142944
4787	405236	0.37880846858024597
4787	487669	-0.04597964882850647
4787	225014	0.05383690074086189
4787	239865	0.2707899212837219
4787	183556	0.5153170824050903
4787	424711	0.5181883573532104
4787	106263	0.5886246562004089
4787	328473	0.4252133071422577
4787	106268	0.5587056875228882
4787	162085	0.12059952318668365
4787	327975	0.24249635636806488
4787	551723	0.38980257511138916
4787	256812	0.3768003582954407
4787	256816	0.301925390958786
4787	486195	0.3104437589645386
4787	152887	0.5090911388397217
4787	36161	-0.00369417667388916
4787	419653	0.3832210600376129
4787	152904	0.3962406814098358
4787	409418	0.1594557911157608
4787	539469	0.3512216806411743
4787	246615	0.3293907940387726
4787	539481	0.2202044129371643
4787	384864	0.35956934094429016
4787	482661	0.1954682320356369
4787	539494	0.27785512804985046
4787	550762	0.4630410969257355
4787	491887	0.15207311511039734
4787	365945	0.3122960925102234
4787	428417	0.10119727998971939
4787	520342	0.07806579023599625
4787	367494	0.17113763093948364
4787	434568	0.3243943154811859
4787	144265	0.45366349816322327
4787	33164	-0.00369417667388916
4787	309231	0.4439312219619751
4787	187805	0.13562126457691193
4787	491423	0.0946793407201767
4787	294823	0.5097804069519043
4787	212400	0.2603991627693176
4787	120758	0.1613738089799881
4787	423863	0.1387495994567871
4787	168376	0.27875596284866333
4787	460227	0.19475935399532318
4787	367561	0.4063783884048462
4787	448462	0.4902125298976898
4787	508370	0.5067622661590576
4787	185811	0.237269788980484
4787	152532	0.4891958236694336
4787	394151	0.18279309570789337
4787	549359	0.276234894990921
4787	345073	0.20199982821941376
4787	441335	0.22376824915409088
