4837	516864	0.6827415823936462
4837	511206	0.6794456243515015
4837	255363	0.6426588296890259
4837	100357	0.6988745927810669
4837	553224	0.6676895618438721
4837	93782	0.34943222999572754
4837	72461	0.2648692727088928
4837	360248	0.6663359999656677
4837	437393	0.5684306621551514
4837	83331	0.596253514289856
4837	240405	0.6966923475265503
4837	207193	0.6645974516868591
4837	282652	0.5782861709594727
4837	351773	0.6988745927810669
4837	352191	0.16782638430595398
4837	540720	0.6932352185249329
4837	549516	0.243714839220047
4837	105885	0.30673977732658386
4837	552232	0.6870478987693787
4837	306986	0.7403899431228638
4837	544555	0.5547794103622437
4837	552366	0.5126528143882751
4837	475037	0.5981544256210327
4837	425648	0.7154184579849243
4837	306866	0.6327424049377441
4837	330292	0.6835940480232239
4837	352042	0.34177982807159424
4837	351543	0.5305727124214172
4837	254008	0.49999651312828064
4837	542393	0.6470994353294373
4837	360250	0.6663359999656677
4837	534972	0.6136279106140137
4837	381885	0.6450749635696411
4837	381886	0.7017316818237305
4837	479167	0.5406707525253296
4837	567488	0.5720783472061157
4837	14659	0.5930359959602356
4837	112584	0.6892491579055786
4837	571084	0.6777316331863403
4837	127223	0.4220043122768402
4837	323404	0.21419231593608856
4837	288973	0.7313171625137329
4837	569293	0.5727079510688782
4837	240614	0.34311601519584656
4837	168632	0.7495233416557312
4837	195282	0.7205404043197632
4837	552403	0.7104257345199585
4837	25429	0.5291362404823303
4837	536534	0.6487575769424438
4837	352057	0.7266507744789124
4837	264849	0.4936789870262146
4837	574937	0.6180213093757629
4837	569690	0.6969332695007324
4837	337499	0.6774663329124451
4837	376801	0.6286673545837402
4837	352484	0.7585309147834778
4837	502501	0.3192689120769501
4837	502502	0.4794388711452484
4837	304103	0.35828709602355957
4837	215271	0.649746835231781
4837	109650	0.3157041370868683
4837	566254	0.4097554683685303
4837	352445	0.25802159309387207
4837	176112	0.7485103607177734
4837	381812	0.6209858059883118
4837	358645	0.518470048904419
4837	351274	0.527860701084137
4837	299385	0.5753384232521057
4837	405201	0.5873345136642456
4837	542971	0.48927754163742065
4837	342609	0.6027289628982544
4837	299517	0.4520066976547241
4837	238718	0.5940232276916504
4837	351487	0.4008539915084839
