4931	407050	0.17361798882484436
4931	181775	0.12896253168582916
4931	195606	0.0914335697889328
4931	170014	0.1820734441280365
4931	37408	0.05241314694285393
4931	327722	0.5590287446975708
4931	37430	0.08128918707370758
4931	316474	0.13089177012443542
4931	146101	0.015222232788801193
4931	438857	0.21651019155979156
4931	560208	0.008725614286959171
4931	221778	0.09101540595293045
4931	490586	0.03581106290221214
4931	258655	0.006306508090347052
4931	340582	0.47456732392311096
4931	423526	0.21856734156608582
4931	222833	0.09782344847917557
4931	358008	0.11588086187839508
4931	157311	0.15946848690509796
4931	92307	0.06681187450885773
4931	232088	0.24948430061340332
4931	296092	0.11151354759931564
4931	223390	0.008349425159394741
4931	243367	0.1826915740966797
4931	232647	0.06120271980762482
4931	101037	0.4080805778503418
4931	256687	0.028679510578513145
4931	209584	0.12552635371685028
4931	412341	0.3962111473083496
4931	354998	0.32535406947135925
4931	359614	0.1591324508190155
4931	547015	0.022160442546010017
4931	557258	0.09112513065338135
4931	365783	0.2197275608778
4931	467161	0.15611077845096588
4931	451292	0.08608634769916534
4931	377066	0.2572641968727112
4931	131829	0.111757293343544
4931	482040	-0.030727893114089966
4931	427770	-0.006805840879678726
4931	494207	0.36761173605918884
4931	311039	0.031712837517261505
4931	246017	0.04928119480609894
4931	120070	0.06636548787355423
4931	246033	0.39403805136680603
4931	148767	0.2275339961051941
4931	343260	0.5938215851783752
4931	547121	0.20953117311000824
4931	417589	0.1321190595626831
4931	169273	0.048728905618190765
4931	21307	0.2557321786880493
4931	190566	0.008137012831866741
4931	458563	0.22543153166770935
4931	526660	0.11068928986787796
4931	303429	0.039013128727674484
4931	303441	0.039013128727674484
4931	156003	0.13689081370830536
4931	285563	0.2537635862827301
4931	311681	0.04497603327035904
4931	254850	-0.026255372911691666
4931	453507	0.2058054804801941
4931	453509	0.09717804193496704
4931	555913	0.04796351119875908
4931	453516	0.38940685987472534
4931	231821	0.040452782064676285
4931	307601	0.26222577691078186
4931	449941	0.13677534461021423
4931	522135	0.07316139340400696
4931	522136	0.1706390231847763
4931	299930	0.09349559992551804
4931	204700	0.1523776352405548
4931	195496	0.07107266038656235
4931	162456	0.09239712357521057
4931	54710	0.0826946347951889
4931	509884	0.301766961812973
4931	527809	0.2025025337934494
4931	150978	0.06294655799865723
4931	121285	0.23744267225265503
4931	550855	0.029697740450501442
4931	505290	0.34850436449050903
4931	454392	-0.06046777591109276
4931	230357	0.040684979408979416
4931	122363	0.018098006024956703
4931	532476	-0.0016747077461332083
