4986	90497	0.4630800485610962
4986	435627	0.6193031072616577
4986	370308	0.40021583437919617
4986	21078	0.5691455006599426
4986	304903	0.7771196365356445
4986	288904	0.7130087018013
4986	355977	0.7242717742919922
4986	417931	0.5233696103096008
4986	277646	0.4676273465156555
4986	337423	0.7080864906311035
4986	472336	0.7112020254135132
4986	472338	0.5836125016212463
4986	341267	0.6217663884162903
4986	30869	0.7684907913208008
4986	237657	0.6943625807762146
4986	291225	0.41446489095687866
4986	525350	0.2847456932067871
4986	176156	0.6655276417732239
4986	436306	0.6227344870567322
4986	23456	0.44071638584136963
4986	343074	0.7557961940765381
4986	250403	0.8132750988006592
4986	272164	0.49599021673202515
4986	152102	0.5477921366691589
4986	86833	0.807572603225708
4986	288298	0.6161736845970154
4986	579809	0.4409548044204712
4986	142462	0.6258275508880615
4986	135345	0.8205134868621826
4986	542001	0.4375203251838684
4986	327605	0.7447428107261658
4986	178614	0.7561898827552795
4986	301567	0.6493142247200012
4986	500280	0.5478305816650391
4986	21049	0.5130507349967957
4986	81595	0.4735258221626282
4986	330887	0.3954312205314636
4986	540644	0.7228304147720337
4986	164799	0.46561670303344727
4986	42432	0.5439223647117615
4986	263072	0.7217262387275696
4986	244185	0.6497965455055237
4986	476024	0.15225058794021606
4986	128327	0.5825601816177368
4986	73160	0.6655276417732239
4986	109516	0.5067123174667358
4986	380106	0.6721194982528687
4986	244171	0.6275635361671448
4986	359372	0.6500453948974609
4986	408653	0.12197046726942062
4986	307633	0.3247433304786682
4986	350674	0.6561585068702698
4986	338644	0.6806568503379822
4986	104918	0.6121078729629517
4986	270039	0.8819668889045715
4986	115607	0.5158785581588745
4986	334937	0.5943987965583801
4986	269306	0.16817143559455872
4986	339088	0.6268003582954407
4986	499428	0.5688111782073975
4986	312549	0.7854316234588623
4986	152167	0.08340371400117874
4986	45544	0.5185508131980896
4986	499437	0.658104658126831
4986	211822	0.7873883843421936
4986	12141	0.6513558030128479
4986	457971	0.6943625807762146
4986	244213	0.7034890055656433
4986	355026	0.4037362039089203
4986	417928	0.609338104724884
4986	375935	0.39901262521743774
4986	229397	0.6246644258499146
4986	342525	0.7452730536460876
4986	173255	0.49523603916168213
4986	277631	0.5570989847183228
