5134	254977	0.07721788436174393
5134	363524	0.03412644937634468
5134	76809	0.046118054538965225
5134	355856	0.10645080357789993
5134	179218	0.11536940187215805
5134	334871	0.32004377245903015
5134	463897	0.03949866071343422
5134	240667	0.07237411290407181
5134	479265	0.23967255651950836
5134	266274	0.27366718649864197
5134	531492	0.20788872241973877
5134	248361	0.1320851743221283
5134	253485	0.009181438945233822
5134	183858	0.17628291249275208
5134	383545	0.05856095999479294
5134	72769	0.1331019550561905
5134	222789	0.045408088713884354
5134	51782	0.010381905362010002
5134	558151	0.10545127093791962
5134	541261	0.29315122961997986
5134	157264	0.06452364474534988
5134	404058	0.0823734924197197
5134	411760	0.08649860322475433
5134	550007	0.08214274793863297
5134	324729	0.09390133619308472
5134	25725	0.5014616847038269
5134	354431	0.05642804875969887
5134	162432	-0.02107740379869938
5134	182914	0.10607226938009262
5134	143494	0.19829803705215454
5134	138889	0.3123560845851898
5134	94858	0.058300260454416275
5134	110738	0.06748777627944946
5134	31381	0.12797990441322327
5134	358039	0.026524031534790993
5134	529562	0.3317578136920929
5134	271528	0.12845154106616974
5134	212652	0.33846691250801086
5134	267952	0.09285057336091995
5134	472244	0.3579953908920288
5134	208053	0.026358041912317276
5134	548024	0.3054064214229584
5134	180929	0.26807743310928345
5134	95430	0.32792291045188904
5134	303223	0.05765030160546303
5134	96470	0.1991514265537262
5134	467671	0.10406184941530228
5134	32984	0.12549036741256714
5134	159780	0.2965773940086365
5134	462554	0.5937341451644897
5134	178907	0.579518735408783
5134	139488	0.07499449700117111
5134	514785	0.010821782983839512
5134	353508	0.054568324238061905
5134	152295	0.2048201709985733
5134	524010	0.05851436033844948
5134	409841	0.32034289836883545
5134	180469	0.22130808234214783
5134	239862	0.4845086634159088
5134	366207	0.33052965998649597
5134	161532	0.09336388111114502
5134	462589	0.27370378375053406
5134	194820	0.3005100190639496
5134	530477	0.4731282889842987
5134	402198	0.11050771921873093
5134	538903	0.2701064348220825
5134	186139	0.1010797992348671
5134	390438	0.11281987279653549
5134	553776	0.12049457430839539
5134	96562	0.16752932965755463
5134	440632	0.21797305345535278
5134	77122	0.1647348254919052
5134	425801	0.1095346063375473
5134	249169	0.1975124627351761
5134	381267	-0.02738324925303459
5134	416598	0.06204446777701378
5134	32484	0.12549036741256714
5134	520027	0.33222684264183044
5134	487265	0.01661166548728943
5134	458084	0.21859733760356903
5134	363369	0.04266441613435745
5134	266092	0.013328932225704193
5134	253297	0.19685620069503784
5134	242044	0.14652864634990692
5134	158595	0.19080235064029694
5134	221069	0.06657136231660843
5134	269710	0.2245214730501175
5134	112017	0.18202154338359833
5134	262556	0.08117344230413437
5134	282527	0.18997420370578766
5134	354209	0.11812133342027664
5134	251302	0.24734541773796082
5134	484268	0.09260434657335281
5134	349616	0.16917598247528076
5134	538035	0.32499849796295166
5134	254913	0.033814460039138794
5134	189379	0.15328478813171387
5134	342945	0.5743170380592346
5134	179157	0.20922860503196716
5134	319462	0.05449045076966286
5134	490321	0.044147245585918427
5134	428013	0.27177852392196655
5134	205808	0.08966758102178574
5134	456179	0.1856197565793991
5134	393206	0.2379438430070877
5134	556543	0.0545683354139328
