5183	224769	0.47840601205825806
5183	372226	0.8140159845352173
5183	238785	0.5733863711357117
5183	340233	0.4243074059486389
5183	471562	0.3709632158279419
5183	120084	0.7153136134147644
5183	405142	0.23150698840618134
5183	96806	0.7276543974876404
5183	176433	0.8665735721588135
5183	42038	0.48510077595710754
5183	15416	0.6239277720451355
5183	333497	0.7975302934646606
5183	246074	0.7032576203346252
5183	426049	0.4238739013671875
5183	421060	0.6197511553764343
5183	124489	0.13398413360118866
5183	205904	0.2138216644525528
5183	121080	0.581996738910675
5183	294201	0.6159564256668091
5183	333786	0.6696059107780457
5183	548703	0.6969950795173645
5183	275682	0.27101659774780273
5183	140008	0.43393224477767944
5183	340717	0.5020412802696228
5183	541167	0.3514973521232605
5183	79984	0.8223716616630554
5183	566643	0.34406837821006775
5183	121332	0.8238504528999329
5183	88952	0.45981529355049133
5183	332155	0.4812013506889343
5183	336380	0.6027934551239014
5183	435453	0.5868048071861267
