5218	293379	0.6021004915237427
5218	545287	0.5867764949798584
5218	293719	0.6422404050827026
5218	60941	0.8992437720298767
5218	132110	0.8941265344619751
5218	446998	0.6963167190551758
5218	564765	0.7428377270698547
5218	277022	0.6815434694290161
5218	573477	0.5497382283210754
5218	475176	0.259777307510376
5218	470023	0.3000117540359497
5218	573484	0.6816050410270691
5218	475185	0.47142067551612854
5218	454487	0.563126266002655
5218	577592	0.4930214285850525
5218	501307	0.48229455947875977
5218	261700	0.06810655444860458
5218	456786	0.7262042760848999
5218	456788	0.8297148942947388
5218	99414	0.4616386294364929
5218	339546	0.7179814577102661
5218	564666	0.6165774464607239
5218	349790	0.6196049451828003
5218	447078	0.5976258516311646
5218	504424	0.5734123587608337
5218	89706	0.4261074960231781
5218	339574	0.6402559876441956
5218	143481	0.6632890105247498
5218	340604	0.6685115098953247
5218	50301	0.40663444995880127
5218	55427	0.7357271313667297
5218	278154	0.47554153203964233
5218	168075	0.5582386255264282
5218	42641	0.6149441003799438
5218	331923	0.7301192283630371
5218	506519	0.624569296836853
5218	331931	0.7126859426498413
5218	10401	0.4018307626247406
5218	108194	0.5140818357467651
5218	163491	0.6272585391998291
5218	65194	0.6556078791618347
5218	528556	0.5184900164604187
5218	572591	0.6830130815505981
5218	305334	0.7472195029258728
5218	506552	0.7445970773696899
5218	178873	0.7914100885391235
5218	50370	0.7326304316520691
5218	358859	0.7266031503677368
5218	506564	0.47299790382385254
5218	135882	0.7044203877449036
5218	524413	0.7638956308364868
5218	563960	0.48481592535972595
5218	563962	0.48481592535972595
5218	197381	0.596520185470581
5218	578313	0.7147119045257568
5218	46864	0.5143942832946777
5218	64786	0.5790271162986755
5218	280858	0.6351807713508606
5218	137513	0.07619047164916992
5218	137517	0.7067613005638123
5218	293687	0.3357362151145935
5218	125760	0.5282102823257446
5218	331915	0.7126859426498413
5218	564043	0.6372547149658203
5218	242511	0.655845046043396
5218	242512	0.598695695400238
5218	564054	0.6444323658943176
5218	541527	0.6961302161216736
5218	293723	0.6523339152336121
5218	394592	0.5930503606796265
5218	564577	0.6703060269355774
5218	540006	0.7427834272384644
5218	298856	0.6920945644378662
5218	419691	0.636474609375
5218	286355	0.7637214660644531
5218	256372	0.4841251075267792
5218	506563	0.5268397927284241
5218	545260	0.5155677795410156
5218	197003	0.545544445514679
5218	571280	0.508658766746521
5218	26011	0.7081429958343506
5218	236965	0.5993698239326477
5218	577965	0.5637511014938354
5218	161198	0.6840479969978333
5218	293296	0.6061996221542358
5218	367537	0.5687899589538574
5218	574898	0.5642000436782837
5218	99765	0.5673208832740784
5218	103863	0.5527087450027466
5218	24506	0.6523016095161438
5218	358858	0.7272931337356567
5218	577483	0.6046379208564758
5218	163490	0.5285199880599976
5218	102350	0.4949333369731903
5218	392664	0.4793981909751892
5218	461280	0.5324549078941345
5218	356322	0.4863387942314148
5218	91116	0.4807019531726837
5218	395253	0.7723131775856018
5218	86007	0.5286824107170105
5218	50169	0.7410972118377686
5218	499198	0.6491358876228333
