5323	505349	0.14625248312950134
5323	207879	0.34029421210289
5323	550411	0.2259388417005539
5323	29203	0.17599163949489594
5323	423960	0.19265466928482056
5323	15911	0.06840300559997559
5323	305709	0.28691041469573975
5323	257288	0.21665509045124054
5323	242744	0.22574254870414734
5323	136255	0.19431568682193756
5323	377920	0.13342250883579254
5323	507460	0.06780879199504852
5323	404042	0.11412178725004196
5323	403022	0.09325812011957169
5323	212066	0.1749064177274704
5323	86629	0.06940455734729767
5323	150375	-0.018518846482038498
5323	283759	0.04737270623445511
5323	283763	0.22306403517723083
5323	210055	0.12351386249065399
5323	108172	0.23137211799621582
5323	573069	0.6672061085700989
5323	441488	0.2110423594713211
5323	268947	0.22328510880470276
5323	566933	0.3209337890148163
5323	442524	0.18500253558158875
5323	262818	0.18714913725852966
5323	37915	-0.03584069758653641
5323	432814	0.09940606355667114
5323	35272	-0.03584069758653641
5323	111288	0.17441578209400177
5323	532157	0.1500207781791687
5323	285376	0.4609464108943939
5323	363714	0.15377160906791687
5323	509636	0.13595162332057953
5323	334284	0.6413949131965637
5323	571597	0.052967410534620285
5323	316110	0.18823158740997314
5323	556752	0.31329163908958435
5323	551123	0.3987463712692261
5323	163022	0.006889857351779938
5323	136412	0.03128278627991676
5323	34020	-0.03584069758653641
5323	71886	0.1167791336774826
5323	78035	0.31283479928970337
5323	132819	0.6567052006721497
5323	281338	0.1396879404783249
5323	285448	0.45624908804893494
5323	438538	0.06480839848518372
5323	577810	0.04709811136126518
5323	269075	0.10694145411252975
5323	5922	0.19641120731830597
5323	58661	0.10739243775606155
5323	407334	0.22643741965293884
5323	491816	0.199061781167984
5323	311593	0.0006247945129871368
5323	285483	0.22688010334968567
5323	196397	0.012311918660998344
5323	422704	0.21982243657112122
5323	538418	0.2870677709579468
5323	19763	0.3858947157859802
5323	189238	0.08336349576711655
5323	283965	0.1679764986038208
5323	289086	0.6001413464546204
5323	142674	0.19782662391662598
5323	549262	0.2649613916873932
5323	466789	0.3551808297634125
5323	562535	0.220680832862854
5323	572781	0.35625314712524414
5323	443764	0.09310600906610489
5323	284990	0.15262790024280548
5323	35702	-0.03584069758653641
5323	549240	-0.01700705476105213
5323	283007	0.20891793072223663
5323	560006	-0.015132519416511059
5323	132494	0.07575427740812302
5323	447894	0.6251119375228882
5323	168349	0.6756529211997986
5323	535975	0.34157922863960266
5323	306088	0.23154328763484955
5323	550827	0.215249165892601
5323	504751	0.2306225746870041
5323	137139	0.2247176468372345
5323	497082	0.2169598788022995
5323	571326	0.37675026059150696
5323	241604	0.1266644448041916
5323	22984	0.23137211799621582
5323	224201	0.10482478141784668
5323	283084	0.012146685272455215
5323	520656	0.1569591909646988
5323	211926	0.12300892919301987
5323	136153	0.24761594831943512
5323	38362	-0.013701305724680424
5323	419806	0.4077118933200836
5323	181218	0.049137525260448456
5323	426983	0.3958163261413574
5323	423912	0.15680572390556335
5323	441327	0.2907464802265167
5323	190146	0.12359307706356049
5323	48636	0.13546796143054962
