5344	335759	0.7417430281639099
5344	495384	0.786219596862793
5344	138130	0.775398313999176
5344	112660	0.8651503920555115
5344	112662	0.8207324743270874
5344	342808	0.7881314754486084
5344	265243	0.595637321472168
5344	340766	0.3646003305912018
5344	138143	0.7929397225379944
5344	336673	0.7881314754486084
5344	4515	0.8923978805541992
5344	8873	0.8172420859336853
5344	44851	0.9578240513801575
5344	143799	0.11313844472169876
5344	168634	0.4935145676136017
5344	116639	0.2807571589946747
5344	533565	0.8273230791091919
5344	339139	0.6924929618835449
5344	117832	0.4680703580379486
5344	117833	0.5211731195449829
5344	253004	0.18147720396518707
5344	333517	0.7899530529975891
5344	561743	0.7046148180961609
5344	401233	0.8938396573066711
5344	4435	0.7166866660118103
5344	253012	0.17194758355617523
5344	4824	0.5790554285049438
5344	336859	0.7352091670036316
5344	178526	0.8938396573066711
5344	8927	0.8386118412017822
5344	337120	0.6924929618835449
5344	238434	0.8202587366104126
5344	337508	0.7015675902366638
5344	453349	0.7878660559654236
5344	117393	0.4926025867462158
5344	335699	0.47556477785110474
5344	335724	0.7642595767974854
5344	253005	0.21059982478618622
5344	238703	0.6582934856414795
5344	237168	0.746650755405426
5344	253026	0.4937901496887207
5344	467827	0.8343409299850464
5344	206327	0.9578240513801575
5344	178683	0.21963545680046082
5344	336252	0.8075719475746155
5344	118015	0.5211730599403381
