5351	165391	0.24800175428390503
5351	376340	0.13742372393608093
5351	440860	0.051117848604917526
5351	423965	0.06337874382734299
5351	38434	-0.01429442036896944
5351	249898	0.43101930618286133
5351	416827	0.14092718064785004
5351	90177	0.2383013218641281
5351	299275	0.11167389154434204
5351	547397	0.25542256236076355
5351	122444	0.0898902639746666
5351	452173	0.1476988047361374
5351	47191	0.5538871884346008
5351	362587	0.10087686032056808
5351	121948	-0.0002594364923425019
5351	294494	-0.05359187722206116
5351	407647	0.10029605776071548
5351	103009	0.18814043700695038
5351	410727	0.21527843177318573
5351	221813	0.03081231191754341
5351	453248	0.17120958864688873
5351	14978	0.4473497271537781
5351	440965	0.12409017235040665
5351	282256	0.4685956835746765
5351	512145	0.09611263871192932
5351	207510	0.2893514633178711
5351	445591	0.11429674178361893
5351	415386	0.030634479597210884
5351	125598	0.18080952763557434
5351	509602	0.13289959728717804
5351	274091	0.046600136905908585
5351	117421	0.23158976435661316
5351	76974	0.08617537468671799
5351	415410	0.13641761243343353
5351	491196	-0.005763492081314325
5351	112829	0.17723962664604187
5351	91873	0.011836246587336063
5351	174820	0.1713632494211197
5351	434406	0.14902281761169434
5351	190247	-0.004118498880416155
5351	311592	-0.017693694680929184
5351	383228	0.0440310537815094
5351	389401	0.13681650161743164
5351	147228	0.06999196112155914
5351	34437	-0.0660221204161644
5351	121120	0.28159382939338684
5351	311074	0.12798884510993958
5351	397603	0.49669092893600464
5351	496935	0.2006419450044632
5351	150312	-0.0779656395316124
5351	211244	0.14504969120025635
5351	320302	0.03221810981631279
5351	457533	0.1583617776632309
5351	103743	0.15742871165275574
5351	563526	0.29734188318252563
5351	488265	-0.031402215361595154
5351	90956	0.2403038591146469
5351	20305	0.04953682795166969
5351	392536	0.14332343637943268
5351	534244	0.0522087886929512
5351	80736	0.09562483429908752
5351	581994	0.07567042857408524
5351	136560	0.15882793068885803
5351	114548	0.20713107287883759
5351	224125	0.03352813795208931
5351	120710	0.0970831960439682
5351	453517	0.3469231426715851
5351	169870	0.077027827501297
5351	477590	0.13398593664169312
5351	72090	0.17390449345111847
5351	193948	0.18184086680412292
5351	182173	0.10195939987897873
5351	394147	0.0010806751670315862
5351	211877	0.04691673815250397
5351	477615	0.09701760858297348
5351	373688	0.12876464426517487
5351	171458	-0.0013195071369409561
5351	458572	0.13196413218975067
5351	366542	0.0873752161860466
5351	477773	0.5151187181472778
5351	30160	0.3260428309440613
5351	37332	-0.06602213531732559
5351	35810	-0.06602213531732559
5351	168432	0.09999187290668488
5351	310264	0.13334256410598755
