5384	485888	0.13628827035427094
5384	246789	0.2211286723613739
5384	167948	0.44411659240722656
5384	323085	0.05400482937693596
5384	294427	0.06220393255352974
5384	531484	0.1043996810913086
5384	358952	0.14201383292675018
5384	158762	0.33145374059677124
5384	159277	0.24586179852485657
5384	347183	0.2441660761833191
5384	12342	-0.051636893302202225
5384	387132	0.03577147796750069
5384	345666	0.03780268877744675
5384	383043	0.20111942291259766
5384	187461	0.2529682517051697
5384	160326	0.28419458866119385
5384	204871	0.3356066346168518
5384	163340	0.3524615168571472
5384	531534	0.025895874947309494
5384	361045	0.13154926896095276
5384	394084	-0.020505495369434357
5384	472154	0.08794710040092468
5384	203869	0.4322742819786072
5384	556638	0.10551303625106812
5384	318083	0.19140352308750153
5384	174724	0.019919876009225845
5384	145545	0.5301908850669861
5384	351882	0.3504892885684967
5384	315019	0.12861540913581848
5384	387223	0.16338592767715454
5384	173210	0.2674073278903961
5384	239264	0.5054833889007568
5384	315041	0.3521503210067749
5384	196379	0.08118053525686264
5384	158887	0.688671350479126
5384	222888	0.05418988689780235
5384	222895	0.1932705044746399
5384	78004	0.08392836153507233
5384	78009	0.15149064362049103
5384	390342	0.3402896821498871
5384	103121	0.4795275032520294
5384	314580	0.05400482937693596
5384	161498	0.19569221138954163
5384	478428	0.12449381500482559
5384	117981	0.1251918524503708
5384	8936	0.9079746007919312
5384	459497	0.5644503831863403
5384	73963	0.27421900629997253
5384	364274	0.0980537012219429
5384	215252	0.23065674304962158
5384	51963	0.06429494172334671
5384	55338	0.01571614295244217
5384	109823	0.22461168467998505
5384	557985	0.11715618520975113
5384	20738	0.04470723122358322
5384	165123	0.21067720651626587
5384	55578	0.07872815430164337
5384	316699	0.05400482937693596
5384	186150	0.32947948575019836
5384	298279	0.37467658519744873
5384	159530	0.36789894104003906
5384	345394	0.12862862646579742
5384	55602	0.09495488554239273
5384	161591	0.47700628638267517
5384	186681	0.5296663045883179
5384	398655	0.02839818224310875
5384	255297	0.08075098693370819
5384	278339	0.3432990610599518
5384	21828	0.42188334465026855
5384	182598	0.34352952241897583
5384	60232	-0.012685953639447689
5384	305482	-0.047701481729745865
5384	345938	0.28999170660972595
5384	78168	0.2130974680185318
5384	222562	0.0289760809391737
5384	234340	0.4519237279891968
5384	158573	0.32846522331237793
5384	525168	0.26249930262565613
5384	243060	0.2756426930427551
5384	161659	0.25255993008613586
5384	234365	0.41998812556266785
5384	329097	0.47160544991493225
5384	428942	0.07064630836248398
5384	568211	0.05440455675125122
5384	395162	0.622855007648468
5384	426906	0.4870249330997467
5384	158625	0.3520143926143646
5384	148395	0.4209228456020355
5384	233388	0.4898390471935272
5384	559517	0.25126343965530396
5384	161204	0.35162997245788574
5384	511940	0.4322919249534607
5384	68513	0.4776100814342499
5384	456655	0.10276028513908386
5384	434130	0.3568041920661926
5384	134613	0.10947360843420029
5384	506105	-0.02217056229710579
5384	227806	0.4758862257003784
5384	338915	0.2704709470272064
5384	208039	0.06520472466945648
5384	345069	0.24823282659053802
5384	375278	0.08428625017404556
5384	531443	0.1994064748287201
5384	480767	0.3760330379009247
5384	397821	0.2490396946668625
5384	158293	0.484552800655365
