5517	293376	0.2294088900089264
5517	6145	0.646716833114624
5517	6146	0.646716833114624
5517	6147	0.646716833114624
5517	6151	0.40268751978874207
5517	6153	0.560321033000946
5517	6154	0.5678728818893433
5517	6156	0.12780794501304626
5517	6158	0.10759370028972626
5517	6159	0.20120979845523834
5517	6160	0.2227623015642166
5517	6161	0.13015083968639374
5517	6162	0.22931912541389465
5517	272924	0.6319310665130615
5517	272925	0.6319310665130615
5517	331907	0.5338504314422607
5517	10373	0.4635026156902313
5517	10374	0.646716833114624
5517	10375	0.646716833114624
5517	10376	0.646716833114624
5517	10377	0.20851123332977295
5517	10378	0.2617233693599701
5517	10380	0.13789692521095276
5517	10381	0.151773601770401
5517	10382	0.30080488324165344
5517	10383	0.21120953559875488
5517	332947	0.575131893157959
5517	103579	0.5173362493515015
5517	293533	0.28558817505836487
5517	469666	0.4152583181858063
5517	227869	0.6348276138305664
5517	398520	0.702924907207489
5517	84174	0.44145500659942627
5517	94423	0.5699057579040527
5517	18138	0.2398757040500641
5517	18139	0.5290865898132324
5517	6365	0.2547031044960022
5517	106211	0.542453408241272
5517	6379	0.620061993598938
5517	282349	0.6548354029655457
5517	333046	0.33015748858451843
5517	6395	0.12371887266635895
5517	563964	0.5383225679397583
5517	293633	0.814967691898346
5517	293634	0.5500611662864685
5517	293635	0.6803007125854492
5517	293636	0.7496322989463806
5517	182539	0.35707807540893555
5517	564011	0.24757623672485352
5517	242483	0.4455955922603607
5517	267063	0.32830801606178284
5517	293177	0.5756657719612122
5517	565562	0.5896104574203491
5517	111934	0.7322508692741394
5517	117058	0.6191058158874512
5517	5444	0.3722662925720215
5517	5445	0.2494312971830368
5517	48012	0.6313380599021912
5517	267065	0.34255602955818176
5517	400013	0.5449313521385193
5517	5461	0.7678446173667908
5517	74583	0.6180111765861511
5517	74584	0.6180111765861511
5517	74585	0.5104624629020691
5517	19290	0.5164204239845276
5517	19292	0.6604399085044861
5517	293178	0.5427263379096985
5517	64864	0.481105238199234
5517	293352	0.3436369001865387
5517	515954	0.2909809648990631
5517	242548	0.31922799348831177
5517	242549	0.5126467943191528
5517	242550	0.28271761536598206
5517	242552	0.1750355213880539
5517	242554	0.5126467943191528
5517	293250	0.48484426736831665
5517	81795	0.4737103581428528
5517	81796	0.4737103581428528
5517	87948	0.6517878770828247
5517	94530	0.646716833114624
5517	103832	0.5168055891990662
5517	292768	0.5584507584571838
5517	263077	0.32441964745521545
5517	123310	0.5096725225448608
5517	84911	0.50815349817276
5517	83379	0.6553472876548767
5517	123317	0.5785986185073853
5517	46921	0.6657836437225342
5517	110524	0.48834341764450073
5517	110526	0.2789023220539093
5517	238024	0.3581509590148926
5517	238026	0.3581509590148926
5517	111873	0.1458849310874939
5517	292817	0.5654381513595581
5517	552921	0.5867381691932678
5517	564699	0.46594780683517456
5517	96222	0.2352178692817688
5517	238056	0.35815101861953735
5517	293353	0.32452917098999023
5517	565226	0.7135101556777954
5517	6141	0.6467168927192688
5517	6142	0.646716833114624
