5622	188290	0.1704772561788559
5622	188294	0.2913907766342163
5622	188296	0.2913907766342163
5622	107913	0.40549975633621216
5622	268170	0.31302815675735474
5622	9099	0.3932121992111206
5622	410650	0.09098660945892334
5622	75790	0.5519900918006897
5622	381702	0.2786521017551422
5622	561112	0.1679730862379074
5622	107154	0.30134984850883484
5622	25608	0.25162366032600403
5622	14871	0.21604697406291962
5622	214042	0.22394050657749176
5622	149788	0.5418060421943665
5622	382365	0.5175599455833435
5622	457848	0.21734747290611267
5622	177184	0.5827339291572571
5622	283162	0.4832887649536133
5622	352803	0.7014164328575134
5622	352804	0.7014164328575134
5622	352805	0.7014164328575134
5622	569640	0.5519900918006897
5622	335787	0.5793169736862183
5622	280621	0.03073151409626007
5622	351791	0.5870854258537292
5622	381128	0.42131307721138
5622	268168	0.13942177593708038
5622	25011	0.36661553382873535
5622	411189	0.42098066210746765
5622	545718	0.31167638301849365
5622	79161	0.2080063670873642
5622	10469	0.559544563293457
5622	21563	0.4780254662036896
5622	321610	0.23983223736286163
5622	330440	0.7301521897315979
5622	207298	0.5312076807022095
5622	567563	0.4244419038295746
5622	283460	0.6108830571174622
5622	506806	0.019223982468247414
5622	203590	0.24228040874004364
5622	459318	0.3026597201824188
5622	117448	0.35763654112815857
5622	177100	0.7824714183807373
5622	333770	0.7225020527839661
5622	275447	0.08869652450084686
5622	181580	0.5095189213752747
5622	134477	0.6930628418922424
5622	337231	0.5003243684768677
5622	275448	0.08869652450084686
5622	39762	0.12000865489244461
5622	350804	0.10868079960346222
5622	282327	0.5171719789505005
5622	333400	0.5007653832435608
5622	275445	0.08869652450084686
5622	347359	0.24020324647426605
5622	256227	0.4482501149177551
5622	494692	0.5357957482337952
5622	340453	0.5884953737258911
5622	422246	0.33827999234199524
5622	287976	0.41985172033309937
5622	149226	0.5519900918006897
5622	378347	0.3194146454334259
5622	426476	0.4255780875682831
5622	149485	0.31506994366645813
5622	216304	0.43144670128822327
5622	8949	0.8866962790489197
5622	275446	0.08869652450084686
5622	419320	0.48526206612586975
5622	275449	0.08869652450084686
5622	60095	0.4065014123916626
5622	227837	0.5707305669784546
5622	75519	0.5968148112297058
