5643	208385	0.18887512385845184
5643	473633	0.10634127259254456
5643	522287	0.22021961212158203
5643	311344	0.18102127313613892
5643	485428	0.3316870629787445
5643	522294	0.1937219202518463
5643	440891	0.2098267525434494
5643	292023	0.06406593322753906
5643	237133	0.6434698700904846
5643	482385	0.2723376452922821
5643	255573	0.4712883234024048
5643	440923	0.15736790001392365
5643	474725	0.2949149012565613
5643	267874	0.10717776417732239
5643	395877	0.24966730177402496
5643	185979	0.04439046233892441
5643	537726	0.26645633578300476
5643	486016	0.1473674327135086
5643	380039	0.3094467222690582
5643	284812	0.2372807264328003
5643	89755	0.07269178330898285
5643	441002	0.26218628883361816
5643	90800	0.090229332447052
5643	484539	0.651229739189148
5643	379425	0.18638506531715393
5643	386251	0.03083818033337593
5643	3315	0.2114548236131668
5643	381693	0.28810930252075195
5643	403714	0.2448360174894333
5643	546239	-0.02460593171417713
5643	551190	0.4888620674610138
5643	226071	0.03133807331323624
5643	311343	0.39564645290374756
5643	545071	0.09354652464389801
5643	445760	0.24225103855133057
5643	379715	0.32686910033226013
5643	468295	0.10135636478662491
5643	430409	0.3163163661956787
5643	386380	0.2937179207801819
5643	209741	0.24147218465805054
5643	408918	0.34308239817619324
5643	235871	0.315342515707016
5643	226658	0.04439046233892441
5643	580963	0.5512322187423706
5643	474473	0.10703852027654648
5643	551788	0.7801560759544373
5643	236398	0.6975175738334656
5643	120565	0.3120157718658447
5643	206721	0.3088192045688629
5643	464270	0.3052540421485901
5643	211868	0.16538146138191223
5643	375716	0.4955117106437683
5643	163143	0.1923164278268814
5643	226233	0.150376096367836
5643	396732	0.020988237112760544
5643	475069	0.38970237970352173
5643	351221	0.1084756851196289
5643	514510	0.12929107248783112
5643	459728	0.26608848571777344
5643	396760	0.31351715326309204
5643	514524	0.32199206948280334
5643	24031	0.6516374349594116
5643	356336	0.04439046233892441
5643	499701	0.150376096367836
5643	380411	0.10743877291679382
