5683	21001	0.4797411262989044
5683	501264	0.15521785616874695
5683	560152	0.20536573231220245
5683	50204	0.4683498442173004
5683	225310	0.10341759771108627
5683	208927	0.07518216967582703
5683	282145	0.17451468110084534
5683	162339	0.20765277743339539
5683	162354	0.04942760989069939
5683	33846	0.015666991472244263
5683	205369	0.0880846232175827
5683	320060	0.17316177487373352
5683	52804	0.07193536311388016
5683	51126	0.10591073334217072
5683	170567	0.3271247446537018
5683	30793	0.5210728049278259
5683	148558	0.12131454795598984
5683	432720	0.10811925679445267
5683	371287	0.2153775840997696
5683	310872	0.16144020855426788
5683	171103	0.33019277453422546
5683	316535	0.21514804661273956
5683	64632	0.1980576366186142
5683	487557	0.013520984910428524
5683	24716	0.21293461322784424
5683	89742	0.43620672821998596
5683	389779	0.7406296730041504
5683	436372	0.09389924257993698
5683	165145	0.1371145248413086
5683	169113	0.19268175959587097
5683	357022	0.1930243819952011
5683	381090	0.076778843998909
5683	527013	0.5425245761871338
5683	470195	0.111146941781044
5683	289981	0.2162492424249649
5683	61121	0.19386816024780273
5683	179906	0.2778489887714386
5683	402121	0.06400119513273239
5683	412877	0.6137707829475403
5683	320720	0.2798190712928772
5683	454358	0.1556040644645691
5683	276705	0.22426816821098328
5683	125666	0.4323386549949646
5683	434404	0.5345248579978943
5683	376044	0.1903623342514038
5683	138997	0.1562838852405548
5683	320246	0.16157205402851105
5683	498425	0.18768446147441864
5683	81146	0.557120144367218
5683	217868	0.5531472563743591
5683	81679	0.0179051011800766
5683	429328	0.1377028077840805
5683	148753	0.22249262034893036
5683	474390	0.05965772643685341
5683	165144	0.13175024092197418
5683	547097	0.2721134126186371
5683	105243	0.36411383748054504
5683	117023	0.31871679425239563
5683	256290	0.13567973673343658
5683	452901	0.15156184136867523
5683	319784	0.16551603376865387
5683	275759	0.09518739581108093
5683	382772	0.2208229899406433
5683	90423	0.197616308927536
5683	427323	0.09818727523088455
5683	131397	0.4543590843677521
5683	51021	0.025612734258174896
5683	225102	-0.02858254313468933
5683	225103	-0.021688025444746017
5683	41296	0.17792627215385437
5683	431957	0.11082718521356583
5683	160825	0.277470201253891
5683	24804	0.5101443529129028
5683	549729	0.13633735477924347
5683	35729	0.015666991472244263
5683	310635	0.15629221498966217
5683	452983	0.025198332965373993
5683	531320	0.41601887345314026
5683	444281	0.48964908719062805
5683	80765	0.09952086210250854
5683	509317	0.48582854866981506
5683	212875	0.18957707285881042
5683	527758	0.10786478966474533
5683	11665	0.21346141397953033
5683	97682	0.515014111995697
5683	136083	0.1786310225725174
5683	393625	0.028678448870778084
5683	474038	0.6078169941902161
5683	143291	0.10692446678876877
5683	146677	0.293539434671402
5683	150774	0.11015881597995758
5683	117195	0.1375177800655365
5683	474445	0.8230410218238831
5683	224211	0.10949410498142242
5683	367182	0.01372558157891035
5683	265690	0.07908841967582703
5683	170971	0.11130465567111969
5683	533471	0.1822684109210968
5683	36688	0.11871865391731262
5683	452079	0.1658889204263687
5683	547314	0.018681734800338745
5683	225277	0.04841390252113342
5683	163326	0.08575272560119629
