5695	62473	0.2430889755487442
5695	105490	0.15978765487670898
5695	119832	0.18473656475543976
5695	124442	-0.05005156993865967
5695	89627	0.22231784462928772
5695	89628	0.22231784462928772
5695	89629	0.20541471242904663
5695	543777	0.27295199036598206
5695	411685	0.23631685972213745
5695	213039	0.055507488548755646
5695	330800	0.09246702492237091
5695	116788	0.035060085356235504
5695	124470	0.44845297932624817
5695	124473	0.12780426442623138
5695	278076	0.28559038043022156
5695	49845	0.07637052237987518
5695	553538	0.19240093231201172
5695	178758	0.3108079433441162
5695	187975	0.12490765005350113
5695	124491	0.2747887372970581
5695	66637	0.29550406336784363
5695	66638	0.2991112768650055
5695	571984	0.2599289119243622
5695	511845	0.4629213511943817
5695	28859	0.26026731729507446
5695	502886	0.1675959676504135
5695	75537	0.17520850896835327
5695	28860	0.1511646956205368
5695	497772	0.2496078610420227
5695	75538	0.14459002017974854
5695	65134	0.36225274205207825
5695	55407	0.1784834861755371
5695	106856	0.2582218050956726
5695	117881	0.5736843347549438
5695	117894	0.08821163326501846
5695	66701	0.24050557613372803
5695	564760	0.23934286832809448
5695	86638	0.47490549087524414
5695	273007	0.2818862795829773
5695	102564	0.2464362233877182
5695	65706	0.3080536723136902
5695	73387	0.08025199174880981
5695	58037	0.48450127243995667
5695	95931	0.0537310428917408
5695	28861	0.021464098244905472
5695	49854	0.6018441319465637
5695	95949	0.19068916141986847
5695	95950	0.1985393762588501
5695	95951	0.22740726172924042
5695	100054	0.13317732512950897
5695	100055	0.09974382072687149
5695	581327	0.6400291919708252
5695	9169	0.4132385849952698
5695	126706	0.29300442337989807
5695	564979	0.23800043761730194
5695	95991	0.20627814531326294
5695	129784	0.2924761474132538
5695	116474	0.054657552391290665
5695	66860	0.26020336151123047
5695	75531	0.538196325302124
5695	563985	0.18633289635181427
5695	563986	0.1807730346918106
5695	418586	0.16092762351036072
5695	280347	0.2586979866027832
5695	280348	0.21426059305667877
5695	418590	0.32608887553215027
5695	475355	0.27258914709091187
5695	572204	0.4116639196872711
5695	68910	0.6811144351959229
5695	116528	0.12302234023809433
5695	399159	0.06661507487297058
5695	113716	0.5736843347549438
5695	117562	0.04712531343102455
5695	564549	0.021088989451527596
5695	564550	0.025750592350959778
5695	67915	0.555974543094635
5695	123749	0.44235455989837646
5695	511846	0.4629213511943817
5695	511847	0.4629213511943817
5695	511848	0.4629213511943817
5695	67945	0.4801803231239319
5695	96118	0.031504075974226
5695	251773	0.5351213812828064
5695	66942	0.3804411292076111
5695	104337	0.27484384179115295
5695	564119	0.15687748789787292
5695	564120	0.16856980323791504
5695	123294	0.13636021316051483
5695	6562	0.26228103041648865
5695	74822	0.1580595076084137
5695	106416	0.11898151785135269
5695	569784	1.0000001192092896
5695	569785	1.0000001192092896
5695	569786	1.0000001192092896
5695	473033	0.03244028240442276
5695	301009	0.34504014253616333
5695	68566	0.25756850838661194
5695	68056	0.4139702320098877
5695	574429	0.22971244156360626
5695	23518	0.299431711435318
5695	23519	0.15190689265727997
5695	239090	0.3583587408065796
5695	89711	0.23160259425640106
5695	258556	0.41904139518737793
5695	96253	0.035732850432395935
5695	411646	0.21413326263427734
