571	235009	0.19117878377437592
571	457228	0.14202392101287842
571	122384	0.04858667775988579
571	47633	0.13797563314437866
571	195602	0.20460322499275208
571	174100	0.40746113657951355
571	560663	0.024178072810173035
571	121888	0.08936435729265213
571	560686	0.10473103076219559
571	374320	0.08065298944711685
571	155187	0.25714847445487976
571	390222	0.22571846842765808
571	353877	0.16039855778217316
571	350806	0.11512362211942673
571	174168	0.25216296315193176
571	532066	0.18584087491035461
571	225897	-0.03705597668886185
571	173679	0.39128178358078003
571	206961	0.10079969465732574
571	156794	0.48371201753616333
571	503574	0.6198606491088867
571	351596	0.10522431880235672
571	217742	0.1125519648194313
571	217743	0.1525217443704605
571	489627	0.11988247185945511
571	457886	0.07286028563976288
571	173731	0.4123411476612091
571	297841	0.14756600558757782
571	47275	0.15371544659137726
571	234158	0.0402686633169651
571	209604	-0.03659558668732643
571	406727	0.0006482750177383423
571	366028	0.15527941286563873
571	181966	0.08918269723653793
571	318166	0.1168120726943016
571	107736	0.05652821809053421
571	416985	0.567789614200592
571	28381	0.19289787113666534
571	173792	0.27272137999534607
571	420304	0.44472381472587585
571	376055	0.17788836359977722
571	357112	0.30429551005363464
571	465148	0.6639498472213745
571	173525	0.4381137490272522
571	534275	0.7432898879051208
571	61194	0.19968925416469574
571	173836	0.4134860336780548
571	205069	0.14206060767173767
571	191762	0.025555934756994247
571	216854	0.05433511361479759
571	7451	0.03712337091565132
571	444188	0.5220553874969482
571	187678	0.660286009311676
571	228485	0.10068011283874512
571	220963	0.11057838052511215
571	217892	0.015364222228527069
571	383269	0.039418432861566544
571	361777	0.15601098537445068
571	15147	0.4646522104740143
571	562993	-0.0013181456597521901
571	57140	-0.02740565873682499
571	55094	0.10393117368221283
571	316730	0.05924545228481293
571	563008	0.020907504484057426
571	164576	0.19201821088790894
571	361285	0.0528414323925972
571	331	-0.04890650510787964
571	581968	0.16979344189167023
571	140630	0.6743332147598267
571	274916	0.29052528738975525
571	297824	0.062335554510354996
571	499044	0.3038562834262848
571	228204	0.03871588036417961
571	38257	0.10537657886743546
571	455026	0.07709386944770813
571	217491	0.23692414164543152
571	173940	0.42013466358184814
571	284992	0.11992774158716202
571	557463	0.17020423710346222
571	173965	0.5382671356201172
571	217489	0.10067278146743774
571	217490	0.358942449092865
571	294291	0.29015398025512695
571	461207	0.2501591444015503
571	121761	0.2184305638074875
571	124837	0.6130866408348083
571	419238	0.015332119539380074
571	117672	0.11234252154827118
571	179122	0.24929863214492798
571	22451	0.07054532319307327
571	457656	0.24181349575519562
571	251381	0.060359396040439606
571	413089	0.10418675094842911
571	75723	0.0276412945240736
571	387020	0.04738878831267357
571	420302	0.1772574484348297
571	430032	0.29141271114349365
571	383444	0.018044859170913696
571	521294	0.1243266835808754
571	277988	0.17229090631008148
571	189415	0.12818053364753723
571	183285	0.23207226395606995
571	173565	0.45123106241226196
