5711	163331	0.2043536752462387
5711	203269	0.2220861315727234
5711	289289	0.1188669353723526
5711	253451	0.07385493814945221
5711	286733	0.5889925956726074
5711	87566	0.11595999449491501
5711	386066	0.051559846848249435
5711	55321	0.11131216585636139
5711	478236	0.423335462808609
5711	571934	0.5679109692573547
5711	105504	0.14368271827697754
5711	216097	0.15955205261707306
5711	11304	0.2590180039405823
5711	517673	0.1942693442106247
5711	380462	0.17901277542114258
5711	373295	0.06067561358213425
5711	289842	0.045318834483623505
5711	561715	0.014928679913282394
5711	361013	0.0859663188457489
5711	440888	0.11216408014297485
5711	328255	0.10576631873846054
5711	60480	0.1763935089111328
5711	122951	0.20893290638923645
5711	422987	0.2091994732618332
5711	416845	0.12906867265701294
5711	389711	0.09860292077064514
5711	292952	0.3161982297897339
5711	450831	0.18875525891780853
5711	406625	0.1127629354596138
5711	43108	0.06108706071972847
5711	157288	0.13081233203411102
5711	115305	0.24556076526641846
5711	437870	0.12892603874206543
5711	391811	0.2415149211883545
5711	108680	0.04217170178890228
5711	394898	0.3109270930290222
5711	38554	0.0587938167154789
5711	560796	-0.06385781615972519
5711	485034	0.14226160943508148
5711	540843	0.2084261029958725
5711	162249	0.08041524142026901
5711	110264	0.17499366402626038
5711	450233	0.18454621732234955
5711	487100	0.6067448258399963
5711	190145	0.03346404433250427
5711	232646	0.21721351146697998
5711	371233	0.14218436181545258
5711	502988	0.08971581608057022
5711	446671	0.13035939633846283
5711	408790	0.15689560770988464
5711	329447	0.3592449724674225
5711	131823	0.21428392827510834
5711	578800	0.19511765241622925
5711	562929	0.14826171100139618
5711	561414	0.15415450930595398
5711	9480	0.04883726313710213
5711	118542	0.3113016188144684
5711	118543	0.3113016188144684
5711	480643	0.1556607335805893
5711	241432	0.2141973078250885
5711	310565	0.24510280787944794
5711	199463	0.07967495918273926
5711	482354	0.07733578234910965
5711	361106	0.027371462434530258
5711	404804	0.6322499513626099
5711	80198	0.17593763768672943
5711	99656	0.073452889919281
5711	31052	0.058074139058589935
5711	111443	0.16842754185199738
5711	282452	0.13361656665802002
5711	313689	0.17075574398040771
5711	17754	0.02442084066569805
5711	380770	0.903039276599884
5711	386916	0.36287209391593933
5711	109926	0.07914675772190094
5711	275819	0.1514146625995636
5711	39277	0.24819377064704895
5711	489838	0.07245562970638275
5711	45431	0.221155047416687
5711	215928	0.03319590166211128
5711	412224	0.3136507570743561
5711	465795	0.10598545521497726
5711	32135	0.10629346966743469
5711	417177	0.338323175907135
5711	120218	0.08480077236890793
5711	109469	0.2057759165763855
5711	150256	0.11774909496307373
5711	222117	0.14843499660491943
5711	230823	0.13180838525295258
5711	207786	0.21228548884391785
5711	48541	0.04543865844607353
5711	99766	0.1021517664194107
5711	275899	0.261704683303833
5711	115134	0.08083007484674454
5711	97728	0.18140296638011932
5711	567883	0.35796022415161133
5711	517575	0.11024323105812073
5711	522184	0.18348170816898346
5711	482761	0.18077510595321655
5711	311251	0.21164019405841827
5711	72682	0.18357490003108978
5711	143348	0.24884864687919617
5711	151551	0.22558091580867767
