5731	97281	-0.009428724646568298
5731	418819	0.03129174932837486
5731	182273	0.06143837049603462
5731	390152	-0.0313185378909111
5731	453648	0.042463988065719604
5731	133655	0.08021177351474762
5731	243224	0.1900954693555832
5731	38425	-0.03802916780114174
5731	297499	0.050845175981521606
5731	124957	0.5939684510231018
5731	166942	-0.04280828312039375
5731	383525	0.0445416122674942
5731	423465	0.16896460950374603
5731	547386	0.09887807071208954
5731	547387	0.09440843760967255
5731	166972	-0.04280828312039375
5731	144962	0.08146591484546661
5731	149575	0.07000855356454849
5731	149577	0.01641601137816906
5731	345162	0.3015076816082001
5731	517195	0.15462970733642578
5731	254030	0.05737336724996567
5731	493923	0.08477301895618439
5731	240213	0.04698025435209274
5731	439383	0.05565463751554489
5731	364123	0.031101694330573082
5731	562782	0.008095980621874332
5731	369761	0.030061807483434677
5731	477282	0.09537796676158905
5731	372837	0.0553303062915802
5731	99443	0.3126276731491089
5731	560244	0.06920819729566574
5731	328316	0.07323262840509415
5731	390790	-0.06413070112466812
5731	167564	-0.04280828312039375
5731	313490	0.11471373587846756
5731	118936	0.4675239324569702
5731	373922	-0.03835304081439972
5731	505000	0.2394166737794876
5731	249534	0.08615069836378098
5731	214208	0.005206082481890917
5731	32972	-0.032988835126161575
5731	417485	0.41902297735214233
5731	380624	0.02539842762053013
5731	90322	-0.032916028052568436
5731	509659	-0.005986386444419622
5731	344798	0.030049342662096024
5731	347875	0.18521185219287872
5731	305897	0.08784914016723633
5731	166128	-0.04280828312039375
5731	279797	0.019474918022751808
5731	489720	0.09995068609714508
5731	104200	0.005290594417601824
5731	167181	-0.04280828312039375
5731	92436	0.1400635689496994
5731	413976	0.020380590111017227
5731	282920	0.29140397906303406
5731	192391	0.14205877482891083
5731	166703	-0.04280828312039375
5731	132402	0.21152329444885254
5731	305971	0.06452252715826035
5731	189755	0.013754608109593391
5731	327998	0.044409994035959244
5731	309059	0.056741707026958466
5731	133445	0.07818961143493652
5731	369487	0.11810214072465897
5731	379224	0.11980026960372925
5731	215386	0.04932117834687233
5731	166236	-0.04280828312039375
5731	165731	-0.04280828312039375
5731	166250	-0.04280828312039375
5731	166774	-0.04280828312039375
5731	197865	0.051194269210100174
5731	446779	0.06514354050159454
5731	116090	0.11973877251148224
5731	131460	0.15861569344997406
5731	167303	-0.04280828312039375
5731	232331	0.05822634696960449
5731	416322	0.053407762199640274
5731	272271	0.10489436239004135
5731	33680	-0.032988835126161575
5731	520084	0.041194722056388855
5731	224152	0.035532962530851364
5731	526234	0.15305890142917633
5731	462747	0.054642584174871445
5731	167322	-0.04280828312039375
5731	147269	0.07198534160852432
5731	126192	0.12286193668842316
5731	232362	0.014715492725372314
5731	36270	-0.032988835126161575
5731	347058	0.4700343608856201
5731	36791	-0.032988835126161575
5731	179445	0.0924338772892952
5731	271947	0.033049535006284714
5731	235975	-0.010953737422823906
5731	189901	0.05099703371524811
5731	59465	0.042073991149663925
5731	32728	-0.032988835126161575
5731	166368	-0.04280828312039375
5731	49638	-0.00038197269896045327
5731	144876	0.1965520977973938
5731	360176	-0.03696846589446068
5731	414194	0.02775413915514946
5731	122875	0.06247330829501152
