5742	330267	0.43486353754997253
5742	352385	0.7944676876068115
5742	197379	0.5844451189041138
5742	541317	0.43551263213157654
5742	410505	0.5556517839431763
5742	573164	0.6426659822463989
5742	188175	0.7020243406295776
5742	190736	0.7942976951599121
5742	333588	0.6703723073005676
5742	336919	0.7788246870040894
5742	90395	0.5354946255683899
5742	339355	0.7397780418395996
5742	353310	0.5501514077186584
5742	353311	0.572699785232544
5742	281180	0.32690146565437317
5742	239265	0.7395630478858948
5742	288931	0.8298134803771973
5742	91172	0.2458290308713913
5742	160508	0.8276071548461914
5742	450470	0.8180916905403137
5742	288423	0.7606754302978516
5742	288424	0.7683119177818298
5742	239324	0.7864211201667786
5742	259373	0.5410130620002747
5742	540718	0.7204432487487793
5742	288048	0.7331511378288269
5742	338504	0.600348949432373
5742	286516	0.6096547842025757
5742	288286	0.6155591011047363
5742	287926	0.6474962830543518
5742	341177	0.6946759819984436
5742	14778	0.8203332424163818
5742	304699	0.6988109946250916
5742	434495	0.168823704123497
5742	14660	0.5056126713752747
5742	540743	0.6462665796279907
5742	91848	0.6699910163879395
5742	288719	0.8619349598884583
5742	552147	0.4994189143180847
5742	164465	0.3690037727355957
5742	558521	0.8590365648269653
5742	467236	0.5862038731575012
5742	336591	0.6117275357246399
5742	542684	0.6029731035232544
5742	91174	0.23884029686450958
5742	96571	0.47865182161331177
5742	215268	0.489117294549942
5742	239333	0.7894395589828491
5742	371942	0.5337907075881958
5742	86876	0.8632779121398926
5742	387708	0.23261117935180664
5742	537580	0.5903849601745605
5742	569633	0.45024898648262024
5742	282664	0.7343840599060059
5742	502517	0.5106137990951538
5742	345596	0.6697152256965637
