587	132608	0.6780122518539429
587	286721	0.678969144821167
587	446468	0.6255437731742859
587	299015	0.7349263429641724
587	299018	0.6606528759002686
587	169483	0.5704087018966675
587	425997	0.4027838706970215
587	412691	0.6046170592308044
587	381462	0.6705624461174011
587	529947	0.6292836666107178
587	371743	-0.02463233284652233
587	371747	0.06099752336740494
587	371750	0.2374640703201294
587	393256	0.5271317362785339
587	69164	0.7518962621688843
587	289333	0.6521792411804199
587	568892	0.8383322358131409
587	283199	0.8783899545669556
587	217664	0.9046018719673157
587	276035	0.840797483921051
587	550473	0.6770734190940857
587	474194	0.5919700264930725
587	283221	0.8560754656791687
587	175191	0.8902448415756226
587	283226	0.701796293258667
587	500269	0.714220404624939
587	133563	0.3638303577899933
587	355940	0.06732296943664551
587	355941	0.5068226456642151
587	421480	0.9546819925308228
587	196719	0.6297336220741272
587	196720	0.6997747421264648
587	532584	0.11070653796195984
587	444037	0.4753023386001587
587	531599	0.5440930724143982
587	105107	0.720868706703186
587	132763	0.3532569408416748
587	444061	0.795735776424408
587	444063	0.8228814601898193
587	567972	0.6803156137466431
587	106691	0.38262131810188293
587	169156	0.5891131162643433
587	473799	0.796197235584259
587	473801	0.796197235584259
587	399822	0.35917696356773376
587	132864	0.6195018291473389
587	337155	0.7397750020027161
587	580360	0.7251840829849243
587	511532	0.20728160440921783
587	358671	0.6846842765808105
587	131348	0.6347895860671997
587	131351	0.3204793930053711
587	107809	0.6566552519798279
587	475948	0.8658543229103088
587	508207	0.7761165499687195
587	508208	0.8035947680473328
587	132915	0.8092884421348572
587	358718	0.7345708012580872
587	366916	0.760397732257843
587	367431	0.7178377509117126
587	260425	0.6369908452033997
587	473438	0.6231988668441772
587	522084	0.3967609405517578
587	550249	0.5886797308921814
587	458612	0.8974792957305908
587	566646	0.4885116219520569
587	3452	0.4800153970718384
587	550269	0.8755104541778564
587	550271	0.7946228384971619
587	361352	0.5808055400848389
587	125840	0.6356979608535767
587	169875	0.5766198039054871
587	390038	0.8060330748558044
587	139168	0.292083740234375
587	133025	0.717225193977356
587	581551	0.7544118762016296
587	581552	0.796197235584259
587	581555	0.09893549233675003
587	581557	0.05127124488353729
587	581561	0.796197235584259
587	581563	0.5938347578048706
587	581564	0.21429303288459778
587	581567	0.5495875477790833
587	581568	0.06099752336740494
587	457795	0.5903125405311584
587	83501	0.5696893930435181
587	184261	0.6858561038970947
587	298950	0.5137588381767273
587	388513	0.7047357559204102
587	136139	0.7283986806869507
587	223181	0.5694553852081299
587	342478	0.5987207293510437
587	122854	0.18459662795066833
587	381418	0.7352670431137085
587	424427	0.7753412127494812
587	371182	0.7492740750312805
587	381429	0.7004032135009766
