609	93185	0.10456859320402145
609	243204	0.1636020839214325
609	122888	0.09289146214723587
609	513546	0.10379000753164291
609	188941	0.2196773886680603
609	158737	0.5716425776481628
609	529940	0.09642913192510605
609	19972	0.1220422312617302
609	230939	0.16760216653347015
609	241190	0.01971873827278614
609	241191	0.039026133716106415
609	186411	0.12725640833377838
609	364588	0.08103667199611664
609	345645	0.05914534255862236
609	89142	0.01092351134866476
609	410682	0.06746530532836914
609	531515	0.07663801312446594
609	57405	0.2137111872434616
609	12863	0.15376920998096466
609	408642	0.1915586292743683
609	566340	0.04766509309411049
609	410698	0.2369086593389511
609	507468	0.008067137561738491
609	369231	0.23169182240962982
609	159315	0.13287314772605896
609	30805	0.23530757427215576
609	73817	0.03982458636164665
609	32347	0.10626199841499329
609	301581	0.046643152832984924
609	72287	0.12322792410850525
609	351841	0.17600958049297333
609	280674	0.2145019918680191
609	36967	0.022933093830943108
609	363628	0.04712045192718506
609	236142	0.0003985316143371165
609	489586	-0.03783172741532326
609	404597	0.11781258136034012
609	202359	0.14352555572986603
609	507412	0.026016678661108017
609	500866	0.06282775104045868
609	410758	0.2863660752773285
609	355992	-0.05739179626107216
609	329887	0.017416978254914284
609	292516	0.058730851858854294
609	12973	0.10934873670339584
609	327857	-0.005984573159366846
609	434357	0.06256884336471558
609	222907	0.20757046341896057
609	321728	-0.04499915987253189
609	222913	0.26498979330062866
609	495814	0.09141770750284195
609	102603	0.159105584025383
609	190156	0.10928891599178314
609	222928	0.21377497911453247
609	161491	0.2647050619125366
609	175333	0.2844444215297699
609	31977	0.100393146276474
609	26347	0.09259399026632309
609	15596	0.05957219749689102
609	158458	0.2391858696937561
609	362235	0.1162005066871643
609	35073	0.022933093830943108
609	231171	0.13873976469039917
609	61191	0.06349938362836838
609	90381	0.038542743772268295
609	35087	0.07285191863775253
609	160016	0.39529237151145935
609	406804	0.10370305180549622
609	331555	0.14899039268493652
609	417579	0.1516193300485611
609	347953	0.01615876890718937
609	207674	0.09934359043836594
609	220990	0.10777100175619125
609	295744	0.2207319438457489
609	284993	0.07618659734725952
609	197961	0.12588758766651154
609	30538	-0.00580320181325078
609	557903	0.07485675066709518
609	169297	0.06749951094388962
609	127317	0.1640056073665619
609	37905	0.022933093830943108
609	126327	0.024530677124857903
609	531300	0.2144002765417099
609	37737	0.022933093830943108
609	35235	0.056660909205675125
609	130927	0.05688616633415222
609	555888	0.10778079926967621
609	417650	0.06100515276193619
609	120695	0.13432593643665314
609	305530	0.1740821748971939
609	471421	0.08572227507829666
609	106894	0.05424751713871956
609	320923	-0.015515677630901337
609	180643	0.04504629597067833
609	159143	0.3240200877189636
609	234922	0.587120532989502
609	22450	0.132486954331398
609	560051	0.1772729754447937
609	53687	0.08473535627126694
609	452546	0.07252984493970871
609	161740	0.1411687582731247
609	227793	0.2466423064470291
609	389539	0.20005470514297485
609	329176	0.1068851426243782
609	363999	0.04223380610346794
609	160242	0.06841259449720383
609	160249	0.13121739029884338
609	558589	0.023124776780605316
609	9726	0.06090497225522995
