6175	301060	0.8305329084396362
6175	178774	0.6523259282112122
6175	101386	0.6313092112541199
6175	334870	0.6208001375198364
6175	117271	0.3030075430870056
6175	488625	0.7633028030395508
6175	44072	0.5506017804145813
6175	113713	0.5016260147094727
6175	69642	0.2268412709236145
6175	342591	0.7071335315704346
6175	245316	0.601538360118866
6175	486470	0.5843968987464905
6175	533578	0.7523092031478882
6175	538700	0.6372899413108826
6175	214093	0.7633028030395508
6175	117331	0.3030075430870056
6175	229462	0.7633028030395508
6175	393841	0.3775685429573059
6175	70259	0.663203775882721
6175	229495	0.33957767486572266
6175	275072	0.6449601650238037
6175	311425	0.5611538290977478
6175	534662	0.44837480783462524
6175	311437	0.5711728930473328
6175	342671	0.6464648246765137
6175	379550	0.5064020752906799
6175	134513	0.7477222084999084
6175	117928	0.4652795195579529
6175	500912	0.4206004738807678
6175	505800	0.6826768517494202
6175	310968	0.6092677116394043
6175	500921	0.60689777135849
6175	130758	0.5281288623809814
6175	121031	0.7130666375160217
6175	312526	0.550262451171875
6175	430806	0.836184561252594
6175	342751	0.5981533527374268
6175	219687	0.5199464559555054
6175	392945	0.6481438875198364
6175	19701	0.24500906467437744
6175	103670	0.5217165350914001
6175	288020	0.5938726663589478
6175	337698	0.6439782977104187
6175	434980	0.5843968987464905
6175	70705	0.6649880409240723
6175	15666	0.326454758644104
6175	501050	0.6384299993515015
6175	340796	0.6439782977104187
6175	355722	0.6952483057975769
6175	393560	0.29581373929977417
6175	15712	0.4223450720310211
6175	15713	0.4223450720310211
6175	459619	0.6409099102020264
6175	238438	0.6707502603530884
6175	538685	0.7429393529891968
6175	533873	0.3622344732284546
6175	197492	0.7318117618560791
6175	97654	0.5843968987464905
6175	435071	0.6313092112541199
6175	379265	0.4045601487159729
6175	134533	0.7477222084999084
6175	469898	0.7864196300506592
6175	454125	0.7700749635696411
6175	460184	0.6724318265914917
6175	333209	0.14425286650657654
6175	339360	0.13525962829589844
6175	503213	0.6707502603530884
6175	335278	0.8206151127815247
6175	26550	0.5843968987464905
6175	384952	0.5592777729034424
6175	354760	0.7012895345687866
6175	533068	0.7174795269966125
6175	468433	0.508222758769989
6175	14297	0.5982666015625
6175	360931	0.48293784260749817
6175	454124	0.5880454182624817
6175	559085	0.7633028030395508
6175	581615	0.5811725854873657
6175	500904	0.4996916353702545
6175	532979	0.9580729603767395
6175	581621	0.5743798613548279
6175	341496	0.8206151723861694
6175	529401	0.43423494696617126
6175	171007	0.4108976423740387
6175	336892	0.4991658926010132
6175	176638	0.8553212285041809
6175	580607	0.573484480381012
