6216	97664	0.735467791557312
6216	97665	0.735467791557312
6216	524674	0.9492207765579224
6216	408451	0.5993916392326355
6216	230532	0.5708158612251282
6216	124161	0.8219431042671204
6216	118411	0.7743237018585205
6216	87180	0.4746425151824951
6216	254594	0.8790575265884399
6216	472765	0.04464782774448395
6216	454163	0.7465855479240417
6216	70446	0.6510679125785828
6216	343577	0.7297586798667908
6216	261786	0.5786318182945251
6216	339869	0.43395259976387024
6216	123934	0.6297063827514648
6216	339873	0.792400598526001
6216	403108	0.5920475721359253
6216	408450	0.5674899220466614
6216	339113	0.711392343044281
6216	412930	0.5939924120903015
6216	6316	0.6619641184806824
6216	380205	0.5132559537887573
6216	117422	0.4272718131542206
6216	500914	0.6100645065307617
6216	89794	0.49714282155036926
6216	384949	0.734757125377655
6216	23607	0.4254719913005829
6216	23608	0.479233980178833
6216	225026	0.0021119846496731043
6216	336316	0.7540643811225891
6216	297761	0.7232453227043152
6216	538686	0.8312382698059082
6216	172479	0.19252963364124298
6216	254528	0.407551109790802
6216	344258	0.792400598526001
6216	393380	0.1769733726978302
6216	134596	0.8767516613006592
6216	297669	0.13099677860736847
6216	370118	0.6201512217521667
6216	342855	0.792400598526001
6216	134473	0.8518631458282471
6216	452736	0.622514009475708
6216	238411	0.8768852949142456
6216	70348	0.7832390069961548
6216	7629	0.850960373878479
6216	459598	0.734757125377655
6216	225037	0.6427330374717712
6216	340689	0.792400598526001
6216	206420	0.329765260219574
6216	459605	0.8219431042671204
6216	459606	0.7901010513305664
6216	80887	0.4933014512062073
6216	404454	0.2936517894268036
6216	23643	0.38491588830947876
6216	454156	0.6401092410087585
6216	337633	0.6907512545585632
6216	495202	0.5918489098548889
6216	380004	0.4167328178882599
6216	287205	0.7521803379058838
6216	238694	0.6965481638908386
6216	529404	0.7295849919319153
6216	259434	0.7981793284416199
6216	380396	0.7295849919319153
6216	177134	0.7772793769836426
6216	69871	0.7844489812850952
6216	178288	0.7684736251831055
6216	254577	0.7940858602523804
6216	380092	0.5688856244087219
6216	105246	0.6502304673194885
6216	344314	0.5757570266723633
6216	454139	0.29497984051704407
6216	334844	0.8094391822814941
6216	257917	0.7295849919319153
6216	443134	0.6871696710586548
