66	321537	0.08635321259498596
66	238086	0.23397506773471832
66	376327	0.2785782814025879
66	314376	0.10363379120826721
66	33803	0.0327620692551136
66	554003	0.6158643960952759
66	141340	0.43290671706199646
66	12831	0.09173983335494995
66	484443	0.20793184638023376
66	93735	0.1325574666261673
66	515628	0.31385254859924316
66	278576	0.33537328243255615
66	90161	0.21351510286331177
66	493748	0.016828393563628197
66	1594	0.007533383090049028
66	389702	0.07463769614696503
66	216139	0.7516516447067261
66	441422	0.1616172343492508
66	525903	0.7157261371612549
66	381008	0.05490163713693619
66	276052	0.5733641386032104
66	190037	0.14378760755062103
66	514646	0.15621758997440338
66	487002	0.41685473918914795
66	271963	0.017150819301605225
66	32348	0.07275732606649399
66	250984	0.4782738983631134
66	115306	0.09049681574106216
66	166512	0.14002621173858643
66	136819	0.286477655172348
66	167028	0.14002621173858643
66	393334	0.3642214238643646
66	214137	0.3264833390712738
66	19066	0.05398044362664223
66	19067	0.09421226382255554
66	552061	0.3553737699985504
66	145023	0.6468802690505981
66	362435	0.1259724497795105
66	20636	0.02017471008002758
66	230558	0.06464406847953796
66	492705	0.16377855837345123
66	272557	0.3848573863506317
66	106161	0.3782670497894287
66	170676	0.18636970221996307
66	519357	0.09334173053503036
66	454336	0.3597719073295593
66	387787	0.011606541462242603
66	258253	0.5823461413383484
66	511181	0.41899165511131287
66	25818	0.08989331871271133
66	317147	0.04588327184319496
66	552059	0.17667987942695618
66	441061	0.15632811188697815
66	564458	0.07029219716787338
66	116985	0.672778844833374
66	36097	0.06580457836389542
66	346896	0.2249435931444168
66	319763	0.2338312268257141
66	37146	-0.011430911719799042
66	449314	0.4001619219779968
66	191780	0.09127593040466309
66	70961	0.1568860560655594
66	466733	0.07413344085216522
66	348465	0.3355945348739624
66	387378	0.007886683568358421
66	127293	-0.004307788796722889
66	480576	0.22588138282299042
66	125320	0.519852876663208
66	279363	0.12641043961048126
66	525637	0.24103282392024994
66	559432	0.040034618228673935
66	516943	0.1647254228591919
66	354642	0.6029108762741089
66	325971	0.2550335228443146
66	516949	0.1588956117630005
66	453980	0.14974169433116913
66	128351	0.0892767384648323
66	311137	0.17387814819812775
66	405352	0.7005060315132141
66	208746	0.1028621569275856
66	425835	0.09077838808298111
66	402284	0.22189921140670776
66	279917	0.12562009692192078
66	113524	0.14422528445720673
66	165749	0.14002621173858643
66	249736	0.2713570296764374
66	166289	0.14002621173858643
66	389325	0.1136244609951973
66	189331	0.17056584358215332
66	323477	0.06785884499549866
66	284576	0.009894313290715218
66	544164	0.16057510673999786
66	53672	0.3151340186595917
66	389545	0.05609326437115669
66	288174	0.7884721159934998
66	573876	0.10685427486896515
66	382904	0.13030795753002167
66	562111	0.09068472683429718
66	480195	0.52329421043396
66	191941	0.11963532865047455
66	481748	0.3440723121166229
66	490966	0.33770379424095154
66	263640	0.47484415769577026
66	517093	0.09915398061275482
66	483306	0.2287663370370865
66	487508	0.33017686009407043
66	279893	0.2515597939491272
