670	124417	0.17590276896953583
670	139394	0.1230083480477333
670	142723	0.03323673456907272
670	143364	0.0034647893626242876
670	7941	0.3293250501155853
670	91585	0.36599424481391907
670	551561	0.358940452337265
670	123019	0.23383426666259766
670	21772	0.44282346963882446
670	412558	0.10719257593154907
670	405519	0.26844555139541626
670	551571	0.4117867946624756
670	97172	0.26628443598747253
670	155674	0.2941218614578247
670	386459	0.2161187082529068
670	184606	0.374252587556839
670	458656	-0.09044919162988663
670	281633	0.30779120326042175
670	456483	0.3864935636520386
670	383782	0.3620954751968384
670	533672	0.04189246520400047
670	173866	0.35355985164642334
670	510508	0.024300621822476387
670	192304	0.494695782661438
670	498993	0.10573474317789078
670	82092	0.12587019801139832
670	214068	0.11952988803386688
670	38325	-0.03682487830519676
670	40886	0.10165520757436752
670	383817	0.20223364233970642
670	26554	0.11238626390695572
670	452795	0.12164117395877838
670	228545	0.6030811667442322
670	187714	0.06477517634630203
670	204100	0.4738311469554901
670	41142	0.04933673515915871
670	71878	0.1039026528596878
670	565833	-0.020222006365656853
670	118731	0.05988973379135132
670	174669	0.03794628754258156
670	195504	0.15184487402439117
670	363216	-0.025801673531532288
670	299217	0.35068994760513306
670	283503	0.01832624338567257
670	576035	0.25371983647346497
670	118798	0.02631967142224312
670	435670	0.01709778606891632
670	581326	0.16525328159332275
670	544100	0.20922288298606873
670	74234	0.1326834112405777
670	101342	0.13174249231815338
670	124383	0.295096755027771
670	149344	0.08963042497634888
670	384097	0.33739587664604187
670	351586	0.055334724485874176
670	576228	0.21106332540512085
670	56678	0.04390278458595276
670	394577	0.2558545768260956
670	563436	0.2111058533191681
670	93053	0.20198242366313934
670	280562	0.41377145051956177
670	174035	0.48133403062820435
670	71156	0.10576572269201279
670	508278	0.3969392776489258
670	219255	0.3223620653152466
670	384122	0.36647218465805054
670	509820	0.15916991233825684
670	524797	0.05090956389904022
670	40405	0.12559454143047333
