671	41664	0.3138065040111542
671	209410	-0.02751392312347889
671	439172	0.0848500207066536
671	85185	0.3087185323238373
671	201097	0.31700199842453003
671	503946	0.4312143623828888
671	243872	0.3909832537174225
671	298764	0.502531111240387
671	209453	0.05032888427376747
671	558864	0.013380173593759537
671	201099	0.2976453900337219
671	524050	0.22841615974903107
671	561683	0.43730542063713074
671	244509	0.6605852842330933
671	510496	0.4611441195011139
671	146210	0.027844728901982307
671	383907	0.1544695496559143
671	357156	0.599434494972229
671	450853	0.4978794455528259
671	429222	0.3126646876335144
671	357159	0.423134982585907
671	85289	0.3243982493877411
671	571715	0.06807918101549149
671	367026	0.21171817183494568
671	455389	0.6993286609649658
671	218288	0.0015691984444856644
671	568369	0.3061164319515228
671	430258	0.5082494020462036
671	427401	0.26281487941741943
671	71609	0.13287511467933655
671	283066	0.2491411715745926
671	345019	0.2649582028388977
671	220860	0.169669508934021
671	503869	0.44386643171310425
671	97598	-0.002466784091666341
671	41333	0.08331786096096039
671	327488	0.6002906560897827
671	566465	0.4704124629497528
671	38210	0.002025831723585725
671	249539	0.20851168036460876
671	475972	0.615340530872345
671	169590	0.196327343583107
671	52038	0.4942443370819092
671	89943	0.03318832442164421
671	365129	0.6104693412780762
671	393457	0.08681429922580719
671	537250	0.07297653704881668
671	331214	-0.028239380568265915
671	566354	0.3769461214542389
671	494097	0.0734744593501091
671	372182	0.5653928518295288
671	259927	0.03543512150645256
671	155300	0.4973030984401703
671	358107	0.19413317739963531
671	455388	0.6641191244125366
671	473565	0.6136691570281982
671	210981	0.025342190638184547
671	323808	0.1673959493637085
671	373647	0.07644940167665482
671	290531	0.516327440738678
671	142993	0.0767558291554451
671	174225	0.23881429433822632
671	462749	0.08308735489845276
671	394858	0.06457441300153732
671	302503	-0.07804212719202042
671	402800	0.22138240933418274
671	193393	0.3429527282714844
671	150645	0.10735850036144257
671	512349	-0.056378062814474106
671	347896	0.06954113394021988
671	237434	0.03722017630934715
671	524049	0.22841615974903107
671	566781	0.4190300703048706
