698	254720	0.2840264141559601
698	574337	0.29203495383262634
698	276482	0.28134459257125854
698	573443	0.44052746891975403
698	51542	0.14610052108764648
698	276487	0.2846718728542328
698	354313	0.09110908955335617
698	152333	0.05860195308923721
698	244397	0.38864558935165405
698	386435	0.41378575563430786
698	434196	0.21143588423728943
698	480405	0.023044470697641373
698	437142	0.18064118921756744
698	476311	0.22417482733726501
698	143105	0.06507668644189835
698	300313	0.13982436060905457
698	557082	0.32293975353240967
698	413084	0.1620229333639145
698	577438	0.27840790152549744
698	577439	0.25358912348747253
698	10925	0.10280711948871613
698	410275	0.25489088892936707
698	503588	0.15699060261249542
698	565669	0.22077582776546478
698	581286	0.26379549503326416
698	481575	0.13392598927021027
698	477480	0.433787077665329
698	452649	0.21277350187301636
698	174123	0.2896821200847626
698	438317	0.23075567185878754
698	477998	0.18431849777698517
698	185672	0.18053653836250305
698	506499	0.05574717000126839
698	159646	0.08438894152641296
698	95547	0.5008218288421631
698	377534	0.194787859916687
698	323356	0.031166208907961845
698	571976	0.36153581738471985
698	203081	0.24785195291042328
698	1608	0.1878231167793274
698	202700	0.6026890873908997
698	69069	0.48202142119407654
698	243405	0.06814228743314743
698	208647	-0.06258948892354965
698	327516	0.09414269775152206
698	539349	0.02794770523905754
698	481494	0.22693195939064026
698	468857	-0.05748163163661957
698	565668	0.25990191102027893
698	129167	0.009822654537856579
698	527196	0.2742074429988861
698	163933	0.15976670384407043
698	400942	-0.027391798794269562
698	531621	-0.0002057254605460912
698	219853	0.1278737336397171
698	551268	0.40911558270454407
698	543461	0.22456827759742737
698	527335	0.18966706097126007
698	85096	0.20724521577358246
698	298729	0.175144761800766
698	527336	0.168942391872406
698	309872	0.01804187335073948
698	431144	0.4442119896411896
698	577129	0.1332935243844986
698	192889	0.11211147159337997
698	164095	0.14776450395584106
698	434172	0.25661149621009827
698	301309	0.2140044867992401
698	569470	0.39906394481658936
698	348309	0.1973711997270584
