782	328709	0.06284113973379135
782	185866	0.0377393439412117
782	390670	0.21233484148979187
782	241693	-0.010538531467318535
782	504863	0.12247496843338013
782	402468	-0.016753271222114563
782	203309	0.00632493756711483
782	460334	0.077521912753582
782	560180	0.1743534952402115
782	37435	0.005910233128815889
782	218172	0.04762206971645355
782	460362	-0.002747882390394807
782	150092	0.12690244615077972
782	171109	0.04292765259742737
782	112233	0.1251825988292694
782	447933	0.07440368086099625
782	194169	0.09670411050319672
782	265852	0.10437645763158798
782	112765	0.09142166376113892
782	458605	0.05534890666604042
782	232082	0.06413272768259048
782	317891	0.08702027797698975
782	390831	0.023045366629958153
782	449725	0.05688108503818512
782	544972	0.05277667194604874
782	54477	0.05125743895769119
782	38094	0.0276130773127079
782	336086	0.6160100102424622
782	262873	0.12918348610401154
782	496859	0.0984327420592308
782	496872	0.1752789467573166
782	135919	0.022353829815983772
782	418544	0.07820703834295273
782	440055	0.09413722157478333
782	557817	0.10399161279201508
782	37123	0.05719525367021561
782	431369	0.4369732439517975
782	35595	0.05719525367021561
782	385294	0.5293753743171692
782	460559	0.1982070505619049
782	36636	0.08289159089326859
782	526625	-0.013685858808457851
782	366890	0.6463878750801086
782	302392	0.07770856469869614
782	494393	0.2105541080236435
782	123206	0.11465353518724442
782	192846	-0.0031001907773315907
782	82255	-0.09289869666099548
782	528218	0.11875027418136597
782	261479	0.03251907601952553
782	444269	0.13374345004558563
782	243432	0.07674653083086014
782	224119	-0.08640217781066895
782	262008	0.22795139253139496
782	59257	-0.03086278960108757
782	524666	0.7262824773788452
782	59259	-0.017680270597338676
782	384381	0.05352707579731941
782	555392	0.11052153259515762
782	205188	0.015811432152986526
782	477072	-0.04198773205280304
782	273300	0.13418996334075928
782	418709	-0.010225060395896435
782	428448	0.26162484288215637
782	555939	0.06413782387971878
782	233895	0.003374658524990082
782	431549	0.037533387541770935
782	370622	0.05928467586636543
782	197567	0.10027667135000229
782	34240	0.08289159089326859
782	420291	0.049107372760772705
782	334799	0.4387035071849823
782	356817	-0.021507639437913895
782	169953	0.08171543478965759
782	417773	0.13823357224464417
782	226288	0.22785238921642303
782	526833	-0.025286970660090446
782	381436	0.6874675154685974
782	417789	0.08333806693553925
