818	381440	0.750295102596283
818	369536	0.07408236712217331
818	411779	0.11096808314323425
818	352517	0.041206274181604385
818	72710	0.026847222819924355
818	273671	0.0767456591129303
818	37769	0.03716414049267769
818	388362	0.49422040581703186
818	340619	0.723357617855072
818	262029	0.22394347190856934
818	353422	0.039284590631723404
818	512015	0.171839639544487
818	389720	0.016227448359131813
818	523713	0.1334591656923294
818	247443	0.1277114450931549
818	144916	0.1961580365896225
818	234775	0.17428193986415863
818	108825	0.36066776514053345
818	395659	0.08892008662223816
818	124574	-0.03592626750469208
818	381471	0.798859179019928
818	351137	0.3651913106441498
818	209571	0.1100039929151535
818	352164	0.31667476892471313
818	37543	0.03716414049267769
818	209969	0.1324480026960373
818	392360	0.7069266438484192
818	273578	0.04937806352972984
818	470791	0.02634250558912754
818	215212	0.07221458852291107
818	273581	0.04937806352972984
818	581514	0.4921993017196655
818	77770	0.14541023969650269
818	197424	0.08907962590456009
818	95409	0.7928580045700073
818	243220	0.0550653338432312
818	324535	0.11707806587219238
818	441912	0.24435795843601227
818	100409	0.16410782933235168
818	33294	0.03716414049267769
818	446907	0.08451735228300095
818	472124	0.12701301276683807
818	474557	0.14802734553813934
818	273601	0.04937806352972984
818	97602	0.04744438827037811
818	487619	0.09728426486253738
818	121797	0.4022859036922455
818	426440	0.16316626965999603
818	479306	0.4034668803215027
818	200139	0.14823810756206512
818	172714	0.03874168545007706
818	259682	0.12258575856685638
818	157263	0.0016720901476219296
818	242387	0.1122463196516037
818	447701	0.10371913015842438
818	172495	0.11652307212352753
818	76814	0.06614845246076584
818	390104	0.13175414502620697
818	32217	0.03716414049267769
818	272271	0.14843721687793732
818	125558	0.06991748511791229
818	345482	0.1063387468457222
818	487520	0.2824416756629944
818	33121	0.03716414049267769
818	208610	0.0011526580201461911
818	34660	0.01847226545214653
818	550885	0.16872243583202362
818	352743	0.41093534231185913
818	234730	0.10522428900003433
818	159719	0.1510443091392517
818	361324	0.08516087383031845
818	243218	0.0550653338432312
818	241903	0.034137435257434845
818	295947	0.17316630482673645
818	34216	0.008093876764178276
818	152818	0.16553623974323273
818	288758	0.4923778772354126
818	364664	-0.0002532638900447637
818	395658	0.07620900124311447
818	490621	0.12780211865901947
818	173694	0.32727283239364624
818	462207	0.13475176692008972
