92	96773	0.15882863104343414
92	301578	0.11155043542385101
92	373771	0.12902100384235382
92	99348	0.08868557959794998
92	60437	-0.04691804572939873
92	92696	0.06780000030994415
92	460826	0.1492438018321991
92	457221	0.1346490979194641
92	131616	0.5072866082191467
92	501285	0.05288567766547203
92	551463	0.10671322047710419
92	322604	0.08225684612989426
92	193076	0.1412448137998581
92	490038	0.14350873231887817
92	305588	0.07593466341495514
92	477243	0.09764724224805832
92	330507	0.0935136005282402
92	222788	0.10397136956453323
92	122953	0.16166089475154877
92	107594	0.0562068447470665
92	320082	0.09439247846603394
92	222805	0.10397136956453323
92	140145	0.03900102525949478
92	13411	0.013197669759392738
92	522340	0.1543695479631424
92	431717	0.10473329573869705
92	226406	0.1195874810218811
92	29800	0.3748655915260315
92	181355	0.08326133340597153
92	383608	0.1560451090335846
92	303228	0.1591891199350357
92	54400	0.039640557020902634
92	81026	0.5376937389373779
92	197767	0.01190905924886465
92	556683	0.18829984962940216
92	373390	0.16927868127822876
92	111264	0.13858063519001007
92	152741	0.1869317889213562
92	284846	0.17418858408927917
92	537265	0.5114942193031311
92	383160	0.08944171667098999
92	494271	0.16121794283390045
92	320194	0.11164937168359756
92	367812	0.09810254722833633
92	291532	0.11112997680902481
92	258766	0.14137054979801178
92	262363	0.11359917372465134
92	164064	0.10028037428855896
92	164070	0.20838434994220734
92	330473	0.17922890186309814
92	220906	0.1254667192697525
92	190192	0.13926531374454498
92	428278	0.21230432391166687
92	473867	0.1325017511844635
92	372506	0.04895099997520447
92	77090	0.10964352637529373
92	518948	0.002408594125881791
92	228136	0.08926262706518173
92	228143	0.08786933124065399
92	80708	0.12588714063167572
92	203594	0.07085515558719635
92	11595	0.028706640005111694
92	385870	0.07654910534620285
92	248143	0.27443286776542664
92	365907	0.05109972134232521
92	157326	0.071654312312603
92	228185	0.16312330961227417
92	239452	0.35812675952911377
92	453470	0.09063160419464111
92	14566	0.40320685505867004
92	455532	0.42304396629333496
92	541553	0.08409605175256729
92	94066	0.13410063087940216
92	483702	0.16674132645130157
92	543613	0.17311695218086243
92	513429	0.08008775115013123
92	94084	0.15675240755081177
92	311696	0.19968871772289276
92	311698	0.018188737332820892
92	222111	0.047280292958021164
92	465316	0.22299575805664062
92	40872	0.026286007836461067
92	495018	0.06594164669513702
92	153009	0.17206457257270813
92	452532	0.10611140727996826
92	412605	0.08176769316196442
92	457664	0.12668688595294952
92	399302	0.05455358698964119
92	271826	0.07506975531578064
92	459221	0.16166362166404724
92	479704	0.1812559813261032
92	285151	0.163014754652977
92	194215	0.09448254108428955
92	218609	0.06746350228786469
92	216057	0.00494051817804575
92	452605	0.07007661461830139
