977	551296	0.5650522708892822
977	551299	0.19990144670009613
977	551300	0.5294472575187683
977	424584	0.6437999606132507
977	163465	0.38924580812454224
977	276618	0.43779563903808594
977	252203	0.20543046295642853
977	224013	0.3575443923473358
977	552463	0.6822128295898438
977	580881	0.4946652352809906
977	580882	0.662219762802124
977	240021	0.2556564509868622
977	580989	0.08464072644710541
977	424495	0.6637412309646606
977	280988	0.3156791925430298
977	521887	0.06716463714838028
977	499746	0.5695010423660278
977	399835	-0.028461456298828125
977	162341	0.4185318648815155
977	495910	0.6814406514167786
977	261415	0.5352551341056824
977	261419	0.53474360704422
977	196525	0.5038710832595825
977	376458	0.07182687520980835
977	261423	0.44408705830574036
977	132936	0.613922119140625
977	261427	0.5905985832214355
977	261428	0.6064558029174805
977	261045	0.5856184363365173
977	372406	0.4739621877670288
977	550383	0.26867929100990295
977	306360	0.07936788350343704
977	260025	0.5859670639038086
977	580410	0.5881391167640686
977	182973	0.6039599180221558
977	297534	0.5705338716506958
977	173119	0.4436739683151245
977	152640	0.5338943004608154
977	257709	0.12098920345306396
977	261430	0.3891737759113312
977	401735	0.4039595127105713
977	307272	0.6690045595169067
977	414922	0.5011240839958191
977	252241	0.6792747974395752
977	450517	0.4862680733203888
977	450518	0.5569172501564026
977	171479	0.40253376960754395
977	127321	0.2959682047367096
977	405210	0.2762376368045807
977	127323	0.37095946073532104
977	252331	0.4162285327911377
977	297515	0.39859455823898315
977	426875	0.5821254849433899
977	443181	0.11754899471998215
977	260843	0.45399612188339233
977	196532	0.11746011674404144
977	252011	0.44930174946784973
977	424556	0.8139265775680542
977	366573	0.07668232172727585
977	252014	0.051639705896377563
977	551229	0.23531466722488403
977	252012	0.33538874983787537
977	551288	0.6792747974395752
977	551290	0.33366838097572327
977	474235	0.7626241445541382
977	551293	0.3020837604999542
977	551294	0.4220420718193054
