218630	110145.92070310103
170511	70790.05390043899
507408	70509.6794861756
191505	48977.37489939209
486418	14601.350417271999
224787	79316.9767519494
424473	563.4368680290931
173082	3730.6169605627465
36379	331362.76588931144
196636	5001.834284529567
580127	547689.6310326634
14903	36049.69556241803
36926	37086.16750708576
571459	13632.953369431872
395844	19444.496937264692
183376	4727.142402247226
428629	10182.586266808727
175711	83348.75165475134
401520	179916.62665510387
524913	184762.4216190191
575613	486.85772663818267
438405	26867.104499907575
533644	321412.0190460141
252013	6621.983869528859
509584	30526.878458933505
182983	6014.514931995412
226479	203705.9771327404
289474	25938.967357926547
174279	4386.623437529186
297166	21246.798972191533
446160	24708.316206269305
149721	93108.56449835218
120546	53888.83279256038
450279	48390.17470325763
426876	4815.124851441647
34540	325355.67121284246
420082	164657.00713598993
581888	221460.96424347375
257289	183712.93611201824
69397	76083.61865475071
482584	4101.04580495509
289562	208883.54183396065
575785	982.2909344726935
406828	50588.891524599196
194098	55647.799154130866
191281	13746.591463598326
261434	4239.242524491784
40763	80433.89531071532
261437	6385.642576334115
473932	74039.44414446932
449870	43948.24043732937
545107	164190.1576779895
415067	75369.54339642826
163168	60397.452534864715
229730	28936.25344646252
115558	0
209773	186086.52091682542
69490	23165.293574178268
505206	5683.003192219069
580988	754.26575985596
131485	144715.59828954973
485957	111027.20100681079
226726	33641.88808787074
579496	173124.39692939975
571306	0
32171	506750.2619130803
416177	205921.01062219238
36786	45671.94373774975
575413	2126.689961504294
442806	43132.76703891344
136120	169398.25244179016
441785	9206.653158622048
18876	45044.86563641859
449109	60520.09208660861
37311	68393.29451173909
186824	229382.21561040345
227275	40962.00414385755
525779	18233.539529739188
481248	12418.797529610601
519652	125852.26798790558
486382	8870.98865158078
191989	251042.1140700855
394231	194646.17645527417
495610	24479.517336819077
221693	3194.059517005068
396286	62006.03586446125
34303	807327.668701574
