158849	4491.718679442034
161027	3500.8863999603177
360070	2471.847400813339
534152	899.2567353649416
366252	4797.500320600366
348810	46896.183970609825
553175	4686.034196677584
466623	22908.258522701817
228879	2816.6878299428504
303248	262718.30282362294
306834	431.416262755591
348291	23465.454665124198
164501	1998.862977857283
360600	5554.75560848852
463769	7850.74304923573
147098	869.372257020846
209647	26775.797051528083
273306	17023.319269270596
460381	8854.549268973342
86816	811.3787118327563
49185	1780.909529520072
112995	82575.65633090689
237731	5643.148403514421
370596	4083.224581880205
429477	5365.30464347257
239143	204.89909762100072
239145	355.09690952443015
543275	1533.6493750241896
144684	9375.645948034668
117549	6428.064072742328
341935	402.85826185146067
228872	10076.153532373508
475571	1644.9227158771173
479669	58589.77591353009
296249	2069.6391715412406
348220	7072.32600952832
425917	886.5610356809433
352063	20128.94405599078
144450	3165.867306488051
171203	8209.196261682244
314821	2273.609937826179
138055	2486.932745750739
213704	5638.241502569037
200074	437055.9577296465
336203	1097.2123097959447
340172	965.1852011867979
366285	5971.739979903821
496337	3885.753764068813
352250	125846.87759363874
323491	11112.198509296517
215252	128151.37397237231
160906	9381.198396434713
479319	245.9578787576764
212696	4878.054722366346
345689	8199.382187344767
160218	1880.4604802225467
375515	8477.15836718644
148701	1448.2268539150157
161701	878.9893758869324
50659	2415.4863525371793
398564	18552.069949084333
336997	3529.848316677196
263761	10043.713342232948
527080	7903.0075787794185
54972	99631.79929557758
177514	2188.234852362504
448551	955747.6074816082
579730	3781.2588675125535
555410	94245.34343922503
314429	12695.978028037161
177904	626.7287320669469
13042	426580.700236353
126452	11328.51802912431
161269	1944.1454189685137
330230	3166.2437910125855
285801	4169.165336611678
331641	112211.11716165053
47994	2451.4685701560857
149951	5262.808206173266
352764	5487.138021088122
553469	8909.944420544027
204031	6990.268621196455
