104449	597.8314742325691
432135	35773.77471034328
452621	12656.864790887957
476176	3258.563562606076
81940	47631.28427563745
446490	2904.260283917552
400924	2039.3852459016393
77113	51860.83328428054
529973	2579.4069027086953
485433	46664.34512071893
417864	786.2158469945356
117835	930.021117226359
317012	4478.859816934986
122455	4763.939503193337
453216	14768.557627218412
298084	375.3525669325327
450149	9470.174505302606
181862	85771.18491921009
121447	24717.61345910469
388208	3895.888664881145
122487	8843.379639167673
241787	26763.726368818123
310908	2546.1059687435622
388222	40318.972172351896
478850	84.35792349726776
157315	0
451205	509.5218579234972
497286	345.2185792349727
54417	91870.03607832752
171159	752.1571945727993
32409	129768.8172881655
290978	26753.676580235653
185515	2947.841211211506
75958	2100.382513661202
179909	4576.494123475684
235723	22049.018527239015
37581	92812.34239338372
440526	17981.34958942814
275152	39070.41851840952
205011	83598.73247589052
198868	58407.220178355936
386937	2512.579024045678
544489	25868.77978730711
102125	1602.4105031835263
506094	4582.337316419931
575215	3186.4325867498605
444149	8302.266140820751
376063	834.1380443633439
314112	7945.682250738243
205099	9182.622215027815
313620	24704.57660083784
225048	8395.356932630895
415001	1527.8637754951878
452897	850.6629239387429
383268	9462.848495550912
380202	16473.02059726678
324395	51826.43258674986
539948	46359.36903395435
310582	1098.4699453551916
533304	5739.099856765852
67385	872.6204491273509
107836	8726.753907054772
412128	7188.701940528397
189257	40147.66256094808
59221	387540.07733172417
112441	2619.5072647182897
112473	12862.78014048719
295264	10659.83162629622
93540	13335.457588957235
355184	77693.67969508785
247187	3417.729640639256
112505	4038.9021985460745
99715	3704.4743502957876
477075	52786.866826578764
477077	52861.4778624756
522649	3330.351095348813
299417	5601.099101352877
478620	27540.124029981063
544671	270.2049180327869
130477	107109.07209288636
200110	3061.3312191580576
509883	4699.055782833487
509886	4118.243149777792
364619	309605.6668481621
396748	642.1067437776535
276446	16282.087662242106
371680	17263.159710980955
579067	15759.523354033614
464877	1685.0609971451277
427503	48248.72835545614
538097	1108.123819054066
452082	1287.9508196721308
538100	18595.41096427976
276470	537.7200753450863
30203	5450.9594725843945
