278528	1089.03121026945
15873	404981.4999733144
395782	327368.3749529077
234002	1158.9744975697176
485806	107073.63769383954
427554	583421.0919659487
219171	164782.74856799128
531497	2962.112197933897
379946	38910.81709320025
200748	840.2409909909908
234029	3142.516137119323
145970	1825.1031353812084
302645	645653.2802690604
161337	196.60135135135133
457788	11722.692561888693
122948	66755.73951910941
179782	966143.6764456892
346188	5171.603530846338
162386	2936.4105900285717
159828	4357.874375099337
541625	11697.843903118177
417885	36179.835713489716
460894	206.9466966966967
353375	414.700040950041
238098	338.3695949363627
178803	166.0099976797359
311924	490116.16967401956
409718	200.0414473654231
409720	1057.7042497042498
457344	537728.3194425628
150150	1057.4892582263599
312238	512066.0927164232
486024	31105.533124033118
98441	4830.079673410477
241802	30255.174755180065
234637	4238.484002971103
429711	68966.9595745214
292498	7580.316680316679
160404	4162.051801801802
92356	623177.7952638457
194719	3935.532145782145
446119	473.9875083733201
12479	329229.2637845458
43716	4640.882132132132
507085	769.564361782116
466644	4738.124936772887
457432	53617.43746018743
406747	65360.01366039613
252649	122182.01556650455
98345	3645.9397667774
211196	2631.363827028849
70916	18718.376541633363
405036	40825.82903047203
514613	8555.960455529332
323871	51824.40185812793
398112	845.2545045045044
24358	1179.7028572637334
241961	62701.195382028476
159531	6036.505627782562
308524	151522.66300073694
312626	2021.3519463041466
551221	46047.129127817294
10552	447818.5399511598
401209	584.9997539269164
190266	216114.51852041716
374075	387.5056984146513
261950	8561.598007098006
138037	544.8849285953079
352577	11052.767873970497
489953	0
387407	71223.3529360164
392017	653591.6757120806
8023	29006.957416244004
297818	814390.8150090708
236379	2585.222222222222
402272	162394.20048131308
264546	1529.7546410046411
49015	470773.4302379702
256148	92164.1061971062
360342	1555.890504140504
165256	1628.5828328328328
215437	355182.62596031686
464783	9638.575732409185
531858	3409.965692965693
352150	308.8056603644616
131992	14028.075512538326
385433	49572.11148135995
431515	419540.1027156622
559528	557.0176899205732
73133	376.0295888512374
466350	13770.983130840865
228784	331.4091591591591
479670	19826.882161648467
294328	3924.5980482628247
316345	4185.047704001422
374208	33405.37184035324
54740	13298.600437069703
543191	630.9168310260875
373209	120660.1401272289
1505	567.9661615333088
369634	19244.94854338405
347107	549.1418950333971
323050	0
429550	92613.66363266286
380917	3898.362726348918
261627	2555.280918627276
