121345	38.83465469214367
371209	7703.1653919257715
106000	3940.714711386123
352786	1847.6289694824
524322	4574.504791960598
25691	525.796392538563
573991	983.8407127957751
331819	315.61670235546035
288537	3858.989034458587
427054	16831.070011335156
352816	105248.38716617228
254517	2197.9922078648865
477757	501.2969560527115
334398	763.0749783520811
463941	1063.960019717813
239690	3830.801454249742
44623	6631.02367917603
419920	1519.6763060773058
435283	440.79910995327094
282709	3703.655312477345
282712	4574.457783910367
529499	48.016160936087125
354916	1669.1542856339602
94821	3408.6546704446723
238268	3049.0132974288576
413816	14948.605318933762
148601	5684.88111593949
265340	22915.38268352166
382610	6481.614175471046
179862	651.0866467445064
179863	665.6892978392942
525466	1340.749464668094
179867	3913.7229767125864
151713	6159.586598311458
142024	3736.2658173519967
39798	2197.160747331988
269494	6201.833636932308
464572	10758.150393656717
314046	9193.782038567377
211141	9989.988769301763
295622	761.2943250399842
84168	849.5665753764998
84175	513.0497839365083
227030	1144.5161695271702
294618	1904.7934159510783
470756	49.44249695884351
109274	1394.448666637086
10478	9104.844450666254
10480	3574.7581728081886
88822	906.7239223562558
111352	7939.138419661562
26874	0
438011	876.9675347102302
26877	1035.4498765448782
26879	14.627408993576017
455211	1734.900600953236
24326	1644.7926171209745
190727	795.4229765219774
190728	4012.1986284731724
251145	69232.75484745114
567054	12136.342438931366
551213	1033.5545452598458
19225	913.5406599036424
2330	0
149277	96.0899357601713
177957	893.8563612452103
29990	11026.769654975962
82730	1160.6876546196363
287021	582.321199143469
138033	346.30408297466397
329524	5831.428907789264
329525	1886.9476891628792
329528	1660.0495773028113
255801	225.27926503568395
364858	1854.0325803358678
2329	0
255295	2269.759393397893
352821	1367.967233379675
93009	2860.6129078217027
542555	2394.073356670957
119655	2535.298828001234
347507	5167.033105589986
142710	4673.0393008727315
81783	6163.132338503259
58236	3110.579933320252
105356	2180.764260665772
38797	1060.6619061796648
371603	8840.6758561949
184726	24547.370601211813
85405	3415.466603277087
495521	2344.7926645438715
359335	1871.2098501070661
359336	30103.39199911416
359339	9133.05353319058
355258	1766.79318347541
62395	922.7915666458773
243873	163.75091712369925
515017	680.2486179456954
229331	1626.68367644709
229332	2135.7167083764657
338902	527.4019969971642
395855	781.8268036996077
7162	2064.8817434551365
285678	15583.322996048762
273903	3574.9980077707337
490999	2839.3257911632077
355322	2713.70052124496
453375	11442.450283502394
