313862	79642.9446206392
538635	181.16857770187852
362004	17474.882378865026
467995	50032.14140348943
493085	742.4030251280798
138783	17971.37842432064
477216	0
224808	1906.6445474505977
282158	24167.904846972917
146991	236.3478897292022
29748	13.469626738228836
140853	10621.041623055191
277050	299.5838009270554
519233	42997.112442846024
510276	35490.99881953899
559703	227954.2439776815
474715	102.53281288119052
41564	2929.217771447009
505963	642.7026103927786
416368	2615.140010545452
327793	20798.047816540624
41076	564.4654793852156
185022	108.65918516711392
356478	0
128127	3000509.9192616628
310420	7614.619175408635
309401	10549.751143079742
291488	7700.2205415955095
476273	464.0727006586972
220847	275485.9067357099
241846	14936.746035618437
559293	4423.517262274827
210622	5543.040733774563
35537	564830.9375929623
485588	7863.783582148282
403158	25489.527201756526
32481	369975.1471090502
59114	75747.14272560585
515820	2100.506464991462
123119	19085.693017494432
78576	46.682117589656016
87800	9732.182971456454
125696	99.40668455720906
516995	56143.51280800195
155932	48685.14421298664
71460	259593.80498784108
408689	68.37618931446694
329512	0
513326	4213.097828738716
75070	66624.79165650159
75071	13.133935106123442
494914	3615.6506464991476
494915	4937.394486460114
224068	324.34105879482803
118598	11.056843132471334
461649	3454.3183309855276
231250	149.36179555989264
441315	68195.92527681813
399206	10646.717633726561
32617	62538.72163942425
463732	26401.83215418392
507777	146.94901195413516
507779	152.50890461088068
95231	1322.604049768236
539033	69406.62190188009
418717	66988.02049280312
191911	291978.3709649089
59819	5780.447135021132
574380	10587.31544279092
67507	18.169309587704316
539062	41696.58451707341
486328	414.0966089290071
457145	81.38424005855086
21434	10788.604537692123
127937	133.0597706757746
242114	221767.52333771414
111555	447.07831178336176
526278	10494.11431584415
114639	100872.98560624536
100312	12.147840936813857
88026	54.63381312515247
94683	2151.8253232495726
479203	117892.34796614433
482815	179.99365698950965
517630	269.93803366674797
109567	0
