539143	15214.900763358777
538653	4154.381679389311
214051	68.55979643765903
291708	2029.1908396946565
358445	4707.582697201018
149768	2976.2442748091607
446517	306.3206106870229
443961	366.90076335877865
133692	1177.811704834606
185918	1505.4656488549617
430145	14175.91857506361
430146	66.3613231552163
425547	445.6386768447838
425549	74.74809160305344
130139	4685.435114503817
548978	2775.1246819338417
169075	657.9949109414758
573045	1355.9694656488552
422519	1029.7811704834608
206971	2934.2290076335876
366716	1580.0508905852416
264331	730.3002544529263
144525	854.0661577608146
533699	2251.7251908396947
506523	7466.7480916030545
223395	927.4300254452926
210090	2781.8829516539445
233647	2225.099236641221
289456	198.51399491094148
252091	10628.396946564886
82627	1267.0534351145038
407242	229098.01526717548
359120	966.8396946564885
34513	47600.854961832054
149720	1559.8575063613234
496346	11307.725190839696
201947	26035.053435114518
387292	7346.320610687027
17126	377.2417302798983
410855	84.51908396946567
492924	166.35114503816794
151277	249.73027989821887
218350	56137.44529262087
274768	4929.139949109416
91891	32726.473282442763
151287	177.6692111959288
422527	106.66666666666667
318211	962.6870229007634
151302	2572.7837150127234
402696	2274.198473282443
196141	812.9465648854962
294162	0
411933	2026.0152671755732
40228	114.23918575063614
109958	576.8142493638677
169774	730.7888040712469
178486	694.7175572519086
218426	2794.9109414758277
106813	3245.84223918575
579905	777.8524173027989
175428	496.529262086514
136016	10860.702290076339
230740	1171.9491094147584
392028	362.25954198473283
302906	0
478472	333.027989821883
367967	0
152935	1217.3842239185753
56039	3461.862595419847
136049	4255.022900763359
266615	149.08905852417303
274809	773.5368956743004
498044	231.0839694656489
169365	1967.5521628498732
204672	180.27480916030532
412036	864.407124681934
412037	339.78625954198475
412038	578.6870229007635
285421	493.92366412213744
183701	2548.6005089058544
326041	137303.69465648854
241069	113.66921119592877
556019	27164.82442748092
473014	1059.1755725190842
412087	2607.3078880407124
473017	213.2519083969466
372155	2242.3613231552163
249794	460.1323155216285
387526	548.0712468193383
387527	1396.8447837150131
551159	27.765903307888042
90592	0.40712468193384227
90593	2391.124681933842
390631	2698.0152671755727
509934	834.6870229007635
424733	2324.2748091603057
