244996	1427.205809539528
262405	370.0
156808	10908.631020217863
252425	590.9357979864665
365197	1625.2137316388844
58261	5329.833470869781
542616	89.39759036144578
341018	1323.928040930847
10522	1073.6144578313251
425758	266.7469879518072
343072	295.81614127743853
246817	2169.4091434230068
190759	4574.217304918304
461736	271.9475160917643
195248	381.07222313913195
127793	1206.265060240964
400563	198.43373493975903
200350	831.649612147219
76342	4912.004522198384
415696	179.00029707872588
252497	139.7590361445783
200407	2748.094636078561
244953	668.0722891566265
308062	2880.4307641525006
29795	112.16867469879517
537447	4304.749958739066
538732	2273.320580953953
228720	1561.6421521703255
184057	139.27710843373495
181653	9884.200362683607
