528640	10383.010304774709
329909	822.5446534247014
382338	1939.5639177395203
202248	3306.8593203775235
262409	5603.397008538462
156811	14288.538458417283
536450	1405.0172002657757
309646	2341.5901271447515
58258	7926.3412959039115
252437	2138.230835378925
535319	6076.437785394366
181656	7260.447532815405
131612	2843.3806134828396
524833	2844.3483400409987
252474	3585.465401024684
445093	32533.011924291255
213031	4194.271322365294
304560	2472.7322036720852
288308	6597.94050233632
455733	4876.065578601363
267706	1176.6738450969083
461503	983.816365845971
56261	19694.7017997197
75937	1765.862344756965
95560	2285.0759648755266
456017	11053.660183778251
416211	7385.8172344795275
457816	18966.055538104858
163673	14922.881069020368
121818	9464.980132114255
200413	2169.8411086004517
527593	9276.940681795213
455786	7777.884332109089
29804	744.7658671747503
415725	1460.0983911462731
382319	1939.5639177395203
106994	3719.0583271751743
502899	1519.8382550097408
244856	8928.34804437251
248059	4503.148393925651
303101	1134.9909414584765
