285697	10838.970549831081
519172	75226.20304041456
219394	409858.05594296043
572433	1273.7988069163814
531474	171.15730164814104
79387	128972.99823300455
79388	38006.74998609135
137245	7285.1434504288845
528416	49343.94965587346
370523	1586.2519015365099
389671	230261.88487824827
157229	0
406575	34218.26154255038
105523	3799.590457168846
344120	474.70943162499736
564303	4193.482318142277
136789	45563.009323063074
157273	1.4950555768493676
361563	4798.358676656762
164709	531.3900640524079
482912	2424.5361697545545
139362	2456.9194018301755
110692	345471.6878657171
15973	234957.1396093754
555111	2366.7655013889384
575593	8233.679156572403
293991	5925.498227324408
341614	5104.907692141552
198770	153270.81650641203
476283	8641.817427953476
94846	5517.702782470962
202373	6789.265707462336
34950	131533.45063110447
355987	6305.500528218659
374426	2711.8039297979335
374427	8559.428592305256
473756	404394.3337881876
112800	66663.75756337149
429729	140080.44861253386
272873	970.3723283445568
60585	5006.883907858935
378541	11522.527967179256
88243	443021.8305709604
456375	4506.188646035196
356027	8438.375509249827
541385	3614.5452545920916
573652	1654.015152320072
440024	77725.33122205154
247006	69336.22984933818
98026	605670.5715874631
360689	73003.65917642944
243458	15915.355999235988
305412	383598.3107822029
329090	2592.889698140345
126168	1144.6427795915856
129306	4871.732071787602
186660	9067.872569225901
56454	287715.07961625385
435506	1049.990949738064
233264	12305.882735219342
400689	3885.1243993329
237874	2742.116477949367
370488	749.1856000663761
437056	9579.45700429477
99652	235304.1410248291
361797	4816.136695425586
32584	153450.11736958302
534865	143383.0453900916
5467	35199.21400337339
490253	105236.6841536126
20837	241350.85731873263
389484	230185.38023358796
435575	367.6539460756917
72062	178173.92041085477
509823	37931.27863446794
342912	1055.365169857386
90498	1000.2741877435086
476561	2765.9029831487387
232348	117001.30735324469
224158	177388.98733891305
100767	3289.020545962829
150439	1155.7350950081466
92599	151186.85772636833
544756	49210.08697831554
442724	60209.811521127114
341968	1204.3546503158077
334808	582.4822865522482
565722	15893.022445779792
392156	184261.6288423925
278496	5937.2147695589365
276968	3560.580028505958
492009	49758.68109217058
527339	8157.3107118669905
360948	13360.918813622442
575989	63260.41884550203
395767	186285.30969848385
288745	1161.1699875664683
477693	238305.60996520641
164862	18.315020192780306
