579407	35817.33339131682
51203	3636.42432169685
396043	55410.80898907461
127493	100386.3379862946
366342	1312.2109454984632
292359	525334.0975435565
166882	34019.411831886806
462730	16783.00160272632
432471	5436.660905872417
432173	145969.17413116663
458029	455357.48123304505
322320	15510.982906327588
58712	43621.33833831858
395282	54.34571191751612
25749	17335.494242844645
380562	162874.52175019548
185240	292505.83713481255
36228	562071.8766569498
537114	727318.6570983459
555823	92421.43353350258
160474	0.5871212121212122
463775	25948.74310597633
62880	873.9209965056243
558357	8239.848207731873
448549	247470.70641296412
406440	237352.72465398596
115937	32050.708939418513
181895	59492.143569457774
128045	193447.13547651022
5679	310599.5373121721
312427	417316.9468027596
172562	267374.2631350234
302259	33097.44332452669
13493	196904.59608208048
489911	524664.677611736
122886	185141.1189594321
316020	20956.6919737629
207034	2751.0446124251152
350012	5976.164636536107
472382	2088.382821839571
505027	71742.62033403991
476843	179394.50027795447
6215	33495.34397037389
476361	387960.82113291277
371402	834.4891397538506
312395	105165.51062831329
463180	292.3119113009386
8013	14690.157371278005
129486	9356.74132853186
41421	21485.22425114675
195920	6980.407813355463
463801	53910.62454547207
331152	77646.5692883394
197843	11496.093465773381
410324	290189.8610066177
489341	0
170327	691.7044521612966
233048	69769.92241103832
41291	32909.10092324729
127579	6234.370684796575
499804	53138.46769713318
321466	259208.8096890557
32336	73768.39238191456
264418	5155.180481362094
184289	25427.349854197008
582116	48418.05405559212
77777	261559.97340844225
9064	2485.9211279442684
318059	263.8789759378685
123629	548.9845081567582
230126	36481.52639103595
33121	90131.3042825794
395889	1104.3148982327532
539251	3322.457838823299
366324	5223.366944478617
330483	119278.4278380268
40873	16001.93689799664
461305	11016.48728285274
14074	5829.056161572819
349565	706553.5136507549
32254	81622.66980586821
148991	38938.7122458768
