374785	82562.69554962144
233993	37900.98751705508
462935	2587.7434114340463
243213	304824.0195927577
165907	253447.96150819698
55830	264033.0244703475
333859	1033.5769265745053
461863	250472.74551995468
137260	12222.810112941344
511029	34.34768740031898
368696	207969.14018930076
239967	347024.84488552663
550466	3306.9992178829752
247373	102587.82495738279
368217	4391.856414773729
405596	237253.48248446127
399970	62455.22894415102
257638	56875.882086591206
131176	180.1283697047497
311413	514813.29025962926
378489	207967.19204638663
308859	190732.61014877565
303228	219193.20652728004
432262	340568.8538965167
522376	71836.0000472291
536209	8081.489106025525
42645	68180.48459409906
179355	103834.91646208575
94876	715784.2925017732
382625	265699.95188676013
473768	3013.4006096229737
237340	464739.85468678595
165036	3640.367213505143
327856	388355.9560790364
448692	256690.4854573593
511159	31422.98148874513
3701	146096.89415242817
308418	183678.0531070302
399045	2629.6532169081897
470563	405.6404247870231
167128	140329.15988044997
40153	15791.412456542444
302309	26491.057159528536
384233	37824.68505638429
302314	39253.46462369823
313069	55457.09753321528
98050	445239.74454726296
130829	14283.544415794235
408847	23864.72376693646
233176	14845.459008709244
104214	770849.0528540893
328472	1179.9192840585881
524060	208223.14506111105
490270	318704.4780746943
33158	21355.238730641373
402223	349341.89575769234
303416	646.3730268747486
181050	4376.820727702915
228155	356053.3681594178
222012	2836.5679295408213
169280	29699.38129820186
220483	32539.22551454328
247622	52492.76592154943
554040	137766.97766426147
396121	508284.52632768836
379228	47340.8182737451
383326	179220.23765722255
478437	486.27825884000475
32913	94580.96484371508
402288	908063.8214062377
190323	83461.9553448444
312180	98967.0091955753
528247	60725.528461922535
461691	62432.22691139437
559996	57552.672038635326
417661	221365.57536189602
133008	7127.487171855451
385943	14044.361728450267
154596	2.7406698564593297
392103	115029.63049084056
520616	945.2755436262497
507548	419909.3519679582
423869	120049.89985332446
282560	286.65898004434587
263107	116547.02630193821
395210	5299.881035543077
260560	4297.073824250204
453592	253711.5286373763
165849	46204.631872393766
466906	94053.84757932105
535004	2194.5154860543826
16868	20199.065098600364
137639	157660.17614571686
37871	48279.333542011336
429552	124072.95092438185
392187	16327.422234731206
