477191	187.68578111373245
193544	12824.978871375975
48650	548.7375229526644
103948	2006.4252181870731
477198	3674.5190359037224
421903	20681.2418303353
514577	2832.2521657604893
153106	1149.653688313474
106007	856.4289929949939
470042	348142.8212949898
99361	5474.964058146847
439339	3804.0915304074215
462389	503.56697874734056
98368	21756.750194571738
570436	428.0609527483451
477196	12554.639869818951
457290	1936355.9967316417
477271	3439.630620718193
477272	327.86679174484055
94	857.6576220690696
385637	1013.8060887430025
518588	1617.9631482626498
514578	4072.4507433980393
437359	612568.9988442245
11891	35219.52857285108
459894	16763.908201551927
632	63566.16625308454
2170	2733.487970432855
251529	483.22580897551717
385675	1627.717637876247
477331	2054.645087561212
259738	4825.097865282121
231580	102418.38439370603
477357	4150.030740030025
477372	14739.386560698487
67262	2704.961227379647
500417	893.2830005356701
471747	5751.10332070901
358597	9203.076420961905
422092	18763.630266574386
421599	1246.0264591586433
57057	17445.114896538107
432359	91446.8955257491
55018	40911.825947034835
112882	1294.3747205631516
2345	1549.5471461850836
461562	26359.474429011196
140029	4374.290527588219
258814	85180.15261252304
69378	19799.098920623812
249603	25.46341463414634
249604	19.609756097560975
67847	371.2949321180016
548104	2833.589158753864
140553	82.85549859200603
57101	6989.589684220516
376590	1920.7341936396083
190223	1438943.1990841257
422160	172.7662779970637
562449	134317.64497132335
241438	9146.918551900584
258847	1941.1058730761297
416032	3005.5808657191956
315169	31942.850057821364
58153	8.864915572232645
535338	123.75422138836771
437547	4483.582682039268
57139	10857.584787969006
515383	3237.2526982928325
435007	2332.4583630394427
256322	6881.09393361235
44683	2092.2107638443154
81732	11168.86211597555
241633	189361.78519424578
301394	10574.288564222696
139607	507765.107570594
439129	1943.9523637103237
463198	452.03575178885717
59254	91398.56160068855
57727	11215.136597903285
515459	70515.74463803851
364934	27472.393259882574
422280	1030.968917318153
228235	112878.09168360368
67472	5298.344682747196
384916	1831.9445366180998
477078	2794.303292556202
256324	3114.508918518249
477094	11274.625836830115
152487	6680.0986664611555
518584	934.1826722799434
197052	3733.7271834028547
518591	741.9594759463712
147394	9012.455895619254
384968	1636.5027375060856
146679	12627.395393905175
421847	14059.736563157616
75225	4486.97849004482
94685	209.90292928054905
384993	694.9576038013724
130538	221673.8577401728
25067	9065.150800080553
11756	239586.0973456817
515055	2113.7195687524
109552	908.9076506711749
47602	6381.356180399971
385016	1152.7232076742105
513535	1556345.6644385608
