252605	230.77896202595804
77954	4511.427008238757
571051	2755.985385918216
352645	2244.21748000661
565638	917.2132303643316
352519	4846.97827194076
355080	4091.9110846507624
235628	137.48710034958364
25997	6441.004709576137
287888	2007.2093662262714
353144	26729.03119784645
509076	3982.3291116971495
335386	5023.227737893432
352285	1475.2080900809437
552479	105257.61440027301
282656	8939.4307264851
352930	1365.7360423288326
580450	3058.258616595661
282662	4128.2604263560215
252602	0
282667	9049.837681573876
116642	4626.189159305314
511921	3589.8928517376844
103090	5097.430782445274
256179	5948.445948286098
350900	516.5403568394223
566836	18.902293967714527
306746	1268.6290354050054
31903	17147.95532905012
252604	1774.8601618539578
168765	6974.36118168473
252606	166.63026159421355
14655	14275.66456475589
168768	9837.049252483162
352288	1475.2080900809437
552771	2156.279110366149
426053	409.382126551686
375009	729.7205651491367
352712	21285.40773532921
281930	4091.795787532024
374988	6404.480720638152
350925	3914.0857557208924
571086	8838.968063796936
100071	5739.740615537781
192632	6051.6787739979845
138194	2233.2829415115457
116323	4644.1928805506905
99810	9738.83581035865
557016	42175.090554719885
174427	21397.275841134317
399793	603.7571881437565
306874	1468.9926788831992
31454	17645.217810227165
86544	4705.20755872138
333794	1438.5356594101174
500161	6692.606966833834
571046	23113.132218915915
567527	12245.923308003645
17896	6610.974339157932
26090	1020.1368297923705
76395	2855.500086831649
351468	634.121654875644
202861	2877.8195125408124
284270	6099.714216161476
332399	5643.332112583906
418548	15129.634450806883
352254	5507.2578286685375
418552	3119.2556228817893
548089	1126.0694397046566
534524	13509.50928945307
351870	13257.318084418852
353151	27366.44580578507
