264193	1610.281343545278
274439	94137.50017086354
179208	4268.574108246231
352279	1114.6694487692873
470042	303761.8499562476
205852	35783.75081343895
159779	12925.56147462477
317477	6683.3954472003215
142386	11633.888428843404
316983	1931.820906975888
540216	179.36347212254447
540218	2477.367983729472
579132	393117.6773711493
466493	3598.3993850076995
352830	321.81102853300365
467527	15730.722353020392
286287	30534.448430519627
366162	356417.46546605515
487509	159642.0101318423
351318	1594.2397953530158
362659	1716288.8831637427
193117	2523.454218049162
193118	4248.976827250925
557158	5062.4264632038285
195178	329.0432622030137
494706	1041.5326233297912
110707	306862.4465726779
437368	149474.2925255332
487045	38080.275097037345
323718	437.4566178545364
273032	359.3167677342819
180365	49451.673360610956
318609	635.860020007174
23191	731.165658363541
250520	20611.93537683562
160412	136.43723814974064
204958	111.85731313947083
194721	936.3809198511366
542371	3936.4272278419326
547356	562501.555551492
211114	41509.44970884011
215215	19981.58569265405
176072	6203.140790726746
448697	379696.3688876045
212668	1099.515986244418
294607	255.9770170863614
510162	427.7909763205435
45781	8125.223662265336
318169	3331.8203410609553
381148	1651.881099391398
567517	78104.1251808104
54309	50663.83653228064
429794	10532.345644654033
490214	1007091.5885880647
351469	158.2115283113841
466170	32195.906586913836
365310	921.4870888567502
365312	864.9996921247107
365313	536.0806837232086
349442	52551.06630493436
556809	4479.123758146851
171797	74454.92322346978
356125	598.8562752325804
418081	307.61007122339424
21804	81663.87556208186
198447	36043.91559564802
269616	13255.016360731775
522888	16723.06422757068
150322	368.3588376219551
141619	6259.302928401286
351047	1727.7036953397758
244050	907.5571797630845
522585	7295.56609825802
140641	356.0334539812893
360422	5556.634874740573
311148	92635.9084538519
105837	7099.077282577284
321597	21538.47075341535
529270	1363.5824788714542
7056	638.4881247067233
7062	507.7766846780877
152984	15835.798318106476
559520	10041.263779327428
309669	860.401706663959
257450	33192.384595857824
248235	32586.481907667177
105900	83.98144417239163
26544	18488.038724188824
234932	24064.27438719699
346040	125634.63385102636
547772	38893.34610215865
153023	336306.5203094792
348104	47.046768691440086
549325	28859.505916049533
525265	60057.68517046978
103075	583.8493306275438
254088	15941.92136148497
329180	75079.23779303832
329186	143760.66627021192
312806	36418.49357873744
145392	284.03669365702143
145395	31930.439944393354
160248	344.2412459217818
