460801	509646.333564989
234498	2966.497611821784
40970	53045.73228434571
298507	3344.018539205086
388620	896.74326054177
310290	930.5330270014869
432669	87128.04980578671
548382	29227.434797357124
259111	939692.3013328146
270383	907.6557710548625
91698	220263.35405461432
493107	26339.35591453533
448692	892949.5534615616
326717	23563.723313491388
389703	500843.1092844675
109068	5048.220636477972
433235	0
181433	217260.91853971663
469089	6687.368084804219
59497	1481.8068372115983
413807	1681.6741031870404
348272	17674.840407597458
404087	3341.2354440666727
26748	213.10260803920522
178813	4258.336703499062
491134	149604.08611223305
112783	310663.84525294835
433808	65693.26678456044
389829	732.4974472607994
563367	4634.233148012495
318121	16519.781815588773
22700	8639.993530328882
548381	596413.2818163913
284852	178092.55288485883
47801	10480.259568180485
390517	1479.5001238709258
167617	19.189077533937716
143045	5591.251176580424
24781	2382.152163160827
427216	0
45433	1007145.5928521995
188121	11293.752411634021
271311	2709.470240933243
159461	9428.889589003413
1775	151986.9720022181
33010	33571.86061034579
93952	235698.76750912235
109834	3991.9038920525113
396046	6189.0075279521425
131857	4605.082970262586
399122	17722.59904733458
35604	360509.7994740188
113432	117375.5062636426
389408	260320.74723231513
355109	358.9887419882541
383280	494625.86228800664
209205	390818.6433478998
321338	114742.17728771924
258881	4918.851847673461
380741	369319.03965542756
517449	170257.54932712525
480082	3986.261609465042
311650	527198.7191419799
403812	811.3731191445327
321392	2015.4750505873096
120181	58155.65666897886
133497	6980.731524188813
384379	220061.26744262088
94076	736864.4513226019
327046	60030.32540151087
582035	950.3629476502214
191893	124240.11366559328
313754	19979.11223518077
97187	830.302116331407
61865	4614.049053534808
119538	12078.715155000395
547759	147505.53376174302
335793	237.14776421656353
431542	400724.4701676591
346552	1.9850829112606676
447418	9684.037250777936
349119	14399.512079901044
222146	26876.81416971114
157129	17440.035862599103
55754	433267.55613553367
78283	1337.6820542860892
349133	4900.800332589278
52175	75643.66313269097
61904	0
548345	714036.9621734332
151518	19487.580654595135
221666	731.5577033420685
205285	182441.41294133727
139754	58411.70517905983
234480	1431.2626771077864
499185	881.9897745083534
118261	24041.090511677266
460790	520225.71229593345
198137	828.4222105871482
