99841	2786.772759598333
253962	488.9835185121419
17425	4642.714176538022
17426	13821.56027447998
239639	4601.430734280512
75801	2670.194910170265
7706	9558.983571190549
69151	486.9176731317407
199714	9913.007913584359
509478	2687.2330131888834
29743	172.71360410043138
17968	9398.860180190874
455217	1645.237631752638
149557	29616.636741965223
238647	29903.68821927833
427067	7132.966985807147
286780	1235.2354683452925
21057	26868.084981151882
80451	113.69073891740696
99908	754.5852231439093
58437	7877.503142798816
58438	9297.241509319123
451659	3754.3960861289333
119375	9052.67611742438
435154	2467.635233997589
91753	2781.1925582229396
57987	8446.94780872178
7824	1767.4702934554725
7825	1767.4702934554725
7826	1767.4702934554725
107667	1753.698498687316
187544	2765.40086377761
7836	9341.68552582421
343709	1853.7206604757482
264351	2911.75566068542
195744	5445.131982460031
538785	873.843198054447
114339	2303.112599735469
7845	5214.253825653582
243375	11844.369952223542
501448	3727.150106168831
574154	3479.832355937096
286957	8564.602137186363
106712	863.1142694588428
336621	504.61307182957614
21741	2609.0507690161967
93937	2630.033142271127
112884	5267.113830541461
309506	3803.8718689927105
540419	2156.6088759055015
412291	3159.064108989139
86804	419.22467098126145
493845	2513.533928772694
229147	2365.961238845911
88349	723.7187994190884
340528	619.2892258709708
195367	4122.72773391548
103209	3661.8931217093336
512303	6288.65599628502
411440	4502.594851717881
286001	2852.8112294572184
538932	2918.2219207583357
529728	3062.548230620714
195401	13075.814485523437
149559	16853.350482842234
30029	378.27091247674286
177488	6182.375444224243
131926	214.78458573924132
268631	1177.9724186736419
572766	7601.06860023691
462687	40133.58299757444
44397	7174.755253865678
7827	1767.4702934554725
401275	2602.9284354583046
119361	7977.791107920807
67471	2091.5237087448045
503187	2008.758756863473
31125	907.4119261155607
107414	7026.824777575478
31129	62.57928926251434
31130	3506.194794839085
411035	40717.569164475215
337822	2795.769393002041
31131	179.19717233473446
567204	4075.0739045546566
338856	981.9526279154608
44461	469.6309760977126
462767	5836.455993046372
462768	4041.4814105064443
343988	624.87241488629
116149	828.7852985579464
116155	818.4547016595645
12223	6399.2478778396435
287680	5982.2406964187
286795	120.54844594059797
60361	3397.578033797844
543692	10511.52781912194
339922	826.1735906000409
375764	996.9737242304844
44503	472.48211578632106
19940	1163.8757514716826
19941	1163.8757514716826
9211	3497.8142881443
