197767	284507.16328128136
374284	121468.75851744213
356750	21144.990603719456
189584	165367.6407365893
41235	18485.237666619254
80985	13353.998373336755
331674	283276.3167139078
418543	379263.5587639682
379224	412963.5673861532
478753	66645.73053573503
98597	293351.2449927461
193190	127906.52879173018
311209	298160.50521423755
298667	12622.667094073086
218542	268100.5005332741
374280	297948.1729942349
284978	500305.7523539568
495029	280830.358877998
491067	201543.10267245315
373436	24208.304500747974
330504	419235.8980070961
90318	338578.55009717436
721	355422.77363742294
180819	51079.631493421955
503124	153664.2043252721
111063	985303.5297295863
21976	99615.46876192879
358873	273725.77801293804
175368	119815.751684584
133855	423246.12035893515
437346	591114.0675202316
465702	200289.48394287864
149996	415480.1694654124
259566	249958.1892751418
310639	389491.4651416466
149886	89514.39142996704
82423	71982.33195336265
41083	98551.49877488162
259326	191821.2030730215
