142256	10284.31445011714
173576	5714.1520270270275
136714	2889.612697155703
482317	1157.8823814024665
434706	41066.0025955945
148001	364780.5843800857
432168	253092.67116668553
386091	347040.3472855284
274992	276.4146485805277
274993	958.7595819557068
274998	52.70043276691745
294987	1280.5323967297036
221197	375982.8298530784
274525	63483.4657779911
548446	0
342624	95.92456125348365
410210	3556.461354684419
73828	84021.89543905237
201234	18755.582391879114
486000	29366.28040783828
211058	3413.3506433789994
143995	4799.941074378459
191107	113915.25684593759
218252	23620.910457919443
281795	4849.940618818928
247447	39712.800435731384
390817	219723.1462311115
379563	31752.232731085467
11948	40053.251419594046
415412	43425.169131493094
1212	5856.128006145492
438979	52129.18592667743
364745	104121.35749197766
402124	182783.3149146479
130255	140733.5709149266
440528	1831.578990008102
425693	269429.3982128562
512741	206821.93444413238
451307	31755.360493941476
451309	972.6286128486033
48879	120826.38675612713
120049	47835.174756953784
108278	145729.5048134822
487162	11850.533278349914
556283	147466.45884424128
374527	11120.349797643985
315652	11213.03028132778
495878	788.6470927364713
553751	7193.88023285235
77086	35469.56297821586
205094	64293.22933347193
483623	255456.73948928708
211243	163962.23935737822
205100	143806.51824458133
87343	69447.02725381844
545592	44377.45374580636
314172	11853.345728019394
485693	79.12738545323612
143683	2788.968143981139
540505	0
507228	34614.9791385363
117087	29229.22347962329
109920	3181.4460691112395
150894	10153.006758885536
395581	1373.039279692871
279411	53526.642110852394
560021	87797.64002776235
368513	192640.92984079153
215939	42132.263147971105
453000	15837.859239480156
308117	158069.74660208254
543649	128531.99228894034
481701	994.9207743052258
361894	439.9333119238601
445352	585.9324324324324
195500	438301.2900153391
306094	84780.31703864103
285105	202707.41141199417
215987	19498.11623640925
364179	245605.33160749896
380341	106822.79376321372
393663	18583.10722192623
440769	220521.1079612221
122443	1726.5732386450723
285124	108821.49614629472
310218	88809.36897280756
404429	85263.75116604079
359891	651.9979403353108
116188	385.0008728627401
284638	247415.67930312155
404389	4899.270952393118
482784	21064.529668542422
143782	53116.30404918825
410086	5119.504838419299
285096	161362.94304654366
18937	85983.71116461445
394236	13064.17278935025
