151424	3353.617170599946
419586	52998.04737816855
440235	1550901.6534520427
86532	81010.84792597477
406918	235393.24258069374
205292	16864.434371674437
281879	10953.099907128546
320652	7108.056289356185
59021	11238.683549698091
333421	3001.5088413361786
465936	438123.79613837635
126098	1635.8695806766257
293230	66445.95532705395
76950	9383.990281289032
420887	88289.06451679349
381336	107550.49061110099
535067	843.8546941478693
279365	410605.8699189775
292256	8740.964429103937
580385	17156.626814151976
320290	3100.0980482085542
99291	11299.364888089653
106886	847516.2648277039
416038	48190.33560496845
399399	104447.72982221356
548807	70386.5276618457
476333	17402.21073752418
234799	29329.072557437124
274608	8862.552725301626
471737	340106.09226158296
690	119501.74101643715
167134	8179.001531973317
480439	627.6979401552727
151480	4304.481144051311
151481	4200.567697625862
377658	41526.55159101109
576225	29241.987992180933
89405	176155.50746470012
323061	5556.905601109528
207426	3777.392993500631
99267	1460.271874674698
322629	2160.9016290809086
215494	66521.46194015973
90439	2136.5920868596527
16713	2244.3603967025465
161483	62358.81561158789
9806	1793.9695628493519
9807	3227.291395230503
9808	6076.669241491131
465938	564650.0651816578
99284	3203.8117028028546
204247	21474.420119533854
99288	1108.6117181327952
147279	757.4465796790596
416859	146.08770300307293
82362	8663.356761051737
437598	9266.264730455165
151888	20319.662667179247
329827	8376.273952449128
161636	56383.81449196705
329446	22499.45583422141
9319	1043.6995370370005
320873	4478.916475137095
9324	1645.728710514135
9325	565.7440648698163
151534	3339.5888747126824
576189	91380.2773860819
166131	20893.107164409717
74357	1337.6059159090134
9334	1073.2176809282855
146169	856390.3667107892
333307	1163.6614314819562
559982	153541.0084717351
515837	8192.030884312117
167551	12185.964673005823
