248321	6956.625963928367
37291	101093.22375884268
157188	281135.1438404179
29191	58864.323625007935
69642	5.689758460263846
35852	49156.040532789455
10766	24954.031483015744
144916	395522.0086315829
81431	759.3485437511949
529924	1282.3129182333819
96977	18259.184373207576
221223	287382.2113313367
131420	10352.293798993047
164908	3879.5077650949756
121391	205.95551590083485
362037	575992.5448021666
144992	7161.469759734879
394308	16379.59046587216
581701	0.20610541074501307
226380	11256.596902683064
144978	55471.51003760115
118360	902.841628959276
121434	29775.930023580397
36960	26510.477088777
213863	3482.694283347141
369781	1243.402714932127
303222	44584.378943343276
268223	266951.13810464565
120445	26175.72820825885
60034	4200.335819393618
8835	44175.13638785854
323717	21045.510929832384
485506	2347.7842075074886
33933	42633.36014275698
202388	2531.011917659805
433301	131925.20667898792
218266	86990.742081448
435008	63930.28219998725
275313	30568.45619681413
26801	46.36122618061309
37565	76791.46593588688
197832	68847.52635268625
106705	5087.137467337963
374222	12256.052004333687
172759	45206.03658147983
406748	10813.470269581285
162016	0.8681409725320247
47843	3272.0545535657384
117988	15264.866229048499
205030	10170.36517749028
367847	10845.016888662292
744	123589.26709578752
373505	14108.758523994646
419084	346.60684468803794
406318	892.7112357402333
349700	63607.76470588237
191793	59819.828309221884
420146	78580.47339239047
301875	1410.9414313937925
295732	35368.850168886594
247095	6438.789242240777
126272	29957.627557198397
497477	24667.519979606124
550730	5558.494296093298
450382	2620.624052004334
315218	24037.52444076221
21219	67309.43661971831
302420	2034.197947868205
161109	2318.2174494933397
494428	838.8240392581733
262493	5497.872432738846
181092	54999.59110318019
181093	54999.59110318019
213865	61168.63208208528
425840	263.98355745331713
528102	899.2379070804919
37524	32988.526288955436
350593	6754.367854183925
387466	11298.473774775353
89998	269241.3022902839
460707	218993.05092091003
460708	211526.63883755004
225703	79.59416225861959
129963	518.3551080237078
328112	65114.70753935374
54707	16378.847237269767
460215	3565.323816200369
322495	28103.297176725515
122828	25185.854131936176
103758	111081.61659550051
258007	240773.7648333434
347609	341.7602447262762
117242	8820.82442164298
349662	17443.60693692999
133089	15644.999553884398
459175	26596.25441335796
59383	54528.064627277985
448507	119343.46794005278
