272646	307.28767729250706
483859	4504.245299928369
484890	1634.3027543101427
69154	479.2137083737472
212516	67458.05220633849
36102	73562.87997015944
14892	95051.1122754104
104495	72269.36645063113
199216	3060.42369126684
574513	230.66278693824768
449587	2160.0580277590225
395836	7495.496166430754
441381	35572.43617703714
473669	102410.9217535551
136263	65064.414776555735
136264	114793.00279443726
499789	1710.4878974636679
428114	15989.595275432155
274521	8736.796266503985
191073	24739.271920294206
48738	644.403993515507
295011	3387.400066718534
305772	10190.814665739008
148597	2452.320437234882
581756	36869.39951282709
75389	959.2513163772295
538267	22873.255886953222
235680	35731.23096755353
83624	18090.239415573065
523293	7448.680064068069
443569	62441.59965175669
510135	2101.9428820807043
214202	3340.257954185845
44733	0
32447	98361.7594078959
326858	1496.33457036806
571600	19497.073535248288
411869	14438.003721157653
252127	8125.632282630677
12519	2013.600610748767
76009	1735.2917446096792
76011	1287.7266223536787
83718	1217.0904403994427
15607	6552.5202539391585
9475	111936.8187201694
309510	108889.56155242825
115981	8644.23608566934
491800	1091.386519657405
412453	1566.607168586538
542505	1944.0772786136029
451371	622.638738105765
24799	3199.7741993490367
122589	752.3617504018534
513328	8295.400294256153
483642	3594.968255687355
291131	15363.346114959228
235849	8752.121094869408
330059	1064.870903293542
382284	88120.41644352299
448848	83801.41592128127
391513	36975.69997543749
306015	1807.2736876498739
254305	2708.888104793794
125283	4893.942238886622
227173	1688.6284399173333
210278	295711.8690127644
440892	8617.360703889663
299373	2805.5648720066633
444272	9815.526398718639
148456	6648.157948935186
254328	5381.081310699299
311162	147311.53295857616
491900	1247.6913937981465
289152	8140.671516463848
370554	13256.13388231719
575908	78.98607753287659
111017	1649.623378448314
575412	9537.312990578295
379324	26522.751404934672
146367	160818.15325862236
46528	922.1062266716477
567627	390.89609685154784
249806	3531.3640775534413
565715	2311.6068845757936
450018	4392.755725169911
372200	10114.039238266283
277487	14878.801542066374
442281	53380.321919684175
104440	27418.270194066376
100860	953.9766329760921
481790	9417.924704936147
