184320	13366.405213972277
423936	17332.283685111004
11778	888.3043580668161
24074	4296.736573640253
222736	13282.344342510794
52753	15400.253693728237
18	4752.329317723795
498707	5004.399674068038
575011	7028.752448766016
197156	246.46875
119863	149523.7151865768
377414	1055.3196517748986
27225	124.28780683438582
346715	1783.556887305059
531898	2061.5478015725903
262238	79083.21022626107
15970	677907.6359590441
23654	439.9983703401915
386667	28874.260675749007
349804	2869.824391423915
386670	9913.622782776305
99442	14079.54418542473
257656	62150.917169802895
34426	798249.3106582557
47231	16711.976293542473
47232	25415.676811723366
119427	2501.090076899571
508548	1627.8024251297277
207493	983.2874728552015
540808	847.3786921980035
236688	214936.69171458707
486037	1460.4077695936269
39364	33390.96435119168
540527	3110.016709148377
432797	171833.63286820112
481950	3708.1980036667346
566439	1313.0085102331661
537776	7292.075502096166
481972	16763.166374680455
387768	708641.8369684574
118970	1793.6165666562742
34497	186013.92918721828
506053	97460.1663163323
522961	928.8048062621389
306683	1441.1177506476654
175844	5929.443471175388
570085	353.5725336661617
45948	210.60037049297208
569067	1797.6800264819717
304878	3364.3715688022007
566006	487.14402118557746
149239	9177.767103025057
426236	1215.153009777959
426238	2571.479807496435
182018	2820.8742884175194
262936	1315.9033991158162
453402	5820.103260592787
141100	5754.103241495215
31533	2627.273986555306
438578	99190.44058033016
116019	6474.216699446807
118091	9002.97608983499
436045	7016.71875
389476	594577.7659416165
572779	4540.908344367488
195439	2384.7892205579533
13685	1891.3254099612957
466807	2592.061379608881
487292	259632.76909057828
227201	2786.844618279791
221572	63067.354247300915
119685	27831.12548842172
21898	1246.3509584358999
321931	987.9245709411285
376205	8365.042574862495
350539	23251.272191431766
249758	5766.924016382513
538530	984.6940441026684
233381	7839.819841730175
274343	912.0713485434917
232366	34180.45139249204
466866	3376.333354552862
460218	6997.399128149494
347580	2336.6968068853116
443326	68155.0630766831
36289	732567.2882967071
242628	1742.1928982481156
440773	351443.2995166612
185287	21264.481802273225
51147	12718.120364288832
306124	167919.59578054372
10189	2779.513883937666
533454	1065.6881047565696
470996	1757.261790987776
512479	90310.07395909118
257507	3666.140558158484
489448	12134.049227184763
544238	1670.5206699429618
500212	282359.33387655346
486394	122.07170503157462
327163	11349.794119278115
95229	38639.28752230479
