560648	18940.532831581582
58394	5903.583504143244
193058	11512.1848130484
265259	6060.843312518516
500271	834.725133175685
280113	72499.1101670786
524340	1524.6628108534915
190519	3455.124479518455
68668	3117.298397478372
444990	105246.26228949348
444991	117591.17786905584
444992	117361.88111117115
444993	117591.17786905584
444994	117591.17786905584
17995	2940.8698610353044
451664	1878.7081463013042
114258	14004.210072982289
544852	10061.561807599324
78424	2470.112503024158
359530	5008.036377420538
400496	3453.918808775676
525938	6220.997438597201
339065	897.9846675682757
571002	860.2029880309675
25221	4699.492920495733
415372	6900.324003422356
187536	3655.7367868707915
280433	12808.75176634143
525993	9646.210443126474
466092	42461.513851350086
26482	229.84974093264248
199856	548.9385658805105
457907	2754.365960333843
4795	1336.0189428783085
477888	719.8892748586668
540353	7039.148526279306
385219	1576.151758868839
112327	3279.6291201447602
185035	192.9711456540337
4300	12354.940462027538
31496	290097.3682195149
573135	17832.869535721205
569552	1844.1266467254045
573138	469.8659413398572
341203	779.1576466528123
342229	786.2324375210694
580318	11618.147505643712
343845	166.1107818242183
573136	624.9166901660142
195298	33.53836125130127
170211	11056.153064585495
545660	4730.16868468241
533740	1225.6265032294891
379143	3957.0684479244856
379144	2349.453115647782
236815	6840.511474456055
199964	1084.8333767627091
435485	2481.595539277428
498978	2050.2965754236707
569636	2129.05725004953
569637	1390.082571185793
3885	3816.414556516499
50479	0
123187	2012.6461941758357
195896	1001.7758572745277
578612	490.48855241561387
92042	5076.21598038914
266558	12219.327441805282
266559	55266.104330474634
369989	235.5164882633703
62280	2203.8842641082592
571106	3599.594450920826
344402	1109.106173064861
570711	1564.5711173923771
304985	1355504.3746456343
106847	3789.5534609314122
31086	7896.804433909571
499569	4366.268150440664
499570	57007.91671552043
288631	1215.2738234502904
265084	1859.4123757789685
67453	999.8935687165472
178558	2508.740442498648
227713	4941.651169555704
17285	3483.501995888247
202120	13366.909946847298
202121	13366.909946847298
202122	13366.909946847298
92044	4751.173369062575
468879	152347.25319817752
286609	1968.7291468064236
101279	9428.073067335128
76197	0
411047	29553.48129290018
347562	9996.67223910962
200008	816.1445880444048
124881	3000.3412678575296
291795	11858.022826069267
511456	29901.53674164134
291109	4033.3288485049634
87017	632.8932482852003
102897	463.35815959040576
102898	571.984974347526
102899	571.984974347526
102902	416.63411283903935
114345	3332.9301871440075
