504322	9522.095065231273
451591	11474.34597976657
361485	7211.360961668238
459289	1576.8762192497331
250397	861.8270260658655
8743	4921.862648039946
35376	238632.24119574242
525361	12538.132127411545
45106	975.0810292687635
498741	478.53720407071677
512054	2116.789159114759
530489	8187.600566496037
577091	12060.561670451896
329286	7185.766834447377
570442	3001.469399238201
503371	2987.199070136472
295001	6167.016535686207
510043	1452.013430072283
353884	21311.819782154264
502373	23506.46234062372
265830	24641.382023218936
353897	8247.772148055432
544879	46643.449338856815
508529	21311.585520814984
576626	1036.5276071903688
516457	3696.8971561471913
174712	93117.71317847891
530553	10089.502569465098
128634	41935.72604867716
446076	10044.991374360061
576125	2788.2862439549335
307843	14247.102868159176
566408	3263.4663832594033
576141	1307.8416429978495
125076	3573.956732099054
370328	6396.68485928804
5273	544.0933642754954
85147	12622.385517318444
361629	5246.951564768684
213672	6298.695617388558
102058	9898.306652458974
250539	2126.7847226376507
62126	4891.028230341025
259770	13354.319456243558
472266	13632.170336731018
494828	14099.505940495152
386797	2550.741530167896
370418	3051.2863810812764
572148	477.3689449732481
562935	3472.210951158434
350456	1168.1165969599776
518911	10545.6341420602
417032	3959.3858246156115
546604	1424.954529709452
501012	6156.822512144622
17690	236.90044482089823
187682	8919.02945861117
246053	1739.6830495992838
3884	1671.0573301100858
217393	8561.967098786765
535858	13846.156347058675
535859	15298.342415468805
256308	42951.94747340313
568116	4907.876605031033
19778	4054.093964386765
545604	3637.2216521295964
261686	8591.918588301998
46406	19727.92728432662
546644	617.8290914080362
20323	1980.8513762738814
191334	10068.104384044593
191337	9759.21054665603
128363	15234.778523351652
107381	1008.0938452923907
461175	21851.298637490807
532863	4557.639514453452
504197	3553.4493661509296
81799	8968.399056789489
195979	1267.5548914333701
21388	369266.07570522826
206228	3736.098170634345
164763	1687.7676758307966
389022	24249.543374469446
21923	1616.4060626856372
407973	5508.885511205983
393145	1260.4376911543816
575931	2742.8864546680675
153535	8438.155816000743
134081	1405.8552913623373
360900	1203.6682642061546
281038	66608.88802724628
370424	2563.0961803875794
45010	15258.726007849085
237017	3252.082902032591
579549	5734.555051576446
529887	4004.028899200117
400352	3760.1293343828843
223215	23621.295937011568
506355	7660.049913053079
101365	6067.832587686327
376315	899.6727232779791
