289792	154.52373597551218
260611	648.761744966443
260613	4385.543929225138
560134	424923.53598773136
90633	1562.138626518003
92684	352442.9240132345
358934	77.60046490004517
98332	3570.9307337634277
381982	8107.1874659807245
417797	298034.7119051516
141350	1678.5996645919076
295687	96740.68165582605
453680	225056.33021822452
493109	4048.0476808020676
493112	14749.742134424052
562100	222639.656816197
410682	9392.409058183968
181820	52279.85700313642
187966	488.0402684563759
97344	367642.2276617664
257094	5124.144042719476
157273	1.4410198139336694
136794	16326.061710093783
403642	237728.69107920938
121452	60718.76993550636
47213	2268.6454072222177
5231	92850.2050616451
48759	13346.31854963727
108675	568904.2786708726
493188	316.96724766755057
222853	1563.967771994718
266092	220018.0857391748
44685	3151.1110858901843
279182	31358.211643619037
282767	998.9931839705939
326800	6968.766885778289
282770	884.93278128603
282772	1608.7125115999524
289947	19226.072390892255
493213	25699.923203604667
457890	74864.4718585175
47270	18190.937461867
121511	16210.003501713449
109236	5446.77735386142
490677	396973.4990030205
363706	223100.59969162586
40635	38320.087200032794
191172	258140.5968734032
6864	43967.95677627547
219858	2729.6554089595406
40659	778.243626254605
47316	302.43288590604027
423374	96813.89532982832
535772	2360.520439824879
297188	37094.24226211131
56550	5651.748054802297
59625	33379.41031935929
319213	174858.1420833645
55026	24496.78931052723
551674	3920.747572090174
201991	1247.5348100397337
419597	40171.90889788103
233745	146954.67836613746
551698	573.5586476668284
305948	48745.52114472646
60702	2855.5068865632393
475942	95.82463379036426
543533	2542.4863755723354
530226	5930.925434441646
551220	13882.178767929803
443196	5420.673272576039
383294	95870.26195652087
309064	37358.9734246364
9038	519925.20010108984
361297	2397.407362280285
457561	809851.1683707394
142684	15585.53250414261
215398	543100.104169199
186732	37428.36654020633
562031	7685.491343552697
363377	254956.52063623516
402294	324019.34345536865
420222	17328.706055915918
292735	2381.3322619980663
259969	613.4935741033414
439172	173358.6509611049
196488	3804.764802853708
383370	355091.59515299846
217995	588282.0305311118
473996	19151.30213420176
89497	29073.750746227342
190877	11826.028627753389
383393	596905.3834528844
103334	92.58369433989064
94132	204071.9771904821
184978	1846.260968061584
324535	6892.048947880007
180154	7250.10154356462
489889	317596.3533577452
311246	546110.0261040657
557754	628223.8487725239
389608	177947.85516148084
552442	117717.49037482827
