23042	6341.306563819935
118148	5438.626487247953
239115	12158.321546007932
67084	389.46433169132945
342541	181.23025718680165
344601	0
344603	0
344605	3025.8874886809613
331806	9425.265784408039
344608	439.94133542826506
344609	3932.324579594657
344612	15.177939646201875
344613	0
344614	164.29371183711933
344615	644.7927921393149
331819	579.4151925078044
506926	7977.739738209158
342576	1956.6786737363846
238648	11842.4233506715
429120	2029.5643883642763
201794	13972.35347751002
239182	6308.995822529709
576525	6283.90837753236
64080	2172.4927230225835
53846	1986.860098060446
446554	3731.8971563614377
206953	3022.8166555900357
333934	250.0956058948639
251510	85.7598899534683
426616	5528.252596751147
536852	1209.234528704463
50299	1261.477147039688
343165	147.20190545294687
176768	10887.790057353552
88713	4703.499237897811
445072	1502.7813686433942
249490	9478.940189938141
67353	5420.093425547777
50332	2031.3443335415461
127646	226.61546050694048
246434	284.3961996629016
127655	20361.056762777174
29358	12673.859680114805
529071	26990.92246741867
17602	2175.126918340164
19651	14609.464843327058
347849	1224.552853578123
56643	618.5132522759765
522958	1762.2635800915325
152272	2122.7988950180966
66257	288.0544637636417
428756	2299.719326784303
8935	3607.439165229047
502229	376.9579019840234
67843	2927.057044779848
290566	4.988553590010406
16660	2572.482661507464
536855	897.9574496714988
536857	479.3798405660617
536858	530.5657562266521
342306	525.7267265232498
24876	429.33543141259105
242482	6155.092188134869
344380	2639.5066081450595
67902	4841.827629178065
68416	2698.786517828933
56642	311.3207399917539
536899	246.62765669052268
47429	2419.871455271097
26962	5061.615727920068
174934	10910.866749705776
26989	2335.187653925077
65412	1518.9309001349277
67974	1119.140304569359
17802	1205.0175289579595
149058	15814.141126773682
343875	554.1342133466502
515990	2069.5039129518805
539544	659.722734691937
244636	1397.9343690706678
570274	13020.863930898575
391589	1286.4845412647346
62390	2235.5638537584587
251834	2244.7097861714706
251835	2378.5959129549065
74176	3019.206238568663
544195	5171.5194150737425
68553	391.5111835280109
156238	2356.1645777210433
63960	1307.9027815159095
531933	5623.48942229703
47440	708.5341333448367
300521	2095.495747490694
300522	1414.2569557599475
578539	4356.253752925425
50002	0
400882	869.7442496106078
290291	3763.2721893452376
400884	8177.992561793087
400889	1771.8234293397156
400890	1673.8655359946579
110076	5619.904642895546
