195587	84732.7757015579
561159	9548.103169004275
246284	28453.807075715704
203790	61696.52401244455
540182	1124.7350214344362
570393	1066.4845454754106
479258	8368.77273423188
386594	102082.17017372686
483385	23266.73517186729
579133	72255.35314636414
479298	2214.1725579848912
191559	2621.720221345848
552526	8257.213023022241
114255	2476.377487603154
452177	11756.769571793304
539407	17622.24266640545
24668	229.09668733248458
310374	763.5676367505956
550009	4620.968618608239
43643	253552.19395815197
430721	14919.268253625982
174726	156862.8996630316
486024	93582.53855418804
255631	19852.957663166602
296595	3601.9416447318877
7961	15521.585807154595
575646	3069.34227908454
485536	12126.3820199611
52901	9457.710530439512
524968	17959.189891582275
318122	283602.9708899713
490167	465727.24749332113
495290	3450.5126227536557
431809	39545.91982920334
393416	263669.53472952463
433360	614323.4157934239
172242	26266.457982221164
207574	2201.4224534591885
556761	35812.35000646284
482012	2783.802980239846
436959	436.79174305373675
441056	23065.348442627306
564449	1176.020411586798
43746	4824.706697459585
441065	14343.789943454587
365300	2065.663841458063
405750	444245.43059606745
466168	45846.69786942368
493820	431.2169393713557
365309	1415.51372507932
389895	182913.45775246996
13066	477561.1609555998
59660	3663.9470975108497
482063	3198.4085518623933
170777	30393.65741753586
353050	2463.116578453704
307485	93389.054407699
487198	32107.607226751243
513823	2177.713203501441
386848	3450.2652955804097
452385	123149.51165509045
25892	140107.85000775807
175912	3893.473806965944
481583	7473.053512897662
556168	10.162754990129415
126259	96029.79799581286
76000	4120.246091800655
480579	51759.361799619764
385420	190608.22093611927
487246	1482.2802130679904
450389	2154.2637823711666
17768	427.43078537442756
535402	640.5709134508737
146798	27655.9652004227
146799	15161.827504850511
146800	42127.05082627389
385916	96049.50362217116
58237	7694.086905954841
428938	1397.220300480203
179084	5267.768117900223
179086	5269.463977371125
219025	17283.458171944847
408468	2908.2498446938753
428952	767.8783739026378
329625	105879.60101888647
485282	22962.264909020676
569277	3533.6494992267153
116676	8585.10547158024
442826	27201.545184862003
209314	56843.33193101388
179150	22956.761509287237
222687	26336.785304858313
329185	97857.25650295844
404965	2086.0900779514623
179177	2937.7882236319992
235498	1124.0642871532473
568819	90401.4830280126
404985	65366.665317726176
486398	13195.668324520868
