213697	2510.2500602747523
534792	2657.60737088665
268809	4453.386354119104
107786	271.41042646186946
405003	3071.0377591766164
268812	1917.2657326639267
488589	2564.502860013192
58413	3007.9413391052144
379282	22200.612361107345
284307	5440.831825455683
95381	3384.1694195944056
213142	2869.3514707522
270639	1763.0915202448741
286493	5699.885851810416
396064	957.613758228454
541089	6146.825993712168
405795	224.6824261822783
148389	2295.387253982677
379825	17450.222192428697
359849	2748.481256978935
344199	811.1176448087992
41517	1480.3999161115078
213678	10413.186400723784
41519	1016.3706261963046
570544	386.3089217753389
41521	347.0623734877376
124366	3578.5296237034822
227765	1042.201213539298
578102	49116.316414957524
144074	3028.951939419925
79509	1470.8331528778012
318401	4745.159822217986
107787	2692.830304348688
408132	3415.103446187682
131653	7555.687796894968
346183	123.20200752823088
573715	6230.2122391522
405004	1859.093827235747
287937	1354.7020734849723
160332	1163.5411875928437
42446	11633.03569705075
334546	94.78143955209822
197475	2508.4568175025483
284245	5440.831825455683
304088	1307.3266589498016
342873	1587.454508738934
302216	0
127119	17941.302314326527
171357	1665.2617877419173
258015	9617.88805476825
337505	593.5524239515448
256226	1202.6357466605466
287843	2791.4116185304815
82660	885.2459388539629
257893	3420.7685141691486
129767	1191.5175393050097
86635	3201.512432571214
215789	745.980223530547
194414	1820.4578157100118
177649	281.16063574723586
554483	2394.463193017772
464629	3530.1447579780206
288011	1963.7842983082776
286201	2694.639520478383
286975	1639.1202698213704
323068	5815.889888699428
227838	3631.1093312934254
227839	1917.123801884404
