478977	1080.7768595041323
116866	52730.88429752064
270851	1794.9504132231402
109316	1263.818181818182
560391	2030.6363636363635
241672	17111.99173553719
428297	3070.1652892561974
115978	1775.0495867768595
101516	195.07438016528928
271106	8631.520661157025
43151	4609.181818181818
399248	30413.611570247936
292865	0
461719	18147.702479338837
247064	34594.80991735537
24836	0
414363	1352.3305785123966
120095	0
25889	0
12127	0
25892	1690.2396694214876
764	0
447526	0
93309	12163.685950413228
271145	15398.900826446283
444364	5889.545454545454
82735	5993.735537190082
120241	20018.553719008265
482355	3479.404958677686
427444	6049.446280991735
76638	1172.9338842975208
291116	7707.347107438016
122169	2535.2727272727275
443834	8279.900826446281
150303	0
480573	2663.876033057851
77181	243.66942148760333
38281	4657.7768595041325
255425	31408.363636363636
330729	3278.603305785124
34031	4010.1900826446276
485062	7405.537190082645
34273	23190.13223140496
111034	0
441417	37765.9834710744
441418	29390.107438016534
295244	3484.03305785124
307049	2817.4710743801656
111057	1343.8264462809916
362066	46111.83471074381
235214	2678.280991735537
33116	0
4573	19329.6611570248
60254	6735.09917355372
484319	9233.578512396698
570720	0
556262	10365.206611570247
428386	33287.89256198346
33123	0
96996	4611.264462809917
20582	442.85123966942155
424934	9425.528925619834
44369	0
485097	4643.256198347108
308903	7658.925619834712
364221	4866.735537190083
163038	7286.479338842975
223729	7982.14049586777
279538	973.4628099173553
539369	11869.512396694214
139129	26917.77685950413
39664	0
124155	119.46280991735537
33129	16120.884297520663
556285	3071.6115702479337
279550	746.9752066115702
478975	3681.652892561984
