568704	22715.99013519871
190465	4163.349375123102
62467	513.1565782901489
412234	356.9553617239611
236293	2403.3561993325943
104065	7689.285117087675
411638	92422.26848840856
334864	4775.697955642687
16401	892.4050930805571
16402	550.8694491680792
49555	119.7797227355826
64021	368.35561826577725
207255	6257.270225821522
494360	5240.915018431042
39193	3930.5807023126335
269979	505.6104669061058
238365	2685.584236877376
89759	187.7900974858902
58400	13204.34407428716
379553	96083.42553560644
380579	5612.137462831821
547791	1102.9186807034544
239656	8216.722543596112
527273	18869.128411916085
379015	749.7011484220259
309179	2420.7226269881985
581294	2037.8026534349485
456477	9040.317893128029
528408	10522.766045632627
103093	14505.507238760956
1462	2835.1936413342332
104064	4740.687682007703
310715	8751.342539433206
492860	981.948369006567
67901	320.18501338763485
114879	16833.732555460363
287173	3787.0922829668457
113990	1415.765049984066
182471	2376.4363584819175
11208	6254.483624182588
567882	2201.4365582516775
457803	2161.0216122536585
268621	4166.307476622338
547790	7010.982523350005
235599	3732.996654435962
547792	1102.9186807034544
286051	1742.2277624527585
294416	3469.1517965791
454743	658.228122333005
152152	1345.8510831070341
379108	9472.595935182102
185562	769.7283781134372
23247	623.2942709832435
95709	2177.3730561963775
239839	1106.6130010386812
21728	2293.6517021239392
142416	3535.9646564713057
254819	8849.025972778016
229476	2018.228178355757
561062	16639.478777943244
510823	8787.510076975406
379921	41932.581347586536
536430	11654.079927887391
286196	2134.0799394407395
513654	4212.72722133644
378921	5427.042739370444
464760	11775.148321402723
63225	264.3176226749594
446587	5235.105128064334
336767	1877.9921399355742
