411392	22145.49642180981
332033	1003.7598694111784
153604	12285.748395678898
566782	14843.402860589502
333832	7107.03569920085
173450	366.54854859503905
154507	1662.005966123737
153868	4734.050404169069
156302	10013.116473308677
573071	2132.8402552581165
558352	1796.9184879748668
417681	9949.570398366059
153618	30.478909798831932
450451	9348.81141085851
125973	8506.383494214953
154009	5441.17594649506
217624	9421.332118079414
155545	1366.9251267728193
90522	2391.616480935372
97820	246.0642809893773
106271	1377.7187055530921
153634	345.51309027808674
156195	14603.412169119525
217636	8569.424542673889
411430	2008.7606391053648
156328	17870.478324873602
580929	12043.129317107465
154172	214.9597119762617
572606	18374.99250510323
150577	3671.056705844267
305443	24639.660109352575
141905	87.08668076109936
155578	53751.325424033275
155579	237417.96254016328
38972	1585.2201490575922
202854	5028.839793216434
281534	11810.715363862058
296639	10150.040526780704
132801	3044.0349977592273
3395	11533.939222592644
123204	4722.147681693829
581318	59.33030499675536
559304	7391.166830414728
216777	15192.108987229987
102858	6162.713620418334
228981	5127.980371593477
155622	444.42988202658
172408	575.5491272381545
170451	4383.5229070864025
170452	4383.5229070864025
170453	4106.356893060222
9985	4719.992160284045
472665	3510.3980946468378
156252	2994.0988188732267
239327	4810.973308907746
132959	1733.589218281118
306400	24367.48823749497
214497	36383.29147722412
121829	668.9995266794988
139878	1375.4251639129477
31121	5133.545388931001
332009	18721.54537550187
424554	5209.464224065044
479463	18256.201990721092
479470	2705.0754099484925
305778	10072.820116255985
23038	4790.905622060735
89348	6049.105433112014
532088	7807.591340632264
531321	1517.0507024859332
23034	1675.7955239289674
91131	14924.468950404713
187118	8933.794500374246
569469	14029.649237468333
411390	21293.73916760243
107775	2011.1010875194554
