8706	1004.8245783418597
578564	1164.217221166309
82442	1060.936278216481
534033	2572.8523686864073
534035	2380.0561390503876
391194	272.4787976788932
94239	26.363892706080584
99368	157.20503875968996
515630	18076.79518135507
534069	104.48975297486794
200248	25437.46656517862
51258	3154.859264368242
63035	344.3535798400237
477250	8557.908439721894
421955	7887.203510591025
395347	126568.74241409612
545365	10183.566346074349
334425	27.92704537599368
63583	716.9773292845507
549473	538.9920639598212
28772	745.303254727495
558695	4752.930989192792
64618	420.08379585200345
347250	1015.7471943438936
565368	114.55414012738854
62590	2624.2171042628233
199295	2715.6031439366348
73858	1475.1380766964471
464018	1078.895756184269
64156	4279.754037926061
45213	4456.1682679622145
65182	427.9628551774429
539822	2449.0642265968004
93871	11628.497217001803
66228	804.4659427224635
67765	164.02379254925197
454331	8195.226242871428
500412	936312.896136606
558796	1844.258914651533
68816	2074.329319508221
558712	285.4815254557905
254165	136.2578197975686
63196	1756.9739345948876
64223	57.585658519725484
53558	288.3564780526342
523493	876.1803617348648
63206	3116.3521724754196
426193	22236.948011192773
62186	206.67070988615114
119640	192736.99678699585
427250	133.13354883227174
558841	107.61146496815286
427785	962.9191497093025
168714	2646.2506289970943
313611	242817.17385316058
48396	347.11599762998077
66690	464.2477622223888
421676	11234.227473207173
68406	57.20367793120156
65850	135.9390784822002
64834	1067.7435218866958
65859	215.37041872808967
433477	3739.559397303188
92999	452.7009011010714
41802	4535.058033748089
366478	281634.86722782615
54103	1365908.344899948
201560	3265.0476094305477
121692	376.81046511627915
108603	5820.897289880771
201575	4327.75751010276
197484	39.16395348837209
422255	2853.0825383862884
579952	797.7103696581988
515447	577.2099762998074
202106	115702.49964426563
50045	828.5294351454105
6015	5295717.4617774775
201610	5223.096035112697
51083	117.3312101910828
51778	2447.268934772009
291214	16525.178594193607
199058	397.1802551967611
570266	5703.759275156644
321437	37.90296385553992
177056	810.2105286367452
336289	6389.888104665175
358821	1333.1349059398613
67228	1063.347128434387
565162	2661.0748260257747
126621	135.32996099343308
10674	3041.0315403119293
498612	19928.62491853059
427965	311.56204046622724
55233	0
223690	1286.6443321647544
496075	28393.335498244505
1488	511.21322915123704
126774	726.3873631477089
559066	26.278294573643414
267232	11453.155526908928
167905	27580.356732029453
199141	748.2565027403348
57319	10458.60690288126
85994	213.07709435639165
67564	351.09645631202784
66542	223.9245381540698
545269	546.3295438206685
67576	1062.3100147295468
