17409	457.54128587789165
17412	240.60302513820128
236549	10336.836241811849
12301	1001.3294611256149
285710	2020.8006125542367
412176	9305.179882516211
355352	22725.804133368332
67103	728.3103638535234
439847	20123.018470770814
67624	563.2265115631507
66095	376.8166246121711
478257	127879.63646472056
15414	361.63174095417384
551482	3910.9970726798306
42043	3545.589380935664
15420	3694.385103348408
551487	5664.4205876687165
493633	66968.72051550994
551497	45020.82673459175
77386	259.72107917130717
77387	124.41818934051948
291410	2173.6079985086303
566366	1426.535249470333
282719	2405.6400428986153
268384	858.8641766134377
42000	133.27061622028899
42085	7351.2287011276185
383087	9364.940589032392
454771	1119.063203714009
553088	793.0146398661551
46209	177.16738197424897
391617	8401.965945249154
285832	5850.521179417952
291467	7158.367715632187
577677	193.01356025808283
421012	6441.3644650573615
495257	16280.80471115943
64670	300.95921682979844
465058	2935.8416675505423
542372	1682.508990482629
251045	37246.25833132268
428716	5815.1205921611245
437423	2980.8295490898586
375485	747.7894280651949
303301	3764.964659178627
421068	3935.835643083473
533197	2384.1875351383296
421071	32926.77646677361
242904	415.3895172893445
238840	11956.725676707681
531205	46535.813941042106
50441	55350.04694715574
537866	543.9410781162915
457997	114.30042918454929
240411	1076.7329251943827
22816	8711.132816313719
26913	12259.813967354898
464685	938.0151784272566
171318	447.12945493050296
334648	7768.418740058839
337209	591.6183431498699
67898	1049.9002387739831
286530	30877.353895938268
268617	2037.9604022440387
235341	1324.8121801020513
265041	1668.1936652161107
405842	444.40913172229375
168277	404.25238795843836
333625	3626.0598154267013
91484	6992.484450798225
265054	1631.0526822173254
553320	7322.210359713328
421226	110561.48386073996
177517	420.77977558769464
68462	691.115514552387
127855	735.4328668129792
285049	10324.316759298099
88955	1348.5657419569004
297345	1006.1733715246025
492933	13779.5608131666
288135	18484.924435619334
88974	5382.437765141
492943	34015.21462448159
289172	12544.682585562436
418208	208.60540171762352
580592	4925.92660185291
561069	31174.90463739348
224690	514.7379992224365
224698	1.9570815450643777
142922	688.2883101125797
391615	3756.500889008534
381377	10753.959581306823
336374	3049.5223043994483
199622	1553.5605562715348
241095	2566.3643773251647
15311	5588.690749049918
542172	2527.924740475166
176608	2742.112349180807
282599	2793.9945029924875
4080	166.76414057494674
524278	2057.6263426306928
106490	8455.778920428822
400382	3583.7896464959913
340991	2232.2055385321964
