190469	17323.789355706576
317449	4650.518275094367
322069	6763.746166885066
247319	19830.510584828695
448542	257780.95699146873
301610	5854.432993099415
56380	570.1610744857596
551485	2513.659422739308
551490	4013.0728549911587
415301	2361.928710235032
289353	1004.2099909716997
6221	77205.56836907062
180817	36359.54417213755
534612	1.8012008005336893
479830	69912.53864631803
445529	3536.852682513272
439900	3122.9005415110864
420962	415.6128949880715
143972	2392.374398636717
365158	41957.59639619814
285292	28005.427073539726
344174	850.0406700312396
438385	107100.58038115774
200311	2089.1987776981405
415864	2607.738006825649
526457	1096.7908066362463
342142	1037.5007566824481
454791	350.4720818403998
121452	236712.52085727183
52362	230.3944246854905
376976	270.7776290288334
67225	313.8405988466705
384666	2058.4446891896796
27809	51229.233805019685
303778	1486.6896170235902
545445	280.661856399004
305320	401.0268515631066
319147	4099.083758015724
323244	2191.4161196512623
511665	730.6615217458088
303296	848.2956464441
201409	14462.5712404236
46276	1488.453769737258
242885	123.96849957323626
234695	150.83665167059772
158920	15269.28078907338
256720	249312.1249208797
234706	1739.3390967257894
526800	68500.41200157121
437474	3310.8350547735295
7398	1089.4038828604037
7400	334.9436574497498
490706	0
231666	24075.605192990603
397559	9492.359902661456
492792	143.04709685175044
437511	1235.18909793006
321290	10386.855798399461
19730	1378.9962263469438
398638	0
317746	31.512415349887135
322357	12761.717144305772
224566	1277.277800696388
301905	612.1584318337707
234834	18187.608073702446
214355	14551.269543057062
371030	1105.7688159056022
429418	336.37030267407806
503147	12686.657538775773
542269	6572.145788841725
345969	183.41609725352734
551797	352.9070998231549
360313	2101.7115413374413
354684	45561.60977483638
246148	749.7834763192977
280970	749.0617443580533
531851	2790.9519386261786
205708	688.2431696221012
430998	1492.162741228052
430999	2271.7053964139072
49560	549.1544329271014
407961	1588.9534860542954
431002	3211.986154782483
318875	3627.797076300148
440735	200835.6919244109
175012	630.1816799372979
161194	14972.039907793016
81481	428.36612623608016
204734	6385.172564735723
501197	7706.876060487001
391630	2908.965158143297
501200	9657.074591048791
344019	832.6536622876521
201685	6586.248461513538
137636	73861.18776981671
18919	310.99147466990297
428370	53255.548586285375
289783	67797.86262123346
315476	669561.4905397333
395772	400500.4556698024
