67840	3084.631538396415
368257	16246.031971145203
410883	17322.725278058828
190724	2256.4574000505513
78085	10827.538877440245
268806	6772.256509909787
542551	3955.9725328913123
400396	731.2788930968037
554614	1168.1998676480603
287760	1521.941457222393
28696	23852.296614020535
75667	2365.5519379351013
472852	8553.075463677307
86549	2259.7706108392204
227608	1392.8190065820756
417435	1324.0843254402982
45596	4049.7290268261886
537523	9003.280760196649
67269	7455.96020648322
229857	8432.221253037738
21555	4808.283303987187
530596	1914.6132100964317
132133	1758.8898709099212
86341	10577.589456287551
53289	7983.438820682951
401607	4218.467101670434
553006	4321.792948295967
161211	4595.72431749168
309681	4283.091541871383
367283	2955.1263247542784
556340	3100.937210908771
342070	9265.004221956553
182881	542.8114001239906
268728	23615.28975202191
203834	4153.419641687622
326303	1434.4424380256044
182588	7127.080636008065
124477	517.0479041916168
426302	2330.525316890659
332099	581.1707596311503
285827	1021.2025258304928
66885	287.17011787481334
478241	2498.2158209930258
176842	2773.4050318046056
358092	5213.784726851992
522058	11207.101813971836
513867	4614.130086554054
553292	9867.982578289222
79429	7966.1169535834315
495569	4082.685270342329
335830	11259.696495726148
287575	22857.826641289583
367448	1201.1056363664775
63961	986.1615522716503
533214	726.1161700044988
354911	1720.13569062121
360417	8697.821494951126
345699	1656.4253655605887
65508	1899.698514216413
229222	1489.6451272152083
68583	1430.3793540636768
11114	23751.513063723967
419307	3677.3726582250397
315646	15798.347080935564
532	7011.272419233185
238782	26147.743717910664
137969	13072.693326662918
30066	5689.201392969927
320889	1430.0196098657743
138747	1027.507313437649
264894	35431.32141735922
347254	14.833884470607572
190712	11874.104381968695
524564	5636.226728079423
65787	1648.0749809847196
30460	32250.81126513317
580856	4614.5908212005515
339838	2152.057904000242
379029	2560.446660478302
