307212	2299.9259425336595
284197	4125.161714965112
294439	3525.0220818831426
279594	78835.71518778217
279597	5618.889369059854
279598	1030.2547495162808
279601	1348.2046459843039
553142	2799.680042775899
214087	2445.904254685387
535121	2803.3674182604614
535122	1620.7420115043587
535124	2192.3675206318744
373336	28225.91858664428
351325	1670.314394526649
360040	3258.2773102452156
353557	576.4295479606457
164482	1934.7564776596394
437382	6900.986907080756
542343	2689.197658905144
39048	3396.750727575971
290954	2440.9107946999093
291984	14302.883897768634
27799	30822.368884267926
566441	31.04050326261997
418474	83908.68057760187
158893	3720.2736213094963
451760	3205.882420045776
530613	5967.59184488816
56502	4106.757920155043
287947	961.7272178246942
20168	10738.061403704764
194251	2473.2933926946152
298701	3162.096646529915
502478	5613.2425934848925
541392	26877.41707810082
541393	11418.812519794998
307923	31748.746749309827
227540	1548.5515714890655
182478	4775.446785182999
80086	29505.30958087651
77018	52553.53070032941
85215	881.1321582569643
243920	115973.2795638941
455912	63074.92944762179
430826	12532.52682784795
19698	462.73146821073516
570613	1978.1223577575377
100090	16745.657695671056
329483	8282.320972824504
175887	410.8034658871132
419288	6474.708316226792
176917	2168.4521316328933
455446	11733.564547836742
315674	34488.70312432709
581411	855.7163784672533
346759	20.50115688935646
540988	25434.951551130478
143165	1290.5733996026347
143166	8601.99887639209
143167	706.5728066736498
143168	8439.702100148348
143169	24933.473678797574
321864	4881.39734849643
516430	1550.7989563072204
516431	4483.285943652011
244048	481.3369169058814
475985	1592.5059859743815
28518	1593.9811525363518
329023	3223.5475820016322
220550	80530.01161819915
265095	5160.4126283048945
65944	322.75944276326476
360347	2759.027412935868
382368	2646.9370531422296
278258	7433.748209815434
158127	41131.94613957568
89521	1868.5100295491998
157001	54017.95145358376
167868	2641.0248858136465
419317	7404.577373826277
569295	2806.8180186384893
69592	1256.435370668047
370647	0
370648	0
69593	8870.064900288651
69595	1229.3545072998309
134110	61734.04822662188
516432	4207.14507967798
347112	4917.251943168337
250355	20084.983392282767
74741	7064.701309557716
