439296	652.4534043018919
218635	21191.581686956517
513552	177590.40063734414
398358	960.7446881220297
150046	370873.5024085569
544818	14582.96786753794
566537	58328.27967384893
25147	2888.8360612450056
189503	16734.799292923853
229953	76328.5575573445
365122	27797.645849510558
537167	9111.833559500956
520789	109954.72609503052
198746	120676.12413636543
491611	2527.7441277963962
457310	672895.3085298662
504930	17052.382889383407
270436	6570.790715515663
559211	88545.86516716577
189555	175812.27501540817
55146	2125.06103815905
463998	1151.1133498711195
38336	141626.95825679426
209539	166353.54927598755
508557	23593.1314495031
56987	13679.660872018438
148126	895.3489010120488
339109	24049.841544268336
272555	34169.172726322926
245936	8530.352667929828
549555	303882.3242704698
48308	11049.868589939482
323768	18454.26345782639
197826	130241.44000977947
319694	51967.52697677376
536273	1783.9685747947399
236835	17108.52637369354
440536	287474.66479068546
380121	16102.762667318631
466138	5725.104635768767
13533	237378.85311188456
353502	5905.617738687129
61665	4112.635960259936
539879	22615.627932940373
64637	9833.560601145417
296404	102220.02994023694
556283	180658.67666200074
520454	54.47711020108795
420619	2565.561678593933
266515	62261.814124240555
58647	3848.995644153178
573211	14894.702017262609
535841	3110.93453945358
555299	18092.02982702768
126247	487.72691155797327
455977	18268.71829350285
219946	11212.171501193972
254259	2418.1065570142628
420664	3034.258428974588
273213	221311.89681818735
59200	137099.76015292897
237383	1890.6251553992847
374091	805.6231281706498
142157	157194.67061494026
525646	15058.155146670717
174416	417080.2526915047
167224	99633.28237912878
35167	1260.8398019680947
391007	3458.5805846716466
147306	261128.31122792012
281456	49490.051555377824
42866	4009.9260436403647
5494	2044.790552325712
311165	55788.56438912311
350597	4017.688405354196
167305	24754.50589425832
477066	72985.85507468045
197519	402.42650204755216
394133	15477.635841329993
379290	279375.6396248078
222106	12001.855939406543
185499	11564.49637083019
166316	54948.52687952217
477618	39557.502567531876
280500	20623.054885717356
9654	64406.51555438061
139712	321384.12592362665
261060	165208.94118327153
501702	5345.048434595911
265675	55348.63990331444
92627	242846.86559380827
358868	8046.331143717651
135127	109448.28372047792
566437	8290.899089297724
188240	8267.53245778815
538083	572799.7765435337
114664	27489.30095990014
233453	22729.530846964866
406512	17789.396326660506
357367	4556.831381125909
