539138	18187.61769687193
539139	38311.41172464573
33806	386554.414711107
376848	168134.53417700945
545813	3461.0347926330646
56854	11759.388654794953
474651	311182.99677569594
53278	656.0728468745988
38440	466886.00128499925
545822	3939.385010845131
496688	14393.190955324726
462904	145492.49559431593
144956	950.2659112070037
275521	971.8636018574077
226370	71837.13983421212
130632	45149.271581200635
86606	359877.47685862985
74324	204517.77345215066
555609	425327.4318881038
172865	352352.9147219179
299623	5902.495795509127
60520	13452.00785531401
326251	1227.1353410740203
490610	442136.21451802895
218387	608492.6231930619
326260	164061.5525015481
303227	149722.32704811974
394366	219902.8671343109
289301	115969.32661970552
197767	154457.98747809994
37516	79965.36685342851
262798	11582.085797160646
374417	24676.57734197405
130199	141896.15792644402
454084	216439.6678791711
240282	8858.376851809297
36011	898711.5041459805
164894	682.564607652156
273079	1238.601247987984
44221	5837.763598078603
554686	96917.67681721035
37055	41553.20798917626
394960	1890.2855789523207
218324	63400.21948981334
570593	156802.0538095253
491560	7323.699554939867
128126	73564.60697905836
146684	45362.02148976864
131841	298692.2532651329
424718	1402.836250326636
320387	21201.724902351547
362773	306037.1656323072
555311	17354.43579910159
172854	122930.71270337485
579384	17392.935542107243
305977	20403.17192277008
542017	10616.861958975376
35650	479335.120769343
384395	95563.42854748615
271172	495181.5907749503
250188	37522.02483793127
364368	453912.3875372982
121682	2139.676952948764
54099	46403.17275219624
578901	204803.93683138743
443737	163855.25252628291
201051	337520.2198175789
460127	6120.100453291696
40801	108040.46738404264
109423	65917.03243850959
210288	157436.48527436264
59264	397711.2009992518
456067	1889.908662737658
505735	24999.078408058936
440714	87543.82764890314
491403	4001.6651135926063
563086	1176113.1636753306
107922	179107.87301258405
390979	1320.6375497368756
34197	40079.42894944426
44698	209867.75523435877
558497	9424.53091991906
104872	187.05612244897958
279112	10248.53151193476
211383	50266.77511451882
85432	27.689564761021803
21945	91729.72026147542
89023	2047.830204398825
69569	11419.55450123274
555972	414989.24338603386
466373	3133.1838418118846
479690	191759.82753523532
167373	82702.51293944854
412628	16602.50702956369
497621	21435.767785166918
154584	166292.17786318556
16195	2006664.8055223944
258011	634911.6133435735
27117	4034.10999615181
233459	107026.21523335847
505342	84459.40504226483
