174596	6.673486567164181
357898	299.0608229264588
157708	22226.47436730282
63405	11712.862431959258
357905	1380.3524419299295
215068	145.27733897518573
67104	4327.596806857014
204843	23451.367507357678
401455	2.480000879952483
357938	1220.80352985893
254012	2557.3163996508047
578622	470.52801625524205
564149	2292.790447037878
99393	954.1686075714899
156744	25672.631061790307
50251	899.1130618946578
290904	11.239193083573486
52830	601.8734466717176
52831	1531.6468841385265
66150	2364.669992650016
63079	2040.8049873125972
546412	2621.6493881863357
137336	16274.020177473447
185023	3395.643325968384
67721	7564.048245892662
65475	3585.695634897796
399524	1593.86550353184
342181	440.2765944202006
528241	12820.69562149934
68264	629.8443804034582
264376	65661.15060943831
357562	487.3142138423981
357567	4411.596521906156
357568	1688.1060234722063
523971	5596.2702997997085
239819	13209.119445443432
64120	3225.10918678658
291543	1651.4212467808459
64217	3302.177420879095
66267	3810.8738608482818
66268	3327.018663475294
251617	202.32506397754526
251619	1115.5743915277956
21732	17162.40428703945
357796	1706.6455964297716
140033	1751.4655735655888
65284	914.9918149405217
357639	0
469770	2.9971181556195963
469771	4.434968017057569
66830	2167.6649596432158
64472	429.782842130525
62227	32333.77407952998
63449	2219.0526179968247
50223	1929.173486403647
524579	1810.489970016127
334126	167.6099930603747
62262	51463.091254694176
372535	0
178496	1189.0877459295475
553952	989.9423104380694
372534	1817.454266823454
67910	2467.0110351468957
63825	1720.3474042967862
66787	2451.783327405911
435051	2897.9369884772723
357745	2246.67222192176
66422	231.92564981506845
148351	24627.987543554944
499586	3558.713408875804
280454	154.93686917851284
499596	1419.7242282321395
357779	11192.299343727642
63380	2962.7269811971805
357783	2.3930982824427485
357784	6305.330920802009
67481	3153.653930526106
229278	1471.0381525601113
64417	2133.6059167681206
197026	5.422207835820897
197028	401.4056550894956
503207	9368.420919634611
138664	53.46890139077341
66987	4982.536583144773
229293	26342.626477448255
461742	12187.00986019389
64437	2342.694499258088
374202	2138.749170688554
326078	6744.519950719763
248769	1258.7669028887676
68034	884.2242694476275
357827	6978.996376147449
67013	3819.111189216148
342471	132.4945510552546
67024	4358.275278760241
405976	7573.160384957116
545241	19444.105751478895
343006	255.1480310517109
580576	73.7599362452824
65873	587.5795764508433
251885	9764.072029474997
28664	5427.277294780999
357805	1021.3785589140576
111611	1718.0523069407186
