323584	248.75214567759284
484865	13433.877022588014
505862	750.958809486098
397832	4095.6067833763364
106505	814.2881207626258
442381	52101.88963788817
315923	2539.162284808142
396822	2215.3970290588604
322074	932.4304297434744
494109	226.48138173437957
447527	100890.22319859479
576552	2978.8793893287398
498525	3071.5369393530837
39474	319.17974533956925
391220	86.74169130994463
68157	37.38822587229743
383553	192666.07057869626
263746	288.68349112966365
314446	851.2144540002794
569935	81.15597587203094
498256	2058.617596837698
25170	123941.38165705465
319059	1555.7583914835598
362937	920947.070453663
8281	132.10793737984073
347748	56.39844760672703
353389	12347.144769830273
225406	723.7819280417468
80008	28993.47080554608
191626	326.443468388059
94861	9519187.448024081
318061	1408.7065727445327
137876	730.1913051480321
324785	930.4173958182507
53107	14910.703269392612
51380	2420.3680904672647
511669	1070.8600232795038
247993	8068.227640439803
171707	3545.9438765691516
511676	736.5566451932905
62653	373.4459039860434
222399	494.62266952582183
472770	980.7120741987372
1747	522.0296621807197
220888	2213909.9801814384
220902	208948.5816437088
170727	15839.878015291464
321261	225.4567703682796
447221	449.2531357559047
49910	2502.0405061944975
519421	3999.319563664095
291090	820.7047416582361
311066	293055.9370599042
179997	3735.151127921889
223006	1427.5139034617075
453919	72722.72521017473
319264	2093.706757317123
216870	386.58633121025946
23847	1105.923508858395
483117	6272.694485967117
496946	4439.245324907155
278328	176.36359443779037
278410	332.8721542465159
473406	131.7047866710537
397647	8464.348242202597
316756	358.8123785507958
243545	58.85304742275074
538971	0
267101	1663.50302558748
494433	23530.372081138918
40292	1688961.509590908
353641	2135.794592108517
363884	10984.055403203283
282994	62662.56512451796
478067	531.7730745821717
137588	654.8666520739802
198008	988.9291211442065
142996	257.13287302389887
263546	200.2946331719425
513920	375.70568410653135
121736	14434.276310017007
177546	95.19468153149029
398221	4297.920439375066
242925	127.66684976654763
315793	159.52965764866542
485786	4529.827864912085
212387	180895.22829259562
321957	26037.813670853975
243110	1585.1933559614463
318385	235.4423089324189
378803	746.6074348641279
235961	769.3757789475371
213438	32938.60463465356
129477	2140.039110574923
317897	38526.46958328643
481738	2583.8933394222104
317388	4470.357775149581
51670	7109.897250341127
206820	2464.927806412087
52714	147.0721440771038
15348	1162.5597960426546
538964	28994.973431124898
176635	236.45436682322944
27132	512.2793589791498
458751	6038.119191812429
