565248	4314.850395007105
518315	466.54459451114946
198534	3689.2646369260924
341953	33.39108061749571
120236	496.43148095721835
372365	274.58493256148506
239886	4520.59071726454
360792	137.51229698146184
461842	1836.7324426573434
452627	131.1470158345044
339950	32.44002778708736
515607	1747.762418917744
435224	834.972469563837
63260	659.315599673951
517714	7615.40676712681
461843	327.3751505989151
457158	167.30162034338628
67879	693.0249495788659
560681	247.31421085091404
8618	1230.4522958281393
359851	1746.2750699724324
418220	1119.6459791638101
66397	384.6752289534667
149150	2950.9482358985974
47415	1094.2082286863745
126836	16763.07573842444
339258	17.20018755477338
342111	85.0958953373862
565139	3411.83575789103
578625	193.29609055789967
93	1694.2324401080082
76486	383.86293061351705
24648	564.1286433551447
338125	73.4160941692588
461776	16171.989320767954
360786	66.81901810503732
65496	1240.333831585584
360789	137.51229698146184
67416	504.517481692558
42596	1380.9483437657157
461845	26.495481586326424
63325	536.7958142141099
42591	190.33620995853732
457184	167.7851405037083
144226	1295.0306902814611
334180	354.15681049008367
410897	1879.7958040908431
333928	153.11276522322873
202730	1950.2293088809251
67307	412.24948526406854
177644	452.78667018831726
579949	3536.1349383290753
63470	827.2882751760615
81392	17139.54465352573
94579	359.2574472051709
94580	221.39137378771608
30453	294.520116747802
561705	0
145620	294.2301120751386
66426	252.67071663733756
88699	4079.7059824098446
17277	595.2229205123509
210133	4438409.184212421
