193541	163625.4367272372
13321	737520.3011564555
457226	4.713513513513513
159757	3192.208095437808
118800	73338.5521004824
13400	786146.7530699976
547638	1347866.9298585458
211482	5845.168411054263
48670	24440.576965933153
242208	30633.31337894035
62498	364.44162141899534
159807	4859.094970780561
133184	3720.541691364598
189507	5358967.3732273085
129462	9956.838033116077
310455	63530.04117995174
580176	981.7804359818431
45144	126.21728664284046
334607	62.18853410413598
353376	2802.2602003283696
142954	678955.382545945
312427	376546.5358335719
91764	15731.209949744329
62070	1248.223493246944
303223	349053.39320262737
364152	114787.2301143654
15487	26731.248876766014
97411	524754.3958986788
332936	770.684591988325
5769	34552.99027921875
88206	141048.19463224642
251535	1488.940931026849
534829	454677.47641062003
173207	3995.8191038535538
444613	831057.7205234624
88224	193.69867948279335
354977	3708.7183730454144
337573	431.03600463424624
42158	1795.8966337095178
271542	2266.389047761506
562871	48223.094799474246
130238	108679.09873629284
45251	655.1639341554046
251077	1450.921045194663
114375	1199.5161868531031
315085	3992.412995117635
133330	163825.0645066609
203988	7722.5159858383995
406752	155825.97729181268
228577	266705.43399125704
513766	265050.432534602
362217	237446.3940193517
415988	620.070741210676
87798	75940.7991676507
114427	119288.7772071248
563466	70112.86892493356
366351	49220.42763306617
360208	120662.38875871318
243474	49044.81301678273
255763	1470.965199725075
440596	310769.7477360141
416021	1023.874238885429
312311	2637385.8438276183
507674	207832.88357707037
36125	32401.039884598922
484644	3105.3926580551683
458023	117655.14889019635
66861	1751.8528519980703
190088	118616.45991638706
510771	342.492385786802
285494	14780.68925314576
89406	29644.050681296303
68418	1067.931156442337
439109	60435.52884183788
461638	383.5524698005002
490316	298830.7857365654
208730	159594.4598468002
157022	2079.0744849760144
463078	243.6085844569538
466153	52244.8496066151
232852	25590.490510201886
532346	314.5694426392666
86402	98529.899324436
313219	4386.167615031187
86414	35755.07339044063
414095	2586.9624776375576
61328	682.0943818244704
272788	48.13810812989706
134039	401531.0960320228
312222	431661.07040021266
298403	354.7906387103165
94123	63340.59309849823
313262	7843.318786955614
32690	224379.34400712803
541620	9052.239179376413
317366	4314.808609436813
464318	564.9894719966285
253375	981.0361011601532
490435	762.0232810268499
54217	580.3690172572732
479179	1690.9368744693504
33234	235943.62084466717
90584	278324.07125005196
232924	106507.09695073226
72162	329479.61526983953
383462	584605.7998505882
240118	158599.41135371028
391159	1704.4317759151727
102911	427076.0186178286
