353284	27811.253925742603
120326	345286.269137751
537104	976.0491206350288
374290	459697.77621920215
262676	2555.5630236618535
262677	2892.1524788341117
345207	14.917074448963234
387101	1764.4961869596843
374307	20475.97151174906
208422	204882.1620258885
55857	237417.40237620508
48692	11673.853095110657
374325	282.40181456895846
367673	1406.543194646018
329274	635.2997752374271
216638	1731.365136344811
281670	1701071.1750424628
223309	43992.950263804036
323664	216746.21615872855
413265	214.66775329255404
508498	346.5858601320573
130644	64657.071966605836
198749	364357.57934458944
83731	426.76861844873036
410228	93053.04924792971
277111	99207.31499687929
437884	88455.72683459408
188541	58519.192772383605
373886	854140.5797002694
175231	30742.338327085614
439424	59172.772791696174
64129	147.61369606464356
403591	377773.3121926241
373887	542334.3065194451
201361	10122.596151045027
277139	12150.619257956767
182421	197.27705507131324
358552	4625.0609308271805
329924	1495.3178583008635
152741	160331.16011024668
182449	255.93762119486138
87732	455384.9551471166
26307	1040.66250998933
211652	75460.7894590849
304843	10494.540718307759
488148	15864.387228449152
470756	5.462609957092673
414961	16454.28290612166
155890	678272.9761366163
494292	399870.38307180745
374523	5616.247739729185
516363	9492.266065124064
98576	2769.8110784570326
163602	839.5906419910766
234771	3160.859897674854
410392	1106.2441539664312
509723	1401.9063302204531
345885	30853.70187876062
349474	11070.674962453522
200997	1959.3300748706163
567078	6550.473699541758
504615	1419.608323899284
284970	77924.07047008103
245042	701.5990536835494
233780	47199.360744936836
245048	390.8732232458268
503092	600259.0868328838
403779	608537.9918736862
356678	6211.09052958141
190281	842152.4449372179
217931	173228.27782996357
139603	56288.54538357946
96826	2072.7695677076463
116062	326636.9119879005
384360	849341.2245737636
160105	1061.6392840835688
518008	1249.2742824888182
312697	1748.8908419157513
358549	2803.1404466351783
480656	24654.91969201078
55185	26432.88411486224
347030	1122.0987574243939
478103	479.1248955949527
37272	23818.50836002115
117660	6263.9429161058815
495009	787471.8219022829
478115	484.53016605931947
311719	815666.9935429269
349102	678.015051491297
207795	10760.947247970465
32756	309799.9086355199
228282	372303.00058281986
247739	182628.1597725866
257981	567497.7053676664
198083	13113.273551320413
363477	735257.2915694239
268249	181.72144321960022
387037	4087.3854159133966
180304	407262.831695033
233443	825.5766782431361
532675	29413.983086661767
87121	9427.302861208447
349161	3227.398401565118
234484	2481.010507971438
164341	387.22747459971504
202238	2314.5885237147677
