319490	1571.0431746356062
7683	0
171781	7324.926475363482
264711	4123.29024572669
130953	77.18324607329843
158858	569.7989528795812
216587	3198.6753269971
348930	1253.057278944244
555373	2374579.9034254346
315792	365.0223470821096
85806	14524.451657041078
282007	3974.2769755819854
250265	2691.6497270016885
505242	320.75663356182866
317935	2030.9430636481381
182407	35725.86392250956
514463	0
74785	74.10157068062827
402210	1108308.3607977107
183931	20156.908159416646
233457	96266.28118397798
271270	42225.35484267335
239527	15938.456922405605
394920	440.71769039779787
526762	546952.176090128
194695	244.79375775894638
316973	8436.02669062517
461102	43.2565445026178
355632	545.2303664921466
197818	4560.0083778566695
443187	109982.25
326196	442.09200759076725
455095	845.9365926628601
564282	323.43726957304426
290123	1333237.761058615
474686	111.61884816753926
368191	276.27306533707565
263776	878.9447235685221
149347	91268.41195223702
321859	1216.2189576226351
398148	2383.672958972582
410565	13033.060890782059
456519	79.55003739715781
209097	41742.46191145082
345281	1041.6839082766294
551378	50.12670157068064
66252	55.13089005235603
394919	175.9369392706642
202702	11259.060520820602
31570	383.7491353441908
213050	238.6159793814433
370642	31761.820433620847
527830	11546.233685365032
369704	3707.934031413612
323801	925.9986671288103
547547	38.512089841852436
369245	6113.097240250538
233440	687.0157068062832
322017	1424.2057623000164
183907	1453.6743455497385
54182	90886.09159186462
319335	4119.7759094135035
89448	373.31187561396865
291561	336.15706806282725
465515	181.53612565445027
279404	737.4717750040485
111482	4349.954450261781
275310	1266.5047823884117
465519	13790.730112903651
322800	76.41989528795813
478577	534.1987704544212
420594	5831.730271196534
218609	399904.9431648677
372501	25240.538599339605
200437	76.33507853403141
322039	4728.526272050724
325122	4827.284304358136
65658	2136.093115773271
452415	9072.763588427024
552958	2772.227872019288
103829	216854.8490098266
