532484	2012.08498621875
183820	1348.9610847264435
508941	1243.625625
424465	413.03047112462014
148498	42544.43971789513
194588	2306.611474639058
550429	36168.85687499999
375329	1472.530056454217
251938	4309.793693505801
73252	3864.2773817439206
469030	5823.413437500001
358445	23340.824423437498
492078	25737.614999999994
226351	19709.987755509115
18487	6242.944218750003
570975	35305.934280490124
285247	2537.3700000000013
158786	2095.316248746201
406085	22.139999999999997
59480	149108.58863074175
157791	515.0829939209727
48224	452402.64446238615
570385	4288.010512970175
163945	2128.3493488506847
147474	31725.948557812502
475250	272.92705167173256
428649	125.6717781155015
157825	76.23100303951368
140420	303.3616334014058
439448	113752.61767968748
20847	417569.18288906245
578716	575.0860486322189
570027	2658.9936234374995
387260	804.3425679141336
236221	850060.9349999991
283841	168565.15605937515
81090	2672.1418284574465
359969	38768.17499999999
474830	3628.4700911854097
551120	39462.986250000016
434388	24152.0044462386
187106	35706.05173347265
103141	1213.7623057750764
458475	1564.9518953599927
555244	1901.1248437499999
188145	1543.919528400456
143145	1702.2744703125004
188153	658.226841280395
132352	12992.41034954407
56580	17.229105903875382
451846	78959.86874999997
441985	46500.52135781252
79628	20177.9853890625
446232	6732.001551576747
221982	8424.743230908052
225056	19964.959867947382
468265	10232.691200607898
193838	582.3815625
523056	1046.0805775075985
424759	244.27235243161095
377152	1087.1049234375
394059	16972.617923437498
110930	8888.85950180471
225619	0
460632	2991.6432421875006
449889	9409.015693270328
140130	16193.553678704411
58214	1204.1550000000007
535916	1674.0053343465042
535919	608.8849767287235
574867	2038.1095440729482
566132	63931.432158054704
234358	834.1184482031251
581500	355.36840286854095
425860	1119.5968626519757
466823	670.2564766384878
450200	137.475
390034	1198.836883073708
437651	304.20433357237846
544151	931.9820060790273
451482	730575.9429468754
550814	111367.10801249999
182691	17947.893693009122
249764	4852.645929426291
60327	2655.0950151975694
100272	12583.499457161859
474264	2450.07713656915
227772	500.60658054711246
270271	1472.3995036664128
382913	9737.542838650501
83447	4664.029618142098
158671	1169.769345079787
498137	15.045592705167174
498139	153.17357142857142
426973	748.5685249810031
375274	2252.1524002659576
23535	123.63890625
71159	1634.321097549392
537086	2196.4064813069917
