272385	4716.564923489799
62477	841.3153499323498
108580	73271.14202146711
65068	966.7599970911382
567347	1003.380400171226
66120	1328.9164715847571
414794	37447.07250680231
480339	1180.971742980636
267961	4207.51654229861
239196	2180.0216752464644
88160	316639.9069025708
359523	8826.510388649303
145509	3559.587971658418
264821	2547.5917152857587
43639	442.60711739822
23160	2288.525502079789
564345	2549.4033644836295
558204	134.63801505426798
239741	762.1300137905813
414850	8421.130197576394
577668	956.1885830691656
219781	97.44317957159005
297951	746.0572668307622
219784	91109.82852638548
219790	161560.87548724414
461466	226.14723500582042
414875	63521.02888761136
414879	24962.839795390908
574625	91.75334344677243
265900	173.16284939774445
24749	19.008687885372453
490867	168127.97971178335
543415	5592.355671453861
543417	9292.44730439393
576907	2550.3970157207573
19648	3517.8644915523378
249037	2246.059213879623
7887	1683.9392788273567
539344	2367.498359861326
504532	1149.2741712382287
127192	330.33051872399415
465615	3435.887778801021
254172	355.5496428256117
427229	76.51289262003152
383711	4007.8031629814986
215787	315.5577622409115
177909	1495.753021728524
519415	6618.157337611437
318202	5844.667951812152
231682	727.6963750556015
237832	1894.8149578562397
271127	7299.935391792973
271128	4863.4525545156275
207580	2659.293284961214
10041	13951.812928835894
533819	4743.3077799031935
533820	4176.567184368403
327489	447.0836607349255
341315	39.10715207557875
509764	117.91549295774648
65349	641.8943274805816
495438	3983.2170855719023
240465	1501.3447117770581
177499	516.4868524100021
345960	1972.064913922537
297959	1890.521700343552
50545	0
427923	1370.0167599036204
73079	594.0767108751992
526713	2033.9089803917282
397182	374.1454175678689
457093	2054.3974996895167
237958	10279.571614639284
420231	95925.7784298923
184201	2702.181719700255
427915	2296.0628917594986
184206	1580.1419483964196
427919	1092.3218083960812
360336	1313.7776146329657
201112	269.14327063134806
184211	2590.219262958992
184212	642.8562512663543
323992	3106.2081286523717
201113	61.491073807620566
62365	2140.3600756164683
543134	623.1878723646369
388005	9807.940915757732
580518	356.86589917013396
346536	4665.836407916406
461250	2020.9321165650426
461259	9410.781887332096
461260	2165.0806114282254
376272	5061.634862705482
199642	4326.709054093537
177116	10620.835671119155
297949	23.89606396949413
580517	3696.525321300293
297958	987.5825692140204
31057	16555.645432528658
297963	2284.9641412450637
160753	399.5381510919358
542708	1394.7237721647393
464377	1623.6186061801736
497663	293.05168746358856
