441344	53375.37417503047
460290	25656.64596273292
504835	5066.135986733003
242694	9223.277401810821
520194	6084.280873067376
183822	14366.036896264019
196629	1124.7612867340313
132632	12458.385093167703
194074	6821.757877280264
310310	22279.278967481434
310315	32242.12958197518
310318	17064.698865918854
285232	4381.091231214527
14897	61069.891223542465
212024	117179.04676659536
395833	34514.83669679018
476219	11586.069651741294
570936	27931.954022988506
206418	18185.189168031484
231715	36002.25538971808
224886	7934.67321776212
581239	24163.702425120064
262780	12324.245439469321
535914	727.4134503466106
416385	1895.2900095794319
305809	137375.12957806812
407187	60081.273037965744
487578	25088.23213126912
305833	37517.94132784353
9900	2073.610643150351
242358	934.7263681592038
400056	29974.464324341025
581830	6799.508248718569
308423	16808.10451916899
549155	11900.817167819783
295137	20498.805193911936
367334	18774.0258087019
3335	2242.666172244368
282889	26106.02727065749
252184	839.8673300165839
279331	3913.1853689359996
183590	11586.900750051409
262439	12722.206174808827
196399	3113.4991708126036
150840	0
350523	9869.785760992994
396092	49612.70371210983
404290	7707.504712462531
286531	1187.2467888301762
482117	35952.811852780076
445767	36835.65078867815
546127	10105.43431908779
367441	2753.6318407960202
141091	20938.806176158545
193375	59838.94605646714
193892	101909.21626606747
231269	5281.997196142512
33169	10500.539126314596
504682	64381.23320713487
35701	25422.519699638455
310139	772.7618635600465
504702	38222.84525114842
171402	35957.55137356695
328077	78987.36661519989
48528	1113.3665008291875
212369	135475.09042919907
150944	0
199594	358236.70961960393
470451	144294.474212787
420789	12256.23600424379
308154	9656.488983653162
27637	11944.298937951067
497095	231192.74733635318
422874	6192.697382651957
256987	2382.46144028057
227296	4647.765768856864
359905	3441.350609130403
481762	6234.696496812005
257525	7809.973108683753
36346	16006.017119372085
