182014	2058.5540383823277
372228	642.2088169497428
392712	516258.30160956393
446479	1232.164713125694
31760	1145.875461486826
477205	13797.230531413627
513616	73139.25110020906
164890	999.1124468808421
415777	4523.9502064803955
304902	848.0202404377407
473130	39986.101032146136
473131	5022.029328604155
162863	1238.7249492095539
353840	869552.7256692934
144947	652778.858154463
450112	963.8593042460949
450113	757.7082008998426
389985	57399.59474060304
510538	40959.81557376681
300112	22995.75379669622
33874	311075.2541051419
555705	204672.54401391008
36965	104556.52381471742
401509	2877.5881455865774
169063	1443.9368718271808
220265	2693.1971326796447
531563	446.870029919252
531564	608.4272248782004
531566	475.35973564831164
531568	3028.0070265649347
531569	1613.5853208359495
210044	73055.65201831478
282750	354.0698362375116
19588	329.49926958364455
78469	2620.104221987521
124559	2.2953795379537953
242833	884.857693405239
353941	4326.141551230372
429229	1624.5985403186992
429232	2069.8341267896812
361656	787.6443415785894
177849	13116.430457398026
22722	1273543.548551945
34509	115794.38577484703
54992	6269.092009467472
259451	915.840883578944
42724	44327.74157479911
373990	13123.17201606502
128243	9082.054740511323
454904	1851.4313903072516
11001	63518.286302403576
292091	1468.4804019119217
245802	1490.6176924208119
296702	4278.362539746899
473350	194.20129287261972
473353	38101.328239190334
164622	4477.280117652005
429852	524.5317023825976
370464	12898.195369948757
61734	755.5032952428553
526635	2675.5340750368273
288558	411.4774833124348
538931	2090.565970752978
219961	11238.387554742609
381759	1051.0432842394528
459077	348.25752422779186
57675	4310.353752905396
119119	380.46973716597495
459090	12071.66961551124
198486	2367.5750694432018
57828	4769.528562656667
475999	2162.002614886658
5473	36823.76194235718
447974	26915.263534894864
353937	1942.379494052879
470377	44553.00083404526
294762	7755.937833036107
53100	1728.8003931247588
459117	96.37562774565481
172923	2877.5757310485724
512380	20594.5512046698
469056	495.9240055144424
124803	98.38234983491472
507274	161145.39311662328
274317	2632.4053872548466
280473	210824.1172169973
169888	2330.99344558369
554405	1521.926807165029
237487	1795.0364464530167
237488	96707.49474824757
272307	20795.148057991377
230851	5070.5870178637615
94163	166480.01953410998
143316	1070.9459091821957
164821	1603.8415219724434
275417	127.52898599824236
162781	1476.1726083916856
314848	134215.28547835827
61921	7189.635232862267
331236	53231.23872772405
353766	1033775.4790041607
33768	185216.79818167194
106479	1154.9186462333419
30708	9835.506426206348
353781	16198.894772902164
242681	1333.0004776015521
162814	920.6928431320432
