471040	4036.772295981774
430252	764.8700173265763
540683	2504.4857359936154
451600	95.8659217877095
452115	248.0262702846502
8725	153.16759776536313
214551	589.4492287310455
270877	30459.206723156618
65575	2787.057728635157
2089	223.95673743016758
418231	870.5626853950516
508469	23206.937256914734
263225	475.23922585794094
40509	1582.3115002172003
199231	20308.59883808705
249925	812.8602815642457
177737	1999.212552182996
63159	3634.2688957124888
385109	1334.5215135009328
422329	3713.0725504126513
496218	43570.777361273314
398955	622.3270151636074
498326	669.5739744612929
299635	29366.336295317462
259702	7071.983553094884
568964	10.541101356743816
471173	28075.544997157165
459910	25050.029924465834
479368	1313.2653912450785
361610	706.5827106145252
435854	1310.386171989503
259729	19982.483373608058
465045	3915.5148905544033
44694	9025.82120932002
559256	146.7628840649109
192156	167.5474596354571
459945	46385.13140431367
459946	74751.0437864599
396460	773.5793368250378
381213	9929.365715348567
140471	109.71023977015163
145081	302.4155693003458
259771	39644.89153846879
52425	2914.464534090364
525005	13149.679504948781
290765	2962.73240466728
16593	628.9986644387646
341730	995.0358199095114
385252	2626.007391181145
385258	2866.5006893394884
145134	3961.3356048522282
430325	6529.847785465478
251775	225.78102857142858
56573	4917.068716794892
331013	11438.313690115325
266000	6347.353319073359
432913	9837.167001755035
128791	283.0295854216547
249117	2597.2641479446793
145182	532.0478717992569
518432	79.06604150039905
540456	894.8964236233041
427314	2420.1579527210647
548659	4873.7978856078735
145214	624.6254989306938
416578	1180.5601170540913
64835	4920.573843897013
274244	1729.0036507918553
368453	1399.975242233573
548678	10212.564932194737
272199	1425.6014772619972
25420	11433.596900371936
128849	1046.0291149342843
391507	2042.983768874701
274260	1307.095518287027
272215	1563.9667857371635
8542	580.1210796233041
273763	1660.4443213179225
149370	41725.754306483024
385599	1344.2187505027932
288126	5312.152511096016
280213	805.7232545889864
241028	741.4522395317904
57017	15469.865433415154
273286	1169.8859915746516
580497	4276.393075410264
532370	131.2499906358074
67480	950.1514802072496
477083	9486.21426547357
76189	2896.443916877974
272197	173.15580799489229
146849	2651.5583077858705
458155	15070.616306844335
217161	2127.0907038108544
290745	923.3119096447008
127930	77.02474062250599
495555	1358.6328904739007
470983	608.1183077414206
196045	15.308799999999998
109538	1971.356683200825
258532	211.34765457147574
56807	37114.55269259812
45547	4077.7948686621894
496157	13478.010645162001
