253355	1873.073819307429
531973	62147.118981717445
358408	8671.586784984198
162391	10490.768466068268
529423	1792.860731038197
243733	9061.238358924009
507417	30742.923777104374
455200	30781.360131120597
450083	6945.866478011526
349220	1263.506918894413
133683	8412.56495475315
258618	10950.786013056595
158781	11820.113820285285
257608	40582.69586909723
430167	9971.41492436527
512091	40134.50698869929
202335	27144.63396577191
255587	9658.97147779986
386406	92730.37335902936
20585	21916.790196645452
269159	44079.01201278361
400493	5664.087876066976
142013	16741.817616890996
376948	13573.226266338956
571512	86868.90327525252
324218	4338.9774958813405
354428	10893.360691053109
579205	9211.849612668968
292486	3110.8846634576344
556681	35263.225218494765
203914	717.1595892956396
277134	94355.139210433
182931	770.6496414480055
556693	15173.76825436967
31894	22132.01397035935
538266	27659.74762304349
277148	6557.043982794525
559782	8215.76560292539
438952	12643.056789032433
320172	2775.080854340487
226485	22948.062968640927
172221	6141.695103592506
79557	2127.0808216522246
409804	4150.993531074952
390350	5455.671064370683
498383	633.4633388666311
304852	1004.524539452089
390366	4259.355800727734
361187	9265.225974228199
383722	46340.28504481559
556839	68890.90179728683
306924	7162.475085662266
289517	283.48850574712645
278766	1277.1577549011931
473328	2464.3974916105312
556788	6553.353362588296
506068	3156.7183408014325
204034	7037.089998326971
190726	3457.836668389241
241419	12507.623208225474
533775	3173.5407540945694
431176	5223.839210302795
472859	16830.627908339193
277287	4787.375011582088
570668	254.5524479595858
226626	10658.98912120916
453956	17640.33450339659
241478	27304.51064623446
423753	51699.65065697949
139085	8523.419092723418
144719	20535.517868752617
160083	5195.367972801573
120660	23508.208296734636
479574	2791.7559087640925
482649	6540.024982544799
368486	1172.7068002365938
487783	14983.178327968524
159595	29452.58568690127
222573	4336.173034251582
298350	4493.467540426595
298351	0
137590	13327.438507660909
225662	31792.778784998147
125826	6653.622817471161
531337	58917.94578472668
291722	11869.779823192108
161678	5795.216329214151
437658	3901.1030553914406
2463	10892.39910855517
329643	8733.696226128059
566856	2227.954885151842
262579	3862.7256474166434
102836	252975.06984946254
210874	31951.336935214447
468979	3528.7271568525125
121796	13149.095148226861
552395	3344.319903118502
199646	4189.112052121544
233444	68203.33696040249
501739	43465.856885753565
185836	363.0198046302936
329708	6669.079449858111
497136	8109.26523118243
236371	937.5968007866048
393719	6441.2461247776855
24916	112344.55825340244
58707	2598.9743221529334
