135168	8207.76299075886
545289	627.1799687010955
496148	9142.68724302873
578585	916.8275089131279
19121	72.8720394551587
299561	22435.646837682445
99376	2538.311268890068
94217	1077.960122108707
459896	39967.87386854212
198202	1380.8246093389946
536128	86.26838222316354
534091	2571.343766752825
206924	937.6086800266125
578647	3802.3812650564805
63580	3268.621056644973
496221	15417.819786405318
403728	767.7281113582078
256187	5762.953764800892
553575	5388.0651613803175
426090	3362.356636358484
145795	9526.318110416885
469617	378.9050884252886
426099	21500.039158584117
422004	54296.65189005452
545400	1642.8444723966315
272506	103.62744411269186
426116	31899.91687135887
371847	7104.260460947688
127627	456.03265203021175
329888	130.95287245099092
386723	489.74250767764477
105640	842.6358207725889
347825	157.04812500735403
514740	341.6027568922305
258747	4189.836844355269
471232	21013.901362765017
57036	42747.121598009115
525009	2210.015605552424
551634	5643.600705119069
61143	1634.5241060666935
525020	14431.850003597317
506360	2394.517155564968
215783	405.7519263161667
63211	937.2341152176216
191212	9561.582853286855
215506	1661.7879263887423
52463	768.5762915989227
249078	5497.3201693083365
376569	15158.497950897676
465152	1313.824247122053
421952	36789.132792701756
381197	11321.270612857976
381200	43161.41918920707
67859	49.380808241260425
403231	857.417782503916
501032	47435.88404172077
215516	3118.4943130096867
205612	121.57773835998447
433475	1340.615943010188
558930	753.2475738992681
310617	380.84517926271076
480609	81720.5223699895
24422	1136.7689678791205
497006	5226.005317970419
201584	3038.7829440596083
570225	11496.96522997635
128373	104642.90556055892
68475	843.1914057444083
384894	1731.2457295415275
224129	629.7347682586748
582019	77110.70365040368
266117	5426.771312824043
199046	332.04699248120295
580494	8457.942767717419
244635	234.41704613646795
177052	16.010651629072683
7581	3.31924882629108
82355	27243.455057013613
50100	844.8055868131428
461753	468.7229311665269
263098	4273.421044540587
477115	3279.8824711410734
263103	6744.053252916055
459851	3259.6876157395254
529349	1793.2513396301201
333254	303.27159123954925
187848	1869.1155301260612
462801	23536.423844382072
71122	444.8039796971195
445912	34339.94447445512
333276	1243.6810945256618
201698	717.5792885970795
261605	1985.7505067128814
110058	46341.23656249359
147387	1422.2070108477299
24061	44880.04457788376
163824	101172.92287751776
94196	2601.653505711833
201717	3650.4707602339167
459256	840.3388738544836
428541	6590.318885206954
