466944	0
222216	0
204928	0
274960	10894.809523809525
159765	0
396823	0
265755	0
395293	10391.333333333334
129060	0
456231	96086.09523809524
75816	0
253486	0
222255	0
297522	0
180790	179748.78571428574
529466	4035.5952380952385
61500	0
12355	0
325717	0
239190	996.5714285714286
388183	0
127583	0
467040	0
185105	0
180328	0
295017	10056.547619047618
11885	0
414324	100579.75
527479	59218.14285714286
575612	0
312960	13580.880952380952
289921	0
265866	0
12941	45756.642857142855
110741	0
356502	0
222373	0
547502	0
119480	0
44732	0
499904	0
453828	21602.761904761905
506054	0
384736	0
136934	0
107239	327899.25
558319	0
410408	8945.785714285714
516338	0
1781	0
24825	0
277242	89234.66666666666
233213	0
551169	0
478337	0
135434	0
509198	0
199953	0
276243	0
360738	0
115493	0
162088	0
23850	0
504621	0
391472	0
561463	0
490818	165307.5833333333
16199	0
280404	4980.261904761905
151897	2382.4285714285716
151898	0
90459	0
461660	0
223070	0
383330	0
340324	0
162670	0
264561	0
235896	0
266115	0
347017	0
531341	0
313748	7020.119047619048
175001	0
235930	0
434586	0
301983	0
451492	0
300968	61408.52380952382
224172	690636.9761904763
129457	0
512439	0
512442	0
58811	0
43968	0
201159	0
289740	0
271822	0
373718	0
129785	0
402397	0
133087	507912.75
402400	25887.5
466915	0
224228	0
63975	0
27628	0
536055	0
215125	0
