212629	711.9009762900976
168580	2156.6443514644357
108423	2757.1799163179912
275081	2488.055788005579
393741	0
341518	109.11018131101814
227343	9.772663877266387
13584	449.43514644351467
134801	2210.8772663877257
393746	1907.2803347280333
499907	198.13807531380755
225045	114.80195258019525
413718	298.979079497908
409111	2495.143654114365
16280	12974.016736401674
256367	2175.652719665272
244251	266.7615062761506
112668	316.3765690376569
9919	3132.192468619247
231687	433.6485355648536
335649	60.032078103207795
16292	4602.709902370991
171301	124.03765690376568
102385	966.097629009763
422568	376.6234309623431
379305	462.42956764295684
338858	23.411436541143654
140971	5923.523012552299
340908	71.84518828451883
396978	1505.2050209205024
416815	2317.839609483961
413744	2521.025104602511
70600	647.5732217573222
70322	173.43793584379358
209848	1626.9874476987447
70583	66.69037656903765
83162	2984.3138075313814
499905	657.7754532775454
340664	15.357043235704325
30655	29.21059972105997
554377	5871.330543933054
9921	5217.206415620642
499906	90.9609483960948
123971	1684.5495118549513
379638	67.01255230125523
120538	521.8172942817293
209737	480.9009762900977
435440	1717.5188284518829
1358	250.00836820083683
365133	4938.202231520224
409169	1504.023709902371
108499	1231.4630404463044
143004	207.80334728033472
211927	3492.384937238495
535989	777.1952580195259
117722	2043.2384937238494
515422	5934.799163179916
123871	1088.4170153417015
15456	133.05857740585776
445456	468.33612273361234
302565	563.4853556485356
235880	463.07391910739204
238697	2561.297071129707
7539	26055.747559274758
341868	108.25104602510461
339346	16.753138075313807
162415	66.79776847977685
239728	1449.1464435146447
89841	487.9888423988843
376434	6909.595536959554
60275	2386.033472803348
7540	0
333558	1245.423988842399
513912	1641.807531380753
386477	261.7140864714087
338751	146.26778242677827
376831	268.9093444909344
