326657	5010.6882067851375
21506	50275.52665589663
123908	102.96445880452342
467974	141.36833602584815
483856	539.0113085621971
80408	7144.953150242328
371225	797.626817447496
123930	81.7269789983845
262180	4464.75605815832
25643	6123.043618739902
548402	187538.07431340875
203323	117.68820678513733
415810	624036.4410339247
564300	638.481421647819
70224	0
246356	55288.96284329561
297559	2473.080775444265
487000	142.79321486268174
561244	431.36510500807753
20583	478.96284329563815
90741	4672.3812600969295
11895	2300.6025848142162
419967	26945.815831987085
5760	43023.80936995155
187012	150.4604200323102
190086	90594.50888529886
190097	195.54765751211633
562330	996.804523424879
254460	101.67528271405493
309919	135155.35541195478
197284	58.42003231017771
231589	96390.1017770598
16556	324.8384491114701
1713	25439.515347334403
129721	327.7221324717286
6844	2416.1873990306945
266432	7600.9143780290815
534209	47588.23909531503
79561	109.81744749596123
237265	69.00484652665591
290852	228.1502423263328
327389	3047.001615508885
564449	359.47657512116314
115942	1022.588045234249
452332	1321.2358642972538
434426	425.76736672051703
17661	557.0258481421648
225535	0
59137	762.6833602584815
282884	1429.662358642973
146704	1544.4668820678514
91411	1310.583198707593
390932	185.84491114701132
360214	6593.42326332795
146203	209075.01615508887
329503	349.06138933764134
279843	245.2827140549273
539945	222.0096930533118
237448	12992.554119547656
146235	327.55250403877216
526218	15790.744749596117
151874	5971.226171243944
178499	50.48142164781907
385367	4123.633279483037
237286	14.689822294022617
196454	239.48142164781908
500583	338.3747980613893
277865	3185.520193861066
59755	0
494444	323783.4620355411
75300	32662.70113085622
225139	9.940226171243943
574441	184.0468497576737
110972	39494.52019386105
70014	9.397415185783522
296833	108.86752827140549
538504	868.8707592891761
80777	77345.00161550887
447370	238.36187399030695
362891	426512.6462035537
115099	508.8852988691438
572319	0
572320	0
8610	204.30048465266557
446379	459.93053311793204
402349	57662.77705977381
513969	1043.5201938610664
457139	2676.736672051696
575412	138.31502423263328
292798	0
406976	18299.752827140557
382921	620.772213247173
558548	66463.71082390953
279512	229.20193861066235
279513	330.6736672051697
279514	190.39095315024232
248285	32391.974151857838
432095	66250.35218093703
311265	52791.86268174475
189988	17634.09693053312
20455	1953.1696284329564
240105	115.7205169628433
70127	0
436727	76.02746365105008
422908	2619.130856219709
