203266	5826.545841621202
523780	7877.565897796739
366597	71052.84418051869
185872	9720.524801974885
291346	1558.606516913189
308247	565.2810772666262
409121	29614.546756495183
244771	35227.52673069242
497189	14552.129732998055
194093	86365.72065782842
413230	341.9851695823166
361012	20934.179089211153
311349	8855.590027723354
412738	517.4119619899385
460355	17137.326727955424
284740	33198.71902939776
206417	53044.57278906758
194133	7894.362186626411
538201	19992.109946283068
14938	6256.699155411906
470107	116.11123532699833
3771	8213.156698758783
141425	40674.784360559446
405623	1238.6764568526874
392832	687.1105083825394
257667	24731.677666445732
489105	66649.58866016692
466077	251325.73978391234
487587	10508.98729411191
242344	3929.392575970232
236717	3291.9666844232147
408752	22538.163031058113
534196	758.6935309763106
198326	517.0176740717616
242363	12187.576974925736
449725	55892.666403811374
452799	34937.97213342561
507595	86368.09054900258
532686	25072.407722314732
571601	6762.241034638403
32979	100195.78061760878
149720	24332.5081141578
183014	7914.435997764117
87249	23551.496460837738
301288	22307.53979066877
419561	1217376.535598226
34027	31255.580125451103
266483	81717.3017244912
479486	14.62437115707099
491777	35802.5040108629
539395	23961.254899446118
127237	1.1688093907210733
464140	9727.9454422553
122637	4942.463657359546
538386	13497.14878838941
411928	2951.856791315953
91934	22488.092230296254
497447	285396.7520600147
73002	109.11605461842768
436014	14191.790808594335
172352	3175.2415079030184
269132	2478.4034335300944
411983	7282.1163229998165
149843	18375.230112641988
551253	5268.018355973191
533846	1307.1855140989371
384856	6541.126648176085
487262	36754.06394921648
151398	91224.17267808656
436584	35704.6794036209
274793	1798.0863356024804
495979	2353.885215970382
274285	5350.707037942186
277872	734.0917739227755
486770	3046.0273620768353
289652	51076.70980245817
135401	639691.7102528882
290179	530.2175293710272
491912	26578.237008291984
453525	662.7028164093011
550812	4313.151542270225
289698	4946.251736737252
172965	10481.663026522525
442280	61464.2111119904
35247	29276.036287478386
278003	1885.8352426052015
230326	20327.229487357145
508860	200767.2378575408
346560	25587.36072898391
442188	173740.61959909849
143818	5837.078222539469
132567	39264.81031848238
212451	3749.560673743635
481768	9947.860629357485
37357	13550.865922851923
23536	116.92878133892283
297458	339.26830631637785
497651	29006.056106411663
390647	17694.38343160951
203261	29511.719848617882
484350	27357.921617792366
411989	11431.414348519815
