85008	12380.446766329418
85009	8543.245881956747
85010	10578.130740735316
85011	10578.130740735316
85012	13965.275991624812
85014	13088.549154428452
85015	6543.5020806184775
85016	10651.604257873703
85017	9173.503820079944
85018	10337.078606673795
85019	33177.01777330128
85020	9092.656790195757
85021	9242.338703017704
85022	6011.790526670278
85023	9510.677493886993
85024	6011.790526670278
85025	10962.471019224859
85026	7556.695093488735
85027	14314.389328960271
85028	30152.645321401957
85029	9993.4673089594
85030	7480.865256160594
85031	8697.006052974511
579628	22032.448043105847
579633	144353.57412601155
579634	716306.2425261802
579637	323216.0932157766
39995	0
49212	5809.377231796419
39997	0
39998	1554.2524913246557
563552	6036.021916043165
83539	556.2386634844869
83540	542.090692124105
579670	42721.101330951584
579675	25918.974807092556
86110	18120.11626865016
86111	1697.5165761307233
86127	3170.7572748436965
19480	670.650388743283
547474	3683.8238399929714
557466	75004.7375668038
85791	1694.9284917346297
563391	30936.690583773812
85793	1836.158777105876
39624	8183.905682533637
84693	11305.214263090851
563578	30995.00014349093
563427	39298.59665871122
20716	155412.7350835322
86256	5441.959050370557
563444	544359.6959866466
84351	84.14319809069212
9472	6267.315589264537
9473	2047.2959690762405
84761	327.53612018097425
84254	957.89669238766
84255	0
84256	957.89669238766
84257	957.89669238766
84258	149.17300613496934
84259	957.89669238766
563501	67762.82577565633
83767	4592.87828162291
6971	1321.4177840900772
83276	3056.742990175264
85841	2723.440479084001
84819	3276.372315035799
20820	463666.43220423465
84821	3300.945107398568
563549	31969.814404732275
74080	111915.26751687484
74081	23491.83770883055
74086	82119.71048801557
39996	0
86381	35708.77071613687
85376	0
563571	17625.975489406563
86394	62979.76075083826
86395	34093.48992781527
86396	524188.4543178671
563583	8566.044657891269
84352	55.8472553699284
85377	2202913.701796257
563587	20191.21268576951
912	36026.1667716005
557459	35310.35799522673
82842	21154.528828036677
20380	916.3914081145584
557469	99733.94335915195
84894	526.6100004392579
84895	297.7603584344847
557472	524348.9994144769
557474	17181.05521472393
85930	98.53937947494033
85931	351.9618138424821
85932	470.3579952267303
85934	3453.121567025753
85935	1090.8684363881284
83889	77040.12891989555
84410	168.03818615751788
54204	5399.929976426491
508871	66245.48225914215
579679	35384.70588166391
