431872	647.7082818294191
387968	9.517923362175525
388227	1117.4585908529048
65366	170.6699629171817
342081	330.24474660074156
388232	950.4326328800989
307721	1591.9950556242275
563210	17020.168108776274
495374	537.5723114956736
473235	1661.6662546353523
388500	0
510107	2125.7058096415326
298782	105.40420271940667
75120	310.8281829419036
563236	306.3139678615575
48934	7205.829419035846
340566	28.553770086526576
306730	838.33868974042
116396	9657.265760197772
515759	966.0964153275647
31281	350.64029666254635
298838	3209.4981458590855
162229	6293.9579728059325
555191	386.53646477132264
89914	640.63782447466
114140	0
116661	365.7601977750309
238528	561.5030902348578
107201	6705.567367119902
529606	1279.3720642768853
117326	10146.541409147094
477776	3691.920889987639
338386	235.88133498145856
500310	2550.966625463535
339676	147.3374536464771
116325	341.50309023485784
126309	592.1236093943137
163565	22920.46477132263
328942	2424.786155747836
339953	491.45117428924596
272243	1867.9604449938195
337653	946.3535228677379
21111	5.547589616810877
4474	106.98145859085291
