161291	1364.7651593527212
202252	29575.02505669754
398865	6625.88459917217
398866	3500.5720890464713
178712	2735.0318357272618
79386	6657.516006699476
531493	6001.578654520188
39	2272.657797929756
327720	16350.804449750158
346157	817122.673781066
426544	6810.514596197675
437811	12502.821816889096
345653	17138.006521917298
532538	15189.987119130488
235070	5944.1167113396705
447551	19526.8307306287
378208	3242.375635416342
551863	3218.0520992112884
160856	3542.2776938857287
203874	2134.3120263010837
160879	6052.519018788545
525936	1775.2746175546968
390577	3642.518211374023
487035	6055.897702752275
569472	2522.3601283762964
278659	1983.3956869335725
434830	45055.88022216092
442513	14662.237319563468
345237	3508.2961574834753
278683	1332.31424404812
126108	12984.17165749012
330352	20702.56502707582
196258	12596.115712580611
537771	2132.5712593555754
337069	839.9822064925794
543407	1325.9909733874824
321712	65125.37733535881
160946	38856.01325806391
361140	1259.0871269620466
390325	6344.641177111281
161462	35180.33726944731
211131	2486.6819933522147
159940	8396.145716100218
344266	611.8055142638499
278220	5914.710377355044
248528	582.7578059556027
528600	1608.4018741699738
363728	12383.835093003536
553699	4973.278628849216
140007	289760.7440698615
348402	22757.86450791006
255732	67764.73194005799
274678	6461.774548946752
406263	8763.498797240158
262907	2723.9388787722796
262908	1941.0423539127241
351997	3192.858942571394
12543	4026.1232646044314
313475	10766.5315236102
353046	3382.7029123104826
269081	25573.809422855047
194334	17295.081280026832
402209	2457790.6899426975
546084	4335.498660030451
186154	1924.3900114220212
418619	71944.12930120273
345918	22160.832880006343
181360	11937.409698331034
345934	6352.088388833847
232790	95062.08811269129
448347	7486.92746899627
222558	2726.082538872437
222559	15910.471857801353
412512	6009.812901913018
158054	15502.066544151197
98151	3359471.8167748055
208745	767369.5105237236
502128	9621.6016290627
354675	23391.621837115512
291188	878.5096736281066
160118	1479.6882728745209
551808	2143.369696525626
194964	5512.772099236422
291734	2109.5780017125417
197018	3899.144857242059
352671	27205.827669966915
24992	9719.578850684607
234401	14603.089319180961
396706	22390.817819967844
381596	43048.00784927786
395178	17472.739286747816
334766	2433.847701575779
148401	5447.992349611917
159159	8788.039449860027
158137	5280.455946931254
159162	19072.286980595927
81339	2472.1161269363556
521660	16052.321423242842
335815	849.6148136577148
50679	2401.338176842306
346572	10428.485406484637
160210	2979.9775427014974
160213	3635.3565539184397
420315	1690.5539434609009
301035	1219.1925073885038
248303	46562.62792294484
332274	2202.5863095773343
133623	4746.001194562362
356861	5494.344524802111
