570626	2276.343909103984
455698	1489.4873902892407
216088	42631.67394233191
345632	3813.169891245803
87074	13572.047859712913
528306	5360.5484335693045
137784	3394.865999525316
188473	4836.217330228871
188474	6199.805196377885
404545	1808.8136245090532
389703	830221.1712605528
388683	755.0510797393376
528463	12467.49322454726
95326	13242.280567411135
476256	2649.334853665979
222305	5565.448756913521
117858	8162.854006335195
137832	12669.696662409475
325225	10668.141269935608
68796	2170.016370088601
31876	13688.602572609982
518790	64985.123124259335
103566	8327.169984068547
169122	1966.0815219760998
317093	2192.025905195139
208552	258384.34186780886
277788	2238.2994625268007
397482	11286.231873993678
318749	3170.587914161239
322739	1290.647702782289
461498	234.30666796162606
262332	6942.7536322439755
359615	14036.841354176348
397505	8237.7254433424
337609	1877.5247843936058
417482	201270.1457509982
51407	1339.0793091994306
50896	9713.941101421626
527058	13101.512613478248
220890	379066.9500453188
201953	2980.5925698304995
405733	35.486224869694716
50943	20903.672060196728
375041	1270.3614194757722
552706	11861.419479270256
110862	428307.3057360341
398607	2277.9528357112245
270612	27799.694859560273
55575	19709.47091288972
234265	2754.4011275773482
365852	878.6015744723157
397085	19721.413021722285
248101	1752.8556026936405
317734	2302.655683381858
176940	10860.503417911117
48606	1286.5584633375524
323395	7314.319804813083
397129	602.7700046936791
318286	2423.775328505257
91983	2984.1916740759593
209542	206264.67583987967
456023	5153.816659701016
343899	1143.4632419608736
361312	8033.432349911348
385377	72372.06243016169
398184	5214.312294336589
378237	1930.580177587308
51071	3919.7011557661226
346497	6172.931751158327
1926	3789.1557530099712
252481	1549.794785303997
398731	10455.190392148023
501145	8666.506405912092
208280	88299.38482850663
49561	4092.6801065702566
26523	5112.345093456203
49565	1933.7608690405032
256939	41453.28674472124
528305	3421.2585919404014
317362	6675.073605479226
582067	3477.0504606775407
305089	2173.768198347711
146888	10737.403396137735
135113	84598.12351799343
455632	25290.215562982365
339411	3478.551821221964
321529	531.4937130921725
527951	13072.343232419704
188382	117264.01399268652
479718	2657.4217845765884
159737	12309.853609454365
461823	17568.786983020553
188413	1161.7759255008853
545791	1010.6109035030694
