49158	3648.192624038206
444939	51.925709737330855
232973	41952.15714985054
364717	400241.28977099527
413715	1347.940498389648
97301	371812.20912847726
334902	1031.1629778672032
469051	305404.4448190869
62013	314649.795122019
458080	151.43751658264793
545858	49.08045780653675
312390	240237.43069934606
383564	813194.164043961
223821	792.1287459434238
9828	223.5573440643863
547940	164.16901408450704
315499	392.8305390848674
44653	1100.8012281916492
18655	6442.858043992263
75377	85.2958344388432
554112	585013.1525603606
397441	4714.106777037924
397961	2540.210754577878
397962	1168.7460811566132
6289	469291.02006467024
397975	1041.503267415584
397977	308.28973843058344
467613	140274.3929621774
13986	920.0346606035789
316582	1092.2356062616077
397991	74.12257893340409
397992	0
398023	3690.465784358579
50861	25.81321305386044
397998	926.5833216331687
492209	28.282302998142743
527538	304.5070422535211
398006	866.280380078294
51895	2344.1472085364403
308506	16413.71833334846
398021	1159.9477747354383
259271	317.2406473865747
8914	71.94994420275968
244948	41.750066330591665
280796	92.25417882727515
490719	174101.99803330452
221421	170911.51315214194
462067	9114.07262999595
399097	53.27248607057575
71421	619.4154451783666
49918	6567.612096564529
414469	130966.32632942781
262	382235.91184464184
18708	110.4107190236137
499989	9.352613425311754
499994	17.25868930750862
240927	357.9177788941128
315180	271.6781773154181
55599	2865.4405787337446
177456	9.267605633802816
193329	2147.6257545271633
308023	2099.7558799333547
248121	33.94375165826479
86331	399803.7978243567
40278	169.08651911468812
419165	838.7417698016168
250720	5866.913345287968
398181	829.5927856659725
398182	0
398183	14.54019633855134
529768	2113.899440153791
398187	0
398188	0
463726	362.8580664138719
542576	4737.558690428588
521828	121896.60122048283
431474	438881.87330830283
547699	6253.40031593114
378231	2048.4722449849
342904	56.01908078879219
305018	14.54019633855134
572797	19.029450782700984
34185	127112.45374075176
477680	0
466864	9882.482897384303
397750	2462.9478553464596
490938	1273.203143509505
56275	12496.182586631488
421335	149159.38505001878
114141	287572.5481239788
50660	2753.4342323508577
415727	3825.4356758753634
292336	7327.046765602903
92661	240961.60464831968
