546823	50220.28890229923
83976	2234.2983309592273
34832	465838.0978546161
492056	90864.12229054468
84014	3167.9282930631325
14906	76369.91091364775
250427	12994.65906692765
284732	21685.279878971254
19006	1979.1722525331252
442433	9520.531566511927
486473	17718.9041309431
485962	6683.095869056897
376395	2244.5857040129085
546893	1764.964211385239
442450	74623.78600886992
83030	11167.339071500879
36197	139877.9625372524
488033	14827.295376447382
123493	2034.4339064432713
449127	64738.68620499768
56937	6955.861262665625
40554	37863.12680779616
449141	12873.229769486461
232056	1061.2018623819708
262780	12730.368979663068
46717	2931.292283710053
272528	2587.8710190162756
141466	38738.69177420686
461980	180.28441754916796
224929	3463.7636920841965
452771	8986.404118561944
257225	69680.562139841
354490	4868.311488651196
445631	443.4060795011691
442656	123039.30575339764
488130	1305.9816298008438
555208	2865.1239707427403
560841	2548.1259576234315
108151	0
225484	10178.898096014094
48845	2270.125854243832
242384	1154.7653936087295
446161	19981.918305597585
367316	3038.201301082585
501980	438.13561964146527
257247	17217.221965820936
143588	6676.908807482461
260837	19080.023356755337
562925	24463.823290318614
304879	12899.81381925635
378096	9894.651029463608
443635	25176.720144483126
283895	12650.445852144121
367354	1075.824515395672
83197	1421.4744211220157
491262	957.16134060795
132353	1167.6739815984447
566020	17701.340106421838
257798	645.9443379579878
132372	2895.567205095815
11822	41354.0660493993
262432	5.423226812159002
33578	42197.58466752653
445753	50957.13193176487
2875	1232.3710054559624
40553	9587.119251753702
579469	91570.26094241723
78671	1064.2011494252874
538463	6115.535902403478
82786	34.830865159781766
522085	15122.986384266262
451560	3217.4965468367336
33653	702496.0140171014
187256	4872.1312253070655
152960	1563.2978068642997
485768	2476.9633671083398
139146	2976.8932190179257
139147	3177.0945150924804
131469	225870.94046811698
301293	5987.636913767019
84904	1708.9097347273364
436141	1655.1356791347139
117170	1482.1233634765342
441786	9249.48504153095
500669	109.86081694402422
395710	24192.06354009077
22975	37060.02423640696
306120	79387.23748047973
270499	9690.871967729949
80348	3883.657643359044
122343	920.4972720187061
562152	9425.346444780633
255979	7959.073655620166
497139	241956.9387031145
83450	6019.319981679076
141308	16972.691782908227
489469	77.75837879968823
34933	982521.9286119039
