418817	4214.662251655632
565766	0
548363	162614.62251655606
385548	1927.8476821192053
526352	5824.450331125827
76306	8655.913907284767
29204	87732.17880794704
313885	25890.85430463577
328223	55394.24503311257
470790	145208.86092715224
423463	44363.98013245033
368682	204828.45695364225
417324	211.728476821192
307757	0
113199	76.56953642384106
358971	32265.11920529803
35901	88635.77483443703
58942	808.271523178808
565312	13.649006622516557
170051	1278.4172185430461
111685	272.32450331125824
389702	122453.56291390727
233032	1912.2913907284772
126403	209510.46357615912
382410	0
390160	3424.5894039735094
489570	12585.754966887416
243816	140.42384105960267
148094	2.423841059602649
311939	6293.284768211922
34784	28547.284768211917
562314	156315.63576158902
154778	84511.54966887411
302243	1797.1589403973505
427684	157051.8476821192
457392	161011.3907284769
468155	8882.145695364234
69309	145186.56953642375
574142	54.47682119205298
279413	10705.748344370862
493761	318.3973509933775
190155	39210.37748344368
197836	49558.52980132449
539939	0
507608	226659.39735099327
255194	30224.384105960264
233691	16892.701986754964
406240	38376.41721854304
392932	152.80132450331126
364071	202903.847682119
396027	1696.9072847682116
476414	18533.145695364252
161030	894.4966887417219
485420	5942.105960264904
524567	17.543046357615896
417560	33368.1655629139
318748	1712.9205298013242
326947	842.4834437086095
238886	0
177966	67.21192052980133
490122	135527.66225165565
58688	0
228161	35273.06622516555
315202	934.3509933774834
194376	129.35761589403975
189773	3667.152317880796
189264	18907.112582781454
295311	504.3377483443708
451942	1157.3841059602648
494444	212737.7682119206
42865	66732.79470198677
525685	10318.172185430469
516984	0
452985	11214.437086092714
575356	135.3973509933775
276863	182.14569536423843
385408	7145.205298013244
218498	13036.29139072848
380303	36.93377483443709
307603	56.68211920529802
416666	46372.668874172196
536645	196.2913907284768
560039	195677.82119205288
178600	6.973509933774835
373680	193619.98013245015
134984	0
575411	0
43080	68174.70198675492
243646	11616.953642384105
81855	809.6423841059601
137666	51892.271523178846
256963	278.88079470198676
423367	2506.3311258278127
41930	28451.105960264893
470476	3138.675496688742
285133	21855.079470198678
241616	94289.70198675494
383443	3492.596026490067
187352	132410.1456953643
568808	23.046357615894042
284653	36136.54966887416
131568	598.291390728477
371186	379.54966887417226
484348	0
566270	15.23841059602649
