164736	4737.606479509115
178689	769.9555692005487
90243	110214.18439524194
458688	177298.0896735415
559621	1542.1445700983113
514310	4292.266431816491
135303	15907.265824647979
244232	839.3514757049353
142218	58086.92080215945
358231	28319.63398934372
310073	6099.7406110644115
395150	4979.906002685593
66066	312.45767457325974
525027	12554.905826369306
579801	1535.5250565426259
335641	3079.168886559618
489364	1078119.225328742
382108	4700.670762400987
411037	8346.467617965422
259461	17929.56362330278
150305	1582.7666222274447
128035	221968.55769024417
1957	4540.40198471031
390405	1877.3754745130393
419623	44224.10738564597
13468	426988.49990647985
495914	4196.6323713661695
301767	248961.6023906042
222660	4419.286675411096
174637	10406.782664243761
208558	900498.930578925
129373	2360.807939521062
574385	19186.05782070593
130866	1220.440526171006
363187	377787.79955558636
545716	3203.8485327664775
129463	3376.4723016042226
540473	8989.391163084945
196026	796.4946987553814
210748	85304.49428342386
15166	1239.3018773157933
486720	4695.496610097479
140482	57676.17985611184
540483	338.4138128584835
49220	838.2566372985051
396869	652.8824702219457
508641	88693.03249296348
29641	3573.46472052853
104522	8172.546334896439
39756	377.0021536034654
123344	8338.406829590518
472401	8483.324804030859
75602	9.383850204798126
280403	687.942176747998
75604	1333.4703243911108
315577	852.6412653646904
437580	32013.00572500233
544601	19080.474642925896
415674	402.7749646776748
272094	6827.044941183627
323167	969.0777505197492
523232	3476.103006444569
479457	7585.5790570436075
128083	216943.78925449104
382563	15483.928283484653
340581	2552.265413834466
272102	5514.272970270565
139240	2628.534410062712
218990	5683.731238194227
281968	796.6901053044962
347121	19902.138019249443
285170	400.3421313276913
195411	1076.4389091083922
410174	82861.38830820001
135287	1988.0705607804864
147449	8457.935500255207
271755	28664.785745330442
435498	4420.96373802754
135294	1193.191298101395
