220683	28371.92743209888
383506	1243476.1431896503
281111	273017.3586176855
546328	192387.22166056134
410649	18109.077396720364
262170	305296.0707004087
546333	285625.564278119
324127	269352.2175995863
256036	61802.828571896986
503132	570098.6186433323
130111	297360.95602050563
534597	72365.96973678851
539211	16101.270807451298
38072	374222.4831898973
276569	52999.8867452462
169051	1807.5826723314992
136284	362908.6087730628
389728	1442309.567573002
416354	399351.34830746544
22646	191950.94618141724
533637	204083.90288788686
562315	3113.3460102261565
27277	250513.27294694615
92302	558469.558770335
383631	139912.82029073618
365712	224139.4130219682
87700	975586.8436108633
367769	134211.5680352423
457242	241297.96674629248
433315	1.6543172990737975
563879	1119932.7527753364
289464	3827.3253698673425
390845	503668.0182567445
389335	414608.33435763273
206527	108179.287184448
35013	83335.55778665942
429776	52400.34231706687
260817	61.89605625263968
363223	459705.8010885626
363738	431024.72527508554
444641	332181.7208310803
174824	93435.15857721535
521969	158464.17820402503
192755	4226.676972292537
170232	538395.3882455011
219901	889639.7391827266
91905	258301.5159508556
159492	23055.60152829675
118487	343903.2853241369
384268	1166192.5045410756
91919	303772.10700396524
233232	25079.093302276317
429343	163694.3367167335
221473	464862.4268766276
142114	793.7404607106697
218915	0
174889	43425.09212630269
399149	0
493873	167460.44925833662
234808	6090.950680971565
266563	18874.257661877007
325452	913434.3063953693
436557	578.7997323730422
54094	68150.711305346
129874	107599.13732481776
12764	884501.5489895595
470366	92357.6304293991
11920	142.38605558293574
446314	164146.20302661115
469356	16582.545467411175
136047	34683.9036796378
407272	153066.14025444904
431476	218441.7033794221
368501	294817.13535819895
35705	436122.3772754081
384380	361286.4077545884
29056	666123.2715069457
48518	236746.27193662242
233867	64064.864982865314
505229	232177.94464572688
311183	296263.267366277
98705	610418.670481467
547736	575997.615417707
513437	633538.3687014739
236101	37965.81978721655
73637	338020.4334885744
124844	6814.903329756699
452531	71767.73705376161
511414	697955.1164016288
412608	175516.6303426541
189399	108452.29700047986
506844	84194.71331614461
196576	179997.07201288207
526817	398223.5319557291
195560	10965.7741140447
45034	49.9222880153895
47600	59029.840325275596
395255	3255.2192142637045
