141833	300332.4429197509
257034	893.180813069231
341522	4730.261130616979
390681	9575.021359015438
491552	843.8289585097374
203810	291351.28203308495
36902	604230.3695654582
191528	23717.805372838637
16939	39802.06028099645
466993	32095.08327613062
82483	248276.26890425457
511545	1936.321129906401
377920	365956.6613561872
511557	16594.505059970306
438346	42314.50634570107
188000	360.0617003555386
188010	527.0933496941714
520722	28166.875554983526
257136	41278.381591256395
507508	43152.170466945216
422521	3146.6612809629455
245266	6469.176255305675
560746	130911.09392014763
366720	17176.820320910396
406657	73651.60759115232
13445	358325.8563732366
364167	292251.4597564345
183442	2925.238284807586
242325	2137.7606160495898
301723	287.45906852913055
549270	131297.37381161074
306343	14717.362396301056
198317	1291.4284832850888
429742	399905.66966791765
511520	172275.89934750358
87236	185516.21572263466
473803	337.55998204422326
38607	523011.8629451533
530129	70254.16310631527
418518	6202.226302416578
425175	652.3154276123267
475876	46925.22138598653
305894	49482.28297643089
498419	8858.068152234782
551676	3046.257049315579
544004	31859.711045018055
551176	6569.876336776951
149770	13188.987256152037
402705	3218.93799927324
300311	12470.98771172502
182040	9835.630050865813
394009	0
491819	47237.19686414561
132908	98.26997557279088
523054	17804.22104400022
283951	76923.46442349048
383282	186500.48097326685
36150	344462.35825861094
92474	171241.20122513242
255291	49384.64033527786
411969	4935.558647328573
523074	2605.8109392363685
428874	571.7492364070985
357356	99870.93968622491
532303	25480.7042912326
132944	400.5756290248085
252245	4723.6442836373435
492900	34829.4290041929
512871	102274.10790537529
538472	34362.26604624524
539507	7283.247755382789
442239	20061.328826247773
283009	55519.78138903316
192387	183449.6534210537
208261	201887.6475575663
538502	755.2531686375158
260489	9238.459380726588
174996	31506.376891110773
33174	226873.07802165634
550807	51984.293064047735
36256	123010.99991701449
34459	204551.81451375494
261542	33701.335166472556
132523	2427.542588453032
55731	1411.4156507600787
299959	35915.27626590954
437691	679.4373083171018
206837	5774.615411335993
527822	3779.0154457514495
426963	1536.0560897577757
311252	227941.86672142334
490460	396827.2236225608
509932	7576.569201418222
461808	3150.8924449763567
132597	8386.3424220617
34808	63112.786321787695
173052	102069.94834036652
466942	77011.66397512457
