154115	138.6225
577043	0
459284	10903.186614238417
247602	451411.4351570567
534557	29.41625
208415	1126200.3949591408
258080	0
18468	111343.34223492623
155685	3527.2987499999995
566310	0
23591	67646.91428571429
105000	660416.257559872
18476	240970.8514599515
175284	13303.74779816514
576061	27765.242733075713
2997	0
495171	30861.56605550791
138821	205.03
4176	10720.51888530168
136791	0
577135	632.5125
577143	417.50874999999996
210046	49949.2530566863
28799	655.3989825581394
28800	83.19875
536200	3593.825649224806
118926	558.2775
417948	7547.275891472868
203421	106891.67927667823
1184	11410.027001523616
220016	6889.9494642857135
1186	3991.6091286303717
100532	10899.500170975516
186039	3084.531191860465
187577	12876.439834437086
240827	1123.511308624519
130748	181.42125
237757	33772.79260203295
20678	167183.06895178926
391545	1050.9819205298013
75480	28832.947474771467
155684	2340.9275
23265	2928.7282698675494
153834	237683.66665809546
18471	148913.17221340106
269550	2499.786232117987
9970	10152.663623853208
521463	1809.6675000000002
9976	209.70125000000002
175356	35011.5758006068
135446	5224.162735688948
75481	7638.9988287248625
75563	19377.87322647123
365874	9301.678783378733
472370	24285.264462355568
365875	4071.1584251987783
365876	96987.19133673834
349494	6674.11702978703
142138	311917.9310854328
187713	77950.11429853358
330567	4578.368222477065
219976	777.195
450890	728280.1560634035
508238	5212.0349172827155
340826	547.402167238238
205660	45141.17874169865
223581	529.2135755813954
379245	1991.4675000000002
205678	7427.4555546357615
143728	5442.359249878486
556402	1625.177973154003
576883	0
86389	97962.93000000004
509814	7465.003051984911
216953	5152.679323893474
451297	9440.871915137615
576901	1661.4036697247707
527852	465.73625000000004
109453	17559.359939648017
509838	1340.9740440076907
191385	26462.386398855535
2970	7039.005915898616
47008	22351.508680487095
47009	30017.455630475055
283557	1430230.9857958276
12712	244570.1078740442
144298	72375.24784928675
184748	10025.304040697676
156402	22021.401011281378
356784	23726.41769237196
440757	40394.8002616279
356791	11403.897206814743
154048	25372.336249999997
243140	12336.923924418605
273863	628.7670833333333
576976	424.83124999999995
562149	1104.4057342460615
122860	167.9125
156149	1459.4919925945887
153597	0
153598	36.48625
