551809	2469.647607030949
398210	3649.4843884478933
265348	17048.059533275744
318678	2265.660386095915
407942	7399.103982061604
158855	15307.829018582755
518828	8043.874245394677
548492	6365.034630424286
331661	61849.36019217969
322575	60194.12733579194
315352	12553.942403648625
278802	245.1543515383057
322451	2478.126847238788
320022	135295.56124340967
309849	17264.409943196097
398084	1938.0515759312323
180510	68197.44244435002
117665	39037.430580880435
455459	7703.76209600149
429478	1873.6263043647152
480296	26586.222663979563
326059	6729.313779264518
177452	882.6340105152575
317870	4924.9699285114775
319336	43307.39929372143
320690	9053.473640034792
391909	6459.173674842226
325657	102221.81356618286
191925	45988.324394602045
205785	111566.66215160198
487256	25210.227344276722
144545	0
468242	1767.645741078405
119101	3404.245086972882
8020	107764.01412130658
322755	6162.127076449917
156996	2628.926398657058
201541	3410.752221353941
255306	6483.195623860379
315463	13501.104443621862
161354	845.8783826806748
295885	1683.6852189516944
490063	511216.06099145586
391888	44744.056092037645
467281	1539.282104714769
50770	4972.558710312291
381268	14712.46300451354
482749	51751.398340987915
318038	5846.906240050938
496600	4088.6838586437457
322276	3994.0613076321956
51162	8918.05048189633
487260	98559.686638973
315613	26708.235593759935
51550	2708.2182281265373
205932	11922.543376762656
165090	2692.8834948794233
164323	33806.05943616529
143460	7539.634814134406
47077	37027.53568409171
346726	892.4744291048016
76945	22424.25967410493
291560	10816.056519043552
322281	4865.461647084631
197868	71374.77086046714
380908	2187.865941879967
530541	21846.896116952965
270653	1831.3321375419102
260720	3092.8950186528236
468849	34799.79713467049
283411	1429.899424039825
409598	30528.4983982488
438134	104.5272206303725
247529	12439.238062178103
206072	11242.96900767592
325625	3667.1633237822343
209407	93268.17638487121
54140	11678.926827009353
229758	1560.8609715767234
300799	14513.493531895638
