190209	80926.99877484512
323203	5420.560708115393
145030	46117.34967409673
5896	147519.87971553853
148105	10678.263001931275
321257	56032.92078941011
419340	1718.8654334915911
159885	14045.525679971024
371726	79431.60990124317
310253	38625.14868230467
219408	446081.4066991228
339729	620.3720930232557
228035	1817.1310931640783
322326	24271.883125452652
284841	184820.93263056257
448185	179425.69474531253
460830	483243.80002615304
364704	127113.23759555808
379562	12.307266435986163
402213	188378.05974265718
92454	604828.036100468
408510	89225.20949545338
300456	25666.10273597812
414633	69525.55664277381
308906	87983.64458437264
215339	344049.3952550698
9133	172224.81894664833
257837	9700.052544861992
545583	70218.11856065418
309808	16305.174112094634
283691	306073.9531644804
42802	55999.13412730344
128053	110968.21722459162
358454	10132.336548644082
188297	3192.948638529009
425017	125797.2730264747
495622	16869.063096483464
467644	118092.8547235857
81341	12618.243081676992
318142	13269.233581093584
116213	48482.17680252673
41303	26434.818369839857
405571	12490.018477669588
43332	18788.009159491423
341430	987.1375651034041
15913	177893.2785286069
479053	19011.87992604813
159917	85.62006920415227
325714	52295.67097952038
462646	97528.83757141708
40405	229556.64505409583
439766	12495.266815764056
490361	292467.04742697376
312429	247832.46410638152
388188	132344.39020680785
38906	2517.6044462661944
330334	4581.72676832703
185952	4395.677802365818
364074	223423.75830852194
404325	10215.945990585024
408295	4499.452577915023
560094	164513.31581636754
275689	1573.692733564014
509546	17255.825179045623
305387	77074.13482672806
505836	50497.181776253325
440941	7675.8452870161755
386158	334608.7638448542
393071	45835.72013559181
33392	59788.67688702019
49138	34870.26247686492
534867	204329.4614810494
400702	8743.533963687936
548254	220316.93269807703
142057	3014.3610205801897
457465	158639.7613052425
319866	6268.659314396074
370218	47802.12597972157
