196107	4538.8287320057
532499	64454.67212604161
349206	11868.036003807561
264218	213322.909002883
520744	5485.735577305805
481325	342.00834531767674
513071	795.9291216882383
196145	28139.259158668774
539187	24544.355786277396
196148	12374.649690317508
372279	36666.48008989523
539196	239710.2613852099
410687	9094.024855227814
550465	2389.514459842915
47685	72864.23651152034
500296	666.8111163447951
40524	6546.986362388381
223667	84510.61386770359
409685	18203.818825960443
496731	4859.636138362872
461404	41246.99686578605
311905	309527.0423049569
264295	120129.9417748521
453735	3102.7087434911737
317037	40125.75041159497
57456	20695.153375104484
242801	950.1530490235155
352886	880.4690940429025
200826	63696.55244567197
344707	981.5113591072144
556168	0
302218	83864.1773390582
405648	1010.6861262603019
221848	17371.881988453657
150640	127663.3634011632
435876	49324.37983825727
324788	46.79394180948586
168117	45369.234058369875
202936	681.61772981505
496831	1346.4643455807895
93381	111233.33471201685
504868	85699.52504143424
251100	45054.075327590035
404707	256107.987361792
208107	9603.834644288076
307440	3316.540629891331
185587	21912.960908971298
232699	1048.694687569948
330493	153755.50109764416
507144	87433.01376110544
544014	8228.666461848285
48405	23102.851380350974
124700	16813.375068023004
573213	32776.38412839606
276255	7342.459055144067
424497	286.94552100489847
573741	0
408378	12717.543241655681
228668	7519.58366569093
132931	489.03929154169106
511813	45998.41100263961
450445	9535.641618649683
556368	1769.3969896980143
457553	159431.18858995044
35811	388895.46993753966
323932	96605.60727611749
137059	635.3335990434437
349033	9222.99538181601
404854	112618.21701941629
132986	989.7709539318563
35196	108193.54269560325
300930	5944.783196951068
404871	5950.062945625446
112520	222897.91318954868
161677	615.7682006949727
348562	7501.361291170288
466835	6938.953496254329
233890	48749.59882337004
302505	34973.4873276525
58867	174420.8066422246
349106	15173.910167201744
349107	56354.06776266678
58868	183195.8459154873
330358	1958.172643694407
256447	171429.71264525875
495777	292169.832379452
287182	3588.41418175858
71124	47327.860773309636
525781	573.0148343383175
41443	17190.880802223728
309220	25187.83388225342
219901	573268.6151813746
466931	42722.65773495153
420852	7197.4859947896175
