53334	15768.358554748043
391174	5058.490650656012
384519	0
426517	6309.685316902909
470038	6783.7130089667
413727	15420.510560104532
508973	659.977988982113
234035	14951.210594714721
508980	3744.209793133721
410677	7245.442833707189
579132	143459.020915323
275013	4866.423472248726
555085	6237.248903079205
315985	55578.029050538215
325381	63091.29731551179
51798	14509.063476755233
412248	5030.279076411441
349115	11949.315626043115
430184	4005.0863475654646
351856	2049.529323973945
459382	4932.765820508373
479353	6280.754778206802
162430	3593.0791121229367
16516	65489.73491008516
208237	2631.941907872005
574611	0
234133	145862.50224877236
164502	360706.2971105125
359584	304.40782558955794
292515	50376.89118986452
180901	76182.58715721972
21671	411.43431922069743
460479	6578.0967383775915
368833	971720.3271965374
466627	15621.052929672642
265416	22396.664744007376
381647	6260.142943551125
502485	28265.58330636373
147158	305.8076266363119
426726	2153.0118119702183
351473	1365.767575762553
350969	102955.33172018862
537860	80610.89587680223
297733	33288.93956808722
325383	3791.8711173286983
578828	570975.6282228915
398616	3129.8064467826252
315673	39947.938931855766
398116	587.1121229368241
351015	4532.184366292968
432429	2763.9875798393723
467250	551.8480222899252
300341	126620.30981754215
440123	4918.837477510246
207165	6780.898160075238
207166	19633.468850534413
234307	7156.664167702104
368454	3130.7362029305755
159563	50096.54622243011
240469	369.437155220904
335195	1508.1245540302282
503137	2174.3526212609877
112997	2518.844386077208
516972	75358.42809622278
488301	125174.23031009934
331634	32161.158115071525
331642	74780.88281914071
315775	2138.492732337266
13697	4923.5467779674955
354710	5644.620688233504
197527	9275.050679820397
379289	2768.211724530449
475042	9216.491311712807
578982	181361.98430483125
317351	3724.7059137293213
170920	1029.4203756402958
353196	1511.7582546006452
397745	2282.7333605174217
398267	1627.6790982690495
26045	2369.296049043788
485316	76585.67183530728
210373	320538.6671828309
556490	14705.024858047247
177611	2291.9618460680226
555473	61988.23414497592
53215	5907.999240365183
53216	6027.805729463098
153062	86372.58347415343
405479	455.2802883703282
167918	11247.873881434316
130548	200384.4607161128
172023	26867.038521544073
233466	6946.352468884096
385535	351576.318541343
