128007	34809.94453021158
411657	261.56921710468976
147987	374019.3033694313
276501	311931.7203824709
485911	311362.4966617497
378628	44026.32395985094
276506	3988.1741512557055
11804	1476.4674190649962
240135	563840.0130094695
499890	518.175764103745
193583	187183.92807339982
517171	387079.0895294702
448569	1229.4112041907397
280635	2968.8515877622003
298052	28619.755839316258
457286	75221.23736093008
82615	42535.82852385552
266321	5186.035591093223
27730	46908.218393436284
14931	11369.75562334571
503054	328475.43377328815
112214	165.37463150670746
388188	140843.35987069088
457315	151927.97489865313
487013	142435.1710921329
167014	38677.2991069977
146537	10078.272562995315
440939	2487.419099408019
432748	184178.6184956593
147570	139.7099987229608
471163	123360.51356946681
34941	147728.8175589018
120446	240693.7299022757
34949	148234.75118324778
120967	31974.894637991732
368779	49.02860766347861
271500	201085.34427602703
375955	5961.183938338388
571541	8595.427731301965
432153	181226.0786934515
525979	174031.61938820875
180897	220604.13690175314
70309	12.933741145765987
353458	25049.61969015679
497333	10157.162218269945
21687	371.2101414872009
6843	2577.8893465620345
273599	109097.7990699381
453319	30479.59806613631
321737	15323.912423380923
441034	4824.303798389577
390361	1039.0933552940703
105185	450.49101314806035
214244	435286.9950078176
172271	567.4769928212612
79604	29406.678511369162
178814	27.47869123400156
235775	80945.81807104332
578817	6909.539173436215
212226	22132.654925868614
105226	297.7473817751899
70926	49062.23700555762
75024	2605.2279798411446
408853	17842.62277319843
270112	222.31429112006816
344353	12.795571860737091
417573	37026.025786237304
123686	793.2724516303346
579371	27584.714124319256
429870	139.4598615002003
43059	441214.1835526538
104257	254077.02412700868
175945	81695.1225092015
207698	7767.3925857119
486228	936.8570351489452
275315	250.78537338707153
114036	91124.12753471093
295296	60934.18438827931
477059	25910.2502762887
430475	7195.867936740389
89998	305290.3263944626
464791	64.63344233387848
393626	1921.1676146996463
253854	1597.0335847925842
59813	7351.509710694276
487339	13024.201027893054
524204	45785.52659963799
572849	147.17323236723294
578484	16119.644055087965
496568	24.156271905274544
513979	1120.8248440055281
42655	0
427505	456365.8976855872
311291	573.2552419588496
