107011	1568.7711171662124
131845	18865.94431674608
32775	48958.84836030221
357390	6863.459795310509
115729	5160.296637389068
568340	0
116766	192254.09981276558
79903	11957.715860137305
79905	15410.853612003308
360493	1013.9318801089918
560177	85809.66480446927
451635	7944.275605214154
72244	459529.47386073606
398389	585.1608339802818
410679	9825.542848299412
150073	846706.8405005098
373306	3912.0797954119917
432194	24337.61565159149
476257	39.42506811989101
361032	9784.624693650769
38477	30103.407821229055
559695	11708.358577017336
398416	276.40871934604905
60497	4215.245475164781
444500	88.0926430517711
205400	5351.267029972752
326241	1923.2966069444233
222820	1622.4996422754327
13413	227791.75068881005
29297	2502.0341030754166
469108	338.79564032697544
133753	2643.8482791164965
318076	40102.646492015876
89214	93582.27445339183
52864	12315.449657244048
222850	4784.931134215213
571244	1531.9401255334158
387722	188.88727870549374
561806	873.4168937329699
561807	88.24297362986417
374419	559817.7802607078
120472	3818.971382034616
172187	80542.82681564247
434338	6802.63077243136
190117	57902.648044692745
60529	21.910614525139668
185008	4217.299813780261
101044	3810.845462986924
72891	22292.095712886712
201918	6733.055683253923
577727	517312.45903419435
570582	240.16076294277931
410819	6140.903536145404
429259	2385.2215964156503
158415	1051.2617326046916
116947	3859.3586734253777
565974	415.3351498637602
151334	11193.307998315398
357455	5271.502001735344
74995	1366.8803779195146
162556	322591.9526585787
505086	39455.08125675491
93952	76124.75123681368
188118	80014.28063872863
35590	49964.9912877577
30475	7995.800267912866
299789	6165.512033245551
470290	3849.886502367071
9491	4432.671360215953
81689	6383.092820645528
189211	62053.147565189596
218399	44830.51170850269
148774	2095.009087726242
67633	249.11444141689373
68906	3774.596430872899
313658	6034.893316893226
112444	1300.2747882828717
68427	259.9374362565266
387931	982.9901359353355
38237	14871.495197357404
313183	2603.073462926035
108898	21687.150944545083
94566	1109.967302452316
562028	8447.037264244287
54638	16198.220906337052
58740	168695.7430167598
477046	90621.31471135942
10620	15147.333252147619
191875	80153.33158276626
324499	17935.43138538353
118194	40676.8501362398
412604	253008.97206703914
114114	11894.948944331969
15299	3131.7199498678197
314825	3369.4552539844426
545739	890.7465940054497
256980	9757.407866896016
313302	21063.357841271772
495063	0
398415	35.95912806539509
33763	62424.72253258844
143332	255.92691763201557
471527	4872.327523480431
353262	16168.436895864097
478711	3333.4184058169562
526843	202041.92178770938
