189952	137021.46933867244
493568	229391.08435271235
75778	449362.5435360958
526339	247034.82520379225
61956	833.5573420168923
493569	229391.08435271235
345005	5316.310855474639
323657	40975.6990734887
490011	465273.59063496895
362025	396300.19388277567
298539	6468.184911065893
20526	287412.8281557447
220424	62324.03923834005
48691	36275.1792975837
189498	232935.25649624644
441917	28803.595668220445
419391	0.5536277602523659
168512	65798.83534339677
559681	200516.11518900286
328771	281495.40700054023
266821	809335.919236823
183881	165867.68812652965
437324	401892.14993424085
7758	20035.306209393886
519247	11942.8297947314
240210	283542.7781729589
437349	24367.364581612776
549990	2703.106961846462
214632	611.8652697281952
146537	22348.29852799321
19563	224.81143085727913
308847	69651.52939567476
234608	1570.0293575364121
471160	126423.28162314494
429180	218511.78959718463
354431	4111.385335076018
247938	215319.19745658245
409732	85314.59136674869
222856	64813.87447945573
467308	86285.1479251608
222880	69170.75426298937
22705	5787.105316952822
545462	454341.5693189733
541372	2846.608752946649
390848	156652.3925116545
89281	143801.6745026573
6855	45300.54216146288
304848	16588.187129076083
399571	18960.963488192545
348887	2536.964924202485
89314	111320.90212352891
124143	1312.1741068765502
294640	2961.809804447486
533235	492.99782597784764
219380	160516.2851660029
210166	647500.502197942
330494	105153.71496070217
518699	40670.39690086426
103176	1656.2270188046298
489748	118486.88160374103
502553	3954.3785910397874
166172	14862.373644279067
167214	37600.35884636952
113465	123198.76929587427
447802	41228.74044960787
348478	28441.17629286466
94017	156077.92234988665
532293	1989.606923635883
560966	1192.468321609554
358728	4611.251722173984
202575	369277.5015267748
429392	56125.87028805287
367455	3472.035524122533
415076	87134.03913562557
325606	17329.943546071463
356716	15725.668109037517
94061	307689.56289464026
93757	77458.43797993331
355701	1480.3547577533272
28024	2180.9661821933237
345068	3640.986613236579
462221	57217.47285007322
427407	103228.56604175645
116114	648742.5797638105
161688	2264.6076845702005
17311	11399.412496534882
352672	6802.369131319914
543472	1177.90262412527
360361	261.2038700554068
161706	1643.4170828245185
385453	27292.222852720013
329654	133962.8156786404
97353	66454.23363172576
530360	24854.352523588594
190395	132309.18038652177
551870	705.3019974758326
345541	2090.3377394441072
78797	255373.3400271196
368591	11719.807058028662
234452	2098.329513501298
160214	1605.1397855160196
81881	9054.47391904253
133093	221672.46286213672
535113	677.5138322355106
108012	30489.99032705083
138225	39.18914286115312
311801	509497.93738894095
527867	43337.05473603254
