140395	2615.6052214596034
294277	6266.458765249834
523912	1470.8037237176923
81419	2763.178046140459
49423	37511.574053067656
41624	39376.22199127017
417314	0
282587	5101.973036297295
481188	10297.83079692121
366375	3317.492058775671
19243	8559.21211795718
439389	8587.85265049416
530608	3815.6741712854237
445448	5432.475472319296
344636	3232.8945570712985
270666	10840.251777377018
231816	11955.904062383363
476611	4970.9079266610315
203716	15586.607340212253
16069	5984.198277562292
301642	11143.372497213742
430802	9337.127860146104
563619	0
119253	19270.044395865614
194553	5091.664962726414
270683	2625.6648084659005
276958	4785.313580928516
294239	2876.73489314024
40160	3764.2186051577255
375139	3619.6466295371615
574308	20119.71248876907
127845	1830.8076918364955
127846	5097.23911984541
181739	48018.91909967766
430693	4066.6428039799207
359281	3389.055613331353
375922	4299.476916811997
8182	11887.729308279004
296441	60168.69307006207
525311	0
