423947	41791.94192377496
376339	3403.633393829402
170523	0
185885	44328.63994318631
36386	83974.67823606994
119843	57631.38558916031
140837	4935.24500907441
226343	49341.33836840978
450089	10823.8577628479
191538	12.174228675136117
47667	138845.01458669163
242740	29605.193414570902
250434	846.5771324863883
226371	121627.56805807623
452169	17125.49416645061
136266	41431.061063453235
449612	0
184918	80008.00712425743
238679	1894.4037267080746
298073	54792.83252358782
119898	785.2377495462795
257118	5083.0526315789475
133733	75320.80645015837
212070	25917.059891107077
140904	385.04900181488205
497854	16907.68860682441
34428	333538.36431784095
32897	183481.1492937741
33420	56642.21739130435
443021	548.3085299455536
460432	53180.046296400695
279185	4710.958257713249
409234	1250.667876588022
491159	61934.72240195691
422563	368.1923774954628
458528	9956.681967287033
169666	32755.982290809483
446155	20713.943073575996
446157	785.2377495462795
32975	30600.77639751553
571604	14805.621118012423
89815	2027.8452164895
262875	36760.324875156395
157733	52016.708491618876
299247	183364.67445976258
496881	60964.28572555828
451832	454.34845735027227
441085	823.94555353902
533761	79051.29190292073
275205	1825.1978221415611
69896	87.33540372670808
538400	0
464170	178889.85678213523
420143	49128.53705853839
36679	28506.744597626
520845	19463.02314256406
471386	23861.930752668777
417121	2889.9343598877253
221543	0
486254	191019.11555500445
34676	580126.0423622774
224126	65632.132982381
490368	81354.91228821679
33665	0
60292	2751.3756805807625
38278	5751.386569872959
460167	11388.032149338866
370056	61064.19137423771
395661	7401.462794918331
38287	7953.110561260723
523517	2345.411978221416
136601	35912.114720835074
226545	39850.57415653076
35240	33025.556920787734
141248	2824.1088929219604
200643	136532.03231842726
302020	22188.62044165887
153546	11646.463065459753
309199	20656.632683658172
131026	175698.08773432835
449871	1455.7568058076226
484330	13959.313974591654
170991	0
226800	12603.11915095084
406518	11658.029455197213
507389	11356.166168795302
