315914	0
51287	5459.297929792979
568846	240357.2229733611
60950	733.638609878687
80919	171.862007439682
50738	4555.582453820604
234249	2786.546187362099
218170	127515.47381527834
315968	27643.37618186598
404554	732.9395027998374
397903	2109.9853575641882
527952	0.9504950495049505
72278	19095.897811057697
324695	1941.8613861386139
476250	128.7079646017699
192095	4883.343045809005
463465	1131.4748890818285
349290	1481.3799893263663
555637	190271.97804397275
538743	408212.12399329455
317049	27832.307499625877
233594	17396.015261703156
51840	1067.0411890746598
318596	24184.423376850962
247429	86179.88345232565
233103	13452.797654986738
455846	5632.849127729569
189607	1063729.8253072903
397480	464.070796460177
364316	12472.374897064174
397486	279.1863186318632
397491	7323.996399639965
521397	14372.727042917058
51384	9784.838194457741
56268	2643.8824625825414
208601	11807.101901679529
462053	68.85048150832782
304363	2158.589742160057
458992	4600.796080210544
455924	202.83185840707964
323319	26034.70190242522
208124	4303.994137466843
208130	4459.572704173073
499977	5.929646734584963
325907	2298.8154815481553
402198	1452351.7348898507
341276	142.08849557522123
529797	3354.6426642664264
457513	1294658.4294722448
28458	27616.356459370283
335660	2.16021602160216
430386	661.5132635256446
308024	10960.34349137083
537413	54899.999310569336
53577	731.1365826848172
429623	150670.20783825705
158034	10.10981098109811
308057	2699.2256734345992
302429	5410.276030879307
316771	24378.598504098194
494436	666.9374477270736
455530	59280.41839565142
241004	11521.026335277853
397678	3356.0728037405506
51059	1623.981583999108
566136	521.3897389738975
318851	4928.224496785961
97157	3272.1702127659573
331655	47513.92500967288
398728	16217.766627726603
323467	286.963096309631
526732	182.44247787610618
501140	4621.73621617481
352663	20110.97872340425
398746	7864.157651163345
8091	16837.963472039162
53665	250.51795799048932
112558	63976.12507098948
8111	5539.495474795144
390075	0
315329	328.0072007200721
319435	13909.812000669093
38860	0
547277	2166.9549397417613
399310	3845.106382978723
88056	128670.21266494939
56278	25178.06889391633
51161	1723.0103606105292
51163	10185.441522875695
526813	260643.529482227
325603	24202.100826011803
323044	15269.776088626748
51180	7226.588582262481
321013	26479.822467202463
325624	2219.9609058250962
233469	12240.355172704241
