110597	2085.8356778875177
293394	1318.1304976845638
6574	1429.4038427601906
563735	117.85672901011873
6169	2107.3889385960697
96284	219.22208934360617
564253	2904.8858148695426
563750	2564.6630993164704
6184	2889.147868772582
272940	580.0315191316649
171570	3150.6189855849893
564802	1727.0819313599884
563789	1583.0245545585321
3664	1862.9757375574247
6740	5833.524643540077
6753	42005.98650670477
1641	4707.6787900329655
94995	5709.376331236997
564841	421.2145178768339
6778	12436.47603730217
123515	2432.809583534022
22140	5461.490002608384
96383	5112.715502221957
6786	13786.19395550696
68631	922.1134569487792
22161	2123.325915329417
6425	8946.96814326174
84121	1413.4021044878664
95898	1048.3358578211955
6813	2255.4008855022175
84127	1421.125259726344
109733	3345.192217132788
96422	4006.6174986462847
11434	3796.6616998576746
549035	11630.671257393533
96285	475.8522680441987
293059	1333.3805783015873
94408	1339.7775656921212
5836	3746.2906457397967
95948	2300.755783132209
64209	420.262856520595
564947	1278.9535510695678
293081	3428.757133710814
95962	2267.529765442718
88186	727.9662976351018
95973	428964.51819156617
6374	2483.9824415236926
95994	2547.6060556022076
95996	4446.584936203149
96000	5481.671697413498
564481	47.10543378527117
280836	5717.616585501589
1797	8803.322872794599
511873	421.8077479862918
94984	1034.2375849919933
101932	1352.7163648825285
407822	2324.193129395747
6445	72421.36942492596
563475	14364.30020361334
111896	9296.330722042554
96025	2874.0579989882394
95004	2756.9249137299994
564007	1037.6481074645335
6441	17738.55486502529
6442	82070.36743687515
96044	2612.3752452976732
96045	7265.018551600826
6419	1975.2510474239502
6966	525.3570327911032
96059	3941.9372461786456
30014	9964.692248143587
96067	1446.8816900974139
579914	1196.038142133255
46926	1401.3281308152154
280914	522.2845254189592
5974	3608.992847018047
96096	282.8708395338911
96101	3366.5570100699247
100207	2750.873339049788
107892	724.2743758075363
96120	1229.7741199445481
100224	2955.7150769676105
298881	2262.8293264650715
6534	2452.8309316843333
102795	1814.8092692355608
454545	1301.192474668028
87958	176.12606292346837
110487	1676.230979288826
104370	3717.112481367325
96180	2834.0465809108587
96183	3770.516087864174
123322	1440.0615027573972
105918	1978.3238969874803
293322	4093.2626010389945
461270	4590.005417581016
563671	1985.7188230814315
563164	672.773931592428
361448	1184.5756120193419
175596	2623.1223390744494
564209	4775.280899494661
6648	4380.247034204057
578047	3782.84717370184
