379392	99260.53066858964
18436	9968.501284446307
203274	13596.64282205462
11788	1003.1618402937561
419074	79976.80941176471
137234	25469.38408983209
85524	3522.3864213949932
307735	1268.3511692592974
27673	9089.445307138243
546336	2197.1010775728855
546342	9320.02179046049
384554	12362.50102995203
468525	19214.79162969751
37432	12327.652836097663
326205	5179.9595737670115
246334	8401.694966828834
253505	0
218182	152296.8847058824
246347	3154.6432004808566
136283	41773.15893272896
326242	1055.9762229102164
236132	464402.173997557
142438	4761.075370210637
128615	10302.768616028585
160359	22641.422593136806
293996	871.0249016173896
38510	247357.08040795304
2173	12651.787683115279
41102	50482.03201416542
283791	24649.460197810895
37520	13966.44117441022
312467	32527.936645487192
115357	728.8349273719997
409760	14442.24
38568	18811.884668795712
177326	5713.288680744613
24752	9075.2023224849
59068	4579.389290202946
42174	4290.657415972198
580289	1606.7972190702299
434374	2114.194342227259
551626	3825.0063037061072
313558	18790.13807228487
188119	31444.226294426702
219875	13618.974776965077
75558	1228.2133388276502
531686	27736.421052631576
465642	0
366325	7213.714285714286
35583	58293.53794169157
101634	2979.609022556391
101635	0
208645	83675.63032522071
9481	2917.505979639528
40718	11242.457901134827
169231	0
470295	70698.32262047936
419108	213994.17459565256
384806	4436.318372401591
453933	21574.039299505595
23344	427081.1864326107
223026	5443.471641502026
228160	44767.32520337622
350019	1231.7297455444527
448324	28089.342513510524
457034	453.3458823529412
457036	680.5835294117646
457040	1349.0386401565881
457052	589.7788235294117
48482	2025.5648013409436
43876	14702.5193100398
527717	0
245100	45911.13622523394
10606	10812.62052768679
119666	1624.3200000000002
75128	12769.886572576497
489280	0
23938	0
290694	512.9788235294118
43404	4024.4490533225003
498069	2854.7115599857784
188826	559430.1052848459
248816	942.0046974549797
34737	580192.1849168921
61876	2769.466253869969
100279	809.3364705882353
37824	114920.61319872258
34755	59250.73122042771
296911	339.609022556391
579536	1495.7935360498705
469	39472.121116719914
470	53722.50352941177
474	17525.897884218117
93168	21662.05277016586
559871	12852.365141843995
444413	943.5105882352942
