144901	75268.61874486336
484877	389290.6292837463
351250	877.9176063466887
140830	5246.1989501290855
462640	356019.2133563623
538160	21967.391657885124
556296	32621.979032260395
150070	213681.57175899885
11325	273095.67189122626
130630	109420.85973952228
394313	211736.26755789877
266828	2215.4054693584435
180821	32097.781526711136
11354	156039.97622210498
170608	164927.69531778
482929	6855.093304728079
320116	13846.438444558144
312442	493492.618740285
25746	4136.449498545661
446613	222956.01718093106
80536	82556.61829658839
189722	534674.0892020165
189552	289935.83963991003
425635	62213.5432755176
312484	1434773.9448366119
318122	189727.8475786564
373419	120020.10045035837
446834	705733.7091742053
31918	11466.834613400844
149169	74139.86025795409
473266	117219.20945757034
207544	17030.125830901827
467132	29707.914177544175
393412	54687.431431750956
313035	100815.6735147065
331474	13624.267472860194
143061	2364921.7763186633
363734	998002.4508655216
214247	495658.7464614156
578283	986.4019443884985
41709	51466.336583227545
545518	233390.19249561455
141582	49988.0387483301
197876	23514.102912252903
402218	466135.51726637036
276734	12318.694080948268
115970	30600.437238505005
525576	57482.66960716096
484622	13742.37711266822
259347	457065.68463652936
538902	848181.2269334587
109847	666.5563514662298
437530	58903.87994648938
486176	116661.74297347809
494369	864.3277453407276
373026	2982.7435940956416
13608	1378.2720365394216
360233	74402.2224967324
314154	52057.31425103667
446768	531726.15381044
373042	7955.590728773397
87860	332010.4432956321
282936	260365.55451498777
353081	26922.942582017215
396090	195289.13659175864
485697	11840.488925475955
166212	94664.55235576462
221007	976208.2439114508
483154	471970.09433779947
97108	10756.555575257717
490298	311638.89493232634
312676	3328.496209338217
10600	185679.05546939836
246503	31867.88851494557
25967	754.6823925606791
282993	172662.137541872
207730	29303.380183997837
243059	123983.5431273323
116087	720082.6595980817
219514	226826.22115722462
323968	12307.15999117113
394119	3674.2522153382447
179080	7143.97477756686
179098	25953.6206647136
129435	267920.2043819025
167322	139700.85638314707
491422	7764.406498383237
308135	5076.000108625891
548266	747388.7688707053
211375	437660.2720109699
385459	380180.5449900759
526261	9389.77271008979
331190	37996.64543621014
283577	690255.2387863685
179133	2412.367317560958
362442	628646.5097572454
555979	119357.09515916652
403410	206.00834011251544
105434	963690.1277840283
215006	40409.126717130406
249316	42076.707020029535
42994	36441.8116234533
