498695	1619.5209217833471
534540	26504.248194970703
60429	111972.61132070833
557071	5052.121788979676
387089	10065.890946116195
181266	66918.8822929025
453139	59830.00573519399
431126	28616.362839606994
102432	15123.68365344214
189986	17023.308089226586
150573	1377.2790304964271
221246	1533316.9825963913
479585	7385.575445158037
557068	1192.1813912346638
531533	10085.100793069263
110675	458169.4175993132
348758	9310.02678480279
321626	1038.0045564944742
525411	12734.528988692937
277093	140.57026476578415
352876	672.3593491046437
532600	620.3708537876281
202362	22052.34439656432
315754	43630.44653147356
311934	862439.5151709302
184959	1999.0997092841096
150038	1000546.0399628218
284810	490305.2298304366
123234	1289801.2680282895
211087	68487.2749920611
189587	306024.19017485285
512173	372.2604937744292
373938	104874.53733854632
94900	1010018.1078676444
152246	4642.74757906767
75721	965429.5865026059
202427	330645.0243681954
390336	7390.778874083655
206529	15567.52070163087
234184	79498.20631076081
531490	4071.6030329158825
37585	407669.87547138607
259283	14328.399065374288
125140	26336.818531950514
165077	3025.9700801653507
485593	3010.308923648352
203516	598.7681269151292
520448	1142.9274797842995
447237	59460.98951431318
182541	2376.7207295181474
57636	36404.02665752432
138021	13504.06046826528
358694	8523.229568373852
55088	4529.698990330159
479113	4052.3404146791186
408388	6382.848994403716
93512	52984.295134158274
457545	57126.030308184716
112460	209591.6800712308
94861	1274658.5289813946
38224	376318.30409047264
489955	83375.8525706061
479061	5703.923867932281
494945	683688.9180718138
146786	41144.63246012396
159594	4804.9659671679
184685	3074.256742766943
386930	4065.745074251524
468853	6226.406838770379
101240	387.6830046367569
230266	990.7180437943464
426370	35209.06807539048
559497	3655.0068915595507
201107	761.0921948431708
201109	396.74976472030124
387478	1135.2358100676474
11166	19975.14505083446
386976	11957.000046129684
62371	1746.4335601181967
487333	2491.1950626705707
358319	3655.4154877166848
560456	214171.1403794907
263090	719.6465810411928
228280	29463.58490648976
362426	1182522.2387221504
235963	3469.4620749963133
235964	3928.892358541963
78270	290.0563305493738
276419	111377.5396651646
452040	124247.9080850096
295369	12355.127334738665
232906	61575.54170229317
153036	73113.22500787227
518612	5200.562979868935
35292	483479.93036576186
155101	2387.9937325096234
333278	1075.3694081226743
538082	61632.622750469374
48611	3398.0678256789574
311279	38821.688556544126
349175	2129.4056012604856
292346	661036.4235867732
