32512	163232.29453352673
430085	670.5601941033397
48135	847.7165425290123
573450	92.82320903501737
328023	66268.8047289502
133647	4018.4241252083716
574480	411.56043068778524
61459	1555.805792726072
550423	39945.95302762869
18464	43080.998116562565
466977	49815.76424071035
274472	860.3078380164616
520235	8098.825468062683
570421	1579.777298850575
465462	3172.3469292392883
511033	1882.5405419452604
580154	680.3610772755948
362615	233481.78590388678
276028	13.349428208386279
520765	4769.937125803326
238656	16214.346498400135
246337	1383.4247180476837
137292	88041.54430566056
78927	16711.570155672835
202325	11445.885142181334
202326	19222.52519638333
570456	537.4461114702792
107100	2286.607428593246
355939	429.26981668771634
239717	2578.687444942232
283757	67877.12022358725
551028	2376.7597981124436
283767	10859.083516974113
239752	3268.6505883273003
74263	4070.5343948302884
310415	68485.58334503895
221842	1572.319376264901
2198	17717.14835949353
578199	819.3689264314339
94890	123136.27370862606
573105	62.895114942528735
283837	49555.06169615359
365771	2342.5826352406407
181964	79780.74525559899
383702	24756.84223313927
453848	4886.825450485756
424158	1751.887931034483
107746	35580.183845676904
419556	35459.932809945
90493	2995.5644074382594
573677	5287.738188226196
501487	15582.166815445695
163368	62759.202662277065
414451	8874.1007996839
410870	37669.51383363174
290554	24539.82219088276
296701	4369.64627266528
128256	3579.608003964949
47875	9593.09724872781
16138	4185.6781841707425
47890	343.7772988505747
577817	285.0042586698697
230180	9622.198679489167
273701	3105.4248400736105
38700	641.2655574527594
58673	76104.50440381229
137019	5707.9616085381695
151870	1863.6499128665957
505153	66211.52845198222
101187	6815.8617967148375
369476	195474.57444280302
40262	3962.9335072972517
426823	259518.8160981247
566089	288.57758620689657
132941	547.6264854808115
549719	3351.566463569278
108306	128677.72291355598
566622	7078.6702203422265
530274	578.4744663937382
348518	2953.4295293980986
504685	57218.59322451114
285557	1408.609600173386
355194	197629.5132821624
569725	1005.1379310344829
504711	13041.518271217195
150421	1322.1952440772243
554914	3533.3458483000586
383396	1107187.0056158053
132519	2617.0561684968957
497068	8587.807167846271
297389	2059.9008582453534
437175	972.0218357655583
506296	705.163913595934
577981	4803.979279976948
448455	8540.845440924832
303213	13004.008211320895
361937	58387.591011573764
442322	22118.04955306544
509410	3880.338700591912
95209	1800.9616685671344
176621	1013.0316789301936
59898	9269.142313518461
193020	11969.057506188858
