332672	1089.7532656023225
336385	740.2653949823763
243970	644.025974025974
336390	694.5707123065614
382475	250.0145137880987
289039	2273.3766233766232
14480	92.22060957910017
282264	596.1588515258327
413330	0
88981	122.3732870902682
95126	6603.932859593237
117528	260.4644412191582
242244	0
558239	270.7792207792208
7201	301.55470901739784
531181	499.09090909090907
333740	120.3896103896104
22514	1557.366307277628
276399	795.6381354494562
8882	5623.303181723936
542772	2096.3498765385552
542773	1011.6310104989351
185527	45.19593613933237
511243	1609.2017416545714
337465	650.9501818935782
242877	1560.58187095923
185535	580.909090909091
185539	446.2119013062409
185540	368.6211901306242
467782	1104.545454545455
248675	308.961038961039
417483	1820.899854862119
385996	2991.55297532656
336462	359.2162554426705
246097	952.7721335268504
246099	264.3712890882702
336011	394.18485665278126
224597	1203.8367293084275
558169	1726.3280116110307
378970	80.65094810849527
12683	460.9905189150471
178810	1922.3376623376623
419323	1219.6806966618287
382950	1473.7315514674005
265452	414.07837445573296
548717	3031.959361393324
265454	453.5433973149494
531183	1142.108208197463
531184	1240.5987461877746
531185	1282.4097636043207
531186	1260.6529346502555
531187	1768.0788470586022
531188	545.8441558441559
531189	531.8181818181818
302585	173.80859612086027
302586	206.86502177068218
302587	225.34578628918248
29820	1136.1038961038962
81149	23.822541727140784
81150	23.822541727140784
