159235	9473.457077067207
137734	3257.778299806426
298509	6743.974837127843
478224	9154.38906626708
126999	9736.921526181512
352798	641.6758784907321
383007	572.6326985621362
521248	2686.9312228138597
137762	9066.277640808183
400422	717.7811157889683
172583	327016.1381830814
489991	693699.9844789102
52268	3302.3198291854146
207405	366.9288657694208
120367	113164.99360346806
558135	71709.96355594443
538037	124218.0658044763
300640	420.0729184440713
372803	5489.911984726246
267844	837.5558600842164
112712	5957.080540156119
143435	689.8277100552649
158288	3397.7331655931284
221779	491.8910911120259
517213	105353.69334853673
546400	14105.159312634229
537193	2019.7697662792154
142956	3224.423311465595
74865	601.45753572772
247412	3481.07858475722
145528	814.314159763846
537217	4982.362399876646
452742	5169.917604909893
437383	509.87969672571114
230029	1775.9691211152958
122510	4574.934194972778
547986	2047.49343422199
457366	384577.669992813
131223	5592.792809820872
529567	2201.2562421318703
448161	252892.92958487227
348853	7350.3231250079225
294516	304.3846460010736
241342	987.3995866685142
150222	24468.43585523278
253647	7988.775877932227
211155	195.14620176554016
460502	890.8205105023103
20184	6229.770853688581
250599	849.3493493340507
41706	822668.2411146433
161004	27467.500232075305
129780	1318.435753547111
165110	3011.7626850236707
446723	1685474.1947554948
151169	21780.487997401586
200969	2034.1551462694574
556812	74524.38409992674
314639	34850.03722682309
159506	152168.6787478917
269077	9896.261504623215
189216	7282.120841552415
351017	620.5037968306498
277804	4422.762443431965
366383	1355.8454179414166
79154	901.1558280758384
414005	192340.36440435195
161088	14084.808992927816
432096	211035.6723246345
400709	85935.55723614266
533331	633.0021759659269
269652	918.8111954354945
240996	707.4345588455277
484713	3572.7188003220626
247204	18905.89091454148
174962	405.85152404711494
381815	435.9213203648456
181632	78.3891304347826
446852	12076.358751736641
363841	513171.9816221714
107912	456.7801414995227
249228	753.7555555555554
406414	223808.0724411788
355221	52746.549390127184
185755	331057.2116705761
568733	1033.9055346116156
291230	7828.244961801271
142241	54567.38044116766
266148	64959.78093528619
352169	332.4697263008187
135603	198187.55727210577
143284	12568.1325350409
53685	6319.707785312089
354233	40294.82647923085
512969	106.61229703624005
234445	750.2879241996925
315812	3336.665934783515
561114	2010.1694608826072
158685	737.2290128287103
374240	64169.859650492064
161762	386.1314426276426
426467	951.4327154304987
205799	13914.35067723268
555503	1356.8862117552335
127984	10060.250639095835
159231	9145.747864321915
384511	1485.8645044654743
