292444	186.82792620624406
248962	1553.501882208826
541064	10567.062424821268
157962	152.25714285714287
161931	44247.54095468337
376058	864.1591260882757
342158	236.44364773589663
550672	1651813.5072770019
251101	18145.172776384243
340371	835.1296688825839
251165	18587.20107835768
298773	3936.026190214837
366870	3542.1503091073932
338268	185.09420998668185
541593	45103.28547203382
223770	1408.3790964386717
292507	139.11092715231788
580253	1324.234696138155
380702	3138.55490250657
541091	22760.824241889648
310470	308.46661131738887
253617	1105.031049765228
369832	3531.3837259650986
332124	4800.7675187393115
547506	6712.373007691287
142535	209.99272866795732
396594	971.6859611589108
332078	3180.4513377525227
217652	10668.177276950113
164272	646.0025911603548
334257	2096.6296752720395
253618	1917.2899650140946
547892	73.84676712647943
467253	1302.342244838452
408375	30334.4686696796
365880	1741.806657097232
454841	2934.766857142857
219323	4576.82802905124
142536	757.6165726131412
580270	1799.8691458642352
530624	1190.6890486818984
412657	2384.171451340245
31300	11035.829069221387
142534	210.4280264272755
161991	780.1700365750178
177882	1152.2089607890282
410459	6129.508096932276
358114	3998.5732425129972
53453	120001.8585328099
541649	15330.759082007815
142505	506.75572849207356
501305	13661.376926447185
298840	9743.969226865529
160602	7153.012231295343
543835	11186.620848212155
178012	1489.9921932207108
261981	1572.938502949286
357342	1395.113722888182
531298	13998.761064945229
358115	2595.2138663288692
292457	737.4800393072231
30827	5324.440118847732
333293	460.89138900956783
580273	1953.7799602828863
158193	41840.81412936335
333682	765.9510709141579
38644	17822.14343447579
332125	2142.1679521124106
378025	566.5392531974663
331256	359.71863018037357
168314	3823.574443064071
545599	0
376060	3753.8677008806944
