37378	106977.03265930331
130567	123125.95197960919
478739	44838.953531577456
47129	87314.93047295381
440859	16635.823058623628
15400	706.6156335315775
34864	137374.65805720762
415412	21666.44084961767
411714	50471.31690739167
432196	66303.60306428773
284854	254056.94096856416
120906	49310.92272512034
276565	50156.10948739731
184409	26052.45779099406
380003	21983.36630416313
12900	118355.75789861233
433253	0
531473	51435.53811384877
225896	83271.10239025774
180841	8695.906876239025
36971	226271.21542339286
299119	1983.5804984423678
116072	257970.57258000574
16092	613.9330593033135
276604	48931.54478617955
564352	124697.11324038522
522883	14760.035904842824
358535	42451.14483149253
555656	8068.247374681393
512654	56254.67392806568
545943	1982.4827584253749
37529	78583.5387935429
81550	42229.80077598413
392352	34979.80045879354
35355	91801.71643160578
443560	15303.30842820731
115881	32842.567674879654
245931	39800.29498725573
197805	37413.82796941378
24754	1036.525902010762
512691	53856.00540356844
294580	149681.8878448032
365750	27631.228802039084
391797	1169.8029679977344
505027	51181.34262248655
428236	11284.241580288875
497372	53342.781178136516
495844	56501.0495327103
85753	334.4217162276975
218387	816044.6740016994
528151	630.6186745964318
309532	6012.272075899179
475421	51265.81750778815
505129	101379.52170489954
202034	7012.844519966016
509245	35770.99245539508
419134	43115.089640328515
21321	64730.09659020108
475473	0
227155	2955.4303936561887
119950	468262.14975361066
41017	16048.173928065706
315225	16246.161614273575
494431	3830.1187595581987
560481	19053.22623619371
130404	37834.58765222319
146789	12733.87649957518
363368	201031.91047844812
322922	77025.67813650522
516977	45025.23089209854
555896	35964.32820730672
225146	1721.5283092608327
385916	7103.08666100255
404861	37783.8476692155
504709	1748.0372472387426
224138	5570.717966581703
504719	22463.13308411215
555419	57961.16737468139
536988	2182.1505692438404
419746	17933.468537807992
553891	18557.49937128292
115623	152023.39971679417
215469	29909.832149532704
380336	72286.7141546304
367028	1102.6792976493912
404917	1121.1925346927217
208824	169016.64868309264
438210	1807.7272727272727
438212	469.6563636363636
269266	1162.8473180402152
467411	113141.95707731522
55254	42034.22668932316
307706	17109.884667233076
219316	37650.76344944777
555498	27138.13585386576
34289	9534.801665250638
308730	6698.85681110167
