177878	2895.7434200070143
267146	4090.462476043608
80139	13108.410677527821
340366	1496.353437952891
380175	1993.253741169475
160274	4096.165820032722
30710	1302.6881753535674
80155	3767.4646778066744
507811	3870.300399360518
490782	3823.434990829406
421153	39222.14747461474
493019	535.0297447163517
261156	148927.32289823188
411559	26245.86671749347
507818	1709.8581264769223
259911	27182.053390385045
335788	422.27497664071205
421169	14141.782311274192
234674	724.4231253910596
267094	18878.660741754666
359286	3554.914802941923
86838	695.928164230097
259913	4035.639078277435
93775	5903.721253532141
286175	24690.834960485143
96821	1097.5322243570297
19776	28.464404894327032
287683	83276.11578205231
347461	3585.168319571759
334023	1354.1991240726677
463689	2609.3271712388396
131931	1206.7319333200082
537551	9653.624966733087
542801	5151.9244971956105
302162	3051.1758937487193
149203	0
472590	1708.3014998413378
472662	2635.8093320726907
267095	47800.57243465418
108583	53.332591768631815
542554	3920.5844275274603
551503	4292.567177538124
336223	626.4701579100786
567779	3740.843407939542
407908	713.1943727157159
265957	10267.720380834216
96870	6387.609397296057
106472	7441.6902541719655
12284	8298.169671246069
339495	1539.1602442292556
531090	426.7390791156843
80110	952.9250350551841
421117	6220.439377085651
41968	3957.9757018155774
411593	263.202447163515
567797	2633.8782307389565
377974	10020.228984904099
287589	25293.499246998836
158107	3200.0176002470644
337405	1690.7073357078903
267093	127547.49954386745
