410369	8253.834224058075
301698	22793.213286484293
402198	327042.4250009934
179461	40448.50977135855
406358	27271.83743030513
568838	41337.5338598914
76409	44900.67823045506
215307	76574.32037770354
233612	51128.23447721596
496782	4329.461061275957
186895	11043.71000161968
305040	4199.678810214592
246418	47708.16251515897
248723	42504.2134231976
34966	156889.96694192436
69337	246865.59149884825
77213	438297.74917620665
549279	5054.656468406861
303265	140063.7553192189
403632	379263.75641959347
457307	796128.9465995424
109476	207934.73251583907
357158	768.5190370979344
215336	435060.2505297153
362281	304912.14542070165
36267	0
130477	179423.9041727143
458030	100793.98992379796
452381	324070.98969376145
186928	13479.197874372134
343090	430.562111707101
328373	1887.6758555133079
417977	1622.915696732743
42554	373042.46487865684
301116	7418.0473666632415
129469	9863.209180387235
357183	173.2613878515518
528704	30082.464742329816
292161	127038.7672722473
92299	368251.4249427826
441412	31139.761611650847
312389	169306.1708134813
242503	1618.2379823858203
259201	223236.63137848992
302092	1032.3595981913475
563531	90728.2459675317
363084	616247.4478224489
492749	4294.2369894096455
283086	295441.6745064213
363599	209161.59383372922
309121	304928.0884567705
292178	24852.090046730344
467262	0
119590	309746.0101076842
150870	4076.227949884686
504441	77293.16314936387
15908	501763.3277380499
346895	503481.72954034567
179741	456301.36835751473
363998	624064.8996364457
267487	272351.4432636887
147680	258403.64631648528
219408	633462.4674855359
150885	4789.9765474038495
213096	55908.38442653635
383337	32059.195220277954
107243	78856.42281860985
119250	101385.11645661441
406382	136965.81382104044
212338	6401.998659029373
182773	354.8243371197308
189432	394685.2400550918
410233	36470.47546069019
521807	59357.13985182677
110846	405591.96450285014
