267267	15894.050517201986
152072	30242.58854792437
393226	462288.99677377025
41484	63464.17628537802
155675	12628.860608082197
103968	240.98463591337628
127009	85925.88623634483
376885	7127.072485647399
191754	63002.11246919629
329791	4542.881450926286
126530	281379.27757941623
554053	313011.31360836845
493324	6275.625413003787
309835	11410.996308830445
323660	91116.44361736409
475728	12873.31854132913
321624	80264.98086100066
412249	30590.962749507875
71951	952805.4349389041
119390	22063.697527497174
45151	2165.947895677924
241249	72875.54000902247
311912	144025.4734446769
149403	7364.884069680681
468077	33310.089778753725
167027	40785.5027554653
527481	198937.28908592247
414514	13851.795674941037
422530	136646.82566921032
530056	16055.726691753434
93333	163073.18596685704
543901	422151.3765111696
193182	195692.79555576906
410273	97731.8737003986
17862	5328.103072617836
439463	103244.18110275136
453800	10543.210073757133
204969	25303.77022608226
387770	525826.1277136401
41156	70346.1864123966
172741	35365.58378876889
48161	885.1639261828806
413898	85546.58437338172
179321	596063.3699748768
23279	2370.4974484882473
72416	1097421.9613985887
172778	295711.20169375266
166638	9154.300526478033
466159	69533.37945779672
247536	301212.7072729402
413938	341114.2100415679
558842	50129.899051750624
415996	4319.200359566009
493322	318415.6796491781
103692	6129.85281347573
165762	67934.34576539387
191759	91401.81664207646
460049	23821.07456384295
130861	111960.75097844492
414002	11733.273616718434
489781	362994.54636184394
41783	6376.028338906949
256318	70009.28317914713
407365	112166.93872716911
203078	68978.5222671281
130889	73635.64585786463
228176	63137.36722959327
130897	24226.717013113783
146263	4259.74151434586
476511	46387.356509756035
490339	1061627.108055049
333160	10601.210080315257
328253	93777.26482444933
13118	580083.4053289121
145782	2858.2914533501034
144251	19103.740906248226
457597	951490.4894474647
421762	33541.47930424228
251797	19790.38513705299
155035	1117.3691437007967
513436	1498963.9240494969
71493	1312035.9042768131
134050	1236456.872950814
55195	56197.145063387696
129445	7275.645940869851
366502	21477.24177628754
312234	189357.20213331532
563115	312242.1260776216
294317	41048.30530610451
369582	133803.9671320131
63411	2389.245931687254
498591	506455.5584719816
215486	447407.66594077257
362950	366712.57829084597
251847	102219.27097146904
293835	356174.60577763256
469454	285.16245290439025
282066	226230.3159073942
280022	7251.940944160114
194521	6966.277704560853
128477	11710.859243132596
138662	65432.35326888929
80361	516692.0299386395
215026	1354.1036218306322
267514	7096.662919578729
526332	17032.98206946498
56830	24832.343299780805
