52698	145.86996411931312
342019	76.17636851522315
62529	500.8881381063916
265225	0
297482	13706.040344105286
340237	481.02944844597596
280082	628.5202424827356
541977	18227.73911152269
5935	1885.9284307113783
86684	841.9324108642691
55709	2634.0992157679657
333982	1507.9678149938704
165919	297010.46218766086
538916	1058.7621415488613
178086	2131.0843462793187
562094	3.132530120481928
64431	347.55573383120844
334641	172.6547582799818
468914	148903.75563165272
154803	99.51869191049914
343480	634.2057136569337
50234	144.39054503729201
229023	3521.5274999887374
177599	3151.9848807794942
26945	963.090906547507
167197	779740.1550404676
178761	6480.323596326661
286927	686.9305520378493
62675	525.5493794591596
62548	459.4617345115666
334037	217.8796770950904
67930	370.05622489959836
26970	672.8759634271083
53346	2160.513759595914
300520	705.9816061965261
334441	622.15985774233
334833	239.8240519274991
176378	1126.9546518300674
65662	794.9984954258443
