50182	46.4575201500103
487433	14667.102732395264
290829	958164.1009436038
316432	514.6289041169682
184855	234.85405362419436
218649	17587.810415474203
342051	112.89568409017973
412205	19290.83269111931
414254	365.8825238676252
375350	2041.661312181727
362554	892494.2848454282
480319	3659.9823469266194
22369	25101.157038196674
323156	343.2271439220051
326745	2354.035252795802
202846	248.79991010558564
472160	1277.4148874412317
374384	60.87390938207799
158844	132.01472645675094
489322	821.6570603720519
9856	1048.8088823391997
75404	1730.8295284962737
205470	33912.84741621665
158368	160.0244137781325
281761	5780.276297709559
113316	2175.9601598621443
43174	6270.601300137593
166055	233.81692489370042
156841	119.34608664440618
384690	10320.913118230637
367796	10329.272459465239
251061	3552.4286727960175
333501	49.201828295489335
330447	108.49582223366127
182482	476.6193534533654
255701	1789.161400638798
182487	1407.9656281506534
8416	750.7289939979491
10985	3982.087216119632
186602	396.7263234944264
45351	42351.993746145505
424175	410693.9257127779
570096	43.64126916620245
455409	1931.6781701791813
41724	42492.336556740316
425224	4491.22466631803
70431	70.23856792703778
79648	53795.279723143496
490791	8912.49784462156
74539	554.7363870478431
509742	347.2793678482928
24541	3403.343573845669
415541	615.4284106917396
58170	11909.727483865829
214752	576.4590521082672
449353	129.49673533362284
185674	1315.6804017146565
43344	269.40956804336844
403802	616480.309614356
86878	243.145491261825
551777	1058.2655801192032
346980	1091.2035983557328
410474	1834.1748983684004
28011	879.4874312375565
324973	922.5838613815237
327657	577.11622774183
174968	6816.615810321173
222961	669.5340511363808
181628	4383.749096772032
574845	350.1496156315264
109291	69757.0856483729
573842	115522.72874844061
258456	621.8330935298189
439707	137.20092624023593
12193	28624.191120820255
542107	4733.503913821724
121252	30.77039192732846
44967	12833.959068757267
416688	12228.844256849778
91574	4464.8592006113695
281020	479.6112620023215
543168	617.9520650823738
166337	5462.488434019688
80324	348.98350776010983
114852	40301.80517063752
71133	20196.713757397112
176613	222.55682294440751
341481	29.412975495497292
209902	72417.21905287394
250867	2552.5730304129793
535036	12002.330208835252
519167	5979.318646508756
