162848	8213.49231012714
439332	2624.0460804508784
563240	78464.43338315721
540713	683.3194506480032
108586	9588.473469674856
525358	17723.00933536762
418353	940.4897053544237
290140	4199.469963247579
399421	232.82156611039792
399422	1350.6171566970302
399423	386.4585522044422
134229	352.14427492218687
350294	7651.758149853347
117848	1782.5029278843615
253032	6488.025130914763
76915	4440.857602124258
75380	0
75381	0
198782	1401.6349841560132
198783	27.26011887386358
82048	854.5667047672639
78979	549.6299224506306
82057	715.4161055093465
579725	56.206567356639205
280208	2906.3275985066907
177299	2824.554636617547
264344	43012.41415038004
562842	6771.6530008616555
270452	1409.8073552640371
264356	26604.778393936733
117929	29.540436456996147
7353	5729.1906432164515
270533	7124.692398287582
455879	1353.916528039109
65228	460.9676555805654
174805	14752.172317934828
83158	2593.615969003817
49372	1351.6509335092414
10982	280.7753530166881
563944	1042.2747111681642
290538	114.90244874303202
10990	67.63886646490937
10994	3232.7212478238694
10995	23330.038440571847
10998	7436.479950809609
10999	6167.74042119032
360708	5152.967575008354
24961	15532.681815464159
62731	575.0280901049817
277261	1081.62254794925
102676	207.6867779204108
270382	250.33119383825402
39712	134.26812738495084
266536	3135.487414493467
280363	888.8113590131362
327481	71.78947368421052
24380	46222.76500792041
17213	928.1529821743718
106311	73.17739989800766
197452	210.15963564105724
335184	157.2906554954544
88922	1184.883549334412
88923	1306.8548059858972
88924	1311.476146095275
535390	91.75700099354637
116575	30218.397946084733
502113	217.64230966993173
65379	333.56767833717277
397373	0
206194	1720.1377811384464
75638	1239.0536796384545
134520	120.4775353016688
64897	544.2314312464171
290698	4660.018513373312
107927	0
138127	2210.747467719066
239511	6426.350143316862
438187	4314.728112191606
438188	4854.677602124253
176561	114.50892526052016
58802	626.1677596470712
438214	5623.389874619729
147415	3072.8126189178265
194525	244.3440308087293
87888	6876.585808992912
335333	35.323989285350045
88563	299.3150032678004
20478	334.86935906325294
