444928	5567.538485283149
536069	18282.198046734888
188934	86115.89751337627
181257	104145.37390140523
368651	589882.040038419
536079	38615.40270303576
154129	3.3859973243294896
305171	11502.49294166033
154647	8587.826515866662
13850	3702.0923095581584
429595	169509.59080373167
437798	1715.3013827882237
111281	307162.94454335544
35888	305247.80829091853
12337	49486.24159722248
143936	3585.6255721906045
312393	411986.7693204086
305226	141012.30752480103
555959	425444.6376130542
152655	13402.204648032308
31315	172600.39991405624
188502	206955.33174357723
431710	764241.2217441436
394336	110795.43189858377
37986	388071.1377477511
264291	53337.08450777439
217197	13418.608243720984
87152	416866.4608099395
312433	386103.61121109
15987	132425.27355250434
152182	46385.747968150965
152186	18999.72197212594
33406	436877.28071717673
301699	221843.95364983432
94856	984813.3396802169
575631	39291.76555866803
189590	759986.5407550506
208538	387943.24046601914
579237	176933.8194401049
21160	431505.6383509743
324778	7089.501100372489
377288	4073.0161003312355
383156	734460.9534256614
327862	352220.00568412204
175292	17517.415767058326
476354	120530.20211552395
346819	499796.30186263495
92357	716223.8659560621
575687	49324.909966690895
54989	11212.856425045748
508628	66066.08915072714
62687	409.5776582955731
344802	124785.3699445609
258284	495471.452358578
355054	8883.482019266447
40181	97624.02107712736
102134	19107.531965520695
71380	50692.26219348213
555772	61631.94235959223
175358	2753.8555618427818
303879	65103.14781188582
211729	117920.0674427498
430354	358488.9403265676
154388	134733.49585593824
430360	84294.00573388566
526105	20518.632897074058
185632	36901.76753916783
192802	17053.414284635877
245540	544605.5638647581
185640	171039.69689416743
164650	17231.908243357197
247083	90109.31702209599
334638	304.8843213336365
129333	2464.764319438931
114492	79642.26118853064
267588	59863.63508292188
237400	648914.8792758337
461145	31973.480313918226
42845	290115.65350917174
188772	229189.32326380868
211301	4582.708519988406
389481	570073.1342683416
403828	109918.1039554285
9077	33554.44435163523
155520	15507.010321307836
289669	170638.52478479524
324492	43337.09544270448
245060	75908.10952953601
195489	70833.89101824664
373685	121224.48000866538
540603	4955.866374134572
154558	15853.396461824623
35779	250368.73542236257
239177	13830.105274047342
489416	238095.94123299813
168396	46168.027427688525
467413	563104.4096927162
562648	4126.101235068537
413150	69593.2588887744
202216	637326.3283142343
