117252	13049.344523260937
116869	498.26953033550393
252144	36782.173886849516
310299	862.4055139698053
336103	137.63706456206882
225696	748.1310301333488
408353	2565.1876768418497
117285	1334.4444044712836
226863	5706.37144911474
422451	311.5830296685084
196534	374.2480939226519
203831	178.48293847993597
341176	186.29943978220925
81849	4441.044193884106
81850	1135.5232283181294
136254	4422.653239468943
367551	10008.552982665546
401100	1513.2358911076444
554836	2366.336210199358
339925	118.94565486733913
309726	460.40577781510996
535904	3001.669076139676
134503	2133.176396251386
106728	18482.130622416018
142569	1221.2321404374327
468458	20.337423312883434
171367	2535.595324351639
134892	2366.6811216533756
372077	1892.352965807183
562672	1442.9488598020987
182641	991.7831323718362
277746	11500.9364053494
335987	266.705052130847
187454	59939.20712737335
468457	18.42331288343558
551252	1338.570206050784
562682	4955.423510691466
134525	87089.15337423314
7807	30488.429522893613
