333839	43.077242094349415
439312	336.3771051697657
432666	180.41873578782418
173487	623.3794090930303
168483	19057.52759753451
411686	211.2348367029549
157737	1841.8710020524259
157738	374.90350269540227
77867	387.5348750492455
397358	996.8574831237328
338995	64.50398199936335
123957	4804.52761603934
538683	81.81731231077809
116286	292.56872249921366
488000	2755.6258098878516
134722	2206.1092777029994
538693	44.875828593818255
532038	72472.47276011818
344147	665.7965939111881
134741	26955.26408291019
276058	476.55761853078667
452879	2358.5288952860164
477790	1293.5965975131928
69729	0.7008812856402281
380514	11009.07568634802
269415	475.5547159549415
448616	14697.373692833156
229487	1318.3740850204242
239731	2026.4647989225368
141959	1.1029487842731505
124056	2929.9327041156084
432282	134.64308621760554
393885	1538.0677771707838
116382	26354.067701381435
151712	321.55997862196455
134308	1721.1783035070398
393894	5985.696646524833
167793	1575.1861330732997
401064	52657.421919221364
401069	53593.515312301155
230075	3418.0369994612142
195264	342.1552412715551
64705	90.07148709342015
134858	423.8156789380483
275149	1690.426833607017
152785	114662.19463225952
497362	15469.982044954939
69852	115.03539893817165
288477	343.9392088447974
176872	151.6583362230363
63230	325.0243951536666
182030	6047.966881188555
182031	1818.5769519842675
182032	767.9420890125048
261907	5127.705750736777
171284	383.3841539794628
171285	504.2953531163334
270614	15.173181874415526
333213	0
135961	12.346293416277867
178459	184.82933368948423
18717	372.08645025674775
433445	488.7252958559648
140583	2172.429203894221
470831	135.94284518942908
114993	4207.727898599987
433459	2640.039304250719
134456	446.9145404085062
205629	1132.4408386536054
493375	217.80556319438364
115019	553.0143350752007
368482	1240.4703914736199
538171	15378.766351765482
76645	14451.199534965674
379243	13295.969332032102
76652	297299.4355931485
422632	1125.6549364841958
103794	166.6474742119156
50552	197.2898197978576
466298	4526.502664131774
116605	561.7563922776411
123774	1491.538647329392
335238	289.13765197785756
356748	435.8313940007355
134541	64213.33477000517
532880	135.9553502681993
309654	1509.4090828100361
149917	2239.95501639179
339872	337.2515821224071
124324	10168.436881727612
450985	4814.670241101794
117162	26805.013964707272
468395	50.004533867050085
225693	423.1776390899165
575408	32425.453059182975
41913	159.26179367547954
70588	134.7529048445635
287169	351.7405841350082
285639	1138.3896864290168
559560	872.9730718842769
226260	137.53084794745277
148966	6518.618966203079
101352	289.2186945944721
117161	7.021210553543715
