28673	410.82404288628493
116747	755.9390862944164
28689	68.79187817258881
425496	618.2816547274537
376349	11981.5339048342
64043	566.3899885549598
376369	10282.367761278994
66099	244.2715024431899
66613	46.3756345177665
44087	19.312050409175008
29755	418.91456188623755
569406	4071.7943925233653
468406	33.13792996821481
89673	7648.807858057782
376401	12597.89164571375
77907	1344.243654822335
77908	845.9588690165568
65110	174.46838085298162
177758	362.6547455393994
356453	622.6214716068125
400997	143.4005472270981
337512	147.60486343280044
338620	26.60747663551402
229493	319.6800359824945
356475	633.9948878030268
195708	5350.447412116321
581256	12829.458608093355
468619	91.69586435551972
46737	626.3182503913849
117402	256.96261682242994
125088	2482.3943261065524
559268	1070.218795958062
393382	1456.6709323260118
192172	646.6230371459743
394424	2153.4629549943065
563899	203.26168224299067
422588	1637.576403055174
175051	1517.053418093838
192199	895.4143460315954
497353	26767.56330945489
339153	65.32212284738367
499924	469.31979695431465
190689	194.3023338571564
15588	492.32055600360536
134376	1397.768011290858
201455	359.01869158878503
63223	383.4561886237486
134392	1078.595954741686
89851	1040.8261411831684
89852	817.4753247307746
331819	588.5233644859812
108806	0
235284	285.3925233644859
556312	7222.542483039993
69406	1372.580861842355
287008	559.4301437449594
248612	5575.817248793825
72997	522.9118355662033
86311	769.589069690213
134441	889.614160301722
256303	1129.6391195028227
256306	9321.629313653397
246081	3285.622243820864
380555	140122.56055790125
267081	111.02272403814223
117578	84.43820864367379
117579	1766.9082024763975
117580	67.79510413207457
532301	183.18848142701265
569171	3157.8440153707497
263521	167.07185873025287
248686	101.44575169600077
460656	11.06537312016699
179058	2107.020485594668
70003	143.06758195360308
83317	840.1837053477394
448889	2798.3751335452343
413570	1.2588832487309642
372107	786.9159352910477
528796	580.1548104748802
379308	15117.247734712275
425398	1754.2189382798047
117577	1644.3924284833251
339905	29.318895583281936
569284	217.11992978794052
30149	440.03250203520093
108489	16666.503818966736
343499	70.84285734973196
175052	270.95369799326346
342991	94.40475939442102
524752	121.19308018525548
21969	1583.6960007590487
468434	43.98444211774753
505813	11.238768442525737
422564	660.1042872052752
529370	12016.952411879127
43484	249.16082356848042
468220	5.467289719626168
461803	10735.208812087865
461807	10318.866311969265
415827	2996.645954632573
413687	502.2538071065991
134651	1176.4013577494184
161277	620.9824085582808
