117250	1433.3333611826683
500228	86.33853869204826
371718	315.9933579335793
44034	43.31026802503733
117784	2308.32285115304
168476	10423.83752620545
117792	0
275291	975.261006289308
335397	105.91509433962264
505777	335.00652989548763
377384	1292.629004308911
117807	81.03173431734317
351281	500.67615787478627
44088	34.494462077386345
31808	640.7251464024075
359495	16939.937106918245
400970	290.22949778945906
400976	290.22949778945906
401061	61071.357409083466
185440	0
239721	1423.5377358490564
401003	290.22949778945906
468593	105.44212039656296
266874	259.1343173431734
43136	46675.57480331408
43137	72655.99673621263
46725	910.8230335584486
168584	3756.2610062893086
118414	0
116388	1437.5417422853475
468645	135.7138364779874
7729	3478.5619453050667
134840	1968.1888541758533
13599	16229.980681070954
69821	145.23163381735094
460661	53.908329271971965
339137	139.03885814250737
282308	216.13936503515978
413388	109.80188679245283
134355	243.03249475890985
401109	256.0404466859291
401110	256.0404466859291
401111	256.0404466859291
527066	248.79630996309962
190688	123.85742839154618
401122	444.09035050708997
358118	1092.3321033210332
100076	2138.599580712789
102639	1089.1877695003363
116435	4133.603773584905
192257	4861.515379795307
443142	1790.5157232704403
141685	6093.518867924527
468465	157.3449763527815
261909	696.3077923986787
261911	12404.003303240577
273181	13167.600162903145
56094	5994.503188748868
134277	258.1477987421383
44081	101.51107498100828
553767	12143.942307007977
129840	3788.6509433962256
77106	197.71439114391143
171323	7350.037247673417
535358	123.95856018937548
134463	58.15047399568335
134368	2543.802468547657
171346	265.0584487920351
15703	19.790371092390167
368473	135.2291284734503
134490	240.76519916142556
342363	791.4451835058637
340318	38.5440251572327
106726	2048.0157232704405
544106	12075.423829283574
475111	21.269392033542978
343406	203.99451339759958
103795	130.59335793357934
134462	51.05429713499965
76664	88093.1652279699
134535	25206.146467938455
117129	2182.7827624451716
372117	1165.2529671145764
333209	360.607966457023
338335	543.5262520714684
308641	271.9592981967556
524706	534.4433040857488
333223	40.16352201257862
116649	364.41476014760144
134577	1095.1875173091353
134387	3188.2073753471504
468412	385.4837657476773
426429	5767.833468712043
540108	808.12893081761
4575	6241.950435919452
83537	197.57861635220124
359914	487.27305210146443
142759	262.35849056603774
343024	117.45490422489887
134641	1398.383764276652
543730	3547.6830565341506
339445	342.793501048218
380329	4123.829661862655
