440842	4647.6658024969465
90123	544.3690537614093
363532	24149.54595663049
504854	9037.860871097606
289815	11719.236774024776
397352	1659.6255413929425
548394	361139.68644930987
128053	131088.6995014825
363070	231680.57019940682
129093	1414.5263538457068
433225	170044.82026178238
400983	10.092668425285353
32858	51292.27291715116
196193	4062.2093719115173
296553	3232.404957239646
487028	3111.646531984576
193659	5778.477791988834
449665	875.6990872623682
124034	1378.696770294363
509575	106056.13580861346
13449	3114954.1130166827
274570	5566.03061231905
492685	7289.627646418331
484496	1336.1178984143362
484497	3700.450825218494
97426	65790.58585135564
468633	631.2197334699533
431770	62022.23246250216
180902	4062.4038918522183
548529	7298.585273021923
31924	351.16666666666674
247994	1709.0627633506954
368929	739.7572773143033
382670	16343.491750116267
530127	941.2271853017266
371416	402.86204653799206
536286	13597.640611374341
410335	45344.95827771642
145640	249103.91322997227
442093	9359.826969846716
415474	139146.28603714914
323317	7122.644720873797
116986	1015.7261805272946
526086	689.1950867682112
70929	4945.707458868673
508694	598.7121677155397
327448	5097.072590861967
102174	39258.32462442231
363296	60353.71783583319
8481	350.2739321115052
486181	1001.833238256497
371505	17511.290964188116
487736	3474.3121717729637
254039	59456.10824952044
296159	3779.100831710366
487233	5964.8334250673415
362839	338960.1745235253
554336	1099.5639104073414
479076	773.9419564996223
502117	60446.409892593445
215913	9519.036645761884
284523	80844.69836564136
373627	138631.13242023237
352647	1284.7442378592332
471432	11868.006978760934
163211	13285.10464144526
309140	137247.8604732284
520604	13297.127067466992
556453	16770.82497807779
417192	4193.493431825668
374684	1470.2433337572434
127923	8085.412990766039
12726	273095.4223591648
414648	8232.742367812918
237501	635.0192521510378
376769	808.2916000523226
42950	17177.60630195922
75725	107069.84618081784
483291	2572.0049960758097
551901	1064.4737630321883
410080	30587.291617008694
175587	11730.563688920709
33262	180466.38638802466
271859	100637.27899540732
151542	71900.98103852976
373240	39755.660655630505
