47745	352425.38631633896
85250	75806.26967967022
391557	2905.5976171432867
391558	3055.723179674359
576903	6384.822456899157
576727	23243.960731132265
503571	6530.2977881523375
577045	12130.148210088008
27670	22981.250265696453
122775	664.8251600595406
576795	32692.25115456795
258972	6574.8620352961325
426271	2880.341992116139
195104	569.5835716563466
570146	23944.484627878664
301211	971.6339304731658
513272	4335.725465848855
577692	643.8008945779669
576682	57330.79411174378
576684	9422.471344415671
577211	7616.041618095984
579374	112993.43028924649
182877	134040.08007397334
405681	8962.578466552817
577202	7446.708765449055
499187	279.71455579491965
499807	3423.8461977945626
544953	139.37053177809497
570169	1828.935537665274
577338	24240.587564661306
127291	1090.1536862660682
577213	18811.677963535058
291774	4326.346525397004
401471	2647.548386991552
3104	14427.246859629518
527115	9700.94873801522
168132	8336.818355088264
209861	304199.480947886
162378	1703.4424455807841
370898	8509.175219095572
565836	56930.821914947286
494818	4800.410014563963
503504	16333.572725598064
2513	6021.50423551353
503378	10381.478585705725
370899	12585.958357119653
577493	4761.1009149786605
577111	24437.11313805226
577112	22742.97011344646
503387	10076.898384061951
577116	40921.61732209153
139578	1586.8044420464778
504286	10668.683185182135
507359	1385.0052142323168
568672	2091.722476723406
570081	2951.7231850915105
280546	3508.2442476588462
69091	39563.714759867275
569189	6234.0103894013555
574155	20762.358999701388
2897	20191.87108293655
273128	1990.0560148261293
351698	754.0262975002264
271388	5923.0766903460235
222653	603.0272676854258
571240	2032.2419239077503
527187	464.8732555072795
1065	2321.7387240660737
356472	300.4478982666049
472316	278.55754784416683
351658	6688.166990063955
