434304	6413.863485366504
539648	13626.026914963264
528299	997.1534502073182
289541	2068.5843078489856
536838	1076.283046482869
570049	1280.2895526296647
255240	442.89750491016224
49673	641.2418709536627
423050	2653.9092650517687
231051	782.8186513421111
512912	370.78851822215756
62737	1492.881355932204
539820	188.01057200358866
11223	6031.538323513008
281388	3610.4191459954895
303257	830.089908586116
180762	8415.409907616206
564123	679.3220338983051
212637	24.835479256080113
201733	838.8704444606096
274209	157.63031934240198
559431	16029.13848257802
48931	337.3559322033898
403131	959.1062331175286
576550	2731.661016949153
200616	60780.02182294318
201385	8983.265771441042
78023	1898.0338983050847
49580	841.5788171964792
44205	463.5134938532044
261847	3735.2871171892048
160227	14427.165843699231
567090	1963.231254334279
465970	1569.6643631337745
407415	15946.726025072134
126646	9144.73616061686
434744	2331.4969084163818
95033	222.37288135593218
327994	24271.314856574765
312763	23212.70127882446
564545	2328.135593220339
314306	9625.270533692197
235318	3224.9924415023884
124487	4382.9152542372885
207306	1019.8088310176764
467403	283.9566450862006
544716	6032.967192842075
294093	5581.154358041755
78926	1135.7699376833732
504632	2380.8823258407897
29046	68661.52847894085
91555	118.66637569409083
189268	7545.480662447565
60603	1216.2410416818216
539636	67658.36715889529
120505	2338.91166557552
20730	19337.38949104047
12359	312803.23600300646
250204	38354.71186440678
527482	51614.69877064089
186467	1152.929692296501
119654	17720.87638612061
193126	3390.6712252370216
222161	1056.156100967484
474275	3919.1468684076526
347882	1041.899531049199
56044	8533.280244416965
103277	238.37288135593218
367727	883.6623748211733
534001	1300.1003855386627
504690	21364.065080866123
534004	269.52789699570815
564085	5089.5479741034405
66038	235.53919643073638
113911	673.6271186440679
349434	142.3135229504619
355580	1633.45719065978
534013	973.0084139569847
434302	1970.5205984335976
516607	604.2831007977499
