457216	299889.35643263086
494593	159461.80838448644
184839	5209.777432183263
457228	592471.7217313875
108046	231132.2119537686
384532	15633.65339383329
576024	185574.88448038796
508441	1114.77265245437
110106	86084.51796629718
1051	32673.138619918573
1052	38439.50674007974
40992	98212.20558671684
505377	138616.41059437764
576037	66472.6744646277
54313	11822.342703103446
307247	108121.90368856401
144432	166826.26361707307
112182	0
384567	389.1487637142533
467001	18696.44613876755
110138	47804.51465471533
19516	55422.466495449284
93251	72208.22576808558
323653	25861.39776092631
452682	1166.2762965203292
92238	241630.7550171517
527457	35747.82675371865
500839	535810.4142734425
452201	97274.50969897122
536174	34990.85740764695
174703	60587.97824402083
204402	1290.2987664501936
85110	5672.801468261501
444547	2151.9452032347117
41092	109657.12659981492
163984	105892.20614332028
37015	120816.88558085961
417432	9182.716296569713
191129	174046.9857172538
34977	176460.69675787818
428194	21803.70300850374
221350	233891.73640294003
172716	98991.66765731157
82094	25648.290387547648
189617	252601.7988228746
418995	287530.224580896
29880	7503.740095281727
36025	267582.71686327056
474298	74549.15173221058
441531	220207.76023474208
576191	33170.58808632479
91331	2635.91440329992
223428	3269.96753972423
36561	130101.90262728113
438999	92728.49610210693
579289	3582.07644559412
454363	45391.13626023315
551133	47761.87044831881
546853	38411.77672935732
446690	533461.0077450129
217836	11416.9011020586
71431	84170.55263561716
305933	41113.26064321477
505618	3136.0782168866067
244441	846.1413652217424
35375	25443.28172873961
198435	240.84828786798857
530217	105186.23136943764
355207	73.80879930055013
299312	2857.9048746650024
184117	296549.50830554316
61753	1878.9110573693647
431839	448935.221204162
402237	352901.67448447057
297791	26022.945019968276
185666	35291.679574597365
379203	25035.894427184972
289622	76916.40019741503
368995	4359.173756532616
560017	149291.52184000495
97640	101875.57287029947
456583	580109.7096170075
157582	237394.4987903294
172696	172176.14146781075
69524	3644.833971760293
356764	21692.222478278625
127389	19306.90330438292
71070	41493.479277046754
234081	34498.35486556828
72610	1567.5960678328506
562602	50873.38950596725
548786	26143.310340364675
510915	47150.877389645706
403362	19000.400675861478
168403	55893.29990624759
527353	43503.37506840671
33756	108424.9932365062
38366	12586.91809247487
574451	4807.768745628704
220834	175311.89984969117
505337	6664.104232613239
560634	2893.5344663869337
92155	784188.6312032241
489980	5871.821859314783
