453638	190708.77626945058
498184	3733.8847624402642
552460	187141.66424311913
83470	1865.2941465737094
33811	155.89479516111888
36888	371391.7600276042
36890	26885.767256832198
78875	4539.795511782705
144416	54167.740625186365
1057	7584.699282766715
389666	696366.2819675576
79907	26.890398077525855
490024	718135.002628486
167977	449.3340442633728
109099	59405.08288395838
203308	120561.2877413475
479278	45960.30849001384
49199	961033.9409503674
531517	2537.6309053607883
159812	4084.556705622764
183883	148864.51088632355
389199	730.1704918738893
505940	411.35082220723854
133476	151.44125971362908
411756	1963.9016802689614
121465	42186.384149024554
329883	5099.404674266895
460826	421463.3088642314
194718	443.37154323340775
92831	484248.10096342774
96928	190318.6717416924
193188	346560.3902699956
107959	817172.0486982298
413352	557643.9366809394
375978	179.87723102230476
413359	474.4938583273518
359103	355141.897742822
196290	7263.824680580882
450246	4472.741310568791
197832	202451.43960166216
382665	1744.057555608507
407245	80704.06220926443
390353	8370.322626920437
37589	401615.95904408704
210649	85587.44351289106
279771	1130.5333343955263
86237	9402.975651298506
86238	3864.8837608157414
109791	2778.1562524840165
527072	2134.597157552303
180450	122793.36581359663
524012	490373.3748265063
509677	21383.44586681821
179442	447745.4933202444
550667	57381.9483854595
247569	12296.74453530581
356115	511.6565919048799
35607	36315.05088445781
281	442831.9787386805
232224	6418.059218083888
97572	668476.6233623612
290092	51325.52701357576
290094	62582.36297940715
85214	14340.44782669039
119607	342.5712059098244
187704	11254.821690978266
352991	203.44859182179383
351044	1468.8479980718573
123191	2801.900526776269
431948	465169.43574039085
43857	423.88701564349685
383314	272599.2357506231
549715	349.5374680335283
116060	188737.8769676988
259933	65365.10887785109
555361	262437.4996021004
355684	2522.227990341342
144750	7994.764764344392
550774	44141.39720319996
352121	278.22564131119026
316794	50859.284039234124
363388	1095396.2242603276
505732	30926.377384764513
84871	169.02241077280257
413091	596769.7025338688
457628	1177095.3410557928
132001	12655.860824349193
246691	856.4007278119981
427434	496020.99786029954
524203	54376.46704412627
168365	29612.044209718162
251313	4168.386241960424
35250	397757.51584430167
6068	116877.21540698892
87479	366747.6724261733
559034	16.479782676836276
517051	32162.953545501616
395714	268255.09870801977
33219	1098858.9596850497
228815	1076.9733105955447
228817	0
156115	37141.216525177355
90587	152372.38686844177
83427	5245.908376148841
374761	110259.28644702115
390314	13476.651635524497
