381444	5965.598572638916
462765	7160.731631982735
28690	10764.409495760765
574483	3423.3118925489975
472087	2190.178828945356
356381	15069.89952989046
268841	3730.5034634333983
340011	1108.1554408925413
340012	1696.1522746539315
237107	7838.814798315931
500278	5428.864163388111
217146	866.9150626994544
544829	1034.9346663701347
188995	532.8596604011832
125001	4537.297891589668
480330	1953.103334134478
510540	3496.536253402378
160333	14526.33260746952
189008	245.81818181818184
216659	3089.73276639283
369237	4587.1124278932675
390231	10072.64842724884
44120	6352.331592355951
45660	12431.631203648049
348771	9725.83953306715
463974	1095.4983929534917
126057	351901.23826662614
126058	24627.31104328445
496752	6898.05732218306
20084	0
559856	9190.369022256396
299655	10851.677990638413
405647	2699.446000528356
580761	18097.21967308857
390306	1478.7501129284008
232622	2167.90637453904
336561	645.9266573040638
213182	287.4366748166259
173771	1830.450855745721
573132	3037.618001398819
373453	5885.91638537395
186065	56394.19096594817
108762	4803.671158245853
158939	1790.6265792056752
77021	981.2272220543507
82656	1777.740114419907
65249	267.9080684596578
343787	217.71726189559283
420589	9794.939934565247
420590	777.0203905839994
420591	3095.9123244399366
158448	2898.958623789754
341237	1106.2617063737227
581881	5162.694205330811
343291	406.9374053976358
213253	6562.863257006432
420592	9511.775920545777
106258	18386.969026200415
224020	795.9157889950762
547610	3284.146293328339
298621	2103.2033501498418
475936	2320.955401155591
547110	11153.986096338203
332072	5326.973507091749
345898	59.678606582937505
420665	5333.493942634638
213309	23798.41761710108
361289	7261.494376812624
65354	657.8980541987108
236884	523.6117682546736
17039	5032.085411656239
281573	237.67502685470404
541538	12531.010991821555
415602	672.3203113002317
184700	6057.676993507835
268778	1445.0402517596508
445310	9179.743997025653
333547	288.55620302403855
167813	1881.673396793127
17298	2665.412946634939
536980	2530.686353134056
296426	13685.039015751669
571811	3148.564760540337
49581	6961.971776389479
158639	4211.766051377253
227768	3106.2733668069163
227771	1123.7586787707667
106955	2413.944207277115
192465	2094.672117648655
341972	479.6778385264666
465879	2149.908818123526
192474	8061.2286230178925
365019	95.53814921834481
217565	13988.7184649337
309729	92.70778020500757
567778	4588.751260546296
368101	1221.7651922649477
381415	1634.356283801944
21994	6821.1573513964495
102381	4056.5671181807093
268789	3614.5994573176185
481270	6366.598663903101
513017	3276.3815214854067
513021	3748.022735151568
