7680	12797.795293888721
214656	2023.768449316394
162295	28967.04751058552
11011	1220.7121235003067
247766	4359.534019688202
560777	9254.77338308499
520458	672.6454807276048
346125	3320.9774847980966
140302	80002.95749948053
465551	13028.27392112432
533520	2591.4390763629553
303768	1966.577456095675
559958	750294.0798335989
366741	160.76096415263177
355864	704.6678969509917
455706	5256.214036987875
119471	243062.8460923312
209948	30818.024283495703
560541	6113.092380949836
458398	1920.9737765817843
126112	3391.2034465446222
424610	666.0167848627686
179884	385859.9947483759
469284	25880.06805380097
278565	1702.0655819639915
280230	691371.3770462673
32497	313010.3521599145
390230	179.03439282702126
522795	1746.9866892341172
242348	1299.2923586508734
290349	158262.86141333167
35374	87352.79070783072
152239	925.661249004356
437565	325711.0179725079
53297	1098.145788307833
110770	989919.3838664271
354486	2958.107231184735
410295	72981.23126738331
441131	2611.2551022022726
408380	174.4058021613542
232906	102642.23819828406
491712	468.32832845770844
181442	139640.60214336065
394308	98700.50917309162
543990	329961.34816180175
314985	1353.163842295651
242378	8843.374753443877
21579	11714.821014795856
314914	2717.030934489805
491598	3040.051445963687
302799	104350.40211210535
390226	1564.9380452109397
215407	1284045.445501807
480212	2126.329785860605
346709	1147.7668291503035
346710	701.8779564693581
437592	370534.40689139423
533519	495.4674724370837
82780	4043.58924562031
489949	285694.0044308681
77221	253.4613930571238
71894	537812.0089409008
482788	2967.0400689270928
354023	1455.4157542867392
559208	13815.4448822975
126140	7928.106630252288
166506	200208.35385302536
442476	1185.651169090916
474990	791.1612744742648
466927	20647.757637722843
553969	1631.47552720151
132340	25116.07622358789
523894	3482.224552370154
302057	589.5015643368647
476152	6371.775410992921
425890	240457.09123664533
