43011	451433.55010265025
373253	79552.52005228927
37895	165596.15288073054
136023	174817.17402265553
189186	58695.657206905205
557582	342113.2517547271
476695	57754.49131416054
364061	485273.037616799
191008	241161.39335494212
97315	431123.5732894181
295976	9986.53642278989
477225	625099.740444334
445484	213740.20504437192
442928	82984.91244082189
432179	260226.7291252906
33631	969983.1376110802
425021	358426.49631202646
111166	28307.948667822206
127328	538.4513593343501
232003	18341.78075440995
485957	352611.5543603666
263751	7039.716426844605
149064	9004.043821484314
440674	508756.7374435439
468558	82833.50685473926
492472	265946.5578510099
329298	43357.28773539976
259155	362488.36863084417
271609	155165.62739973786
93286	11511.6430707961
328807	303016.1430668662
188009	23.974920382165603
212078	323861.77377953264
87153	392119.0153412862
560233	2052359.5315028715
414339	23516.932468497253
35477	234585.52502995587
107167	130177.57016712862
450212	29491.095707818924
427686	1259066.3342278884
302250	11961.501027550501
283819	10800.884480112054
88246	423098.4984429152
490684	565235.5936478233
35529	263182.5595591337
363218	553862.4203208132
107732	32940.64307404484
301269	20579.355835914364
390881	204720.58091888842
536818	39903.42556684859
41207	872754.849161584
33492	169626.48911498554
533761	105484.10757857529
155906	164526.93770809975
506115	266785.6561692032
414982	23778.337338921916
524041	299253.2428234918
219416	343982.257736622
358788	395902.06717535894
581414	718.404512994775
378684	45492.609713633516
534846	97682.91059358101
77631	313637.5068040469
116038	20535.71627786123
75090	552915.2649015835
59735	283094.75875285704
354654	24913.1607229644
97631	425690.9972644825
266080	222912.72127607596
136546	278165.7479134651
402276	406134.38013740967
39781	101887.96212254581
253287	7681.398391702862
175466	745780.4381872718
35697	206586.3569951773
98167	366196.8908677256
471416	46510.5731428986
140666	127307.00532300399
442235	316721.3462202857
279933	119700.09142273296
168836	66099.58300255032
37256	116945.17959187037
135054	102675.72174306466
489892	290089.5429620105
293804	83906.5413061285
397240	38439.03154114438
169407	24822.481469289727
222144	37987.28447988812
181193	95299.29024119502
383434	395951.1471814585
441591	129666.4723005455
35287	144253.40329288333
168925	173720.14700639746
447966	146825.12151791248
32226	206287.94822347903
97361	287934.62415044405
191978	438162.34359929647
429554	104020.38658217883
373244	399300.50686295104
