26116	1246.7477841641528
111623	3549.3991188714
179214	12526.234594972148
419347	38.1198738170347
419349	0
419350	24.07570977917981
116247	1891.0557620817845
83353	16032.046648454778
8235	267.6036025471134
445499	2971.2905859881957
161348	1456.0340652785019
161350	1713.7070315514668
473161	984.8555782145457
531530	238.5846521666944
576594	6773.820107483121
1111	4414.9591078066915
390747	530.3883962053508
159836	13095.183451939978
493149	1045.655013896544
144145	8144.120423434306
86121	2996.371747211896
84586	4934.31970260223
386679	635.8780193167569
85828	11249.267978496226
126076	3667.5319092902487
161409	732.5681137249741
84102	44.15747622107819
326283	26.3557168784029
62096	113.09293680297398
168598	98.68965517241378
43163	1033.8330194026348
101020	569.7992565055762
347294	307.04119169619906
212639	178.89589905362777
230048	1236.5552050473186
230052	1338.2082018927442
230053	347.09148264984225
85671	2726.7021232095753
85672	622.9962825278809
158379	1265.7106353724519
215219	42276.21024005678
222902	1671.279188398495
228026	2303.287446398004
222911	307.1619252635014
85536	5575.705329459309
228037	491.790916429549
228038	784.4938462331181
173770	3195.582577132486
159437	38805.38684097831
222930	868.4132549365364
78040	6562.158966117241
84189	181.65799256505576
60126	3752.4834080851006
477946	241.76025236593057
61691	4448.158518781453
520449	5986.115854740735
2317	617.0333861427747
85264	531.5762081784386
83160	2916.3791821561335
85272	5463.92565055762
84250	2338.698884758365
83742	1583.5086905592407
85794	1954.5718025354374
426789	842.1104486056327
277286	0
82731	3286.1308739095525
474938	642.4698639960611
474939	6468.08156091305
83339	754.3657988138149
3396	0
496970	515.2870662460567
298315	1944.9674294514705
82630	772.6042559999939
158557	645.6747795519477
15198	3662.1467473535363
159072	797.400470609789
282982	2632429.813055006
114538	24.43122676579926
158696	1713.5837087174887
83319	225.7097791798107
83320	793.4803987185558
292217	9167.027274986116
353149	241.09148264984225
158603	2547.591912381846
1752	2141.1569899030173
83865	429.7255637775146
107929	1047.3546691704785
500635	1503.859221827161
500638	1825.9778166092067
84386	0
20891	51760.20793355422
84397	62035.839262500616
465848	406.27760252365925
84922	45497.14142694852
465851	974.7283294028068
85955	2368.280135564599
204753	365.87408039297634
204754	799.5502445088127
46547	339.6728624535316
230370	30.58802177858439
559588	4541.280757097792
351208	304.9589905362776
211111	23.072555205047315
332268	1433.7876530769977
8178	2851.9570365472714
381430	266.8183860717823
