385872	1675.8938067534032
563073	4790.2345037171945
563074	16854.38257122891
27307	1039.639519631573
72964	3323.3779423334004
105477	2081.6648901015474
396935	3946.9294222233393
446472	679.3670873106355
4617	309.95603208667734
74378	727.7484579417509
84375	423.710897622188
132748	334.7270471464019
74163	1223.3242134432353
103500	865.9243176178655
133009	101.53062035144639
452498	2685.2188491678867
283286	2000.5583126550866
74265	3220.361636831776
562968	374.71515871951357
93081	1508.5616931374304
474010	774.5620002570811
107951	1449.6543863963218
312860	41.65632754342432
450845	3736.243039051519
199070	2232.8523435996635
449925	1142.5167528503846
246304	1094.2830796056603
366881	931.0623370252387
305827	7179.560490210898
503191	1998.6714680250966
476069	53780.43210241348
27305	738.2601397178818
27306	1115.865721857093
413191	2096.013064317217
177453	92.73512652236604
84399	656.8059113704275
23088	712.5905135433201
86193	2129.9560056334253
74160	1962.6936994954326
82869	907.5279156327542
16961	15550.131638443647
132314	1534.477682303892
424436	221.02125015834693
264652	3456.9961001758575
112605	139.57306686338944
238448	11165.577109367432
297392	63.04804804804805
133015	548.8359484491314
424417	418.8533845638287
305609	1520.8291967898413
83299	399.9992621778105
388684	913.0647061453512
106594	4057.6713723649204
305613	1263.6929839268548
388688	956.45877282436
9041	10502.655392443368
446419	3338.5087135336335
4309	3448.04872987131
83926	8188.26834775222
3323	2727.5244562180046
85976	776.3895781637717
132313	927.4322384294968
28890	1606.2398540413858
273883	636.8916802099402
84400	451.85057265702426
82911	864.6134900409091
87264	2404.4153551814834
452449	1581.2003614725147
28898	1459.9010583756217
450171	92.31791370385584
4324	293.2442949856651
46566	0
122001	811.8258602150536
296936	761.7257337983144
86125	578.0236294793552
580208	3810.788936338665
124659	842.4604126178289
178420	2611.8309113139812
84853	530.0187575913379
84471	1024.1554307781726
83833	1751.3164854805177
107003	720.8737013129754
577479	698.4026054590572
106666	314.9534739454095
2686	3898.3393635571056
