393730	0.6364830136299133
481798	0.3818819224834442
406535	0.45468205213546753
442675	0.6222569942474365
313357	0.5213530659675598
254994	0.2673743665218353
437269	0.3491537570953369
441880	0.583681583404541
107039	0.4583538770675659
500768	0.30518555641174316
500769	0.3834363520145416
563234	0.30031174421310425
437283	0.3897174000740051
54308	0.2277764081954956
326694	0.40686681866645813
203304	0.4174031615257263
236084	0.47548145055770874
482361	0.3647908866405487
195645	0.6108848452568054
236099	0.5082104802131653
186436	0.5611729621887207
184390	0.45698830485343933
212557	0.548991858959198
221266	0.516531765460968
463446	0.5565610527992249
515676	0.5423597097396851
33893	0.2520725131034851
175712	0.41588684916496277
24165	0.5265839695930481
510054	0.45880579948425293
560750	0.5003951191902161
518771	0.471224308013916
408693	0.49757081270217896
109867	0.5250922441482544
471162	0.4443531632423401
449662	0.4216203987598419
490624	0.5414097905158997
363202	0.3863884210586548
400034	0.46669360995292664
306854	0.6485828161239624
96947	0.43935710191726685
172213	0.3900628983974457
549561	0.44382259249687195
296991	0.5139366984367371
41154	0.5108250975608826
16579	0.5598365068435669
159428	0.5129461288452148
152262	0.2561134099960327
489159	0.6203175783157349
236751	0.4225526452064514
472272	0.5341868996620178
32985	0.14333882927894592
116442	0.33605897426605225
179919	0.47021910548210144
402159	0.45837849378585815
365299	0.3650287985801697
212213	0.3785230219364166
34038	0.5202960968017578
539387	0.4486883580684662
1276	0.47616803646087646
362110	0.5183927416801453
94979	0.5280621647834778
352522	0.5407188534736633
105228	0.5275260210037231
446736	0.2707407772541046
247569	0.5628134608268738
441121	0.4833821654319763
526726	0.4765545725822449
530216	0.5582236647605896
300841	0.46424630284309387
319787	0.5119420289993286
151859	0.5003951191902161
394037	0.4249585270881653
441737	0.5753937363624573
380735	0.48670315742492676
102213	0.2819780111312866
431946	0.4478984773159027
380764	0.20307300984859467
243048	0.41196393966674805
373612	0.49162620306015015
80760	0.47817376255989075
452988	0.3430069386959076
477674	0.43616318702697754
526721	0.4586634337902069
376710	0.4381067752838135
335753	0.592199444770813
333194	0.5055983066558838
256409	0.5343229174613953
336794	0.4506610631942749
367004	0.43914806842803955
243106	0.25309646129608154
32164	0.14333882927894592
195974	0.4026366174221039
378288	0.35895422101020813
91065	0.5043969750404358
359879	0.44694820046424866
262088	0.31041908264160156
460245	0.324952632188797
378327	0.47909876704216003
47064	0.6858872771263123
549851	0.5269365906715393
449513	0.440670907497406
561130	0.4498588442802429
218603	0.13740147650241852
159212	0.6059426665306091
369140	0.1796083152294159
208895	0.4721424877643585
