131447	0.5290108323097229
487940	0.39416569471359253
162825	0.5037673115730286
565258	0.40661171078681946
162827	0.5422611832618713
104973	0.46245959401130676
537102	0.48029717803001404
402451	0.6941696405410767
303140	0.4244789779186249
300080	0.5708290338516235
563761	0.4789614677429199
162874	0.600087583065033
75838	0.4322063624858856
374848	0.5236238837242126
438337	0.3454388380050659
404044	0.6309654116630554
10323	0.6756182312965393
32854	0.469603031873703
310360	0.4235205352306366
565854	0.48110657930374146
471143	0.3172509968280792
191600	0.4220895767211914
156788	0.6031820178031921
436863	0.510074257850647
242835	0.5517102479934692
452765	0.5961580276489258
468638	0.5752599239349365
90793	0.5393658876419067
29872	0.5025463104248047
300217	0.6652200818061829
353978	0.6964231133460999
358588	0.680025041103363
175809	0.4881904423236847
306373	0.4815644919872284
563319	0.5077027678489685
483022	0.5145169496536255
483023	0.4811345040798187
106714	0.512763261795044
420077	0.5558526515960693
23805	0.5652573704719543
487177	0.4976024329662323
125708	0.5014170408248901
409361	0.5947456359863281
412949	0.42062827944755554
491805	0.35353729128837585
143648	0.4963914752006531
436513	0.6166268587112427
116002	0.47011104226112366
400178	0.501375138759613
18398	0.4944148659706116
257338	0.5834773778915405
36164	0.121012382209301
485704	0.3915216028690338
527181	0.5194895267486572
246610	0.40059083700180054
494938	0.6532473564147949
227165	0.48758891224861145
152550	0.4608117640018463
579432	0.3354518711566925
277870	0.6480123996734619
482164	0.47541600465774536
223095	0.5860713720321655
486778	0.512886643409729
191552	0.5424356460571289
151427	0.41538989543914795
151428	0.4966820776462555
37766	0.121012382209301
374849	0.5133204460144043
572809	0.5693634152412415
472973	0.4974929690361023
81806	0.5044627785682678
568557	0.4583927094936371
156568	0.5142782926559448
74653	0.6161917448043823
476574	0.6676521301269531
209323	0.44834285974502563
389036	0.4983723759651184
164253	0.5057287216186523
438192	0.38603296875953674
295860	0.46477606892585754
579486	0.49622443318367004
268215	0.4475181996822357
484280	0.25404855608940125
21433	0.4899997115135193
570299	0.43367037177085876
570300	0.4354046881198883
570307	0.4784921407699585
203208	0.5358428359031677
240075	0.7631710171699524
240076	0.6526525020599365
175078	0.5241094827651978
194033	0.5944473743438721
441336	0.5953238606452942
310777	0.48442569375038147
278013	0.6188267469406128
