67594	0.586418867111206
66573	0.5444412231445312
109075	0.41057783365249634
558614	0.46360278129577637
143388	0.6467195749282837
17443	0.35564035177230835
40488	0.5309150218963623
576554	0.7243275046348572
88621	0.6039156913757324
126512	0.5487222671508789
392241	0.5895890593528748
71218	0.5508134365081787
71219	0.5458364486694336
44598	0.6329231262207031
545340	0.6263213157653809
73	0.5562358498573303
534096	0.5316755771636963
51810	0.3899635076522827
126568	0.5980703234672546
56942	0.5250360369682312
67700	0.5997087955474854
477302	0.6375511884689331
568682	0.6486383080482483
106901	0.5640670657157898
468107	0.4576014280319214
139917	0.400582879781723
449678	0.5626463890075684
445074	0.69279944896698
372376	0.6288180947303772
45210	0.5443392395973206
468646	0.5721176266670227
39591	0.6771064400672913
415915	0.5511553287506104
558769	0.5881546139717102
45235	0.5437477827072144
45250	0.558583676815033
65733	0.7157575488090515
346311	0.6074891686439514
556240	0.6205415725708008
476371	0.49175846576690674
282838	0.5584755539894104
230625	0.5407177209854126
355043	0.5358779430389404
74193	0.6211313605308533
38124	0.23310019075870514
271602	0.38231146335601807
31478	0.49957457184791565
67832	0.661594808101654
45312	0.5527781844139099
580353	0.4767334759235382
476930	0.6277881264686584
82185	0.5130857825279236
47379	0.6017490029335022
2324	0.4461110830307007
339733	0.6694754958152771
368794	0.5594788193702698
231193	0.5216343998908997
93011	0.4708838164806366
2343	0.5658705234527588
67368	0.5796849727630615
63284	0.5243953466415405
532789	0.6571539640426636
392006	0.558738648891449
93010	0.39583122730255127
494419	0.5763490200042725
310618	0.5389991402626038
310623	0.5332456231117249
271206	0.5726662278175354
422250	0.45780181884765625
371052	0.582234799861908
148371	0.4631120264530182
126839	0.653502881526947
403327	0.30689215660095215
266624	0.5049523711204529
536967	0.47349536418914795
71148	0.5034139752388
236435	0.5742815732955933
529301	0.6601166129112244
354970	0.613674521446228
201634	0.5173231363296509
57670	0.4405766427516937
105386	0.6583414673805237
104876	0.5561213493347168
50606	0.5010318160057068
258547	0.565397322177887
142773	0.5594509243965149
94652	0.5916192531585693
47550	0.4461227059364319
6083	0.4402982294559479
297924	0.5331243276596069
559045	0.5450232625007629
57801	0.4949943423271179
472010	0.6370009779930115
66509	0.6554155945777893
136952	0.6258968114852905
384987	0.47161808609962463
258554	0.5553983449935913
517600	0.6014677286148071
515553	0.6595762372016907
25060	0.4304012954235077
347814	0.5099480748176575
514537	0.6299603581428528
468647	0.5730541348457336
558572	0.48689863085746765
64495	0.5984761118888855
517107	0.41424044966697693
501236	0.644539475440979
462842	0.5643441677093506
468475	0.6328257322311401
73725	0.5157017707824707
