467466	0.7088289856910706
217647	0.6912916898727417
412187	0.6472324728965759
4137	0.5961238145828247
108074	0.49646174907684326
261675	0.7037118077278137
261677	0.5572771430015564
217646	0.5515928864479065
21039	0.6811323761940002
261683	0.578620433807373
500276	0.5973151922225952
428554	0.43790069222450256
512065	0.6171036958694458
273988	0.4805184006690979
459333	0.6261216998100281
510536	0.6690449118614197
136783	0.7557769417762756
578128	0.7288757562637329
577107	0.7057386040687561
507989	0.7933281064033508
498775	0.6303398609161377
201316	0.6030905842781067
336499	0.6441168785095215
446068	0.590033769607544
57973	0.7071574926376343
461942	0.6570627093315125
155257	0.6942240595817566
417920	0.6752530932426453
417932	0.6405231952667236
539804	0.6576830148696899
154906	0.5444397330284119
382117	0.6437075138092041
382118	0.6339971423149109
328365	0.5592938661575317
90287	0.7088541388511658
174707	0.6309270262718201
426164	0.5488824248313904
255092	0.6108987331390381
496827	0.47824445366859436
496828	0.6782063245773315
382141	0.7324164509773254
548559	0.5601627826690674
93404	0.5321477651596069
200058	0.5647629499435425
508639	0.6377754807472229
268021	0.5691991448402405
84727	0.5107906460762024
432897	0.5766735672950745
31490	0.571897029876709
184698	0.5895718336105347
466711	0.5783265829086304
188185	0.670150637626648
85786	0.5974162220954895
188187	0.6338639855384827
81372	0.6358762979507446
198956	0.5576618313789368
211758	0.6466343402862549
546607	0.6674887537956238
125240	0.7020545601844788
181569	0.6381499171257019
546630	0.6608392596244812
429026	0.5394330024719238
87886	0.6255295872688293
546640	0.6441309452056885
387409	0.6883904337882996
498518	0.5898244976997375
451415	0.6735610961914062
125274	0.5594677329063416
164706	0.6150479316711426
529251	0.6636621952056885
224614	0.5346418023109436
194233	0.6838778853416443
105834	0.6743953227996826
400749	0.5831700563430786
43581	0.6435464024543762
358256	0.5997636318206787
450536	0.7958206534385681
561014	0.5664664506912231
80250	0.7154401540756226
80251	0.6448127031326294
103813	0.5087829232215881
530842	0.7046644687652588
184739	0.6162351965904236
97192	0.6466599702835083
455593	0.7840781211853027
193181	0.6211172342300415
307632	0.6392151713371277
244149	0.6700102686882019
223171	0.617402970790863
274339	0.48278260231018066
523227	0.47440987825393677
62940	0.7979072332382202
143842	0.5815199017524719
61926	0.5282086730003357
450535	0.7558311820030212
411112	0.6682905554771423
450537	0.6707567572593689
450538	0.7023200392723083
208366	0.40495458245277405
395249	0.7142416834831238
278515	0.34527286887168884
473588	0.6939491033554077
276981	0.5803802013397217
153599	0.6083152294158936
129023	0.6072946786880493
