400387	0.531210720539093
567813	0.7637152671813965
581640	0.48206862807273865
581641	0.40041282773017883
564751	0.7301918864250183
335905	0.539021909236908
454699	0.5797594785690308
478259	0.8903536200523376
341047	0.507032036781311
542778	0.4333670437335968
379459	0.5828920602798462
379460	0.5828920602798462
457800	0.5475983023643494
534605	0.6368851661682129
228943	0.9999998807907104
313945	0.7769474983215332
468059	0.5105093717575073
46181	0.9999998807907104
439905	0.5805429816246033
21605	0.5457831621170044
44136	0.4049752950668335
64105	0.41959404945373535
21613	0.38263437151908875
186480	0.4695930480957031
3699	0.5984533429145813
418494	0.7067160606384277
497783	0.6209350228309631
359547	0.6530240178108215
337022	0.7161203622817993
291455	0.43390342593193054
553095	0.627174437046051
291464	0.43390342593193054
119433	0.770186185836792
103052	0.5451605916023254
347287	0.3558368682861328
238244	0.6330101490020752
23206	0.6017391085624695
297639	0.4522514343261719
56491	0.8240737318992615
234672	0.9048641920089722
336061	0.7024171352386475
531134	0.4912899136543274
531135	0.485042542219162
401610	0.4536074995994568
223863	0.5116823315620422
248017	0.5078403949737549
314069	0.4686815142631531
144088	0.32538220286369324
335578	0.6622206568717957
344285	0.6715793609619141
127716	0.5651021599769592
138961	0.740030825138092
67311	0.7141836285591125
301817	0.4009413719177246
68353	0.7179684042930603
343299	0.8504114151000977
421124	0.40085113048553467
236299	0.5183063745498657
304430	0.45044970512390137
531224	0.42155006527900696
318233	0.6502761840820312
297643	0.4019659161567688
476960	0.5592156648635864
335652	0.6823174357414246
91494	0.3489079773426056
421158	0.41656190156936646
330027	0.507807195186615
81710	0.43820738792419434
255112	0.37576526403427124
313142	0.5169219970703125
69437	0.781043529510498
421184	0.6671725511550903
407894	0.5336279273033142
405847	0.5488376617431641
505691	0.5403760075569153
407901	0.4264814555644989
91486	0.46971824765205383
91487	0.5011389255523682
65377	0.5983957052230835
317797	0.6716418266296387
79206	0.5369792580604553
79207	0.5581555962562561
294250	0.48210442066192627
301935	0.5523297190666199
542585	0.9999998807907104
316801	0.4346039593219757
410498	0.4484516680240631
360325	0.5114860534667969
22408	0.38867223262786865
407952	0.377585768699646
407956	0.4139965772628784
471445	0.9165927171707153
502340	0.3926473557949066
394652	0.6106801629066467
125854	0.6621469259262085
40355	0.8931993246078491
176038	0.6960636973381042
301496	0.5988701581954956
46018	0.5901336669921875
64478	0.5591974258422852
103904	0.6131312847137451
68584	0.5532647967338562
106473	0.5312973260879517
282602	0.4548054039478302
138733	0.40063735842704773
138734	0.4528617560863495
12280	0.33948421478271484
