262400	0.37141305208206177
262401	0.5072530508041382
64258	0.5195325016975403
116589	0.3157808482646942
201271	0.4915432929992676
327819	0.5709359645843506
137741	0.3856908977031708
29839	0.41400328278541565
134672	0.5989036560058594
181650	0.38417789340019226
26259	0.37591180205345154
426644	0.41291067004203796
467733	0.5699527859687805
553238	0.5105246901512146
29847	0.46639981865882874
79022	0.5414543151855469
134299	0.5989036560058594
73884	0.5455978512763977
117789	0.48004087805747986
200478	0.37179720401763916
280352	0.2199757695198059
339227	0.5481123924255371
558662	0.4176129400730133
426918	0.5454559326171875
44073	0.4978513717651367
455850	0.7702311277389526
307883	0.4714782238006592
537262	0.4272533357143402
224433	0.4637538194656372
400565	0.2199757695198059
519606	0.43347105383872986
519607	0.5008419752120972
540276	0.4811338186264038
253242	0.4583314061164856
519611	0.45864197611808777
89788	0.3767544627189636
340925	0.7005946040153503
455797	0.4929884076118469
266048	0.14744892716407776
221643	0.4196290373802185
268190	0.2381613850593567
540105	0.3784787058830261
327499	0.5080136060714722
238807	0.5080395936965942
226264	0.4452398419380188
450397	0.5517855286598206
455784	0.4929884076118469
203580	0.5132633447647095
473452	0.4813874661922455
141037	0.5199082493782043
508144	0.4492109715938568
121320	0.453566312789917
581747	0.5109885931015015
502516	0.4217587411403656
494709	0.5809832811355591
512105	0.5344315767288208
566778	0.6182113289833069
152383	0.4763661324977875
