190981	0.6640920042991638
194058	0.7273353934288025
497171	0.5478203892707825
377877	0.5799601078033447
36382	0.4941709041595459
377776	0.7119635343551636
148514	0.6874744296073914
449059	0.6290415525436401
481840	0.6085181832313538
306227	0.7977105379104614
257080	0.777564287185669
183354	0.5662526488304138
236607	0.5170592665672302
236608	0.5150516033172607
236609	0.6649128794670105
228418	0.5135893821716309
251979	0.636405885219574
367696	0.6661992073059082
409180	0.6185913681983948
481887	0.6084066033363342
137315	0.6107239723205566
268906	0.532262921333313
277617	0.5469611287117004
171132	0.7443162798881531
221822	0.49766114354133606
157836	0.7553614974021912
354456	0.6865129470825195
196763	0.7273750305175781
141083	0.6828142404556274
120489	0.5634955763816833
242865	0.1407068818807602
458526	0.6469571590423584
328886	0.4419025182723999
148666	0.6439113020896912
175808	0.5510644912719727
428742	0.6243067979812622
477384	0.46485766768455505
491725	0.543289303779602
171729	0.5949509143829346
210132	0.5915756225585938
367321	0.184189572930336
562915	0.6369293332099915
284904	0.6249731779098511
125161	0.7411968111991882
273131	0.668271005153656
74988	0.6408109068870544
509680	0.5509334206581116
431348	0.5823807716369629
509652	0.5858026146888733
545151	0.5508246421813965
37629	0.6702243685722351
256768	0.8071063756942749
295177	0.718366265296936
152846	0.621506929397583
306456	0.7247180938720703
508187	0.7007297277450562
508189	0.5503101944923401
231710	0.41784724593162537
562480	0.6877315044403076
36646	0.5848122239112854
143665	0.567112386226654
196392	0.5350894927978516
441136	0.4288756847381592
485675	0.4903884828090668
505136	0.5491026043891907
18241	0.6670123338699341
149828	0.5942042469978333
400198	0.6913201808929443
183623	0.7306064963340759
310328	0.6587666273117065
486747	0.5887994170188904
569377	0.6288601756095886
557932	0.7503937482833862
469366	0.6458196640014648
193919	0.6764382719993591
152456	0.6368173360824585
284051	0.6308953166007996
284056	0.6079726219177246
505759	0.5902255773544312
203169	0.3302985429763794
182692	0.6616898775100708
545191	0.6153602600097656
377773	0.5647717118263245
277936	0.5654994249343872
224499	0.692194402217865
369085	0.6565914750099182
294852	0.662067174911499
181702	0.7398752570152283
489434	0.6530584096908569
273371	0.4852513074874878
203175	0.7016555666923523
196090	0.7002618312835693
190975	0.6563990116119385
