246277	0.7647016048431396
249862	0.7739385962486267
420359	0.8016512989997864
143368	0.6991237998008728
168458	0.6504998207092285
37904	0.1775355041027069
362513	0.6407291293144226
392724	0.5094716548919678
149605	0.5827077031135559
430112	0.779702365398407
474145	0.5338447093963623
169137	0.6079593300819397
20011	0.2963026463985443
393261	0.7325640916824341
214069	0.587760865688324
35387	0.45597943663597107
523872	0.533732533454895
302660	0.6618210077285767
196166	0.5203014016151428
441954	0.5671764612197876
276562	0.6477782130241394
532566	0.49244576692581177
426071	0.7880048751831055
423516	0.6868051290512085
136286	0.5062575936317444
402533	0.13595610857009888
295008	0.5352717041969299
387682	0.7152664661407471
36451	0.1775355041027069
276581	0.6477782130241394
365163	0.6651389598846436
283764	0.5705658793449402
32379	0.1775355041027069
33927	0.34378916025161743
424096	0.6876869201660156
253091	0.6304980516433716
231080	0.5903173089027405
263337	0.6005731225013733
169649	0.57236647605896
173236	0.6485000252723694
223423	0.5659354329109192
32961	0.1775355041027069
545989	0.6481134295463562
203468	0.4714484214782715
465623	0.6328528523445129
91864	0.6532914638519287
365786	0.7518027424812317
218851	0.5869872570037842
446693	0.48275071382522583
176874	0.8525727391242981
394535	0.6125602126121521
411884	0.6199612021446228
549625	0.6256407499313354
551164	0.4775296449661255
369406	0.5887060761451721
267012	0.7759889364242554
383239	0.5686164498329163
169432	0.5984299778938293
257305	0.6611256003379822
545575	0.5361347198486328
424237	0.4220685660839081
257327	0.626351535320282
284976	0.6181681156158447
452922	0.6853429079055786
579904	0.7257351279258728
579909	0.7437467575073242
116040	0.7450321316719055
33676	0.1775355041027069
20811	0.5041356682777405
550754	0.45361846685409546
406374	0.6298044323921204
494441	0.7568058371543884
214382	0.5908607244491577
181112	0.5337153077125549
215425	0.5023680329322815
527747	0.6494883298873901
35223	0.1775355041027069
168844	0.5494019985198975
386961	0.6346564292907715
311702	0.5663519501686096
502167	0.5423401594161987
192068	0.6335433721542358
245663	0.7275378108024597
453536	0.1308242380619049
136112	0.4994569420814514
426929	0.828646183013916
190879	0.5534144043922424
285117	0.5416743159294128
185792	0.6720256805419922
387525	0.7133588790893555
261574	0.4322955012321472
135114	0.44879254698753357
38862	0.6973661780357361
520655	0.677341639995575
169424	0.608911395072937
390609	0.634547233581543
136659	0.6680731773376465
389080	0.5462425947189331
36829	0.5222367644309998
240608	0.43537551164627075
143331	0.8239074945449829
185828	0.6842168569564819
176633	0.8610983490943909
208891	0.26419806480407715
