158735	0.5398631691932678
432158	0.5518549084663391
383525	0.4264479875564575
516135	0.6331604719161987
478761	0.46226099133491516
518700	0.6088884472846985
427568	0.5654805898666382
166449	0.6381023526191711
489522	0.6112064123153687
485939	0.6022093296051025
527926	0.6460460424423218
515132	0.6006527543067932
166469	0.7087258100509644
165962	0.1469709724187851
72271	0.4220070242881775
223824	0.619236409664154
489044	0.5554737448692322
50264	0.43087390065193176
514147	0.472310334444046
320612	0.6788861155509949
516709	0.6257977485656738
342633	0.727413535118103
377455	0.5759401321411133
51319	0.5755115747451782
429690	0.6553915739059448
312958	0.400555282831192
54929	0.363507479429245
332949	0.5918526649475098
205467	0.633746862411499
166559	0.7015834450721741
517282	0.5258921384811401
318644	0.6710063815116882
18614	0.5416311025619507
695	0.43387648463249207
161469	0.4877130091190338
226494	0.516974151134491
367298	0.197662353515625
166093	0.1469709724187851
167630	0.1469709724187851
166099	0.1469709724187851
515796	0.5551956295967102
292055	0.5354637503623962
393432	0.6040138006210327
66170	0.7047244906425476
472289	0.5460510849952698
167138	0.1469709724187851
515812	0.5958413481712341
516327	0.624316394329071
234731	0.5718052983283997
126702	0.5854166150093079
316913	0.6727880835533142
394422	0.6121237277984619
167166	0.7050328850746155
311048	0.5908547043800354
554761	0.5296872854232788
311563	0.46509698033332825
318224	0.637993574142456
502033	0.6614874005317688
327955	0.4013204872608185
158484	0.6107147336006165
550175	0.6135596036911011
417573	0.6751413941383362
393517	0.642964780330658
464175	0.18972307443618774
518448	0.5018843412399292
241459	0.5650376081466675
235830	0.5760284066200256
210751	0.5580981373786926
367456	0.5036683082580566
57187	0.4698440730571747
271718	0.513127863407135
459624	0.5845033526420593
165756	0.1469709724187851
285565	0.5738968849182129
553621	0.567441463470459
473478	0.4342205226421356
318343	0.6850094199180603
464781	0.6319185495376587
158610	0.633163332939148
167321	0.1469709724187851
208282	0.2625112235546112
413085	0.6042696833610535
206246	0.5020105242729187
65447	0.7213888168334961
311208	0.5431736707687378
513964	0.6041682958602905
130989	0.5733156800270081
311197	0.5335833430290222
370101	0.5819803476333618
286652	0.7528315186500549
457663	0.5714333653450012
250820	0.586257815361023
165832	0.1469709724187851
376266	0.6786943674087524
189400	0.47883808612823486
470495	0.5793445706367493
466402	0.6022297739982605
207847	0.6685667037963867
207849	0.7268028259277344
362476	0.5830758213996887
120305	0.54880690574646
464373	0.5219317078590393
172540	0.4579058587551117
