136619	0.4985484778881073
394070	0.44201239943504333
243543	0.4525192975997925
167447	0.032361485064029694
211485	0.3538150191307068
505375	0.42586952447891235
221216	0.45512935519218445
139819	0.39868593215942383
568884	0.5735141038894653
568885	0.5225676894187927
568886	0.3490792214870453
425529	0.5964075326919556
386107	0.37860575318336487
522302	0.3558036983013153
527425	0.4237162172794342
92227	0.4217199683189392
157257	0.4402008652687073
243786	0.2891483008861542
74836	0.36864402890205383
166998	0.032361485064029694
311901	0.36179497838020325
362079	0.32301321625709534
302690	0.3613188862800598
97380	0.37834593653678894
441617	0.4293227195739746
226236	0.40779921412467957
146561	0.4666788578033447
97924	0.3838377594947815
243845	0.42682695388793945
243339	0.7072171568870544
67730	0.6457074880599976
130710	0.4329928457736969
39581	0.4061066806316376
63646	0.6701232194900513
457889	0.30219021439552307
457891	0.21777008473873138
431789	0.3924792408943176
223924	0.401912122964859
52922	0.4030891954898834
142367	0.3870811462402344
142368	0.39347875118255615
230594	0.5433444976806641
223940	0.39261728525161743
456907	0.5193489193916321
107727	0.3582667410373688
6352	0.33326929807662964
507619	0.4275379478931427
297702	0.5282520651817322
514794	0.4256909191608429
240372	0.5737107992172241
561909	0.4046630859375
159993	0.4452049732208252
220413	0.4560534656047821
3857	0.26097381114959717
254851	0.40595847368240356
97562	0.4271145761013031
51483	0.3203558325767517
486175	0.20005671679973602
301345	0.4359744191169739
37767	0.08943106234073639
54066	0.2702462375164032
42291	0.4886939823627472
331658	0.46458521485328674
149315	0.2998620569705963
311119	0.3233559727668762
37713	0.2028028815984726
322390	0.43132707476615906
406359	0.35154858231544495
383324	0.4148084819316864
351581	0.34913504123687744
192878	0.49120646715164185
255293	0.33507031202316284
506233	0.43973439931869507
204155	0.36205023527145386
283626	0.2750631868839264
456579	0.34465306997299194
456580	0.5371820330619812
207254	0.43301671743392944
243777	0.3056732714176178
222602	0.45876386761665344
254860	0.40595847368240356
243606	0.39361944794654846
23448	0.44199660420417786
235417	0.4228402376174927
54170	0.2702462375164032
222107	0.3992847502231598
9627	0.3234330415725708
311211	0.46901971101760864
215471	0.35666346549987793
222133	0.4240015149116516
226232	0.40779921412467957
51132	0.3430803716182709
189900	0.4517359733581543
427476	0.4581920802593231
560633	0.37784522771835327
354275	0.47629183530807495
94181	0.5586952567100525
51686	0.38628554344177246
241128	0.42708244919776917
373738	0.1230054423213005
389614	0.3762207627296448
528367	0.2540878653526306
560630	0.39009639620780945
50772	0.31329697370529175
98303	0.29130372405052185
