564739	0.5853755474090576
248718	0.5431206822395325
492935	0.7149571180343628
224649	0.7383506298065186
255115	0.6283633708953857
72462	0.6729836463928223
438040	0.827008843421936
340762	0.6756293177604675
286255	0.7547110915184021
356378	0.3774484097957611
395166	0.7393426895141602
263842	0.7056982517242432
263843	0.7056982517242432
261190	0.5618805289268494
493648	0.5923822522163391
312106	0.693192183971405
304427	0.5713269710540771
286253	0.7372273206710815
80093	0.5744771957397461
541488	0.6763763427734375
286257	0.6142111420631409
238516	0.7188398838043213
29879	0.7390761375427246
541492	0.5905944108963013
101434	0.7471823692321777
138174	0.5755139589309692
336939	0.8545435667037964
182465	0.7447868585586548
439819	0.6671579480171204
274373	0.5648210048675537
29510	0.7676953673362732
493639	0.5923822522163391
391628	0.724734902381897
252748	0.7160625457763672
252706	0.7160625457763672
15310	0.7195274233818054
302160	0.6893071532249451
333370	0.7964498400688171
340822	0.8068652153015137
354653	0.7079393267631531
288992	0.7596176266670227
553313	0.671928882598877
553318	0.46318113803863525
553319	0.7524585127830505
103098	0.7576399445533752
235369	0.7676953673362732
388076	0.7947032451629639
407919	0.6279265284538269
291444	0.5853755474090576
178932	0.6706914901733398
304118	0.62876296043396
287081	0.7156631350517273
435192	0.7471823692321777
272251	0.6415650844573975
