15360	0.5574610233306885
500227	0.5724551677703857
4116	0.6081416606903076
3094	0.6689722537994385
350250	0.6285465359687805
391723	0.467888206243515
389167	0.6454227566719055
128562	0.6170445084571838
290741	0.6287761330604553
291392	0.5791222453117371
503368	0.608727753162384
100940	0.6586422324180603
270419	0.653191864490509
182876	0.5458776950836182
63584	0.4991263449192047
342634	0.7024860382080078
130667	0.5972024202346802
245356	0.5027638673782349
425585	0.6698030233383179
156793	0.5960294008255005
20100	0.6391223073005676
574597	0.5229861736297607
328556	0.5665019750595093
119064	0.5526652932167053
400532	0.6001943349838257
230555	0.5643610954284668
439969	0.584037721157074
193700	0.5986557006835938
193701	0.6046205163002014
546673	0.6432346105575562
391340	0.6520944237709045
193717	0.5982016921043396
270016	0.616855800151825
558785	0.24253331124782562
361673	0.5381131768226624
21199	0.5435560941696167
515282	0.6098374128341675
521209	0.6149137020111084
494817	0.605305016040802
197858	0.6414849758148193
254179	0.6612836122512817
204516	0.5836141705513
350446	0.5486381649971008
350447	0.6033388376235962
245491	0.463046133518219
23290	0.6678755283355713
294142	0.6056403517723083
382725	0.4994937479496002
64471	0.606626570224762
130833	0.6975181698799133
15353	0.5764793753623962
334100	0.8178971409797668
84760	0.4421662390232086
382746	0.6731564998626709
468763	0.6540915966033936
468764	0.6533929705619812
122653	0.6446313858032227
231734	0.6535389423370361
383800	0.4657399356365204
499003	0.600681722164154
390476	0.5583785176277161
402777	0.6132715344429016
300891	0.6058374047279358
426333	0.6893357038497925
198495	0.6555562615394592
400748	0.4654957354068756
506734	0.6981581449508667
50033	0.405663400888443
546674	0.6361581683158875
222580	0.5506150722503662
445307	0.5799493789672852
391553	0.6458113193511963
193411	0.5654289722442627
391560	0.6764299869537354
411024	0.6086838841438293
384914	0.6074337363243103
204697	0.5716632008552551
85403	0.6230641007423401
119709	0.6076250076293945
23454	0.6012027859687805
240040	0.5628048181533813
444846	0.45307040214538574
378802	0.6756647229194641
307636	0.6140888333320618
307637	0.5208574533462524
307644	0.6090416312217712
222656	0.5544500946998596
307649	0.6331983804702759
307650	0.5384913086891174
291779	0.6205990314483643
291780	0.5950450301170349
420297	0.611076831817627
507339	0.5270348191261292
521208	0.5426464080810547
420308	0.6351275444030762
3543	0.5887144207954407
499677	0.5819664597511292
407518	0.49283960461616516
21990	0.5583885908126831
97255	0.4312150180339813
64492	0.6198926568031311
82856	0.6198084354400635
503379	0.5423889756202698
238068	0.4482838809490204
521470	0.5597438812255859
15351	0.6298251748085022
238072	0.556755781173706
238073	0.6230745315551758
246266	0.5953304171562195
