24064	0.33034417033195496
24066	0.5031431913375854
398347	0.633194088935852
399884	0.5440800786018372
395280	0.4730730652809143
295000	0.5395034551620483
57362	0.4897496998310089
449555	0.5075297355651855
350748	0.4596165120601654
320541	0.6207953095436096
470558	0.5083910226821899
474146	0.6153509616851807
183856	0.559542715549469
263217	0.5137568116188049
440376	0.5124883651733398
249916	0.5550827383995056
227903	0.6178346872329712
159808	0.5773856043815613
386113	0.5166337490081787
165957	0.2866453528404236
266822	0.12377076596021652
233044	0.4871619939804077
81495	0.5127515196800232
127576	0.41257739067077637
121436	0.665069580078125
271966	0.6121604442596436
373861	0.500994861125946
570464	0.4609963595867157
157200	0.4907519519329071
283750	0.4526247978210449
566886	0.5392716526985168
457746	0.45289433002471924
353908	0.47061488032341003
135800	0.3181813955307007
572538	0.474881649017334
509576	0.39668336510658264
193673	0.46611422300338745
138891	0.5467748045921326
407183	0.5766498446464539
167568	0.19396375119686127
28953	0.5994965434074402
421018	0.5053131580352783
362524	0.5711667537689209
581319	0.47109371423721313
457395	0.5114094018936157
37568	0.14262869954109192
428225	0.4085760712623596
332487	0.4763224124908447
533195	0.9212540984153748
472782	0.4935794770717621
166616	0.19396375119686127
277722	0.3596542775630951
365178	0.5223168134689331
397535	0.4846915304660797
369531	0.5359731912612915
214244	0.43158555030822754
362726	0.5592799186706543
397544	0.5355779528617859
433395	0.41838136315345764
219902	0.6208600401878357
505600	0.38323232531547546
318722	0.5885574221611023
205571	0.510191798210144
333060	0.5653984546661377
555782	0.5356454253196716
398088	0.3120032250881195
366348	0.4626190960407257
333073	0.5523331165313721
280339	0.42498019337654114
36629	0.14262869954109192
559385	0.5697781443595886
18718	0.9441729187965393
447786	0.5489210486412048
268605	0.5376617312431335
417603	0.4994960129261017
164680	0.4696955382823944
397643	0.6652980446815491
333133	0.536795973777771
259419	0.4615795910358429
275293	0.5049501657485962
120164	0.3687995374202728
473957	0.5427335500717163
133990	0.5438797473907471
465773	0.5661801695823669
411000	0.5014245510101318
324474	0.6068416833877563
107899	0.4792529046535492
537985	0.7403338551521301
397712	0.3120032250881195
23444	0.6071975231170654
570780	0.398310124874115
37798	0.14262869954109192
120232	0.536712110042572
443817	0.5620731711387634
551856	0.5904734134674072
327098	0.46588316559791565
511935	0.38770028948783875
34268	0.14262869954109192
439267	0.5722160339355469
439268	0.4965302050113678
219621	0.5744383335113525
172006	0.4890598952770233
357352	0.4204704165458679
24049	0.6276131868362427
287227	0.7278823256492615
463868	0.5969605445861816
