116228	0.28783926367759705
43534	0.45689088106155396
106001	0.5984301567077637
425492	0.5161532759666443
46113	0.5529075860977173
419880	0.5581445097923279
53810	0.38717859983444214
52318	0.6634225249290466
31302	0.40991970896720886
80969	0.487149178981781
118870	0.5249919295310974
419927	0.9033671617507935
564312	0.5597805976867676
455257	0.5555793046951294
463454	0.4899523854255676
89696	0.48316192626953125
94823	0.597801923751831
44660	0.7679334282875061
25207	0.6336573958396912
86656	0.4874671995639801
106125	0.5534084439277649
564824	0.6701705455780029
565916	0.5667830109596252
105128	0.670984148979187
17068	0.4453861713409424
511153	0.8750487565994263
511154	0.5707020163536072
398517	0.4768514931201935
11447	0.5253840684890747
93372	0.40317103266716003
429941	0.5592546463012695
63174	0.5567089319229126
60106	0.5431272387504578
255696	0.6522000432014465
101075	0.5287975072860718
414932	0.9033671617507935
414933	0.6229901313781738
154839	0.5274239778518677
154840	0.5555663704872131
447712	0.3686176538467407
101091	0.5597805976867676
101092	0.5209671258926392
336166	0.7996572256088257
101096	0.6083846092224121
101099	0.39146631956100464
93650	0.5341940522193909
118522	0.6063119173049927
112401	0.5184169411659241
15122	0.6786942481994629
101661	0.4863726794719696
581921	0.5789017081260681
547416	0.42894333600997925
99130	0.46571847796440125
544573	0.44994884729385376
341830	0.6209782958030701
533831	0.5842258334159851
15176	0.5587388873100281
231243	0.5109763145446777
560781	0.5384765863418579
102736	0.4940319359302521
102737	0.50489342212677
552278	0.34939077496528625
527195	0.5544838309288025
19685	0.506064236164093
38760	0.5553033947944641
199538	0.4905887246131897
79221	0.5601086020469666
79222	0.5516073107719421
38775	0.7106665968894958
38776	0.8105872869491577
137595	0.5342516303062439
94588	0.596653163433075
101762	0.5980464220046997
38787	0.468072772026062
71045	0.4051210582256317
347534	0.388068825006485
46992	0.6771093606948853
38802	0.5662647485733032
68502	0.4655868113040924
113055	0.6083846092224121
77126	0.3871181607246399
113065	0.5724072456359863
564145	0.5347485542297363
101298	0.49464553594589233
268212	0.49301818013191223
360886	0.5807967782020569
5562	0.5865437388420105
259516	0.5070403218269348
31694	0.48015087842941284
334290	0.7548719048500061
463316	0.5621303915977478
94543	0.6286438703536987
535290	0.5812675952911377
25573	0.8804511427879333
15846	0.620671272277832
79342	0.5123148560523987
545784	0.43504929542541504
15865	0.432989239692688
463359	0.5378819108009338
