387589	0.37418755888938904
229905	0.47961899638175964
334869	0.5149334073066711
508337	0.6493108868598938
349228	0.4611763656139374
202286	0.22569559514522552
237112	0.3135627508163452
267835	0.352728009223938
202302	0.43415021896362305
428725	0.2809237837791443
347217	0.45405152440071106
559190	0.5334106683731079
250971	0.32286497950553894
521316	0.3921898305416107
553069	0.545985221862793
294510	0.5253047347068787
281715	0.41753095388412476
416702	0.31341269612312317
345732	0.3749594986438751
216721	0.573075532913208
160402	0.303447961807251
367774	0.5407381057739258
158369	0.6596934199333191
282786	0.4263840615749359
312997	0.2941187620162964
282793	0.2285391092300415
12974	0.32178956270217896
345268	0.44672828912734985
560309	0.50565105676651
457402	0.2876119315624237
348347	0.3160910904407501
216252	0.5395910739898682
466626	0.3041229546070099
53446	0.3048752248287201
165577	0.4068731963634491
495820	0.2960340678691864
336600	0.5140494704246521
173284	0.41019606590270996
203501	0.5371638536453247
66941	0.5530859231948853
365305	0.47723618149757385
278267	0.4444236755371094
61181	0.3421849012374878
406273	0.4193483293056488
371971	0.4121478796005249
263944	0.5070589184761047
175892	0.3344841003417969
157973	0.4608703553676605
22295	0.40859857201576233
445214	0.5718663930892944
182559	0.6413652896881104
461096	0.3429379165172577
573229	0.20138782262802124
457518	0.3484167158603668
144861	0.3606504499912262
532273	0.3642868995666504
286518	0.5864480137825012
396608	0.31097373366355896
377674	0.43452218174934387
264524	0.43676143884658813
264525	0.4097444713115692
127824	0.2731744050979614
3410	0.5002599358558655
466260	0.4098983705043793
210775	0.34364935755729675
411485	0.3725833594799042
68958	0.3675386905670166
66915	0.31671181321144104
431979	0.37079641222953796
212847	0.4623575806617737
268664	0.4043845534324646
525181	0.40770915150642395
547205	0.3704789876937866
531339	0.3652648329734802
348560	0.40467289090156555
548762	0.5611869096755981
320413	0.4999030530452728
319390	0.40213465690612793
421281	0.4322410523891449
529316	0.49634358286857605
544680	0.5231643915176392
541105	0.44445255398750305
297907	0.39850473403930664
349623	0.5066386461257935
349625	0.34515291452407837
157626	0.44027188420295715
406858	0.4449208676815033
182206	0.5708222389221191
140735	0.23626646399497986
132038	0.3696160614490509
492494	0.3875197768211365
301521	0.43677064776420593
241108	0.4208303987979889
159702	0.4040989875793457
325591	0.30629807710647583
241112	0.33110466599464417
299485	0.38367539644241333
513448	0.3360769748687744
538099	0.143375426530838
393204	0.423589825630188
542202	0.5336878299713135
