145409	0.6633448600769043
394247	0.6325645446777344
122404	0.5572786331176758
225831	0.5441843867301941
22568	0.1048114225268364
260660	0.6443993449211121
367180	0.4041433334350586
306279	0.6921511888504028
413292	0.6755661964416504
514673	0.5651277899742126
206457	0.7502315640449524
30332	0.6533187031745911
226443	0.1720913201570511
210461	0.40866217017173767
554163	0.7121247053146362
292027	0.7237257957458496
393927	0.7572836875915527
423640	0.800618588924408
170713	0.6873582601547241
260832	0.4050314426422119
460012	0.5937875509262085
442625	0.7284988760948181
76057	0.8422425389289856
554273	0.7902617454528809
409379	0.8089643120765686
367421	0.7017914056777954
165182	0.6642029881477356
468303	0.40545064210891724
394579	0.5678234696388245
417636	0.628404974937439
460143	0.3593207001686096
226673	0.20956256985664368
169333	0.5690630674362183
486267	0.5031760334968567
37254	0.6447810530662537
460169	0.7160266041755676
280989	0.5101150870323181
199588	0.6218339800834656
136631	0.7408320903778076
136635	0.6083931922912598
459710	0.5339969992637634
131029	0.49702271819114685
403416	0.11189502477645874
403418	0.5273256301879883
175084	0.5995449423789978
550895	0.7860442399978638
433143	0.5820490717887878
