300042	0.5304868817329407
322061	0.5693598985671997
295957	0.4940871596336365
471064	0.39081093668937683
485915	0.3268585503101349
195419	0.465035080909729
42	0.34683921933174133
462386	0.4598652720451355
172598	0.5723392367362976
520457	0.5581624507904053
561162	0.42173027992248535
434752	0.6251816749572754
141891	0.5997327566146851
268869	0.4980018734931946
484940	0.552708089351654
538192	0.41542521119117737
48729	0.5124063491821289
502363	0.5154464244842529
415329	0.5206703543663025
45857	0.5626662969589233
248853	0.5805879831314087
472193	0.5073492527008057
230019	0.45652148127555847
426127	0.5351145267486572
483476	0.4063895046710968
160	0.47333672642707825
477857	0.5990206003189087
363176	0.5879011154174805
185116	0.5552667379379272
380079	0.4605676233768463
60080	0.5941836833953857
187593	0.49302026629447937
411349	0.5660242438316345
248534	0.6261522769927979
487644	0.46648454666137695
426720	0.4313749074935913
305895	0.33065590262413025
565994	0.5950304269790649
565995	0.6101489067077637
449265	0.5609017610549927
271603	0.5058220028877258
271607	0.513541042804718
471307	0.5572173595428467
461583	0.6371934413909912
254230	0.5142248272895813
249116	0.47105148434638977
539425	0.48677802085876465
225079	0.5837050676345825
182584	0.5827703475952148
343869	0.6804673075675964
268095	0.3983806073665619
307510	0.3695468008518219
559947	0.5285435914993286
125263	0.5671979784965515
18768	0.6230037212371826
143707	0.4175134003162384
36704	0.5827494263648987
579439	0.5609738826751709
128881	0.5345159769058228
128883	0.5345159769058228
488823	0.45903050899505615
498041	0.4977512061595917
264426	0.57600998878479
252803	0.5198377966880798
163717	0.5670686364173889
579465	0.5694535374641418
376203	0.6264121532440186
309648	0.5211852788925171
420242	0.5948389172554016
459157	0.575234055519104
115612	0.46536386013031006
579485	0.5398001670837402
303006	0.6337090730667114
488868	0.5319900512695312
400294	0.5056319236755371
286641	0.5819399356842041
366004	0.6328594088554382
468921	0.4738289415836334
468926	0.5265377759933472
246721	0.5872296094894409
246603	0.6255781650543213
313815	0.488124817609787
93145	0.5653417110443115
212446	0.5283361673355103
357712	0.7477405071258545
301030	0.1425059288740158
457705	0.5340240001678467
203246	0.46818628907203674
402929	0.4169813096523285
343538	0.6751294136047363
235509	0.5200763940811157
392694	0.40901824831962585
392695	0.4637685716152191
507896	0.6686604619026184
511994	0.4839854836463928
