99840	0.694342851638794
340050	0.7449010610580444
565893	0.7372098565101624
62728	0.7334001064300537
540428	0.8909451365470886
495377	0.8742403984069824
85395	0.7184262275695801
85396	0.8513607978820801
342038	0.9182353019714355
287377	0.7589051127433777
286876	0.7306621670722961
341573	0.8294814825057983
337568	0.7978672981262207
524324	0.8503846526145935
101418	0.7197912931442261
337707	0.7224516868591309
44462	0.7110951542854309
338993	0.8599496483802795
343858	0.806611180305481
545362	0.672119677066803
91831	1.0
116152	0.702571451663971
116153	0.7276588082313538
218938	0.4865318238735199
339259	0.711937427520752
263100	0.8161192536354065
15165	0.721165120601654
15169	0.7050282955169678
170181	1.0
287818	0.7955251932144165
498509	0.6869086027145386
287695	0.7704950571060181
435152	0.7197912931442261
66232	0.7234862446784973
88658	0.6784979701042175
177492	0.7389941215515137
343381	0.810894787311554
218937	0.4865318238735199
339674	0.8230170011520386
238172	0.915087878704071
64734	0.6922778487205505
286815	0.7790908217430115
15163	0.7132166624069214
511717	0.8008468747138977
106833	0.36930614709854126
90344	0.694342851638794
276970	0.7388679385185242
341485	0.7653613686561584
44399	0.9092395305633545
68466	0.6735051274299622
391413	0.694342851638794
15173	0.6533623933792114
339540	0.652290403842926
575997	0.8292055726051331
