359938	0.9511444568634033
335368	0.6750543117523193
235950	0.6071962714195251
280099	0.8387507796287537
280103	0.557266116142273
551472	0.8091832399368286
89650	0.6371699571609497
318018	0.6641620993614197
297027	0.8112841844558716
119364	0.8779012560844421
256591	0.665654182434082
83	0.6699512004852295
64613	0.9201581478118896
260285	0.40510624647140503
195700	0.6390674114227295
523235	0.7225462794303894
195711	0.5663252472877502
426112	0.5967161655426025
465026	0.6951997876167297
135811	0.7121065855026245
1672	0.7313242554664612
1673	0.5657712817192078
544911	0.5219025611877441
60061	0.6214555501937866
498336	0.7902703285217285
441231	0.606109082698822
399018	0.7420660257339478
258733	0.7485923171043396
426158	0.7519809603691101
385201	0.6663721203804016
111796	0.684726357460022
259768	0.5652985572814941
315578	0.6404339671134949
280253	0.5181995630264282
426179	0.5513861775398254
540361	0.8659607768058777
2252	0.6229574084281921
328400	0.6026284694671631
270555	0.812343418598175
280286	0.6684438586235046
531688	0.6114028096199036
61161	0.6637654900550842
61694	0.6170588731765747
368390	0.8956988453865051
250123	0.695141077041626
579857	0.6763318777084351
231186	0.6824047565460205
195350	0.8693047165870667
12567	0.6843171715736389
512283	0.6493738293647766
530204	0.5954142212867737
512286	0.7280132174491882
512288	0.8120913505554199
530209	0.6707327365875244
195878	0.9511444568634033
468785	0.6660541296005249
128809	0.6081064939498901
105777	0.6783362627029419
390980	0.6056758761405945
387914	0.703444242477417
390990	0.7052251100540161
146259	0.6833488345146179
46935	0.7191541194915771
272217	0.7191014885902405
200027	0.7248708605766296
558940	0.6566562056541443
321383	0.5762414932250977
75496	0.5516926050186157
540530	0.702429473400116
351605	0.8101334571838379
271737	0.500586211681366
361341	0.6714926362037659
61316	0.5972127914428711
92038	0.9511444568634033
133519	0.7177335023880005
426903	0.3155883848667145
411033	0.4387379586696625
101282	0.9446298480033875
101284	0.6825417280197144
544679	0.5821263790130615
384430	0.7905436754226685
384433	0.6376660466194153
271794	0.5671020746231079
528821	0.6233375072479248
111544	0.49300864338874817
422331	0.7423055768013
237503	0.624854326248169
470977	0.7112653255462646
95683	0.623155951499939
510406	0.6245906949043274
503202	0.7265970706939697
403922	0.6422343850135803
101967	0.6258661150932312
386014	0.610547661781311
386017	0.708579421043396
511970	0.6555247902870178
206307	0.2707708179950714
268772	0.6717007160186768
523238	0.6335389018058777
340455	0.7255012392997742
237551	0.5733726024627686
238846	0.671894371509552
126967	0.5926127433776855
125275	0.6510742902755737
290299	0.5462150573730469
374780	0.7046827673912048
317951	0.74217289686203
