475650	0.43220773339271545
563205	0.3868713974952698
313355	0.4358310103416443
437777	0.4805278480052948
568851	0.4669342637062073
412693	0.3385891020298004
144924	0.482950359582901
24410	0.5521019101142883
24101	0.4524160921573639
7216	0.4224913418292999
97844	0.2985372841358185
488884	0.4010845720767975
232508	0.39032894372940063
170166	0.41121628880500793
217164	0.45607486367225647
494162	0.4791063368320465
3343	0.5023173093795776
210527	0.46572598814964294
342627	0.5513788461685181
25712	0.4817357659339905
557682	0.48837798833847046
242291	0.3874707818031311
11397	0.5410500764846802
431761	0.42083773016929626
127644	0.5271965861320496
189089	0.4674132466316223
72866	0.504417896270752
488613	0.47126802802085876
72871	0.48433053493499756
75948	0.5523691773414612
24758	0.5258206725120544
4811	0.5595794320106506
246983	0.48797616362571716
4808	0.5595794320106506
4810	0.5997795462608337
369357	0.48479562997817993
177362	0.6494396328926086
146647	0.4351477324962616
51931	0.2565050721168518
520929	0.5048238635063171
557800	0.47029387950897217
24274	0.438736230134964
3834	0.29358088970184326
150267	0.39674755930900574
326404	0.4535955488681793
521994	0.3222222626209259
546060	0.4671752452850342
5506	0.5335082411766052
116495	0.5143442153930664
13076	0.4396393895149231
233170	0.4650285840034485
557862	0.5185161232948303
82397	0.3831731081008911
447792	0.37915095686912537
134968	0.5648892521858215
369204	0.5163308382034302
218947	0.44496917724609375
560967	0.5517550706863403
3912	0.37029048800468445
484169	0.368717223405838
147842	0.3662342429161072
60751	0.41871175169944763
3897	0.29202398657798767
3930	0.4659827649593353
95718	0.47662025690078735
2420	0.4414342939853668
24450	0.5213053226470947
465287	0.5424138307571411
70551	0.539297342300415
307085	0.4251291751861572
349071	0.42689430713653564
470417	0.3455210328102112
517522	0.48442214727401733
21399	0.4134303033351898
3481	0.5317452549934387
374178	0.4453437924385071
279980	0.3643493056297302
338418	0.48065677285194397
4526	0.5892955660820007
29108	0.44945836067199707
81852	0.4454112648963928
170941	0.5481389164924622
60867	0.4633839428424835
4548	0.49715396761894226
313797	0.49703487753868103
2509	0.5274863839149475
5079	0.4750625491142273
137181	0.3538695275783539
180707	0.5000238418579102
557771	0.4522722661495209
336363	0.5301845669746399
384492	0.2634974718093872
348654	0.4839532673358917
368034	0.4258488118648529
326642	0.40681546926498413
77306	0.45231473445892334
