430081	0.7520740032196045
434181	0.741616427898407
455686	0.815430760383606
67756	0.666748583316803
458762	0.6895439028739929
500235	0.7652298808097839
139277	0.6116896271705627
500251	0.8315656185150146
532001	0.8417162299156189
162340	0.8254155516624451
434182	0.7182775735855103
174122	0.6237349510192871
577068	0.7543911337852478
48183	0.7373177409172058
528953	0.6362669467926025
416314	0.6782553195953369
244798	0.8142947554588318
567369	0.6791767477989197
434253	0.7075273394584656
138843	0.7756284475326538
187491	0.7576210498809814
183909	0.6212905049324036
154728	0.6822628378868103
231533	0.8060970902442932
183918	0.6899632215499878
161913	0.6980715990066528
113278	0.7335503101348877
113279	0.7335503101348877
213634	0.5917801260948181
67205	0.7370848655700684
577164	0.7501521706581116
425613	0.6758435964584351
425623	0.7039412260055542
498843	0.7569929361343384
566940	0.6940984725952148
499877	0.8309974074363708
399526	0.7637206315994263
148140	0.7798014879226685
420528	0.7010399699211121
500401	0.6302241683006287
64196	0.8306107521057129
430028	0.7487713098526001
376012	0.7640820145606995
462969	0.5393968820571899
123613	0.7759442925453186
453864	0.798633873462677
577267	0.7540774345397949
174206	0.8354640603065491
85759	0.795076310634613
3883	0.7958365082740784
213036	0.7256866693496704
85772	0.6740699410438538
499984	0.8874680399894714
500186	0.7681669592857361
570142	0.5344399809837341
569641	0.8208324909210205
569643	0.8303244709968567
231730	0.6703894734382629
76594	0.6667957901954651
569653	0.7068926095962524
429882	0.7334627509117126
429883	0.6006149053573608
129854	0.6990959048271179
140608	0.8198320269584656
576840	0.7663676738739014
548170	0.6620129346847534
562510	0.8205920457839966
500051	0.6119384169578552
419157	0.8003614544868469
548184	0.7197182178497314
2907	0.7696084976196289
46433	0.739162027835846
569712	0.7862579822540283
1393	0.8126856684684753
253305	0.848423957824707
212970	0.8438066840171814
223623	0.7434489130973816
298382	0.7487282156944275
253842	0.7496451735496521
500115	0.7682515382766724
405404	0.7151402235031128
577437	0.8310779333114624
295326	0.7554025650024414
500133	0.5681290030479431
429496	0.6725274324417114
69052	0.7429288625717163
68543	0.7533916234970093
184771	0.8296707272529602
69066	0.7821456789970398
69068	0.8212668895721436
370640	0.6862848401069641
13779	0.7607923746109009
411604	0.8235180377960205
298453	0.8106345534324646
555994	0.7346120476722717
137694	0.6338274478912354
3042	0.789821207523346
3043	0.742216169834137
22506	0.7848674058914185
576493	0.7384679913520813
