417536	0.6489166617393494
220801	0.6547160744667053
47618	0.3767721354961395
24452	0.2838856279850006
498950	0.5154765248298645
63880	0.5683735013008118
115436	0.8237935900688171
317	0.5774977803230286
25483	0.6557417511940002
21344	0.5819773077964783
137358	0.5812296867370605
532623	0.6426792740821838
515416	0.5336176753044128
137108	0.6673324704170227
378798	0.1318078637123108
213655	0.544955849647522
129176	0.5165123343467712
233988	0.22290392220020294
436122	0.6228502988815308
217115	0.6002717614173889
376604	0.5352444648742676
436342	0.6292023062705994
422326	0.5189638733863831
137635	0.6800962090492249
156422	0.6166659593582153
405041	0.6076966524124146
458665	0.759099543094635
427181	0.4968530833721161
305070	0.6380373239517212
458671	0.7405570149421692
218160	0.10263214260339737
144305	0.7487245202064514
372631	0.7066957354545593
137653	0.6234453916549683
144310	0.7091174721717834
493981	0.6682465076446533
380548	0.6109858751296997
569404	0.6168980002403259
569405	0.5992897748947144
472383	0.5546153783798218
204737	0.4103935956954956
232642	0.23528563976287842
246795	0.5863863229751587
137654	0.6342095732688904
565150	0.6306435465812683
436169	0.6678254008293152
134092	0.6049081087112427
47835	0.3769649565219879
456224	0.6220160722732544
122704	0.5557351112365723
513361	0.6542079448699951
488712	0.651385486125946
19412	0.6195437908172607
250325	0.5438974499702454
238166	0.5629897117614746
24057	0.25767582654953003
363225	0.6031416058540344
191322	0.6084161400794983
45403	0.4743502736091614
550366	0.45889416337013245
243424	0.6064577102661133
309997	0.5424385666847229
366090	0.37490102648735046
192822	0.5960280299186707
401765	0.6186396479606628
128743	0.5780347585678101
410300	0.5838568806648254
87463	0.5823068618774414
241132	0.6186754107475281
340719	0.7471440434455872
453872	0.5513639450073242
386674	0.587280809879303
378612	0.6350911259651184
57717	0.5019887089729309
12662	0.5407212972640991
23868	0.35827842354774475
287736	0.7776773571968079
387194	0.5624617338180542
438651	0.5585095882415771
413053	0.6043221354484558
