284160	0.5453708171844482
182208	0.6239957809448242
266754	0.5504029393196106
239363	0.8154563307762146
394372	0.6472970843315125
368261	0.5960479974746704
321542	0.7741795182228088
12545	0.6052712202072144
265481	0.7634773850440979
72586	0.6411819458007812
151179	0.643258810043335
151181	0.6437473893165588
303228	0.673804521560669
534773	0.599278450012207
480899	0.646945059299469
229525	0.7520934343338013
261209	0.49688300490379333
260122	0.8277108669281006
454940	0.6965325474739075
136350	0.6601995229721069
265408	0.6431961059570312
251170	0.7174267768859863
259931	0.5705582499504089
511012	0.6797508001327515
542501	0.8968375325202942
154920	0.6349831819534302
278442	0.6870130300521851
410412	0.6666802167892456
562737	0.566443145275116
16563	0.6667463779449463
56500	0.6058899164199829
538974	0.21815291047096252
384438	0.6819847226142883
418057	0.5622325539588928
415767	0.6595842838287354
466233	0.7546772956848145
325178	0.628341019153595
174523	0.7330584526062012
378172	0.7573328018188477
182206	0.777351975440979
182207	0.6127576231956482
542144	0.7924205660820007
299203	0.552990198135376
308086	0.589392364025116
157638	0.451718807220459
299208	0.6722855567932129
438133	0.6540506482124329
321100	0.7320418357849121
23246	0.7680205702781677
77135	0.5994457602500916
346154	0.5959364771842957
92755	0.5349040627479553
241110	0.6722350716590881
54265	0.4119235873222351
473817	0.9581144452095032
75994	0.7938434481620789
285787	0.6226701140403748
285788	0.5855616927146912
437725	0.5472520589828491
325342	0.6442959308624268
368095	0.5980015397071838
71648	0.523865818977356
184931	0.7583863139152527
518758	0.6578695178031921
475497	0.674336850643158
51306	0.5256754159927368
236908	0.5739162564277649
519661	0.582933783531189
316654	0.7491461634635925
261231	0.6463600993156433
59504	0.5558915138244629
147697	0.6107859015464783
342898	0.6677886843681335
285941	0.7528781294822693
285942	0.7593549489974976
303223	0.673804521560669
12536	0.6158983111381531
345721	0.5453599095344543
235258	0.6333865523338318
534780	0.6281332969665527
320509	0.6875078082084656
531861	0.5613774061203003
