446464	0.6863301396369934
446466	0.6433877944946289
278023	0.7529610395431519
425992	0.7461476922035217
446478	0.6780242323875427
446481	0.683745801448822
446488	0.7386289238929749
422937	0.7114226818084717
447004	0.7546934485435486
252962	0.7141565680503845
309795	0.7722846865653992
578596	0.7902779579162598
546344	0.6489386558532715
536630	0.7194859385490417
220217	0.9068311452865601
447035	0.7747536897659302
298848	0.8792007565498352
422468	0.8075936436653137
295496	0.890247106552124
506954	0.7982541918754578
103502	0.7930837273597717
103503	0.9280970096588135
334416	0.6516481637954712
27732	0.7016664743423462
242774	0.8239917159080505
242775	0.7352429628372192
444507	0.7925252914428711
497765	0.814909040927887
360043	0.6906009316444397
497776	0.6152219176292419
176766	0.6988688111305237
55440	0.6052761077880859
524436	0.7609907984733582
220315	0.7019264698028564
122017	0.8450580835342407
178348	0.5807775259017944
10429	0.7018962502479553
276695	0.8442375659942627
31960	0.7614732384681702
252964	0.7095410227775574
299236	0.7367821931838989
276712	0.6324718594551086
133866	0.6853916049003601
387823	0.7064560055732727
74992	0.7306920886039734
74993	0.7484970688819885
426228	0.809463620185852
281856	0.6714374423027039
50433	0.795286238193512
426242	0.7622634768486023
170245	0.72640061378479
253655	0.694561243057251
93456	0.7692244648933411
528147	0.6066514849662781
449833	0.7826701998710632
476461	0.8231072425842285
468275	0.6778437495231628
75063	0.6910591125488281
283456	0.7525832056999207
47427	0.8557135462760925
298833	0.8163642287254333
29157	0.7064560055732727
528224	0.7729761004447937
419171	0.7961452603340149
64356	0.8052131533622742
394598	0.7286174297332764
154474	0.9050536155700684
553840	0.6980336904525757
469224	0.5234758853912354
274802	0.7951124906539917
556917	0.7941271066665649
294774	0.6760057210922241
387960	0.764678955078125
202620	0.7399033308029175
387972	0.700911283493042
474502	0.6926205158233643
29065	0.8024516701698303
365963	0.7054632902145386
138128	0.7984676957130432
561053	0.7430165410041809
512421	0.8229559063911438
438213	0.6777622103691101
436678	0.7015078067779541
419272	0.8791866898536682
398794	0.7340067625045776
438222	0.7188478708267212
246737	0.8552426099777222
275412	0.8348721861839294
436693	0.5886700749397278
279517	0.8399608731269836
344544	0.667749285697937
29156	0.7064560055732727
438245	0.7403233647346497
29158	0.7474198937416077
296935	0.6860522627830505
29160	0.7549017071723938
29161	0.7211914658546448
29162	0.7831311821937561
29163	0.7408639192581177
438253	0.5774927139282227
438254	0.6370075941085815
438255	0.7403233647346497
438257	0.6091992259025574
446462	0.725898802280426
446463	0.6597946882247925
