395782	0.5824643969535828
292877	0.5341367721557617
10254	0.3756572902202606
129041	0.480244904756546
240147	0.49076876044273376
485806	0.37993124127388
143908	0.5945313572883606
564776	0.5535797476768494
59740	0.4907904267311096
557610	0.47199320793151855
150065	0.5478188395500183
354867	0.5127956867218018
296507	0.4886021912097931
456252	0.4415300488471985
522307	0.4045029878616333
323682	0.5196220874786377
184845	0.6055655479431152
511577	0.5254782438278198
25194	0.5278190970420837
90219	0.4639890193939209
266860	0.4996286630630493
312430	0.4547616243362427
303221	0.526099443435669
353414	0.4888964593410492
170634	0.554527997970581
130193	0.397359699010849
130194	0.42970314621925354
32198	0.1568644791841507
21158	0.619634211063385
390823	0.5193707942962646
566797	0.4140554666519165
491198	0.5912975072860718
425675	0.5208947658538818
89295	0.47989413142204285
35540	0.31555983424186707
93915	0.5687809586524963
93919	0.46796688437461853
34532	0.1568644791841507
353525	0.6414481997489929
305412	0.4651786684989929
300812	0.6303601264953613
5389	0.5554061532020569
41232	0.33694303035736084
370962	0.5795515775680542
364307	0.6044732928276062
446752	0.4219757318496704
102180	0.4948353171348572
103718	0.6018236875534058
362279	0.5598395466804504
99117	0.1611776053905487
41264	0.5208077430725098
87860	0.4070248305797577
47927	0.48181936144828796
128315	0.480244904756546
145034	0.40497007966041565
442174	0.44830256700515747
326976	0.6094765663146973
451915	0.5981806516647339
413516	0.40782105922698975
389456	0.5037465691566467
24923	0.5274487137794495
570204	0.46027871966362
24931	0.44203823804855347
407400	0.6580274701118469
312174	0.44577571749687195
58753	0.40519651770591736
525698	0.5151806473731995
116100	0.3797513246536255
36741	0.42115968465805054
363912	0.6033793687820435
185231	0.39735671877861023
242064	0.44696539640426636
548256	0.42330533266067505
408482	0.45897695422172546
243630	0.5545258522033691
189359	0.4746992290019989
114624	0.3160073459148407
373664	0.6372545957565308
115654	0.48734357953071594
549837	0.6105377674102783
421336	0.5364355444908142
34266	0.1568644791841507
424015	0.6143109798431396
400356	0.5107265710830688
105963	0.6458719968795776
282095	0.40497007966041565
