195587	0.5201813578605652
561159	0.3798064589500427
246284	0.5732455253601074
203790	0.5125623345375061
540182	0.5168688297271729
570393	0.61039137840271
479258	0.5655459761619568
386594	0.44192224740982056
483385	0.42023059725761414
579133	0.5153183341026306
479298	0.5622581839561462
191559	0.6113098859786987
552526	0.5069389343261719
114255	0.47671958804130554
452177	0.42057403922080994
539407	0.5113458037376404
24668	0.6238991618156433
310374	0.6247090697288513
550009	0.588524341583252
43643	0.3399561047554016
430721	0.36953800916671753
174726	0.4386615455150604
486024	0.2645365297794342
255631	0.5506521463394165
296595	0.5609878301620483
7961	0.6200446486473083
575646	0.5040242671966553
485536	0.23554952442646027
52901	0.31038761138916016
524968	0.4172024428844452
318122	0.578683614730835
490167	0.5608570575714111
495290	0.5119051933288574
431809	0.43039363622665405
393416	0.5461435317993164
433360	0.4665401577949524
172242	0.5626424551010132
207574	0.508126974105835
556761	0.42825329303741455
482012	0.5862550139427185
436959	0.38697659969329834
441056	0.5128264427185059
564449	0.5357033610343933
43746	0.3653012812137604
441065	0.6132916808128357
365300	0.47921231389045715
405750	0.36657407879829407
466168	0.4083210825920105
493820	0.5008820295333862
365309	0.5913484692573547
389895	0.4717869758605957
13066	0.44954684376716614
59660	0.47844356298446655
482063	0.48182496428489685
170777	0.4990050196647644
353050	0.5654802918434143
307485	0.522821843624115
487198	0.539543628692627
513823	0.4720802903175354
386848	0.4774183928966522
452385	0.5423081517219543
25892	0.44319504499435425
175912	0.45718860626220703
481583	0.4877561926841736
556168	0.4913448989391327
126259	0.4927211105823517
76000	0.5494299530982971
480579	0.5003102421760559
385420	0.45308917760849
487246	0.30557185411453247
450389	0.48020610213279724
17768	0.4884409010410309
535402	0.4519427418708801
146798	0.40138936042785645
146799	0.40138936042785645
146800	0.40138936042785645
385916	0.4040565490722656
58237	0.5209653377532959
428938	0.5709922313690186
179084	0.45439109206199646
179086	0.44549599289894104
219025	0.6045446991920471
408468	0.517287015914917
428952	0.6296414732933044
329625	0.422500342130661
485282	0.4949457049369812
569277	0.5114927291870117
116676	0.40971478819847107
442826	0.5339265465736389
209314	0.17445628345012665
179150	0.47689053416252136
222687	0.5168200731277466
329185	0.5487953424453735
404965	0.5960498452186584
179177	0.2675492763519287
235498	0.5783523917198181
568819	0.4500366449356079
404985	0.61241215467453
486398	0.5820738077163696
