361216	0.47978878021240234
190466	0.5074969530105591
547329	0.4631946384906769
394249	0.546406090259552
208642	0.5090920329093933
491543	0.5756651759147644
324632	0.6491223573684692
55833	0.5659215450286865
205851	0.5478821396827698
416802	0.6372519731521606
552997	0.5728644728660583
329766	0.5316861271858215
396327	0.6581252217292786
72239	0.45404714345932007
572475	0.5527620315551758
214588	0.5420970320701599
389703	0.5491399168968201
318541	0.5657303929328918
518735	0.5252556204795837
304825	0.6169870495796204
307802	0.45007243752479553
307803	0.5509663820266724
189533	0.5789467096328735
204383	0.572720468044281
467048	0.5404667258262634
525932	0.7372123599052429
446668	0.5209456086158752
298623	0.849837601184845
324227	0.6097792387008667
291967	0.5601296424865723
181081	0.6507191061973572
60047	0.5200970768928528
561296	0.6684784293174744
455315	0.6193826794624329
490135	0.47152674198150635
42651	0.3052557110786438
553116	0.8640015125274658
42653	0.3052557110786438
425635	0.28837937116622925
451749	0.5335631966590881
108723	0.623507559299469
523957	0.5498102903366089
77497	0.5663026571273804
54981	0.45215630531311035
182473	0.8441053032875061
468172	0.5936257839202881
425680	0.4413292407989502
393425	0.5709692239761353
401622	0.6153929233551025
575705	0.6121968626976013
287966	0.7036857604980469
114918	0.404279887676239
307431	0.6883717775344849
139496	0.5767498016357422
464623	0.5110279321670532
461043	0.571806788444519
393979	0.5911790132522583
15102	0.633422315120697
392448	0.4981488585472107
399618	0.6490084528923035
135467	0.5138494968414307
347096	0.7298416495323181
48259	0.6379395723342896
577812	0.21185000240802765
213781	0.5413095355033875
335640	0.7418006062507629
578336	0.41243037581443787
212779	0.5320723652839661
270124	0.20195521414279938
505649	0.599456250667572
239413	0.6152957081794739
536375	0.4602949917316437
95545	0.6927451491355896
403780	0.5605403780937195
445253	0.5059913396835327
530759	0.5259848833084106
130389	0.5536664724349976
514905	0.49700626730918884
304474	0.7316179871559143
9565	0.5292403101921082
574819	0.51735919713974
456934	0.6814310550689697
494456	0.5872878432273865
571775	0.45011815428733826
373635	0.33558061718940735
177029	0.7874406576156616
315783	0.525399923324585
568722	0.7515780925750732
269720	0.5670632123947144
135578	0.461866170167923
58781	0.35072794556617737
521118	0.5142549276351929
251298	0.597579836845398
135592	0.5352993607521057
411570	0.6177017092704773
323521	0.6205252408981323
316354	0.6319140195846558
393669	0.5699763298034668
7638	0.7154474258422852
320984	0.6037700772285461
347097	0.7196494936943054
532956	0.5492660403251648
418269	0.5152816772460938
299492	0.5937342643737793
322027	0.6743060946464539
377328	0.5931206941604614
325112	0.6580731868743896
49145	0.20316442847251892
124924	0.5125876069068909
