579755	0.6379397511482239
24583	0.6961522698402405
414225	0.5123674273490906
510482	0.676533579826355
247555	0.5149054527282715
465555	0.5463150143623352
488987	0.5463071465492249
452636	0.5930036902427673
242207	0.6247974634170532
102434	0.6630666851997375
98339	0.5923770070075989
73770	0.524630606174469
494599	0.6752792596817017
525868	0.5935987830162048
313394	0.6250977516174316
133173	0.6837341785430908
431673	0.6647642254829407
416323	0.6177215576171875
328263	0.4827941954135895
374355	0.6081544160842896
333404	0.7200623154640198
19549	0.44928446412086487
48226	0.49474260210990906
240747	0.6405952572822571
41068	0.35111692547798157
511506	0.6509844660758972
61045	0.43035340309143066
42102	0.561016321182251
371391	0.6361718773841858
414334	0.2908119559288025
572181	0.6004862189292908
94851	0.5435752868652344
92818	0.5638037323951721
411795	0.5821906924247742
524949	0.5645092129707336
167064	0.2529514729976654
43172	0.5506559014320374
575147	0.5005643963813782
375478	0.5554152131080627
193215	0.6332008242607117
577733	0.617502748966217
267462	0.6723014712333679
476361	0.3888868987560272
47824	0.6861795783042908
371409	0.6427562832832336
509475	0.5977809429168701
189141	0.5808125734329224
112343	0.5749675631523132
534232	0.6080978512763977
500091	0.585895836353302
344804	0.6016430854797363
558309	0.5545175671577454
383185	0.5287988185882568
76012	0.5692017078399658
172273	0.6490632891654968
512242	0.564463198184967
566516	0.6129248738288879
355575	0.5986359119415283
96504	0.41591495275497437
110845	0.5732550024986267
436779	0.4817267656326294
112392	0.5468277335166931
14099	0.5964969396591187
230164	0.6867567300796509
360213	0.6210970878601074
578328	0.6003642678260803
79642	0.5109937787055969
223016	0.5331283807754517
252808	0.6756852865219116
171831	0.597612202167511
559962	0.4496183395385742
328549	0.6162492036819458
186730	0.49314025044441223
327027	0.6108361482620239
44404	0.5922410488128662
350070	0.5908632278442383
69499	0.6474224925041199
197512	0.435838907957077
373130	0.6072040796279907
5521	0.6645655632019043
235415	0.6421844363212585
206758	0.5602911114692688
432369	0.6265758275985718
191400	0.6005105972290039
424876	0.6211383938789368
50098	0.5749347805976868
285112	0.6172273755073547
467402	0.649604320526123
368596	0.6451088786125183
24533	0.4590725898742676
242136	0.5502840280532837
250850	0.6317532062530518
158997	0.5693416595458984
238058	0.5752118825912476
118253	0.5935834646224976
326643	0.6382607221603394
98292	0.5294387936592102
115189	0.563583254814148
