564738	1.0000001192092896
133126	1.0000001192092896
23052	0.6927843689918518
277006	0.5071874856948853
564754	0.11055471003055573
564755	0.17988494038581848
355351	0.6784352660179138
439839	0.7076533436775208
176674	0.7613282203674316
185350	0.5971466898918152
160808	0.8851640820503235
15402	0.701909601688385
15404	0.701909601688385
512045	0.5301417112350464
420917	0.5714012980461121
501302	0.6239964365959167
375352	0.5917600393295288
301921	0.7304648160934448
472640	0.7000530958175659
405823	0.8232939839363098
279621	0.6551994681358337
301639	0.7192298173904419
551496	0.5272541046142578
343113	0.8511639833450317
420940	0.5365707874298096
288845	0.6740691065788269
269390	0.5364003777503967
42063	0.5065987706184387
479825	0.5668812990188599
446038	0.701909601688385
105563	0.7727332711219788
42090	0.6611010432243347
377963	1.0000001192092896
140396	0.6745467185974121
526448	0.7101668119430542
570481	0.5542001724243164
456309	0.6228379011154175
531072	0.44483888149261475
469633	0.7177718877792358
469635	0.8433729410171509
103048	0.6345967054367065
454797	0.7000094056129456
262290	0.7691353559494019
262291	0.7848919630050659
287384	0.7587581276893616
285861	0.6643553376197815
344235	0.7953699231147766
434864	0.822460412979126
176821	0.7136648297309875
492225	0.4518642723560333
542582	0.822460412979126
335561	0.6939551830291748
227543	0.7108721733093262
7394	1.0000001192092896
80113	0.6117380857467651
492791	0.6704135537147522
238851	0.8622914552688599
335621	0.7700818181037903
455433	0.7922507524490356
49419	0.6074965000152588
49420	0.7061579823493958
142609	0.5800278782844543
286994	0.661700427532196
531075	0.5273601412773132
27412	0.8509488105773926
39196	0.7178161144256592
39197	0.6779975891113281
430879	0.5957543849945068
421155	0.4970562756061554
203050	0.6661258935928345
463666	0.5049270391464233
103726	0.4808312654495239
252719	0.6579214334487915
252720	0.6579214334487915
421170	0.4779702425003052
270132	0.6440292596817017
527160	0.6002063751220703
270140	0.8086081743240356
435765	0.6179786324501038
65857	0.5840851664543152
65369	0.7565408945083618
553307	0.5915976166725159
548702	0.3896401524543762
268641	0.7706601619720459
91492	0.5943667888641357
270181	0.752790093421936
527728	0.5353168249130249
371058	0.6668195128440857
287606	0.6263736486434937
224575	0.5434677004814148
177538	0.8699678182601929
410500	0.3187110722064972
176280	0.7255847454071045
340375	0.5519696474075317
246168	0.6783756017684937
65953	0.6469736695289612
229799	0.48119059205055237
410545	0.7302683591842651
410546	0.7302683591842651
12220	1.0000001192092896
493644	0.7541657090187073
360910	0.6768422722816467
502738	0.725162148475647
401891	0.6077786087989807
12261	0.6305680871009827
138221	0.5067941546440125
41971	0.5672696232795715
261108	0.6109046339988708
382457	0.7226482629776001
