76801	0.5900813341140747
404996	0.5646658539772034
386056	0.6018006205558777
175362	0.5872752070426941
219154	0.5459076762199402
37892	0.23766358196735382
521755	0.5792667865753174
422429	0.5007535219192505
167457	0.2007312923669815
420392	0.6153680682182312
100406	0.628585696220398
177216	0.8104601502418518
276545	0.5262341499328613
247881	0.5038949251174927
523864	0.5366111397743225
387684	0.7368773818016052
497763	0.6593923568725586
330340	0.45904114842414856
558181	0.5873685479164124
144492	0.6650094389915466
369597	0.5887518525123596
246898	0.658901572227478
327802	0.5626251101493835
239748	0.7140458226203918
125573	0.5933968424797058
61066	0.45281872153282166
93295	0.6974783539772034
113825	0.6836996674537659
273058	0.6799962520599365
21162	0.707136869430542
361131	0.6223011016845703
312495	0.5732014179229736
476336	0.4465417265892029
413873	0.5769381523132324
564406	0.5857663154602051
453303	0.6913267374038696
389304	0.6844539642333984
387770	0.6529940366744995
200653	0.56032794713974
25722	0.7525291442871094
560878	0.6967207193374634
426226	0.5522210001945496
321276	0.6937860250473022
290050	0.2341296672821045
561416	0.621627926826477
478986	0.5346835851669312
313106	0.6529555916786194
524054	0.7077858448028564
28442	0.4973805248737335
16156	0.6987501978874207
426783	0.6859195232391357
374050	0.6381443738937378
222669	0.6240788102149963
387394	0.5689710378646851
42825	0.6059801578521729
41290	0.4714202284812927
24398	0.5476512908935547
363860	0.5855420827865601
333141	0.6062256693840027
189276	0.5440210700035095
14179	0.4931528866291046
489830	0.6312896609306335
327015	0.45600199699401855
315753	0.6530447006225586
179568	0.462625652551651
104826	0.6380468606948853
548220	0.6416492462158203
452989	0.3645610809326172
466814	0.5035256743431091
293760	0.6145359873771667
29760	0.4197341799736023
548226	0.5222699642181396
558180	0.6279435157775879
316814	0.6311752200126648
99753	0.5432901382446289
162220	0.575310230255127
333130	0.6580349802970886
115149	0.5745395421981812
376782	0.5442351698875427
306640	0.6518287062644958
473043	0.7132302522659302
469461	0.509215772151947
148440	0.648180365562439
167386	0.2007312923669815
11227	0.5919354557991028
456156	0.6226847171783447
51677	0.4508061110973358
243169	0.6147720813751221
537063	0.6030199527740479
73199	0.8104601502418518
266741	0.5806946754455566
