258562	0.354159951210022
522251	0.4880477488040924
9743	0.4868261218070984
555537	0.47069114446640015
68628	0.5626612305641174
49685	0.545385479927063
573974	0.49334439635276794
410144	0.42127516865730286
27685	0.47706395387649536
534055	0.4668682813644409
118827	0.49741706252098083
398382	0.576444149017334
94256	0.5596737265586853
529457	0.33172789216041565
563256	0.4715159833431244
17980	0.5431154370307922
444996	0.45220741629600525
547918	0.5270773768424988
64079	0.5423537492752075
218704	0.34866034984588623
144468	0.3211783468723297
453817	0.5671400427818298
578649	0.5258908271789551
421978	0.6170088648796082
199781	0.2947666645050049
259690	0.5103542804718018
245869	0.5549856424331665
389759	0.5573392510414124
426122	0.43599510192871094
64451	0.47556647658348083
471190	0.4636356830596924
65176	0.538772463798523
298654	0.53031325340271
11423	0.539222002029419
579232	0.5958315134048462
50850	0.33637723326683044
64163	0.6123978495597839
49837	0.5408679842948914
208569	0.41607263684272766
402618	0.5129156112670898
61120	0.3310357630252838
376513	0.5899965167045593
260290	0.5407369136810303
67783	0.5723310112953186
57033	0.3776811957359314
506589	0.3911351263523102
106021	0.5325576663017273
46307	0.4409550428390503
128741	0.493887722492218
51431	0.339316189289093
272113	0.5353120565414429
191730	0.5202397108078003
208123	0.4893113672733307
61186	0.5306345224380493
507141	0.4651613235473633
553757	0.436840683221817
427812	0.5855388641357422
21285	0.4501688778400421
427814	0.5705241560935974
259880	0.48548465967178345
64816	0.49752017855644226
63288	0.4518876373767853
185145	0.5522459745407104
258880	0.4255910813808441
14157	0.573979377746582
118094	0.40092918276786804
494931	0.532872200012207
214357	0.5922327637672424
339286	0.5542987585067749
201580	0.46852195262908936
529261	0.4212866723537445
258926	0.4802604019641876
34672	0.5303614735603333
62838	0.5811135172843933
63367	0.5221096277236938
280465	0.4340340197086334
83863	0.5198739171028137
60826	0.4668126702308655
41374	0.4810287356376648
144799	0.4504174292087555
396194	0.44197559356689453
73637	0.37661996483802795
290728	0.5144302248954773
562092	0.5304940938949585
452527	0.48498809337615967
198071	0.42847728729248047
498616	0.4986104667186737
477114	0.4864475131034851
3011	0.5266340374946594
458693	0.46714282035827637
111558	0.41232964396476746
426957	0.45898717641830444
370639	0.47298136353492737
77265	0.548454999923706
51022	0.3617568016052246
533980	0.5391719341278076
580070	0.40398970246315
496107	0.5346066355705261
39408	0.4559045135974884
539048	0.5569839477539062
548179	0.5473950505256653
