509441	0.39467495679855347
158215	0.29456594586372375
169998	0.5393425226211548
359958	0.5651100873947144
477723	0.5220102667808533
168484	0.5971509218215942
479781	0.5987626314163208
255546	0.5175631046295166
269886	0.5573664307594299
568161	0.8835976123809814
380490	0.6091257333755493
315981	0.6591034531593323
72783	0.7036256790161133
216144	0.5245811343193054
53331	0.5545116066932678
77915	0.648414671421051
391266	0.5048074126243591
70759	0.7456193566322327
255595	0.6214697360992432
145516	0.6188033223152161
329330	0.5354428291320801
358515	0.5316410660743713
345364	0.6622326374053955
23165	0.5404399037361145
318593	0.6048496961593628
19076	0.4707563817501068
108690	0.5432412028312683
450709	0.5634832978248596
126616	0.5094007253646851
219291	0.27331921458244324
59563	0.4651535749435425
312946	0.5853695869445801
22706	0.5249930620193481
433851	0.4768039882183075
426688	0.5432382822036743
3272	0.4936896860599518
74953	0.6670375466346741
169173	0.5407275557518005
500345	0.5530269742012024
266471	0.5605230331420898
356585	0.5557748079299927
113388	0.5803146958351135
518896	0.6560860276222229
346354	0.5245665311813354
74998	0.5069721937179565
348923	0.5399624109268188
484099	0.1464889794588089
204039	0.7853305339813232
556298	0.6256775259971619
299788	0.6174050569534302
263440	0.4714198708534241
284436	0.6595323085784912
189722	0.48719632625579834
300317	0.5005680918693542
354080	0.5330735445022583
317220	0.7034794688224792
327461	0.6658377051353455
209702	0.6173290610313416
397608	0.5802991986274719
365356	0.7353931665420532
185823	0.47681283950805664
484676	0.46671006083488464
44358	0.5722327828407288
307020	0.5965259671211243
424791	0.5620936155319214
23386	0.6873573064804077
417115	0.5690491199493408
320863	0.6133934855461121
8545	0.6819218397140503
392548	0.4747364819049835
543590	0.44934162497520447
349032	0.5877796411514282
124265	0.49014976620674133
46447	0.5591384172439575
279925	0.5728054642677307
494569	0.5000723600387573
317825	0.6304343342781067
231810	0.4990995526313782
446342	0.507348358631134
423306	0.6139104962348938
187374	0.5187965035438538
487832	0.5198478102684021
139678	0.5336010456085205
404391	0.6118335723876953
359342	0.9999998807907104
201137	0.5746819972991943
263611	0.6696739196777344
159164	0.4497610330581665
501696	0.3401164412498474
159169	0.5547409653663635
577990	0.640842080116272
530375	0.6063998341560364
187339	0.5176489949226379
325709	0.5850227475166321
319956	0.5676190853118896
86486	0.6462589502334595
487895	0.5402664542198181
76760	0.6654058694839478
279518	0.5106524229049683
295903	0.5342687368392944
223721	0.5573021769523621
535019	0.5580337643623352
349677	0.5177673697471619
322030	0.6047751903533936
315889	0.7034794688224792
487923	0.6553272008895874
383481	0.4498620331287384
106492	0.6928501725196838
