94336	0.6968846321105957
574528	0.6102178692817688
142315	0.6554839611053467
50565	0.587339460849762
205574	0.5334632992744446
102663	0.7157126069068909
309804	0.6557720899581909
78346	0.6360471844673157
40790	0.42941099405288696
73230	0.6106866598129272
205869	0.6507565379142761
20928	0.5892383456230164
427288	0.572153627872467
158740	0.4999772608280182
166421	0.18330299854278564
571335	0.5581092238426208
50967	0.5205239057540894
20617	0.4102115333080292
294682	0.6573814153671265
18971	0.6679996848106384
327836	0.6867092251777649
46115	0.48133665323257446
205604	0.5810979008674622
81703	0.6823391914367676
565859	0.5218147039413452
294684	0.603867769241333
205575	0.6324185729026794
465196	0.626115083694458
465197	0.5479521155357361
573870	0.7110244035720825
450227	0.6685019731521606
575540	0.6824516654014587
387342	0.6788267493247986
214454	0.2404434233903885
335543	0.6591181755065918
91704	0.6117220520973206
6844	0.44544264674186707
102205	0.46316248178482056
115189	0.6105822920799255
106176	0.5803045034408569
11715	0.5302244424819946
237255	0.6665093898773193
563016	0.6214005947113037
110931	0.6390314102172852
38711	0.531284749507904
72781	0.4850285053253174
284496	0.45971620082855225
52049	0.543434739112854
165587	0.45635101199150085
547540	0.5910752415657043
440151	0.6539872288703918
107481	0.5927898287773132
571535	0.40146711468696594
24028	0.5738328099250793
18281	0.45147764682769775
570974	0.6994462609291077
112351	0.6471180319786072
569247	0.5624088644981384
568929	0.5794839859008789
7522	0.6359838843345642
341347	0.761978268623352
573796	0.4108021855354309
115079	0.5525661110877991
563409	0.6538224816322327
570856	0.3535616397857666
115561	0.6231538653373718
94315	0.6009232401847839
75500	0.68806391954422
113519	0.5950186848640442
167408	0.4900137484073639
564722	0.5847448706626892
45913	0.4536481201648712
184308	0.6390843987464905
59381	0.6376935243606567
11639	0.5777838826179504
397560	0.5991074442863464
578297	0.5575827956199646
