144901	0.2964647114276886
448518	0.17974485456943512
436231	0.3041366934776306
371722	0.26620709896087646
401423	0.3451211452484131
26129	0.5305207371711731
366105	0.3122766315937042
569882	0.5453126430511475
317988	0.35071319341659546
95269	0.33809566497802734
259119	0.2877185344696045
298032	0.3731652796268463
298033	0.27642080187797546
479294	0.2980428636074066
552514	0.5509626865386963
305222	0.3364134728908539
180295	0.2723348140716553
400482	0.415233850479126
97874	0.3296024203300476
558676	0.17815309762954712
161370	0.2560071647167206
531551	0.2642032206058502
351842	0.3437128961086273
171621	0.25111451745033264
158834	0.4632347524166107
364660	0.3165995180606842
222329	0.2948141396045685
270461	0.34157514572143555
192649	0.09080453962087631
44687	0.04298139736056328
230035	0.18004919588565826
179358	0.35804951190948486
243871	0.29007115960121155
489633	0.2808886468410492
328866	0.183553546667099
230060	0.31097617745399475
332659	0.27255749702453613
352442	0.28806552290916443
241851	0.34039306640625
364224	0.295559823513031
571082	0.4852050542831421
43213	0.4671657979488373
13517	0.2401396781206131
298193	0.26258429884910583
299733	0.4006347060203552
458968	0.3635587990283966
541401	0.3164745271205902
351453	0.3374922275543213
483043	0.343401163816452
537831	0.3169032335281372
555243	0.25225403904914856
13549	0.1927323341369629
196336	0.5207533240318298
212722	0.3452998697757721
308468	0.3068138062953949
513782	0.27573078870773315
159991	0.24075961112976074
97529	0.24981799721717834
163075	0.19576473534107208
519429	0.35645097494125366
306954	0.40005412697792053
240908	0.27608177065849304
557785	0.3394145667552948
375603	0.34312278032302856
540984	0.3848324716091156
442681	0.27389201521873474
120639	0.3371849060058594
126275	0.283346027135849
375116	0.2859262526035309
482132	0.25788959860801697
193366	0.23908963799476624
265564	0.11851855367422104
159582	0.34402015805244446
404835	0.2743067741394043
552292	0.3860012888908386
227688	0.35986825823783875
313713	0.2929983139038086
430963	0.2818022072315216
29557	0.3865407109260559
353146	0.2786479890346527
352125	0.34650102257728577
494982	0.3327989876270294
554989	0.30724331736564636
265617	0.3001793920993805
276884	0.33438485860824585
251285	0.3017370104789734
520094	0.3669336438179016
234918	0.1367005705833435
450473	0.22039896249771118
521647	0.3644874393939972
521653	0.34006068110466003
258494	0.3086543381214142
493518	0.24716149270534515
71636	0.21719051897525787
275926	0.365183562040329
348120	0.3187147378921509
482265	0.2535969614982605
551898	0.048593077808618546
229852	0.3147262930870056
254430	0.3508630096912384
427489	0.12962433695793152
303085	0.3767491579055786
549872	0.4163435995578766
381950	0.3252941370010376
