361472	0.827042818069458
472587	0.8287090063095093
229388	0.9180247187614441
373773	0.9020620584487915
301070	0.9422383904457092
568338	0.7924594879150391
177687	0.8141152262687683
177689	0.8878203630447388
229403	0.6961296796798706
506908	0.8839693069458008
506909	0.9044030904769897
125471	0.8930360674858093
343589	0.8676135540008545
22063	0.869234025478363
8754	0.6822265982627869
524341	0.9999999403953552
338493	0.7731897830963135
40510	0.6972256898880005
207952	0.7304307222366333
335443	0.9113339781761169
175188	0.9066032767295837
175189	0.8871385455131531
287326	0.7692408561706543
373859	0.9447533488273621
88680	0.7489669322967529
334962	0.6745374798774719
42618	0.7248802185058594
373373	0.9579449892044067
499329	0.5768585205078125
67206	0.7156326770782471
462984	0.7977577447891235
178313	0.7884650826454163
239252	0.7922295928001404
239777	0.7564960718154907
501416	0.7932409644126892
437934	0.6721332669258118
129711	0.67170250415802
52401	0.9125665426254272
125122	0.8548613786697388
103109	0.900618851184845
501447	0.9180247187614441
248525	0.8878203630447388
114383	0.6615523099899292
133070	0.9603262543678284
579805	0.7370617389678955
119026	0.8653212189674377
499436	0.73832106590271
501489	0.7740408182144165
21746	0.943164050579071
538867	0.9514990448951721
145147	0.7971991896629333
145160	0.7137101888656616
472332	0.8863583207130432
17680	0.7038833498954773
538901	0.8987302184104919
145174	0.7306808829307556
145175	0.7306808829307556
472344	0.771183431148529
17967	0.9690600037574768
472349	0.8089762926101685
355974	0.7303106188774109
344370	0.8647952079772949
7478	0.6878028512001038
506689	0.9337399005889893
126277	0.897709846496582
126279	0.9626682996749878
373774	0.9069986939430237
390988	0.6377386450767517
62800	0.8494016528129578
272209	0.7863974571228027
176477	0.8406160473823547
67438	0.6576312184333801
126322	0.8889342546463013
126323	0.9214717745780945
126328	0.9440745711326599
495481	0.8121907711029053
548733	0.6909911036491394
177550	0.6908741593360901
330649	0.8750864267349243
19373	0.8256624341011047
244143	0.7358934283256531
21747	0.8301523923873901
19381	0.8697115778923035
19383	0.8457766175270081
239039	0.8030495643615723
497608	0.8862658143043518
27082	0.7176165580749512
536526	0.9999999403953552
133072	0.9184394478797913
133073	0.9186913967132568
133074	0.9410024285316467
30678	0.8609871864318848
64985	0.6641883254051208
244188	0.6710209250450134
97245	0.6220398545265198
497631	0.6450653672218323
350459	0.888767421245575
373735	0.9016311764717102
343531	0.7838334441184998
102892	0.8384867310523987
244208	0.6677291989326477
307187	0.7432394027709961
344057	0.8837842345237732
361471	0.750410795211792
