398848	0.34868839383125305
474624	0.44146478176116943
347138	0.5173962116241455
60944	0.47262054681777954
290840	0.5266070365905762
56862	0.5341874361038208
310821	0.3717108964920044
224811	0.3919260501861572
334385	0.49384307861328125
458806	0.22018195688724518
529467	0.5899209380149841
192060	0.43710005283355713
225632	0.616024374961853
480840	0.4292917549610138
208969	0.4161471426486969
524111	0.47711363434791565
443979	0.5095506906509399
337492	0.4759414792060852
114779	0.5047261714935303
7525	0.48967915773391724
206948	0.47350388765335083
255447	0.4029921889305115
385128	0.39095714688301086
57451	0.4768429696559906
47727	0.5009741187095642
328817	0.22117532789707184
195707	0.3384392559528351
57194	0.4662438631057739
215169	0.46705806255340576
215171	0.44286680221557617
309395	0.4784843325614929
136854	0.5192540884017944
63133	0.416964054107666
32419	0.13546623289585114
342185	0.7237889766693115
487086	0.32679787278175354
297653	0.47446781396865845
479938	0.4730776250362396
282819	0.4748925566673279
441634	0.5085932016372681
518870	0.4647185504436493
496855	0.5470425486564636
75487	0.4310915768146515
140004	0.4750535786151886
263914	0.6040736436843872
403694	0.4968911111354828
388850	0.5154509544372559
388851	0.5100204348564148
441077	0.5411525964736938
70904	0.5746288299560547
499461	0.5980300307273865
428295	0.4946000576019287
543703	0.4515220522880554
105231	0.5619741082191467
226076	0.44680359959602356
105250	0.5770615935325623
470821	0.5007247924804688
240519	0.5383127331733704
400692	0.46764352917671204
365377	0.30185338854789734
217410	0.39162740111351013
121156	0.5248563885688782
224069	0.5038782954216003
433478	0.5110655426979065
472395	0.6890951991081238
478029	0.5500838756561279
148815	0.5337331295013428
121169	0.4880499839782715
308566	0.18730370700359344
485722	0.4623523950576782
410971	0.5033936500549316
506204	0.4725801944732666
320864	0.5662909150123596
120891	0.3674792945384979
487269	0.3166346848011017
202602	0.48362553119659424
339822	0.7518828511238098
482671	0.4521576762199402
198001	0.5318962931632996
482677	0.34565868973731995
235899	0.37165582180023193
394112	0.4930698573589325
482689	0.4365725815296173
217409	0.7663574814796448
146827	0.409750759601593
235923	0.5828198790550232
574363	0.458947092294693
385958	0.2973812222480774
305577	0.43143102526664734
218026	0.34389185905456543
273841	0.5163745880126953
441276	0.4725596308708191
498933	0.43732792139053345
411074	0.39814627170562744
107975	0.47763562202453613
451530	0.4673161804676056
474065	0.5315143465995789
140757	0.41070300340652466
300503	0.5129532814025879
62938	0.652489185333252
181723	0.7791030406951904
255453	0.4221596121788025
512488	0.41726192831993103
56817	0.32475247979164124
235516	0.36424100399017334
