427010	0.4888284504413605
545284	0.41627293825149536
339983	0.5567520260810852
402960	0.41415855288505554
178705	0.40922385454177856
413714	0.4486503303050995
552980	0.43972301483154297
123925	0.485307902097702
138244	0.5636765360832214
553013	0.5297275185585022
359480	0.3853268027305603
249401	0.33082348108291626
139701	0.3729720413684845
325191	0.3283652663230896
558664	0.4653458595275879
455754	0.35492169857025146
517730	0.3520382046699524
202858	0.3864152729511261
49780	0.6289430260658264
86648	0.7220216393470764
137849	0.3627699911594391
218749	0.6680598855018616
244862	0.43329304456710815
455810	0.38022488355636597
80003	0.48315882682800293
337541	0.3921158015727997
79495	0.5470152497291565
365847	1.0
250512	0.40075987577438354
200343	0.31505101919174194
176281	1.0
421019	0.45656946301460266
506020	0.40075987577438354
516295	0.402489572763443
116910	0.3596991300582886
537271	0.253055602312088
195256	0.5387788414955139
329913	0.38176625967025757
267451	0.46868160367012024
380615	0.40075987577438354
332663	0.3470856845378876
190754	0.5420612096786499
90829	0.30973362922668457
300755	0.3579273819923401
184953	0.40075987577438354
213726	0.5888814330101013
19737	0.2376745492219925
520419	0.37204471230506897
389245	0.398729145526886
479990	0.3323023319244385
455932	0.799856424331665
65277	0.4993399977684021
517374	0.5186891555786133
168200	0.3808926045894623
236297	0.6046328544616699
168214	0.3486975133419037
517399	0.26871198415756226
517400	0.3325270414352417
190745	0.4935442805290222
100123	0.49160873889923096
426629	0.28833022713661194
190753	0.3884304165840149
316706	0.44010189175605774
185125	0.3464932441711426
380198	0.4811474680900574
190763	0.4455353617668152
557366	0.2910488247871399
476487	0.5818744897842407
134480	0.5796927213668823
110423	0.4882269501686096
378715	0.3510848879814148
455516	0.6950539350509644
73066	1.0
567661	0.7478411793708801
378229	0.5918102860450745
262519	0.5797656774520874
315284	0.4656131863594055
493437	0.3493715524673462
370046	0.40075987577438354
321409	0.3495394289493561
552835	0.38358816504478455
369028	0.44235560297966003
67973	0.36108049750328064
371599	0.455473393201828
58260	0.5226885080337524
503189	0.5888814330101013
493462	0.35870158672332764
181657	0.3575308322906494
527788	0.36571651697158813
454576	0.31395581364631653
416181	0.4738422930240631
267703	0.5927547216415405
289014	0.48639681935310364
415687	0.37471386790275574
49097	0.3584822714328766
390094	0.3157968521118164
113106	0.30739790201187134
204243	0.3192872703075409
253264	0.328582763671875
282597	0.5888814330101013
536555	0.38032254576683044
455934	0.6390518546104431
399359	0.3691377341747284
