80384	0.5405812859535217
307713	0.40312251448631287
89621	0.5562413930892944
457755	0.33939439058303833
11293	0.45492762327194214
578078	0.4312288165092468
463908	0.5399803519248962
103974	0.6179230809211731
370215	0.31541281938552856
91690	0.5313043594360352
271925	0.3581031262874603
561208	0.5674943327903748
43075	0.3888651728630066
447556	0.45517998933792114
468472	0.5495795607566833
174662	0.36910587549209595
371279	0.38906630873680115
401489	0.4009440243244171
204884	0.3944849669933319
108118	0.34440475702285767
46167	0.5712776184082031
417374	0.4564206004142761
369764	0.31719470024108887
17254	0.3964228928089142
389564	0.3556263744831085
299626	0.46763238310813904
129139	0.40611645579338074
68738	0.7084912061691284
429703	0.3841177821159363
88712	0.5590187907218933
383626	0.3816119134426117
434972	0.5637896656990051
18092	0.345893532037735
129213	0.379334032535553
27328	0.388418972492218
27329	0.46076416969299316
151234	0.6244609355926514
129219	0.4585435092449188
552649	0.4004584848880768
482506	0.3963717520236969
19156	0.5566777586936951
66778	0.6404605507850647
41693	0.6591371893882751
79584	0.07823564112186432
344801	0.42297378182411194
235746	0.22063837945461273
17638	0.3593241274356842
539368	0.4248793125152588
273643	0.3120289742946625
441582	0.4562212824821472
414959	0.24466338753700256
412913	0.3528604805469513
45301	0.2441745549440384
2296	0.384682834148407
474836	0.39047664403915405
311552	0.2563943862915039
441605	0.44018787145614624
36614	0.4415455460548401
16002	0.5301257371902466
26382	0.5649802088737488
110876	0.3169066309928894
515359	0.4168449342250824
545057	0.38443076610565186
184114	0.2701556980609894
25402	0.5874961614608765
554303	0.46768033504486084
398150	0.41436588764190674
424777	0.4803062379360199
428365	0.43657052516937256
226639	0.43769222497940063
439134	0.47770795226097107
89574	0.6327765583992004
215910	0.40509799122810364
560017	0.30939391255378723
48488	0.278035044670105
494445	0.3125702142715454
242067	0.44017452001571655
27003	0.5087180137634277
39806	0.32206085324287415
107391	0.4522169232368469
327042	0.30530068278312683
363399	0.36999258399009705
95117	0.40755653381347656
364945	0.6541138887405396
271251	0.5926125645637512
507803	0.6024357080459595
180129	0.41336190700531006
105389	0.5415887832641602
102318	0.5680885314941406
71398	0.5929240584373474
315830	0.47875064611434937
565175	0.6924955248832703
364532	0.36692532896995544
19900	0.31994056701660156
41406	0.23913447558879852
5567	0.48245224356651306
129484	0.38579750061035156
39886	0.532210648059845
498640	0.588076651096344
565240	0.3876899182796478
418686	0.35693421959877014
518630	0.4749829173088074
122355	0.4373185336589813
484852	0.3536534607410431
39926	0.35486990213394165
62121	0.2721257209777832
281080	0.3859097361564636
412158	0.4343874752521515
68095	0.6346181631088257
