343046	0.6938017010688782
505360	0.6368528604507446
65043	0.7304218411445618
418341	0.5974655747413635
501294	0.6726374626159668
505903	0.7011040449142456
58421	0.720643937587738
288823	0.7569779753684998
460856	0.7302700281143188
455229	0.7349188923835754
346550	0.534450113773346
430665	0.6675066947937012
62541	0.7617248296737671
68690	0.5094674229621887
63582	0.7833614349365234
544351	0.58500075340271
124527	0.7721889615058899
149619	0.5402714014053345
178806	0.7056006193161011
523898	0.7750480771064758
523899	0.7113721966743469
67708	0.6584357023239136
45182	0.5633602738380432
398482	0.7986485958099365
469654	0.8633124828338623
43674	0.6592372059822083
107675	0.7003753781318665
564893	0.6089430451393127
64678	0.5455767512321472
287911	0.6511936783790588
64680	0.7269791960716248
65709	0.7133774757385254
551598	0.541413426399231
65713	0.7309244275093079
551605	0.7510520219802856
524985	0.7052951455116272
529087	0.7141181826591492
528068	0.6191845536231995
64201	0.7103529572486877
62679	0.6738369464874268
62175	0.30152586102485657
309474	0.6256831884384155
548580	0.685748815536499
50405	0.7144151329994202
65767	0.6883182525634766
328940	0.5761511325836182
147181	0.8498267531394958
44270	0.5157074332237244
66288	0.7070760130882263
62709	0.5074098110198975
16120	0.6638453006744385
278778	0.8457022905349731
68348	0.7502830028533936
66817	0.6666072010993958
67848	0.7579758167266846
279823	0.7565744519233704
309520	0.4110490083694458
177937	0.7270380854606628
286597	0.7317209243774414
68896	0.686552107334137
217383	0.6672884821891785
62761	0.6488441824913025
62259	0.7059270739555359
62776	0.7376592755317688
49978	0.6346606612205505
460855	0.7124717235565186
178004	0.7569853663444519
87899	0.7273316979408264
64349	0.6815586090087891
540560	0.5490649342536926
564710	0.7878623008728027
64875	0.6199105381965637
66924	0.7347409725189209
290670	0.602281928062439
201591	0.7322732210159302
44416	0.6341574788093567
238978	0.8687717914581299
62852	0.48902201652526855
18821	0.6731752753257751
63372	0.6998742818832397
341904	0.7185288667678833
356756	0.7322954535484314
67477	0.703570544719696
92057	0.7270380854606628
44446	0.7424615621566772
68517	0.6828505992889404
368046	0.6866685748100281
66717	0.6769260168075562
67506	0.8003212809562683
65973	0.7796254754066467
174518	0.7846355438232422
63936	0.7314242720603943
272329	0.7669717073440552
339915	0.7322608232498169
235614	0.7972038984298706
138708	0.6694959402084351
66520	0.5237663984298706
545243	0.6618363857269287
63909	0.6475419998168945
8678	0.6586359739303589
62955	0.7667543292045593
237036	0.6461923122406006
435695	0.6256831884384155
68597	0.6547799110412598
