515079	0.4971409738063812
322573	0.4938504099845886
91157	0.48264315724372864
364568	0.4908353090286255
132127	0.5165579915046692
512944	0.46638959646224976
314916	0.499455064535141
120839	0.4641745686531067
190216	0.4260529577732086
318001	0.5074677467346191
480308	0.5557472109794617
490042	0.48188188672065735
219195	0.554984450340271
98369	0.45239198207855225
390220	0.4606441259384155
130647	0.5154619216918945
189539	0.47173282504081726
160887	0.36670610308647156
51851	0.3687705993652344
319130	0.5029402375221252
321697	0.5159092545509338
313507	0.43327707052230835
158884	0.3789374530315399
514224	0.5274045467376709
425649	0.438863605260849
316597	0.4938504099845886
440503	0.4920424222946167
75965	0.4643435478210449
222398	0.46826204657554626
130244	0.46152058243751526
275148	0.39705991744995117
264909	0.4158591628074646
4305	0.3583720326423645
209618	0.4630821645259857
494294	0.5262920260429382
227546	0.46389734745025635
171218	0.46810510754585266
278775	0.544664204120636
79611	0.45376014709472656
266026	0.5503218770027161
151304	0.48850110173225403
316172	0.5113419890403748
322853	0.49033379554748535
396074	0.5215277671813965
299821	0.49299347400665283
465199	0.5023977756500244
375601	0.5704120993614197
561458	0.4581991732120514
519477	0.457396000623703
323910	0.4938504099845886
322890	0.43620747327804565
349003	0.5410592555999756
202061	0.4305720925331116
8017	0.41962501406669617
316246	0.5062938928604126
315232	0.48774659633636475
161122	0.3924640119075775
89959	0.47082236409187317
221034	0.4832439422607422
423283	0.5471885800361633
526711	0.5267673134803772
323449	0.4503009617328644
201094	0.35302913188934326
126858	0.50285804271698
129934	0.19507575035095215
542095	0.3864729106426239
397203	0.5333535671234131
3486	0.4835188090801239
246175	0.4824492931365967
232367	0.10204041749238968
232368	0.10204041749238968
571828	0.603521466255188
201145	0.5062381029129028
402335	0.3917066156864166
412605	0.4094080328941345
568255	0.4484269917011261
341444	0.516974151134491
484300	0.454521507024765
311246	0.5707090497016907
574116	0.6353708505630493
480420	0.3173152208328247
432612	0.5278573632240295
369134	0.35561835765838623
464879	0.5541312098503113
504311	0.5410143733024597
442366	0.5077474117279053
328703	0.47839710116386414
