232455	0.31911471486091614
346641	0.3598114252090454
482835	0.4839056432247162
391702	0.39367052912712097
39959	0.3222354054450989
512028	0.5019309520721436
362043	0.4955942630767822
22453	0.4402480721473694
203841	0.5053926706314087
274510	0.47567570209503174
440400	0.47707799077033997
438360	0.12691055238246918
159833	0.5027313232421875
99933	0.5068227648735046
162399	0.3075178265571594
162401	0.4614865481853485
484966	0.4086589813232422
236141	0.42854124307632446
189038	0.15618865191936493
59015	0.4633597433567047
430731	0.44099321961402893
430737	0.519757091999054
416404	0.524222195148468
462493	0.639299750328064
481648	0.35499662160873413
31913	0.5915167927742004
241331	0.4037666320800781
350388	0.46072953939437866
352440	0.15618865191936493
350906	0.4334389865398407
516283	0.22296957671642303
428736	0.2124512642621994
389494	0.46577632427215576
212692	0.4004632830619812
321239	0.48127281665802
466649	0.3839496672153473
579292	0.4146214425563812
215263	0.227701798081398
108497	0.3191964030265808
109802	0.4758475124835968
556786	0.5388064384460449
351990	0.5060193538665771
194814	0.35308191180229187
115968	0.2076292783021927
242947	0.42395922541618347
427790	0.4515056610107422
71556	0.41543683409690857
331551	0.44088882207870483
512803	0.45468398928642273
159529	0.5023136138916016
490064	0.4778841435909271
194880	0.5623161196708679
559426	0.5001540780067444
157003	0.6427296996116638
159575	0.502486526966095
448344	0.4044899046421051
378717	0.5069910287857056
364384	0.5008059740066528
419178	0.21516530215740204
487792	0.3805813491344452
548723	0.5313760638237
208244	0.49595287442207336
47990	0.48133039474487305
322424	0.45433634519577026
374650	0.5482613444328308
329085	0.5300562381744385
555902	0.4915057122707367
231299	0.44507211446762085
180100	0.4296441972255707
25990	0.4532814025878906
436615	0.4072129726409912
25993	0.38938719034194946
59714	0.4236598610877991
408462	0.5991826057434082
7055	0.5509827136993408
471440	0.4443029463291168
68504	0.6359210014343262
88472	0.28235796093940735
438684	0.4002581834793091
556446	0.4929305613040924
518560	0.4441165328025818
354209	0.4949314594268799
243114	0.33658695220947266
521651	0.4586426019668579
28597	0.44624167680740356
353207	0.44382238388061523
476091	0.4493153393268585
257468	0.43797239661216736
78272	0.33264386653900146
329153	0.590930700302124
464838	0.33087190985679626
237008	0.41112133860588074
374225	0.3110943138599396
474076	0.1440763920545578
386526	0.47422006726264954
412641	0.3283687233924866
389093	0.5828800797462463
351213	0.48899683356285095
254959	0.41896310448646545
291314	0.3401058316230774
76787	0.4572655260562897
415732	0.3929295539855957
114682	0.3444111943244934
