250373	0.6497582793235779
468494	0.5971136093139648
142864	0.6370816230773926
150547	0.7467309832572937
562716	0.5691801309585571
387614	0.7559788227081299
202787	0.7707356214523315
151589	0.5508037209510803
266161	0.3941754400730133
276008	0.6731914281845093
276011	0.6622657775878906
425138	0.5523116588592529
19045	0.6340751647949219
102961	0.6919134259223938
472632	0.8158813714981079
422973	0.7165783643722534
508483	0.561805248260498
284231	0.6342936754226685
266825	0.6885865926742554
266826	0.8787083625793457
266827	0.5473464131355286
142415	0.8455552458763123
269401	0.6124867796897888
546397	0.6219207644462585
174693	0.4947422742843628
394853	0.6914409399032593
284262	0.7322335839271545
580713	0.6250724196434021
524397	0.5566349029541016
524399	0.6634711027145386
524400	0.6363316774368286
524401	0.6413005590438843
346744	0.7137899398803711
23167	0.6493207216262817
350856	0.5570997595787048
331402	0.7658126950263977
359051	0.6042777299880981
250511	0.47234421968460083
491153	0.4141741394996643
417939	0.445953369140625
438935	0.7433239221572876
200871	0.6051017642021179
530098	0.6617323160171509
66741	0.8810105323791504
10430	0.7312232851982117
426689	0.9033673405647278
194245	0.49234098196029663
282232	0.7815161943435669
272931	0.8398716449737549
109312	0.5528818964958191
80641	0.6637654304504395
379138	0.7485038042068481
331819	0.5708150267601013
464645	0.7988678812980652
466190	0.6299366354942322
151837	0.622427761554718
355619	0.6717847585678101
229169	0.828156590461731
151344	0.8036295771598816
379016	0.6250724196434021
523572	0.7966117858886719
492341	0.7303177118301392
355129	0.6324641704559326
561466	0.6135544776916504
148796	0.5662609934806824
331403	0.651526689529419
451909	0.7719460129737854
147270	0.5653724670410156
16718	0.6602159738540649
577507	0.572076678276062
95062	0.7918051481246948
30499	0.7510724067687988
292204	0.7330670952796936
151409	0.4697943329811096
151410	0.589232861995697
173427	0.6218315958976746
287605	0.7406752705574036
238975	0.8818771839141846
137600	0.7403149604797363
137603	0.6373360753059387
11142	0.7928089499473572
528779	0.4648376405239105
286103	0.7966117858886719
151449	0.6389994621276855
405922	0.8008742332458496
495525	0.6593270301818848
298415	0.7977727055549622
94641	0.5479316711425781
151990	0.6157315373420715
394694	0.39357829093933105
394696	0.5646387338638306
394697	0.5646387338638306
250359	0.7549105882644653
567202	0.502687931060791
262101	0.6809656023979187
152025	0.44419124722480774
152026	0.49011075496673584
377423	0.5548292994499207
275939	0.8000283241271973
188390	0.44203388690948486
425127	0.7336899638175964
456685	0.6199753880500793
200694	0.7059344053268433
9719	0.6457825303077698
497657	0.6721745729446411
331258	0.6144404411315918
200701	0.7449989318847656
