451158	0.8307165503501892
174600	0.7486030459403992
401429	0.7523196935653687
215072	0.7989135384559631
64066	0.6942152380943298
505893	0.7940900325775146
357809	0.5535266995429993
62505	0.5437641739845276
63534	0.6733624935150146
67121	0.6636651158332825
1589	0.5472304821014404
357944	0.7767000794410706
68154	0.6755571961402893
99394	0.5563949942588806
396870	0.6697102785110474
64071	0.8293312191963196
120503	0.5030709505081177
357974	0.8156593441963196
68701	0.6640169620513916
576606	0.5039515495300293
576612	0.708722710609436
357995	0.7875193953514099
357996	0.7875193953514099
451183	0.6078552007675171
127623	0.72646164894104
138691	0.6914084553718567
67950	0.7011277079582214
469656	0.6390318274497986
67737	0.7239447832107544
88730	0.7032214999198914
58530	0.7648587822914124
66735	0.6395375728607178
113847	0.7855005860328674
67772	0.7122995257377625
113854	0.38899004459381104
68297	0.6158245205879211
357578	0.6158488392829895
545350	0.6627197861671448
357587	0.6427733302116394
66774	0.4793071448802948
251612	0.7269595861434937
251615	0.5223717093467712
343792	0.6932621002197266
23282	0.5400530099868774
99066	0.5550680160522461
99067	0.8952852487564087
68861	0.3523558974266052
579893	0.5921393036842346
65801	0.7458044290542603
140556	0.4857218265533447
357677	0.463091105222702
64790	0.6854277849197388
560411	0.6548478007316589
64800	0.7046748995780945
357671	0.45998498797416687
64812	0.7116010785102844
579885	0.597703754901886
334128	0.6976193189620972
579894	0.5921393036842346
372538	0.5089526772499084
357695	0.4618184566497803
357696	0.40957897901535034
357697	0.47772419452667236
357698	0.544975996017456
67907	0.7086206078529358
357702	0.5522220730781555
357704	0.38361358642578125
357705	0.4735073149204254
357706	0.5633804202079773
357708	0.4026952087879181
357711	0.487863689661026
63312	0.7018606662750244
299407	0.9191398620605469
64351	0.6745376586914062
119143	0.5019459128379822
178542	0.7119205594062805
357748	0.7339094877243042
357750	0.582647442817688
104317	0.5272857546806335
99200	0.693621039390564
444813	0.804667055606842
357775	0.4611804783344269
67736	0.6663979291915894
64404	0.7015336155891418
364951	0.7263869047164917
17828	0.3927503824234009
17829	0.3955826759338379
235971	0.7855005860328674
68018	0.678056001663208
357814	0.9191398620605469
17847	0.5384291410446167
187843	0.7937262654304504
564687	0.6565702557563782
67542	0.5138956904411316
198105	0.765082061290741
65498	0.7154730558395386
331739	0.8794509768486023
64477	0.6335077881813049
126715	0.4332890808582306
26604	0.7420526742935181
236538	0.3848315179347992
357886	0.5960529446601868
