70660	0.5931499600410461
333838	0.5483024716377258
345103	0.5930675864219666
176656	0.47253262996673584
39960	0.5291626453399658
39964	0.5729339122772217
104989	0.5441896915435791
70188	0.49141067266464233
254516	0.49375033378601074
134200	0.49085667729377747
65083	0.681259274482727
382530	0.2846080958843231
238659	0.6546366214752197
70727	0.7856194376945496
116304	0.40045300126075745
426068	0.5070467591285706
129638	0.6134377121925354
124009	0.4436893165111542
338539	0.5773323774337769
89789	0.6447188258171082
238708	0.5715125799179077
124021	0.5942583680152893
545914	0.5835590958595276
243334	0.5841962695121765
141962	0.5438010096549988
264337	0.47645530104637146
70808	0.6894099712371826
14495	0.5544838309288025
261794	0.5655402541160583
500906	0.656019926071167
129712	0.713442862033844
230579	0.5053302049636841
39093	0.5092899203300476
340155	0.5748876333236694
178877	0.6991410851478577
466380	0.6372178196907043
177906	0.7658487558364868
176885	0.48428845405578613
337657	0.5778183341026306
119037	0.5005312561988831
119038	0.5715727806091309
328456	0.5241379737854004
339213	0.7733592391014099
329490	0.560814380645752
478485	0.5818077921867371
102690	0.45897313952445984
338725	0.6975750923156738
43310	0.6153836846351624
382261	0.5663608908653259
382262	0.5663608908653259
328506	0.5446773767471313
176443	0.6087920069694519
229514	0.6235008239746094
1342	0.5949041843414307
141641	0.5405130982398987
60238	0.4864168167114258
459599	0.5739109516143799
70488	0.6930800080299377
47962	0.5294033885002136
47963	0.5654884576797485
117601	0.4649522304534912
254308	0.5786408185958862
338792	0.8308808207511902
430443	0.4961845576763153
271212	0.5166210532188416
271213	0.5538973808288574
60272	0.5949041843414307
97656	0.6404891014099121
176517	0.6509972810745239
369542	0.4758455753326416
446374	0.5356132388114929
123785	0.6362918019294739
123970	0.5524754524230957
70544	0.6933623552322388
343969	0.6364836096763611
513958	0.5091292858123779
116664	0.508279025554657
431035	0.5531584620475769
431036	0.4622318148612976
42431	0.604570746421814
379844	0.5270153284072876
466379	0.6079058051109314
489420	0.5115618109703064
68562	0.6258574724197388
500181	0.5834904313087463
420312	0.5591700673103333
123875	0.5626417398452759
404452	0.6630979180335999
404453	0.6220614314079285
454120	0.6425161361694336
529394	0.4992654621601105
454135	0.5040516257286072
497661	0.5591700673103333
359934	0.537531852722168
