118020	0.4183206856250763
123017	0.6441565155982971
580875	0.5424482226371765
183180	0.6100175976753235
242708	0.6384829878807068
578069	0.6028026342391968
123030	0.6982713937759399
517144	0.7961819171905518
123033	0.7036701440811157
509467	0.6282167434692383
336796	0.6153380870819092
561827	0.2322302609682083
547108	0.5771953463554382
380069	0.591586172580719
124529	0.5858594179153442
249645	0.33569541573524475
523438	0.7840982675552368
280145	0.5246747732162476
346679	0.5132151246070862
239290	0.358971506357193
464607	0.7958776950836182
87370	0.2943582832813263
337087	0.7206115126609802
400833	0.6462451815605164
124362	0.5451239943504333
23627	0.83132404088974
470991	0.18593467772006989
123128	0.5068545937538147
437113	0.6393164396286011
341081	0.6153361201286316
64733	0.5919879078865051
429023	0.5484012961387634
390496	0.614210844039917
122978	0.040075529366731644
122979	0.3513772189617157
478820	0.6569541692733765
122981	0.4262412488460541
268647	0.3572304844856262
268648	0.4099082946777344
268649	0.33453527092933655
125162	0.7617084383964539
295147	0.659369945526123
359277	0.5649293661117554
62191	0.5967506766319275
564976	0.6397614479064941
437112	0.5017141699790955
340086	0.5886468291282654
122985	0.41857799887657166
440056	0.8215802907943726
493588	0.6927165985107422
123063	0.5559616684913635
527205	0.4518086314201355
