428800	0.591667115688324
308226	0.8397413492202759
260617	0.6335334181785583
532142	0.5186378359794617
194070	0.6925540566444397
135940	0.49172747135162354
243227	0.627852201461792
507420	0.7303696870803833
407069	0.7324399948120117
256544	0.5988195538520813
23078	0.7554891109466553
36903	0.5507656335830688
112173	0.5181648135185242
2095	0.7627198100090027
212533	0.6442278027534485
423990	0.7180830240249634
373819	0.6519221067428589
131149	0.7654184699058533
103509	0.7662010788917542
441954	0.5298909544944763
244327	0.8308252692222595
182891	0.6073346734046936
424210	0.7224651575088501
276594	0.5947969555854797
288883	0.7099999785423279
253050	0.6916953325271606
438396	0.1788788139820099
34943	0.23137043416500092
364689	0.6484333872795105
222362	0.6388868093490601
507037	0.5856044292449951
392873	0.6422271728515625
302766	0.6119015216827393
283823	0.7476021647453308
528561	0.5701016783714294
307379	0.6460877060890198
575675	0.6467623710632324
436930	0.6735228896141052
72651	0.5627052187919617
395638	0.6969594359397888
144582	0.606992244720459
149720	0.4762808084487915
366630	0.5148488283157349
274898	0.6946348547935486
32495	0.23137043416500092
33017	0.6010662317276001
427772	0.4239332377910614
549632	0.6906325817108154
73988	0.8011432886123657
135947	0.6858072876930237
6924	0.5982862114906311
368914	0.1773001253604889
17176	0.5712820291519165
249629	0.5547100305557251
497441	0.5948696136474609
132386	0.5527719259262085
295203	0.5144995450973511
482598	0.6122825145721436
203562	0.6392762660980225
135986	0.6175371408462524
346420	0.5725945234298706
521014	0.7065533995628357
486199	0.6880657076835632
32571	0.23137043416500092
281404	0.7021142244338989
212294	0.6413210034370422
190280	0.634800910949707
366934	0.5706491470336914
423262	0.5152992606163025
34448	0.23137043416500092
139112	0.7130469083786011
299382	0.7713881134986877
214393	0.8119677305221558
36732	0.7052992582321167
471422	0.6021129488945007
538495	0.7427693009376526
246659	0.6043726801872253
171399	0.6775226593017578
489711	0.7170063853263855
487578	0.5600458383560181
550838	0.5770652890205383
95682	0.3533277213573456
227270	0.73187255859375
469959	0.625734806060791
389067	0.7130038738250732
428493	0.6353468894958496
425942	0.789159893989563
224215	0.7556797862052917
571358	0.5469384789466858
510434	0.6375046968460083
441331	0.6076187491416931
196085	0.5340523719787598
450039	0.23137043416500092
295418	0.712559163570404
492027	0.5215305685997009
