197120	0.8065235018730164
378882	0.7167226076126099
555017	0.7205020189285278
577455	0.5376757383346558
555050	0.8203598260879517
172125	0.7737048864364624
117939	0.6347599029541016
379067	0.6364377737045288
238138	0.7810544967651367
238141	0.7500262260437012
238142	0.7386381030082703
238143	0.7994306683540344
172099	0.8420948386192322
580679	0.8198307752609253
417868	0.6833311319351196
224440	0.7684495449066162
69721	0.8485196828842163
379066	0.79764324426651
75109	0.7699552178382874
100962	0.7417294979095459
100963	0.47834646701812744
556135	0.7417745590209961
26734	0.7888838648796082
116847	0.5215477347373962
48756	0.610684871673584
366198	0.8597014546394348
18040	0.7278204560279846
251008	0.7508964538574219
168578	0.7147682309150696
421517	0.7080070972442627
62611	0.8014922142028809
556182	0.7942056059837341
556183	0.8136947154998779
559257	0.6766852140426636
580776	0.7170007228851318
354986	0.7167226076126099
354987	0.6681579947471619
373425	0.6993655562400818
373426	0.7672322392463684
422579	0.735199511051178
379063	0.6601777672767639
379064	0.5504078269004822
379065	0.8420948386192322
224442	0.7749117016792297
48927	0.7754520177841187
379068	0.38918453454971313
90307	0.6443155407905579
555204	0.7140937447547913
90309	0.7269858121871948
376016	0.8420948386192322
60196	0.677811861038208
227047	0.5929903388023376
274671	0.7750811576843262
574709	0.7497938871383667
341241	0.8038567900657654
145706	0.5872162580490112
254727	0.7214096188545227
89864	0.644644021987915
254730	0.768703281879425
28432	0.7733497619628906
56095	0.6711689233779907
177956	0.9019946455955505
1317	0.5610489249229431
117546	0.6244497895240784
116523	0.5030649304389954
17202	0.6953796744346619
18232	0.6156492829322815
358713	0.7589922547340393
358880	0.7684495449066162
575302	0.19009646773338318
512328	0.6236321330070496
171339	0.7566540837287903
144204	0.5513882040977478
308536	0.6176599860191345
254805	0.6233487725257874
404315	0.7353675961494446
58212	0.5829777717590332
125797	0.7167226076126099
75110	0.7699552178382874
545640	0.6920938491821289
183157	0.6361453533172607
288131	0.8782229423522949
555158	0.8175217509269714
438150	0.7595922946929932
339344	0.8608740568161011
45635	0.6836462616920471
288495	0.8513725996017456
56742	0.7445955276489258
159151	0.82611483335495
342965	0.9285600781440735
70073	0.846110463142395
566213	0.6798582673072815
340941	0.8244261145591736
382414	0.7652183175086975
162258	0.6587094068527222
553427	0.8209069967269897
578007	0.6263110637664795
13792	0.7866505980491638
358881	0.7749117016792297
412132	0.7017180919647217
254949	0.7684495449066162
17384	0.7334949970245361
358892	0.7080463767051697
111087	0.8809617757797241
21498	0.6462231874465942
