375808	0.6545307636260986
289291	0.6853153705596924
406540	0.5963308215141296
486413	0.4755735993385315
409853	0.5561978220939636
557589	0.6765051484107971
487962	0.6172290444374084
185887	0.6227774620056152
389467	0.6944535970687866
262182	0.6884694695472717
306609	0.6104006171226501
440156	0.7219980359077454
43066	0.6656484007835388
270405	0.09841358661651611
438351	0.5733235478401184
177234	0.6670498251914978
488532	0.5687791705131531
448697	0.5578991770744324
572505	0.5157027244567871
33882	0.5101653933525085
75874	0.7093521356582642
181862	0.6507963538169861
312422	0.639213502407074
488050	0.6534728407859802
433272	0.6794524788856506
535675	0.5213848948478699
32389	0.22326810657978058
163982	0.6160935759544373
489615	0.6384767293930054
3224	0.4555233418941498
449189	0.6151112914085388
448684	0.5144099593162537
179376	0.764500617980957
485236	0.5279162526130676
389493	0.6539750099182129
463552	0.36465567350387573
402115	0.6540080904960632
521934	0.49710771441459656
575190	0.69966721534729
443095	0.7431296706199646
538336	0.7239842414855957
34531	0.22326810657978058
496876	0.5539494752883911
91887	0.7275151610374451
39664	0.6376155018806458
284713	0.537489652633667
383226	0.6548661589622498
155901	0.49680188298225403
146180	0.7337680459022522
253197	0.6197601556777954
396568	0.5996144413948059
507673	0.6570873856544495
535836	0.4846769869327545
37662	0.22326810657978058
483628	0.18102647364139557
291630	0.18831248581409454
507701	0.6893883943557739
466244	0.5359539985656738
336711	0.8016867637634277
315212	0.629468560218811
489614	0.6384767293930054
547727	0.7097629904747009
307548	0.680239737033844
277854	0.7501562833786011
170852	0.679132878780365
400232	0.592595636844635
253802	0.1825581192970276
465268	0.5388032793998718
550773	0.5997576117515564
232938	0.6472524404525757
170587	0.6160794496536255
115078	0.5658729076385498
189322	0.642823338508606
360846	0.665658712387085
271759	0.6727624535560608
380304	0.3303714990615845
279956	0.6344685554504395
473496	0.36465054750442505
456091	0.581412672996521
189341	0.6747936606407166
466672	0.5721966624259949
59812	0.49557581543922424
454067	0.5784538388252258
483255	0.1319325715303421
271800	0.6287630796432495
36798	0.6271445155143738
486847	0.6153183579444885
535489	0.5972499847412109
433098	0.6877288818359375
447444	0.4329335689544678
36772	0.5092282891273499
279516	0.6270237565040588
131045	0.21002742648124695
313322	0.6493090987205505
560141	0.4997837245464325
341487	0.7426005005836487
294385	0.669348418712616
181237	0.3512776792049408
431094	0.5968349575996399
115704	0.619633138179779
