436227	0.3385651707649231
567303	0.4481700658798218
470536	0.3158248960971832
501017	0.17448103427886963
27679	0.10434338450431824
134694	0.2760215401649475
484904	0.3543371856212616
93739	0.36568957567214966
538158	0.4701251685619354
326193	0.3419618606567383
565298	0.34093183279037476
140851	0.3570694923400879
379958	0.31251007318496704
549947	0.3590507507324219
271427	0.40503230690956116
265800	0.2142016440629959
15433	0.2986820340156555
163914	0.3756304383277893
433746	0.44573646783828735
266331	0.4261850416660309
512604	0.5687545537948608
162918	0.45441922545433044
274542	0.27977943420410156
244342	0.3165174126625061
43643	0.24706564843654633
255623	0.2911081314086914
191114	0.3307950794696808
212111	0.4208548367023468
279191	0.31366410851478577
5272	0.2989017069339752
484528	0.4039137363433838
122562	0.3809749186038971
508613	0.35302335023880005
21190	0.3121631443500519
59083	0.3829338848590851
236750	0.3285914659500122
458447	0.447363018989563
403154	0.34578657150268555
428245	0.2524677813053131
266464	0.4724429249763489
15593	0.4416005313396454
539371	0.43232491612434387
111485	0.2540905475616455
495144	0.4846441149711609
226548	0.28613948822021484
146985	0.39977332949638367
108793	0.22545835375785828
452864	0.4429280757904053
575239	0.28033503890037537
470793	0.31164470314979553
531724	0.16733314096927643
553745	0.46230030059814453
539413	0.3885161280632019
545049	0.2978688180446625
240414	0.32081711292266846
441635	0.39951053261756897
119686	0.26270708441734314
487473	0.3558408319950104
129332	0.3197791278362274
59446	0.33120471239089966
211271	0.5107136368751526
14673	0.5281925201416016
243535	0.3596702516078949
250193	0.3125725984573364
384852	0.2802848517894745
546173	0.4441932439804077
285019	0.2910820245742798
118111	0.191532701253891
570721	0.29339537024497986
250212	0.38234809041023254
399208	0.32500386238098145
263532	0.3373478651046753
378747	0.21614253520965576
549757	0.3543371856212616
270742	0.42877447605133057
369030	0.3762246072292328
482198	0.20243249833583832
51097	0.31514689326286316
313756	0.34540900588035583
111521	0.32040145993232727
142245	0.4286281168460846
127910	0.3479504883289337
186794	0.43654561042785645
539051	0.35210785269737244
43950	0.3135662078857422
115606	0.29590436816215515
16116	0.3666500747203827
404923	0.3875853717327118
39871	0.2835840582847595
235969	0.3096364140510559
567751	0.3745002746582031
506794	0.2366163283586502
441298	0.4649519622325897
443347	0.32916054129600525
379863	0.06466507166624069
445400	0.38604846596717834
276963	0.33254697918891907
108788	0.4243757128715515
133457	0.354594349861145
98806	0.2473195195198059
420855	0.37736454606056213
516602	0.35137030482292175
539050	0.35210785269737244
249343	0.4073924720287323
