336899	0.6191196441650391
422922	0.3330381214618683
560669	0.6647725105285645
560670	0.7098655104637146
15398	0.7705493569374084
176167	0.7362635135650635
178728	0.4418964982032776
254507	0.4565284848213196
331820	0.5147981643676758
550451	0.551194429397583
112564	0.707672655582428
264252	0.6099351644515991
151623	0.5553304553031921
544335	0.4786733388900757
544338	0.8590904474258423
544340	0.36046451330184937
70232	0.73834627866745
286301	0.4333603084087372
574046	0.6781947612762451
528060	0.5629504323005676
7276	0.49190202355384827
186487	0.8429896235466003
101501	0.8316320776939392
511105	0.89341139793396
560782	0.44907045364379883
548496	0.5230891108512878
24222	0.7137529253959656
86697	1.0
153117	0.48329582810401917
289458	0.7323715090751648
478389	0.3883439302444458
99001	0.8682177662849426
220347	0.5710092186927795
220348	0.5402365326881409
214816	0.7930822372436523
142532	0.6522398591041565
93900	0.49686726927757263
116941	0.4242173135280609
93903	0.4247443675994873
410837	0.7062360644340515
332509	0.5057367086410522
8951	0.7986500263214111
333052	0.43888673186302185
269053	0.7213629484176636
81468	0.550767719745636
118032	0.3438197672367096
337178	0.5828753709793091
526619	1.0
365856	0.709411084651947
164131	0.5235854983329773
151855	0.46914079785346985
298801	0.7716776728630066
502082	0.6672146916389465
179013	0.8590904474258423
260426	0.4754614531993866
333136	0.5355151295661926
90450	0.508414626121521
106835	0.7387269735336304
17238	0.8596372008323669
549213	0.5054380893707275
160094	0.6932821869850159
365924	0.5131446719169617
447849	0.815596342086792
405354	0.8209934830665588
466802	0.48091718554496765
288120	0.5859414339065552
255870	0.635342538356781
131970	0.7889565825462341
29571	0.7109726667404175
93580	0.6500897407531738
288578	0.7067257761955261
332694	0.468333899974823
333209	0.5101493000984192
151456	0.7957255840301514
330224	0.5495197176933289
492962	0.4707109034061432
18339	0.5486571192741394
405415	0.8629348874092102
332717	0.4573060870170593
332721	0.501125156879425
340915	0.6612257957458496
173492	0.6900988817214966
332219	0.4851972758769989
80832	0.5590685606002808
344513	0.531538188457489
414150	0.8429200053215027
332743	0.4573060870170593
332744	0.4573060870170593
46030	0.5050573348999023
559057	0.4870302081108093
333292	0.7566956281661987
117232	0.401920884847641
339449	0.588164746761322
342783	0.8118726015090942
151037	0.6358440518379211
