115200	0.6465052962303162
228365	0.6321172118186951
467987	0.18650715053081512
428565	0.659186840057373
465434	0.5807247757911682
125470	0.7502018809318542
454190	0.6084416508674622
58120	0.5147244930267334
498744	0.5686705708503723
71404	0.4067345857620239
166978	0.17287635803222656
72771	0.5141944289207458
569419	0.685896098613739
271445	0.5634558200836182
108631	0.5765315890312195
129118	0.5964958071708679
11359	0.4462191164493561
27237	0.7232542634010315
576111	0.6118514537811279
174717	0.5790562033653259
518785	0.6322790384292603
459912	0.5761173963546753
576650	0.5611264705657959
129163	0.3994864523410797
230545	0.608135461807251
125078	0.6669778227806091
298650	0.38693323731422424
473756	0.6345900893211365
57503	0.4802146255970001
561318	0.6358984708786011
150184	0.6216556429862976
173245	0.5434610247612
2243	0.6860561370849609
193733	0.6084582209587097
19150	0.6782882213592529
193743	0.5416775941848755
364759	0.6253827810287476
464098	0.5037795901298523
384740	0.5689103603363037
19174	0.5582390427589417
62698	0.7070754766464233
168171	0.3890225887298584
262892	0.5581068396568298
272119	0.6770334243774414
23292	0.6553812026977539
131326	0.6621831059455872
565512	0.6461050510406494
59148	0.42018964886665344
138509	0.6704261898994446
100124	0.5990262031555176
217380	0.5816037654876709
429351	0.4663676619529724
245546	0.3081464469432831
507691	0.6988339424133301
30005	0.3972019851207733
107329	0.5064913630485535
531780	0.6032211780548096
381254	0.5650610327720642
576330	0.611303448677063
262993	0.600736677646637
321362	0.5918004512786865
56662	0.6683286428451538
499031	0.66263347864151
267608	0.6387506723403931
12634	0.4012121558189392
432995	0.618367612361908
413540	0.35512593388557434
14183	0.48762112855911255
21365	0.5153980851173401
376184	0.6036586165428162
579452	0.5850037932395935
253419	0.6791887879371643
149383	0.4908338189125061
445932	0.45079487562179565
286275	0.5825854539871216
488853	0.6312083005905151
443288	0.5209933519363403
74138	0.5555729866027832
265120	0.6001500487327576
9125	0.5912104249000549
576427	0.6025825142860413
1457	0.45653989911079407
131509	0.40319007635116577
20896	0.5302192568778992
172619	0.5660082101821899
434935	0.5441552996635437
575951	0.4737417697906494
57303	0.38258397579193115
575960	0.3112930953502655
427998	0.5771477818489075
428000	0.5111191272735596
165857	0.17287635803222656
20450	0.5520851016044617
9894	0.5316170454025269
172520	0.40772387385368347
236011	0.6082586050033569
493548	0.6699171662330627
388946	0.5270055532455444
303599	0.5553017854690552
566770	0.5930218696594238
358142	0.6772996783256531
274937	0.6899967193603516
186879	0.5007582902908325
60415	0.5156448483467102
