341504	0.5829322934150696
208002	0.32729145884513855
177835	1.0000001192092896
99975	0.7025768756866455
437932	0.4886937439441681
150606	0.8425247669219971
342669	0.5941644310951233
173199	0.44238460063934326
103184	0.4767477214336395
552681	0.5732418298721313
333550	0.5780983567237854
329366	0.6099080443382263
575333	0.46541962027549744
140698	0.8137103319168091
542619	0.6659442186355591
335260	0.5311002135276794
312605	0.3791826367378235
288287	0.7445722818374634
569890	0.3453042209148407
554971	0.3969205319881439
298472	0.5631921291351318
341233	0.5715394020080566
272042	0.5688062310218811
288263	0.489495187997818
464556	0.4945424497127533
7652	0.34537312388420105
290862	0.4770617187023163
535604	0.43641039729118347
290792	0.5606576204299927
454710	0.559768557548523
580297	0.37663352489471436
141882	0.6732592582702637
349544	0.3112565577030182
542221	0.5416057109832764
339389	0.49257662892341614
336958	0.7214558124542236
298577	0.4862614572048187
523205	0.34561288356781006
371179	0.47816357016563416
186567	0.4095315635204315
342729	0.553257942199707
343184	0.3825143873691559
516791	0.38902345299720764
412386	0.37236228585243225
556110	0.4342575669288635
186575	0.6708958745002747
186576	0.40090975165367126
554961	1.0000001192092896
528341	0.3453042209148407
334168	0.5453625321388245
533081	0.4617781937122345
337498	0.5876203775405884
305243	0.562004804611206
254556	0.6523449420928955
286047	0.6064981818199158
159201	0.5511355996131897
525922	0.2730740010738373
31227	0.30751046538352966
173203	0.3632360100746155
298213	0.5852609872817993
214118	0.7654470801353455
560743	0.41084152460098267
340328	0.5876203775405884
519548	0.4501669108867645
290794	0.475642591714859
290795	0.475642591714859
298477	0.5631921291351318
360302	0.5147826075553894
415229	0.34818971157073975
333809	0.513636589050293
99954	0.5566801428794861
182387	0.3453042209148407
158964	0.32060450315475464
447733	0.524925708770752
573430	0.35290154814720154
66423	0.41499951481819153
555129	0.6659960150718689
471034	0.319667249917984
528439	0.43382638692855835
239740	0.5513562560081482
502951	0.3263280689716339
528382	0.3471691310405731
