489475	0.6412447094917297
355845	0.604766845703125
545196	0.6807220578193665
483852	0.528751790523529
438285	0.4266124963760376
183337	0.8980244398117065
122413	0.6467514038085938
228409	0.540569543838501
270906	0.6673679351806641
476219	0.5491234064102173
311359	0.7213876843452454
236612	0.49429401755332947
236613	0.5503646731376648
183389	0.8845413327217102
441954	0.46286627650260925
423867	0.6982546448707581
122983	0.3331434428691864
32872	0.5286892652511597
100972	0.7347530126571655
191597	0.5908738374710083
262266	0.5191941261291504
374908	0.7221869230270386
485514	0.42464280128479004
520843	0.6535075306892395
364686	0.6414281129837036
138896	0.39612191915512085
570003	0.6320962309837341
456341	0.4575672745704651
32407	0.1271093189716339
210073	0.4941013753414154
443561	0.5591284036636353
400045	0.4365992546081543
452790	0.5646868944168091
407223	0.6841065287590027
549060	0.9146235585212708
508615	0.6047559976577759
528590	0.6182435750961304
120782	0.4764636158943176
266461	0.6575047969818115
256763	0.7770988345146179
198368	0.5835598111152649
198385	0.536014199256897
227058	0.7271665930747986
224499	0.6851462125778198
367349	0.36227133870124817
175862	0.6180752515792847
491255	0.6243858337402344
295162	0.8085755109786987
487168	0.31363099813461304
231723	0.45082828402519226
207108	0.7004295587539673
491785	0.4789216220378876
152848	0.7076980471611023
535833	0.43787023425102234
263451	0.6762115955352783
152881	0.7564382553100586
283958	0.675666868686676
505148	0.5533097982406616
139074	0.4078223705291748
511300	0.28767862915992737
306002	0.7835695147514343
404307	0.5140284895896912
102228	0.5641412138938904
246613	0.4879157543182373
36409	0.44167348742485046
409448	0.713356077671051
294768	0.6115605235099792
130623	0.5888715982437134
297350	0.5867981910705566
301450	0.5213313102722168
438680	0.5568046569824219
89157	0.5553188323974609
480678	0.5813164114952087
306089	0.6389903426170349
375724	0.12490269541740417
308142	0.7206709980964661
253876	0.6703829765319824
400311	0.3881748616695404
434107	0.660698652267456
188348	0.6196473836898804
183744	0.7201822400093079
369094	0.453804612159729
277447	0.7365889549255371
192457	0.6287213563919067
409036	0.690295934677124
369102	0.5124974250793457
448975	0.692861020565033
224209	0.5658080577850342
141266	0.45082828402519226
485336	0.6083836555480957
481761	0.5689069032669067
358883	0.6563767194747925
225253	0.6969005465507507
264171	0.5680170655250549
141804	0.6184519529342651
36852	0.5104061365127563
485716	0.5724971294403076
