317185	0.5461653470993042
177345	0.46728867292404175
82066	0.4559437334537506
392854	0.5768452286720276
286364	0.4933057129383087
185373	0.3408481776714325
461765	0.656810998916626
3488	0.32393139600753784
7713	0.5408208966255188
577955	0.47411465644836426
449841	0.42964425683021545
24115	0.6915730834007263
49596	0.527510941028595
547390	0.5501941442489624
547391	0.5501941442489624
7712	0.40070033073425293
544837	0.5879018902778625
534346	0.587738573551178
112204	0.4257489740848541
580815	0.48041415214538574
398544	0.9999998807907104
164306	0.9631465673446655
387539	0.5568673610687256
387415	0.4216785132884979
567772	0.49426254630088806
248797	0.624570369720459
580816	0.4725336730480194
50018	0.5915327072143555
539751	0.5367339849472046
79849	0.4878549575805664
396396	0.502305805683136
536943	0.6488301753997803
185461	0.49268919229507446
412662	0.40078309178352356
412665	0.3624957203865051
412668	0.647706151008606
274686	0.39433345198631287
82431	0.5460388660430908
