93184	0.5568993091583252
175622	0.4683736562728882
533512	0.6294108033180237
391180	0.4945051372051239
390157	0.4787865877151489
242192	0.5641066431999207
394584	0.5259438157081604
110105	0.44496995210647583
116250	0.22375932335853577
143901	0.5051964521408081
525854	0.37882038950920105
156705	0.6637845039367676
144939	0.5407836437225342
234032	0.4903624355792999
237627	0.5100445747375488
221764	0.37058883905410767
222789	0.4499049782752991
109132	0.5712158679962158
352269	0.5394487977027893
299262	0.442730575799942
32338	0.44881972670555115
361066	0.47124621272087097
362100	0.5029252171516418
494197	0.6204434037208557
276601	0.5240000486373901
33402	0.40075165033340454
350399	0.37831559777259827
93308	0.47503966093063354
510077	0.4154597818851471
211582	0.48491740226745605
530561	0.239288792014122
312454	0.5061836838722229
108683	0.528208315372467
268428	0.5715931057929993
30745	0.6184574365615845
320667	0.49857473373413086
13476	0.4950120747089386
448692	0.4931996464729309
227515	0.5294204950332642
245950	0.5711370706558228
345205	0.5769279599189758
227520	0.5236013531684875
30917	0.615851879119873
121549	0.6945003867149353
549582	0.6162359714508057
74452	0.5382360219955444
456919	0.46593984961509705
348379	0.49052563309669495
344797	0.4816265106201172
578782	0.4567580223083496
125166	0.5775856971740723
48766	0.5466618537902832
107774	0.41202571988105774
561919	0.5399001240730286
302850	0.5119063854217529
16133	0.6474030017852783
189190	0.535983145236969
60545	0.41025862097740173
299273	0.5217517614364624
505098	0.4735810458660126
505100	0.4704703688621521
506125	0.17400512099266052
373018	0.37070605158805847
432005	0.5574051737785339
144673	0.523577868938446
100646	0.5136991739273071
74461	0.580961287021637
450870	0.5004495978355408
499833	0.5283579230308533
393033	0.5634872913360596
430925	0.44248074293136597
564562	0.3903521001338959
158040	0.46091553568840027
173402	0.5008328557014465
161633	0.48431530594825745
551273	0.5938757061958313
131445	0.5341336131095886
306050	0.5299201607704163
272261	0.5352592468261719
191885	0.4880565404891968
32145	0.56171715259552
345210	0.5923773646354675
32673	0.3920697569847107
510892	0.47957271337509155
146877	0.6219332218170166
373698	0.3222978711128235
506834	0.5634675621986389
47062	0.4628048837184906
240606	0.4558422863483429
506847	0.56217360496521
348640	0.4675569534301758
251367	0.4808618426322937
59303	0.5521754026412964
127982	0.4910406470298767
251377	0.621677815914154
506867	0.5244314074516296
508917	0.4359765350818634
506873	0.5307086110115051
