527616	0.6953030228614807
443136	0.432320773601532
15749	0.5126948952674866
121025	0.8050172924995422
117384	0.6163693070411682
134922	0.768424391746521
183179	0.5519710183143616
544780	0.35713228583335876
134413	0.768424391746521
236247	0.5408884882926941
183185	0.5519710183143616
565396	0.5769015550613403
15383	0.621124804019928
501400	0.5290805101394653
157849	0.601122260093689
490906	0.7027768492698669
109724	0.5051016807556152
277150	0.2177777886390686
116641	0.6098482608795166
499747	0.6865124106407166
246428	0.5492081642150879
83628	0.434185266494751
468399	0.72124183177948
111668	0.34002751111984253
261429	0.7069975137710571
337078	0.7955556511878967
420409	0.6420690417289734
70587	0.6486393809318542
42812	0.44812312722206116
187453	0.5738787055015564
221633	0.5705143809318542
30146	0.8014177083969116
134582	0.768424391746521
377286	0.5312885642051697
264263	0.7133424878120422
505802	0.6860578060150146
530252	0.6314332485198975
502861	0.6449386477470398
20304	0.8238344192504883
44091	0.6114986538887024
549203	0.6296855807304382
49785	0.6490796208381653
551259	0.5278636813163757
90205	0.5642748475074768
399070	0.432320773601532
293986	0.46139028668403625
428091	0.638150155544281
573115	0.6520481109619141
558054	0.5563924312591553
337768	0.8238353133201599
340841	0.8238353133201599
172987	0.5514382123947144
214205	0.591711163520813
39283	0.7976980209350586
23031	0.5921624302864075
183544	0.8810751438140869
12153	0.7327472567558289
446205	0.432320773601532
134912	0.432320773601532
