401024	0.5574793815612793
118145	0.476663738489151
107395	0.6082936525344849
401025	0.5574793815612793
134284	0.8054248690605164
117009	0.49394139647483826
134802	0.7588750720024109
540099	0.630899965763092
94383	0.5882941484451294
337564	0.5925418138504028
6407	0.6156041622161865
264368	0.5872986912727356
68898	0.42259642481803894
544933	0.549673855304718
24361	0.7817410230636597
53803	0.6306349039077759
333533	0.7069547772407532
118320	0.6343080997467041
272946	0.5831059217453003
436995	0.44991979002952576
94394	0.5882941484451294
254652	0.7382161617279053
239293	0.5609050393104553
527555	0.36613285541534424
558660	0.4944162964820862
376732	0.6025050282478333
293584	0.6193781495094299
116563	0.6404262781143188
548052	0.663442850112915
6358	0.589634358882904
65752	0.6415278911590576
18137	0.589634358882904
505820	0.7530875205993652
329949	0.7765170931816101
314214	0.6276118755340576
118374	0.6037007570266724
293610	0.6290140748023987
58092	0.3614581227302551
113010	0.31139710545539856
44019	0.573124885559082
118142	0.5802123546600342
460662	0.8014317154884338
28280	0.4054281413555145
192249	0.6917293667793274
340346	0.6409915685653687
67454	0.6643742918968201
118143	0.5802123546600342
