528896	0.5078144073486328
528898	0.7807847857475281
528899	0.7707625031471252
446294	0.4898102283477783
169994	0.5307085514068604
154635	0.5521076321601868
562700	0.5097370147705078
533518	0.5772013664245605
533523	0.4469683766365051
513570	0.432481586933136
265258	0.5451297163963318
117294	0.41268742084503174
101942	0.3580973148345947
55371	0.3156062960624695
489549	0.44848668575286865
298066	0.4452892243862152
273166	0.49301519989967346
512602	0.4325820803642273
330331	0.36712735891342163
332894	0.4374985694885254
364639	0.503951907157898
218210	0.49589043855667114
221800	0.426238477230072
221801	0.44616571068763733
221802	0.3723001480102539
494187	0.47086000442504883
23660	0.4365968108177185
221808	0.4403265714645386
221812	0.5078141689300537
419435	0.5521132349967957
149128	0.5076390504837036
511119	0.5657766461372375
418453	0.3279976546764374
166550	0.17980723083019257
516766	0.4275195300579071
139423	0.5010335445404053
555681	0.4923821687698364
95397	0.14393854141235352
87209	0.47142669558525085
156842	0.6932977437973022
375472	0.4790927469730377
235186	0.42130666971206665
145075	0.5599653720855713
235700	0.27374470233917236
310966	0.4931071102619171
478905	0.474605530500412
456379	0.7034271955490112
456380	0.61740642786026
557759	0.515703558921814
417740	0.520654559135437
480719	0.5017294883728027
146158	0.2694358825683594
446705	0.4263923168182373
78071	0.36378079652786255
478976	0.4622025191783905
508161	0.5497322678565979
423170	0.47471022605895996
321806	0.41459888219833374
507950	0.47113990783691406
406814	0.4256953001022339
166693	0.17980723083019257
2863	0.46592533588409424
525616	0.5052797198295593
525617	0.5052797198295593
365887	0.46294906735420227
365888	0.5395579934120178
43331	0.4722939729690552
4939	0.55428147315979
167254	0.17980723083019257
170334	0.34531351923942566
457055	0.509404718875885
104293	0.49881917238235474
362342	0.43562179803848267
233320	0.4737946689128876
263531	0.500070333480835
527212	0.5282695889472961
166765	0.17980723083019257
29050	0.52137690782547
130427	0.40066656470298767
374769	0.495686799287796
509320	0.4281674027442932
509322	0.5547241568565369
510874	0.6293736100196838
374172	0.39883968234062195
553886	0.47427886724472046
437667	0.5453172922134399
452518	0.4452446401119232
533489	0.4760262668132782
348584	0.3974865972995758
510895	0.5144116878509521
464816	0.5450574159622192
184755	0.6524778008460999
122295	0.3882299065589905
64444	0.5459955930709839
452033	0.5004386305809021
12740	0.4186815321445465
39372	0.35723069310188293
401357	0.6182406544685364
506319	0.48294597864151
135636	0.4098348915576935
207829	0.38939377665519714
368610	0.6747326850891113
565219	0.5222088098526001
42984	0.44896695017814636
356867	0.47634777426719666
519153	0.548130989074707
77300	0.5226854085922241
162294	0.5783647894859314
151210	0.5189626216888428
