293888	0.6199323534965515
293890	0.6107890605926514
293896	0.6179152131080627
579604	0.7089016437530518
26650	0.5092655420303345
564254	0.5229553580284119
96287	0.535060703754425
96288	0.679234504699707
96289	0.657352864742279
41513	0.5893571972846985
96300	0.5596807599067688
331831	0.625458300113678
331833	0.6678022146224976
475194	0.677564799785614
6210	0.5191032290458679
18501	0.601072371006012
293731	0.5966540575027466
96340	0.6263426542282104
6417	0.4274366497993469
95854	0.5267490148544312
286328	0.6444295048713684
96392	0.661026120185852
6794	0.526763916015625
163488	0.6128171682357788
96422	0.5590418577194214
11433	0.5029739737510681
103594	0.670525848865509
94381	0.6583750247955322
506542	0.8005872964859009
111298	0.5765978693962097
6792	0.5684952139854431
94413	0.4229274094104767
107213	0.5281689763069153
22229	0.5730278491973877
22230	0.6056721210479736
22234	0.7439207434654236
293597	0.5884994268417358
22239	0.5691951513290405
105710	0.5303577184677124
293623	0.5619141459465027
6391	0.5693151354789734
564522	0.5450884699821472
118033	0.4748649597167969
94995	0.6461423635482788
96027	0.43483638763427734
96032	0.5773386359214783
94501	0.4369181990623474
355626	0.67898029088974
293676	0.8010607957839966
91357	0.5327004194259644
293681	0.5874555110931396
96051	0.6197089552879333
293687	0.6174583435058594
119097	0.49559932947158813
293695	0.6243456602096558
293699	0.7319073677062988
564039	0.5611945390701294
19272	0.5701447129249573
293713	0.5637080073356628
293716	0.6265496015548706
96085	0.5221183896064758
293719	0.6902647018432617
293720	0.6003884673118591
293721	0.5786736607551575
540000	0.38357290625572205
293730	0.5684162378311157
389987	0.46069636940956116
540007	0.38357290625572205
87929	0.5990917682647705
96122	0.5173485279083252
242565	0.4529559314250946
96139	0.5155918002128601
530837	0.4833802282810211
110491	0.5482038259506226
110493	0.5625513195991516
103841	0.43013879656791687
353702	0.49187612533569336
353706	0.6055277585983276
353708	0.5934258699417114
293297	0.4670923054218292
96191	0.495909720659256
293111	0.6475871801376343
1486	0.6753150820732117
293709	0.5637080073356628
56654	0.5423662662506104
293369	0.5507099628448486
110562	0.5596807599067688
5607	0.5359598994255066
293359	0.5637080073356628
293360	0.5637080073356628
293362	0.5627501010894775
141817	0.44221827387809753
578043	0.5102013945579529
293887	0.6055816411972046
