307712	0.5101462602615356
36868	0.22801268100738525
81939	0.5622885823249817
395800	0.7585365772247314
120858	0.759081244468689
279588	0.6234563589096069
395301	0.7121922969818115
509999	0.7802642583847046
82487	0.7326945662498474
275520	0.7120736837387085
54337	0.4386744797229767
394308	0.6374645829200745
110150	0.678689181804657
415817	0.6676176190376282
37455	0.5413175225257874
136282	0.48355773091316223
485470	0.702918529510498
107107	0.6208686232566833
141424	0.7774776816368103
489595	0.6848505139350891
437890	0.7389060854911804
487052	0.6148925423622131
90260	0.21147729456424713
334998	0.719399094581604
170651	0.7312646508216858
415391	0.5859591364860535
262824	0.5603207945823669
44713	0.6727243661880493
399532	0.7009237408638
146094	0.6978565454483032
291001	0.49020349979400635
14530	0.5265464782714844
497862	0.7699064016342163
412363	0.5399772524833679
562380	0.6359547972679138
405709	0.9265966415405273
31952	0.6383190155029297
133842	0.6296693682670593
37084	0.22801268100738525
368866	0.5597978234291077
233189	0.5677139163017273
418543	0.7149163484573364
405747	0.7689010500907898
189175	0.6475317478179932
110144	0.6523901224136353
547067	0.655206024646759
438532	0.647156298160553
566022	0.7558491826057434
494345	0.4921216070652008
40736	0.3941771984100342
387881	0.6604514718055725
413489	0.7085254788398743
23861	0.14551417529582977
271160	0.6580708622932434
444222	0.6653609275817871
317759	0.6882516741752625
321	0.39256271719932556
217923	0.5627012252807617
302404	0.7257044315338135
54924	0.4386744797229767
38221	0.22801268100738525
385358	0.4688953459262848
227673	0.6928142309188843
498017	0.7698001265525818
443236	0.626602292060852
249202	0.5497603416442871
224119	0.5226784944534302
487488	0.5896828174591064
79239	0.7864791750907898
202633	0.5995905995368958
80779	0.746497631072998
487308	0.24536806344985962
202637	0.775374174118042
182169	0.6492156386375427
364783	0.6114880442619324
285086	0.5590307116508484
311203	0.6438432931900024
144809	0.566411018371582
560044	0.5987646579742432
423858	0.7583253383636475
453046	0.6221328973770142
373687	0.5228198766708374
305804	0.6554545760154724
285126	0.596488893032074
35785	0.5602641701698303
19404	0.5114350914955139
484316	0.6989253163337708
471526	0.6124516725540161
