237575	0.695871114730835
250894	0.601871132850647
504852	0.5657023787498474
387098	0.5181145071983337
508967	0.8131418824195862
381484	0.6781796216964722
237101	0.5595902800559998
353327	0.6236720681190491
550960	0.45093202590942383
541235	0.6263164281845093
2612	0.754808247089386
400444	0.6304672956466675
343613	0.7161376476287842
550974	0.45093202590942383
382220	0.5969422459602356
473163	0.16128471493721008
229964	0.3750424087047577
533583	0.6689460277557373
285277	0.5830100178718567
453219	0.541669487953186
57446	0.6346119046211243
218217	0.23975247144699097
161389	0.6489511728286743
339567	0.6991289258003235
351346	0.6709817051887512
151155	0.5741102695465088
470648	0.64405757188797
352381	0.6567941308021545
569471	0.6918797492980957
569473	0.6264646649360657
306821	0.6469360589981079
209041	0.5427815318107605
360587	0.6809386610984802
263313	0.4740713834762573
314514	0.6605080366134644
494275	0.6453557014465332
76949	0.4990408718585968
320538	0.6588519215583801
161449	0.6049827337265015
196275	0.721863865852356
446145	0.5094441175460815
496835	0.5094043612480164
244936	0.672280490398407
555723	0.5845394730567932
526797	0.6346539258956909
448218	0.28346067667007446
291548	0.6581795811653137
291549	0.6581795811653137
234206	0.5364157557487488
136931	0.5713043808937073
289528	0.6034635305404663
38657	0.6201652884483337
150275	0.6734150648117065
150278	0.6721504330635071
345729	0.6243743896484375
55052	0.46647942066192627
76674	0.6081088781356812
61710	0.4724245071411133
345371	0.6350663304328918
425245	0.6891481280326843
130345	0.6821731328964233
348463	0.6419134736061096
433979	0.28346067667007446
249153	0.5853359699249268
348997	0.6043993830680847
234313	0.5693076252937317
492877	0.60395348072052
378191	0.48658666014671326
161763	0.7042824029922485
106327	0.6066685318946838
356697	0.5784734487533569
55135	0.46647942066192627
188260	0.6868526339530945
23397	0.7014748454093933
138086	0.5109434127807617
504679	0.5251874923706055
436589	0.6396345496177673
289683	0.5954171419143677
353148	0.9195618629455566
352129	0.6127507090568542
30594	0.7153911590576172
157575	0.7487595677375793
478089	0.6046971678733826
411532	0.5250698924064636
60302	0.5604366064071655
385939	0.5892845392227173
533920	0.6247938275337219
210856	0.50652015209198
538032	0.6121811866760254
359858	0.5047081708908081
28609	0.7317941188812256
379333	0.8668033480644226
379334	0.5314913988113403
476621	0.553228497505188
145370	0.5831320285797119
247259	0.5381797552108765
233948	0.4422389268875122
559587	0.3886154890060425
259558	0.6955940127372742
428029	0.6475489735603333
351224	0.63120436668396
553468	0.544023871421814
243197	0.5789362788200378
