211628	0.6327924132347107
309774	0.6528654098510742
448533	0.5116916298866272
437273	0.6162961721420288
344091	0.7924033999443054
442398	0.5811311602592468
479664	0.6587905883789062
391719	0.6372471451759338
243243	0.5354565978050232
27181	0.6334311366081238
540214	0.6288571357727051
9274	0.6111108660697937
161546	0.5208821296691895
9291	0.7385513782501221
490704	0.6063860058784485
335954	0.649149477481842
352611	0.6662403345108032
187476	0.6867852807044983
168021	0.7515237331390381
396888	0.6146759986877441
544354	0.6319352388381958
545891	0.6473296284675598
352870	0.7333620190620422
198248	0.6853458881378174
209514	0.5126594305038452
528492	0.5198646783828735
231021	0.5126510858535767
39784	0.5595961213111877
275066	0.64960116147995
235199	0.736729085445404
135018	0.6467711925506592
297606	0.6759454011917114
235657	0.7511228322982788
110737	0.5342586636543274
207214	0.7015420794487
391832	0.5506906509399414
267418	0.7215912342071533
208029	0.5277469754219055
46619	0.5239172577857971
479403	0.6394059658050537
404652	0.6547141075134277
258221	0.6451308131217957
190664	0.8283151388168335
230582	0.7044687271118164
391863	0.5420708060264587
252607	0.801918625831604
437447	0.6773082613945007
512200	0.651775062084198
391881	0.5638481378555298
389840	0.4878388047218323
389843	0.5847142934799194
122069	0.6687394976615906
436961	0.5736287832260132
174308	0.5922574996948242
92174	0.5394227504730225
252654	0.6379590034484863
252655	0.6872743368148804
262911	0.6345453858375549
282378	0.5395117402076721
282379	0.5599178075790405
414993	0.6489781141281128
41750	0.5594874024391174
255256	0.4832416772842407
49437	0.651108980178833
74021	0.7255685925483704
74022	0.8567191362380981
141629	0.5859972834587097
437302	0.6058412194252014
172874	0.5816652178764343
247122	0.5223758816719055
569060	0.6373345255851746
98138	0.6749834418296814
395101	0.7438408732414246
24419	0.5388601422309875
352612	0.7681403756141663
512360	0.7285909652709961
365418	0.6938460469245911
234350	0.6180195808410645
271727	0.5649983286857605
49526	0.6735367774963379
283513	0.5686864852905273
320381	0.5997874736785889
315286	0.5764992833137512
407947	0.5990063548088074
549773	0.527796745300293
160408	0.5095496773719788
403346	0.664443850517273
512918	0.7357888221740723
176536	0.8096476793289185
319387	0.685631513595581
316323	0.612799882888794
14757	0.6345686316490173
73130	0.8096476793289185
382896	0.7081639170646667
248763	0.4063335955142975
374204	0.5387646555900574
212810	0.5704339742660522
269166	0.7009896039962769
295367	0.6394566893577576
409545	0.47053611278533936
157664	0.640511155128479
250340	0.585117757320404
528359	0.38676461577415466
232948	0.4729204773902893
323064	0.6280644536018372
437332	0.6130348443984985
345855	0.5470332503318787
