429573	0.516597330570221
512523	0.4202064871788025
317456	0.5679569244384766
263706	0.5954594016075134
328731	0.5570868849754333
144414	0.5447242259979248
247329	0.5189948081970215
454183	0.4923107922077179
322101	0.5682146549224854
547389	0.563330352306366
487487	0.5053777098655701
15426	0.41534581780433655
117831	0.5585574507713318
310862	0.5678656101226807
178256	0.8294965028762817
429650	0.5193113684654236
535126	0.6342658996582031
222300	0.49811339378356934
394335	0.48984649777412415
225889	0.46366819739341736
383586	0.6020917296409607
294246	0.45575058460235596
516203	0.6264665126800537
121452	0.6719649434089661
244845	0.49140483140945435
548477	0.5644001364707947
537214	0.579461395740509
482954	0.5305163860321045
94861	0.5690423846244812
354452	0.5960060358047485
426650	0.4944714605808258
48800	0.5235764384269714
325794	0.50874263048172
186532	0.6032904982566833
252590	0.19795674085617065
521396	0.5494294762611389
53433	0.5555233955383301
548545	0.537996768951416
400585	0.48133963346481323
319194	0.5334183573722839
490210	0.5799254775047302
314617	0.6154736280441284
504570	0.6054894328117371
146683	0.5149751305580139
122108	0.601657509803772
455935	0.4658640921115875
285015	0.42771872878074646
61702	0.5176991820335388
97037	0.5292879939079285
230161	0.5311171412467957
392466	0.45242419838905334
392468	0.5085498690605164
392469	0.5085498690605164
312093	0.5709879398345947
125726	0.4561060667037964
196896	0.5455629229545593
135458	0.40903422236442566
238372	0.6621937155723572
439080	0.6091873049736023
104236	0.5634803771972656
253229	0.5536794066429138
398301	0.42531225085258484
480052	0.6420035362243652
230198	0.5374457240104675
51000	0.47858455777168274
205143	0.4067097008228302
486211	0.5302218198776245
54596	0.36750227212905884
431942	0.5285395383834839
397651	0.5370429754257202
398678	0.33241403102874756
407895	0.6113568544387817
319330	0.5436084270477295
434022	0.6135271787643433
130407	0.6190056800842285
233349	0.22864487767219543
471447	0.5570715665817261
531865	0.49645018577575684
180634	0.3884953260421753
397725	0.45896658301353455
205214	0.48865923285484314
485794	0.476530522108078
341924	0.7413074970245361
380328	0.5229102969169617
218541	0.5163145661354065
195511	0.6945802569389343
73145	0.8294965028762817
61887	0.4110616147518158
289782	0.5108562111854553
562118	0.5454702377319336
262603	0.6887944340705872
180691	0.5893680453300476
210510	0.392387330532074
49112	0.3950856328010559
53213	0.5731565356254578
130014	0.5903081893920898
494560	0.5121045112609863
191458	0.5535441637039185
318440	0.6107769012451172
189932	0.5690723061561584
50671	0.4791506230831146
311280	0.6347917318344116
220826	0.5830852389335632
191486	0.6099168658256531
