523267	0.5205515623092651
251402	0.6017513871192932
6668	0.5246639847755432
166417	0.08149977773427963
202777	0.7281932234764099
250396	0.5423278212547302
198178	0.5382915735244751
63013	0.5245543122291565
527399	0.5606350302696228
506922	0.6231390237808228
193582	0.5918941497802734
457263	0.5535731911659241
271920	0.4693632423877716
383541	0.49789953231811523
334903	0.7005499005317688
468024	0.5071495771408081
60475	0.46351149678230286
318527	0.5132083296775818
33889	0.3371414840221405
171593	0.6640910506248474
125367	0.6239022612571716
344150	0.6983209252357483
97368	0.4302711486816406
41232	0.546217679977417
119396	0.6166355609893799
121958	0.46798402070999146
428135	0.5311786532402039
332904	0.42357203364372253
443499	0.6160078048706055
106607	0.6603829860687256
478323	0.5968409776687622
489087	0.6206741333007812
57989	0.5675457119941711
427666	0.5611274838447571
211605	0.5941632390022278
446628	0.5921388864517212
166570	0.08149977773427963
259757	0.5580178499221802
464046	0.571563184261322
421046	0.6945672035217285
335040	0.6875261664390564
429767	0.4902639091014862
181454	0.43097493052482605
347867	0.38475844264030457
355550	0.506974995136261
362021	0.5809922218322754
315618	0.5750305652618408
150755	0.493238240480423
150757	0.5479098558425903
161005	0.2367926985025406
155896	0.4842541813850403
479996	0.5802561640739441
479998	0.6237402558326721
558339	0.38697707653045654
559879	0.6456238031387329
160013	0.6007853746414185
428816	0.5924707055091858
429843	0.34057122468948364
165934	0.08149977773427963
271133	0.4267609119415283
557701	0.5300163626670837
199969	0.6348553895950317
199459	0.21676193177700043
56104	0.4651067852973938
280367	0.596651017665863
199472	0.6398530006408691
159541	0.540403425693512
503095	0.6773508787155151
75584	0.619231641292572
462657	0.47874879837036133
159565	0.5702605843544006
59217	0.38888052105903625
166738	0.08149977773427963
498915	0.5291030406951904
167263	0.08149977773427963
128361	0.4950026869773865
238443	0.6575972437858582
335586	0.6504839062690735
413568	0.5973771214485168
165765	0.08149977773427963
80193	0.31026047468185425
181640	0.48662954568862915
248205	0.5822668671607971
555408	0.5615300536155701
166807	0.08149977773427963
269724	0.6276561617851257
196002	0.5372811555862427
166309	0.08149977773427963
385975	0.4052965044975281
431547	0.5547357797622681
166844	0.08149977773427963
265156	0.5745458602905273
144334	0.4985085129737854
59856	0.47498682141304016
235477	0.6588943600654602
57815	0.5284332036972046
175068	0.4312940239906311
444837	0.5343307852745056
55270	0.4063998758792877
311785	0.6316297650337219
68075	0.6090140342712402
225261	0.6588026285171509
221169	0.6688379049301147
410098	0.5387146472930908
392692	0.5130612254142761
367611	0.6577650308609009
199164	0.27164986729621887
