549401	0.35283327102661133
171014	0.6359184384346008
424458	0.8518995046615601
257549	0.597200870513916
284697	0.4695585370063782
520222	0.6742565631866455
196127	0.5980334281921387
470560	0.4620293080806732
394789	0.7275554537773132
394790	0.6899377703666687
466989	0.5136280655860901
539184	0.697084367275238
83513	0.7261353135108948
171070	0.664575457572937
225855	0.6947336196899414
528962	0.619206428527832
465475	0.6716836094856262
283204	0.791435956954956
280651	0.5497686266899109
157268	0.5877555012702942
307288	0.731600284576416
146011	0.5316765904426575
428638	0.6126878261566162
132716	0.8652195334434509
86130	0.7666453719139099
130163	0.6134099960327148
40056	0.6951184272766113
61063	0.6719180345535278
242828	0.7422872185707092
541837	0.6760490536689758
306327	0.6330104470252991
120985	0.536327064037323
450202	0.6596613526344299
490141	0.6177768111228943
436382	0.7220120429992676
491704	0.7310658693313599
391355	0.6687374114990234
391357	0.6704862117767334
104650	0.7594195604324341
185045	0.6231592297554016
553697	0.6735034584999084
361193	0.6318020820617676
512746	0.5497635006904602
424683	0.6005607843399048
404215	0.7436449527740479
198904	0.661493718624115
419577	0.6630783081054688
424698	0.6515817642211914
297218	0.7042208909988403
136964	0.691137433052063
424716	0.6123807430267334
492813	0.5502530336380005
136993	0.6475066542625427
479013	0.6458431482315063
284127	0.6329529881477356
246595	0.7483646869659424
523079	0.6062073111534119
371529	0.6806522011756897
486225	0.5491512417793274
85843	0.7709783911705017
246621	0.6425203084945679
146802	0.6868683695793152
520051	0.17746710777282715
451446	0.42873403429985046
305536	0.6447020173072815
415111	0.44205760955810547
491928	0.3875040113925934
221597	0.7342363595962524
431007	0.7835566997528076
550816	0.5570108294487
450465	0.6597550511360168
152996	0.6888992190361023
140202	0.7316909432411194
443828	0.6695025563240051
82876	0.7670941352844238
370627	0.718386709690094
483271	0.39923936128616333
183261	0.6246129870414734
306143	0.7524823546409607
161761	0.31059229373931885
508386	0.3079502284526825
541670	0.6682087779045105
191468	0.7002479434013367
363502	0.654438853263855
180720	0.6000827550888062
441337	0.6327431797981262
