117761	0.4093695878982544
153091	0.34757232666015625
189956	0.4583355188369751
374279	0.4950290620326996
432140	0.3307878375053406
176153	0.3591989576816559
132123	0.42820292711257935
247330	0.33298686146736145
560174	0.292702317237854
197681	0.4255305230617523
61495	0.40402159094810486
61497	0.40402159094810486
300602	0.32078656554222107
300603	0.32078656554222107
447242	0.46918901801109314
193092	0.3219631016254425
434017	0.4878075420856476
374347	0.5123095512390137
96846	0.45999547839164734
472668	0.5935723185539246
389727	0.45545876026153564
552034	0.37905848026275635
245862	0.47341248393058777
374460	0.4527408480644226
432317	0.3743811845779419
109687	0.40946489572525024
163453	0.3803749680519104
144513	0.5351630449295044
144514	0.5351630449295044
66705	0.38039782643318176
54942	0.2750232219696045
520351	0.41584131121635437
502954	0.4660593867301941
27824	0.45617687702178955
233139	0.430136501789093
38076	0.1316763162612915
367818	0.48473042249679565
104129	0.5161119103431702
364228	0.5262951254844666
148167	0.41918498277664185
240330	0.4312150180339813
460834	0.0736146867275238
137938	0.48193228244781494
146644	0.4185338020324707
22478	0.48436295986175537
432344	0.4471922814846039
136922	0.45817112922668457
85728	0.44666150212287903
308458	0.4980548620223999
488172	0.37236180901527405
248053	0.4820231795310974
537812	0.4320051074028015
38654	0.30222269892692566
456447	0.46851029992103577
148227	0.4590354859828949
268549	0.42210280895233154
525064	0.37269163131713867
73993	0.5459610223770142
73994	0.5610119700431824
197903	0.4965893030166626
308512	0.4132861793041229
98597	0.5199025273323059
509737	0.5152419805526733
522542	0.2210974395275116
148277	0.539559543132782
205110	0.3961000442504883
399671	0.46886083483695984
435002	0.5383150577545166
431419	0.3837280869483948
161086	0.39856597781181335
380738	0.2409224808216095
397123	0.24001973867416382
210759	0.26521235704421997
555850	0.46913519501686096
54603	0.2750232219696045
403788	0.4190869927406311
384338	0.1388004869222641
281441	0.45813682675361633
172898	0.5108874440193176
538984	0.2986934185028076
319341	0.4325787425041199
22899	0.4775965213775635
329597	0.5028311610221863
34695	0.1316763162612915
501130	0.5075744390487671
141210	0.2982155680656433
243611	0.5148796439170837
376223	0.4981079399585724
397225	0.2898353040218353
243628	0.473364919424057
285112	0.43381237983703613
459214	0.4556867182254791
64979	0.4958854019641876
81365	0.4316709041595459
358875	0.4419477581977844
545764	0.4706408381462097
106996	0.4681704640388489
531198	0.45669886469841003
205055	0.35056960582733154
246783	0.410480797290802
