332416	0.6069225072860718
339969	0.6817725896835327
138987	0.6696386337280273
84873	0.5867471694946289
573322	0.6946794390678406
264855	0.7791522145271301
573324	0.6845646500587463
302093	0.7005915641784668
332430	0.6762918829917908
391183	0.63137286901474
391184	0.5061457753181458
418648	0.5091993808746338
164499	0.6164957880973816
212884	0.7127487659454346
517486	0.6907798647880554
567574	0.6131782531738281
568215	0.6609876155853271
112921	0.5253713130950928
126746	0.6652117371559143
558703	0.7654246687889099
540956	0.7196409702301025
540957	0.6833488941192627
525726	0.5915791988372803
273312	0.8231974840164185
276206	0.6827110648155212
529003	0.52616947889328
352420	0.6647927761077881
276209	0.6601657867431641
519336	0.5053213238716125
351529	0.6026111841201782
519338	0.6552267074584961
119787	0.6837005615234375
150704	0.7052828073501587
148018	0.6532743573188782
431134	0.7639070153236389
16054	0.395487517118454
540937	0.5356235504150391
476988	0.639527440071106
476989	0.6845031380653381
338367	0.7402896285057068
304706	0.5552051663398743
125046	0.6170313954353333
542662	0.7639070153236389
30791	0.5973300933837891
2376	0.5367317795753479
566242	0.6261314749717712
568784	0.6710786819458008
100088	0.5194171667098999
79826	0.6389455199241638
134612	0.7131263017654419
353112	0.7147145867347717
448089	0.7312335968017578
573019	0.6009267568588257
573021	0.6617281436920166
238431	0.7429198026657104
167972	0.4601970613002777
566241	0.6714842915534973
352482	0.610694944858551
537827	0.5290515422821045
95205	0.7180735468864441
568785	0.6261314749717712
431336	0.5333802103996277
147941	0.6309949159622192
529004	0.6192591190338135
558704	0.7363364696502686
405230	0.6944413185119629
568431	0.5824145674705505
119792	0.7517118453979492
22513	0.7611810564994812
352627	0.5334838628768921
540660	0.6685792803764343
278262	0.6202376484870911
414711	0.7050094604492188
414712	0.7007099390029907
529017	0.7345237135887146
578239	0.6647927761077881
307498	0.5867123007774353
338815	0.8737614750862122
