172035	0.6035980582237244
348164	0.5681795477867126
488977	0.4595654308795929
172051	0.4841238260269165
300570	0.48782584071159363
108719	0.6173640489578247
296492	0.493305504322052
295602	0.4772367775440216
152117	0.5534299612045288
380986	0.49920451641082764
219707	0.4690200686454773
484413	0.48290595412254333
576352	0.3945513367652893
197698	0.5333425402641296
253513	0.5832587480545044
518736	0.4532916843891144
386132	0.47519755363464355
369760	0.3809429109096527
383589	0.4816301465034485
556138	0.4581213891506195
556140	0.47750765085220337
311917	0.35662367939949036
556143	0.499091774225235
548465	0.6061602234840393
166005	0.13385947048664093
102524	0.6007624268531799
312446	0.5431315302848816
303231	0.5696298480033875
182912	0.40359559655189514
240258	0.5331795811653137
448653	0.5687401294708252
277135	0.49914786219596863
517779	0.45778733491897583
234645	0.5661830306053162
352406	0.6162901520729065
249967	0.4035443961620331
161436	0.34573936462402344
53405	0.5207171440124512
368290	0.6582509875297546
552614	0.5569475293159485
278703	0.5122854113578796
108722	0.5960389375686646
372922	0.6753581762313843
325314	0.6124604344367981
18123	0.6629852652549744
363220	0.45877933502197266
327898	0.505437970161438
139485	0.46903640031814575
436958	0.5228685140609741
139488	0.335224449634552
316540	0.5692690014839172
495858	0.34516698122024536
188174	0.6517693996429443
305434	0.25299015641212463
105434	0.4965953230857849
161054	0.42439305782318115
402210	0.5157881379127502
167208	0.13385947048664093
290101	0.3959394097328186
483127	0.4820830523967743
257849	0.379488080739975
110916	0.4336493909358978
285000	0.44040653109550476
278347	0.6895029544830322
466255	0.47867098450660706
418647	0.5263566374778748
281949	0.5479803085327148
567136	0.4052784740924835
239970	0.3680039644241333
524135	0.567373514175415
190313	0.5202345252037048
281452	0.5476561784744263
123247	0.5335487723350525
572273	0.4944900572299957
248212	0.5425335764884949
446848	0.4902181029319763
167297	0.13385947048664093
402309	0.45177915692329407
233354	0.4393191933631897
479636	0.5211941003799438
352667	0.518896758556366
194976	0.45066389441490173
475050	0.5124966502189636
552365	0.660881519317627
299439	0.6698015332221985
299440	0.4615734815597534
517559	0.46174782514572144
227773	0.5766780376434326
374208	0.466047078371048
432065	0.48092469573020935
254914	0.43061915040016174
316359	0.55592942237854
555979	0.566696286201477
251341	0.5758556723594666
58838	0.429421991109848
157146	0.4525739848613739
86496	0.49581146240234375
230883	0.41889089345932007
552932	0.4888881742954254
262630	0.4172132909297943
20969	0.5487076640129089
61937	0.48789045214653015
120306	0.532649040222168
351735	0.528545081615448
351736	0.5152367949485779
311804	0.5120291709899902
254890	0.44614091515541077
416255	0.5500967502593994
