11801	0.30465373396873474
281857	0.35691285133361816
393222	0.3302775025367737
298887	0.47988590598106384
133384	0.8009385466575623
387671	0.32717427611351013
294145	0.3871627449989319
225678	0.43395254015922546
49937	0.7423726916313171
231954	0.5531314611434937
24213	0.24648162722587585
530838	0.3610248565673828
574425	0.45141077041625977
117144	0.24113284051418304
253629	0.3967624604701996
11802	0.3452747166156769
127407	0.38588327169418335
377629	0.37894806265830994
252958	0.38151317834854126
277535	0.372820645570755
18544	0.2836240828037262
276720	0.44661855697631836
184485	0.26150497794151306
162343	0.30165672302246094
184488	0.26150497794151306
532393	0.4746313691139221
219051	0.37860268354415894
473772	0.3304930329322815
155693	0.3627379834651947
23983	0.47094428539276123
74929	0.6068853735923767
123443	0.353325754404068
81716	0.49539583921432495
452277	0.4629459083080292
184307	0.28295040130615234
452279	0.45218726992607117
253627	0.5569359660148621
436540	0.4390947222709656
180157	0.427326500415802
147902	0.5573274493217468
501301	0.3523018956184387
508480	0.19725845754146576
581152	0.4008106589317322
289477	0.5417698621749878
546721	0.37150460481643677
156573	0.3101428747177124
169167	0.45097610354423523
371537	0.33969926834106445
548690	0.40633583068847656
121044	0.28668007254600525
121047	0.28668007254600525
524537	0.4759313464164734
546383	0.468014121055603
291237	0.2808089852333069
102625	0.7980424761772156
31458	0.42524200677871704
309347	0.41996026039123535
474048	0.21750058233737946
580197	0.4950927197933197
349719	0.42775383591651917
404092	0.40430304408073425
328938	0.4572398066520691
118866	0.2984475791454315
81725	0.4295376241207123
184477	0.360934317111969
349736	0.330552875995636
184306	0.32052499055862427
81724	0.2604961097240448
184309	0.3079725503921509
294134	0.26759305596351624
498424	0.4896262288093567
136313	0.34020864963531494
136314	0.4361695945262909
404091	0.31153443455696106
536444	0.5470221638679504
546794	0.3837394714355469
72853	0.4670913517475128
