542724	0.762933611869812
542725	1.0000001192092896
466441	0.8062953352928162
337428	0.7301724553108215
513045	0.7938762903213501
513046	0.6424739360809326
513047	0.8460829854011536
63003	0.7522099614143372
305187	0.7967379093170166
335916	0.7951077222824097
229423	0.7048986554145813
305214	0.808632493019104
100928	1.0000001192092896
62532	0.6461108326911926
173129	1.0000001192092896
178769	0.7882710099220276
121017	0.8650539517402649
298584	0.9236112236976624
556122	0.7515518069267273
556124	0.722775399684906
396390	0.5489047169685364
430187	0.7066624760627747
20602	0.6533869504928589
263803	0.7130544781684875
263804	0.5664111971855164
263805	0.5441843271255493
263806	0.6369011402130127
263807	0.48491233587265015
263808	0.7701586484909058
263809	0.9173617959022522
263810	0.6408559083938599
215685	0.8278293013572693
333454	0.7942047715187073
378512	0.5850338935852051
148116	0.7507942914962769
336536	0.7307733297348022
535194	0.834449291229248
148127	0.7581382393836975
537542	0.7814782857894897
132265	0.8835192322731018
148144	0.9162604808807373
58553	0.8321990966796875
148154	0.7879372239112854
421573	1.0000001192092896
239828	0.7879372239112854
384221	0.5636589527130127
412896	1.0000001192092896
395389	0.8967796564102173
145654	0.6778178811073303
176376	0.7010716795921326
184276	0.9417333006858826
145660	0.4616762399673462
574718	0.7381981611251831
148232	0.6725106239318848
574729	0.8281763792037964
541452	0.8358592391014099
148238	0.9139313697814941
375060	0.7117536067962646
148257	0.8396919965744019
148259	0.9162604808807373
64805	0.8585996627807617
86831	0.8126095533370972
568113	0.7753469347953796
148279	0.8469865918159485
329021	0.7211936712265015
385858	0.7683811783790588
68938	0.7755690217018127
337748	0.7829707264900208
339808	0.6885982751846313
310653	0.8523650169372559
381822	0.8354066014289856
565120	0.655012309551239
565124	0.7076449394226074
566157	0.7671539187431335
30624	0.7178240418434143
554417	0.9271930456161499
45501	0.7397447824478149
333761	0.8021935224533081
339395	0.7951077222824097
113094	0.8820351958274841
247756	0.7331444621086121
554964	0.7300365567207336
151011	0.6589159369468689
265188	0.8749058246612549
336871	0.8967750668525696
566252	0.7023211717605591
554991	0.8885477185249329
139251	0.5717757940292358
333993	0.6963246464729309
303096	0.7901965975761414
