313350	0.5661834478378296
221015	0.5183801651000977
296977	0.5070110559463501
496660	0.631036639213562
403289	0.5496113300323486
520729	0.4633631110191345
108061	0.5470283627510071
93214	0.5550243854522705
33519	0.24655328691005707
193583	0.5510548949241638
54324	0.4061906933784485
500801	0.37926167249679565
144964	0.6031731367111206
155916	0.507232129573822
32846	0.24655328691005707
281167	0.410222589969635
413264	0.5604943633079529
247908	0.5991395711898804
444521	0.586383044719696
551534	0.44518429040908813
357491	0.17430321872234344
295547	0.48882415890693665
35452	0.5094804167747498
295043	0.6039022207260132
78491	0.5949579477310181
78495	0.5961393117904663
112828	0.4799369275569916
190146	0.5679147839546204
91332	0.5105282664299011
37061	0.24655328691005707
240850	0.5940219163894653
454867	0.6208101511001587
318168	0.6343925595283508
81627	0.6407006978988647
392924	0.6013399958610535
91869	0.6294434070587158
119010	0.5795085430145264
345831	0.5705204606056213
344809	0.5936105251312256
470254	0.6948082447052002
255215	0.502792477607727
524533	0.6610904335975647
148731	0.5535433888435364
148738	0.5991479754447937
148741	0.6452601552009583
465673	0.5953417420387268
246026	0.5370112657546997
550668	0.4178890585899353
557329	0.08083497732877731
357507	0.17430321872234344
551193	0.5947614908218384
189212	0.5852971076965332
60703	0.6452522873878479
447441	0.4362252652645111
37449	0.6579119563102722
358193	0.43768152594566345
40748	0.28606873750686646
466222	0.4434991180896759
191793	0.5149096846580505
60722	0.5106205940246582
358200	0.5898619890213013
369467	0.7391489148139954
369468	0.7244037389755249
271167	0.4807470738887787
446288	0.5758764147758484
11093	0.5478116869926453
316759	0.630873441696167
547161	0.41027751564979553
277859	0.5638817548751831
38249	0.512842059135437
217962	0.2405855357646942
89452	0.5788217782974243
512365	0.6317115426063538
531312	0.4959794580936432
246645	0.5866194367408752
411512	0.42511388659477234
35647	0.24655328691005707
326015	0.6306705474853516
470404	0.5950748920440674
373137	0.47293150424957275
79771	0.6103042960166931
245151	0.3584885895252228
289719	0.5294919610023499
489631	0.5221598148345947
289725	0.4907020032405853
124351	0.6027461290359497
101824	0.5143671631813049
122817	0.5667860507965088
471490	0.5594310760498047
535487	0.6027214527130127
115147	0.601976215839386
109008	0.4515887498855591
256977	0.6013249158859253
308193	0.5130977034568787
34282	0.49703043699264526
111083	0.6245228052139282
119512	0.449727863073349
92149	0.5336341261863708
360439	0.6297181844711304
113151	0.526550829410553
