113259	0.6966301202774048
513160	0.53490149974823
437484	0.6329928636550903
280973	0.8078291416168213
331819	0.5602068305015564
351345	0.6992850303649902
376595	0.8124713897705078
95380	0.845667839050293
29982	0.6580630540847778
87364	0.4988403022289276
30618	0.7762241959571838
55963	0.6868306994438171
7066	0.7584372758865356
419358	0.9999998807907104
360112	0.5589271783828735
165597	0.45632126927375793
543259	0.7906452417373657
406106	0.6176127791404724
352933	0.3978348672389984
18215	0.570379912853241
541397	0.5214192271232605
194603	0.5659914612770081
282333	0.5477361679077148
330032	0.7554064989089966
236594	0.671681821346283
546228	0.7929781079292297
546224	0.6399171948432922
251041	0.588453471660614
502584	0.7946987748146057
299834	0.6013686060905457
378202	0.7130078673362732
145981	0.6716597080230713
527934	0.6737698316574097
91840	0.6131656765937805
238304	0.6588196158409119
176067	0.6049025058746338
440004	0.6301323175430298
440005	0.7513681650161743
304673	0.5704728364944458
541629	0.5253753066062927
327626	0.7819587588310242
196173	0.6253799200057983
351183	0.6653182506561279
176568	0.9067307710647583
534680	0.2670327126979828
238291	0.6546360850334167
3925	0.9999998807907104
264785	0.6571943759918213
375768	0.6803184747695923
341209	0.8360030055046082
542682	0.5954792499542236
502586	0.6092933416366577
332254	0.6164401769638062
543071	0.5419370532035828
534496	0.9999998807907104
425185	0.6077023148536682
158298	0.9999998807907104
270054	0.818002462387085
281190	0.7119557857513428
418663	0.782179057598114
159905	0.5384865403175354
288234	0.6603404879570007
375787	0.7436296939849854
375788	0.6253411769866943
287165	0.6191161870956421
580749	0.623450517654419
239345	0.6669648885726929
359791	0.5546168088912964
498548	0.6895087361335754
229365	0.9999998807907104
7030	0.624909520149231
178851	0.6374146938323975
474020	0.5561333894729614
535165	0.675058126449585
418558	0.5424558520317078
144127	0.609239399433136
