7684	0.42979201674461365
157015	0.5934047102928162
289805	0.6056583523750305
14862	0.5441064238548279
468495	0.6183694005012512
468496	0.5860994458198547
369685	0.6009218692779541
578480	0.13489516079425812
308770	0.5888131260871887
436267	0.49412211775779724
105519	0.5416502952575684
113217	0.6264733672142029
478276	0.5876019597053528
377426	0.665225088596344
49508	0.5687093734741211
452728	0.5807920098304749
49282	0.5588472485542297
98436	0.5403295755386353
374924	0.5967280268669128
396432	0.6233357191085815
315758	0.6088419556617737
76952	0.4616624414920807
468121	0.6443190574645996
48282	0.4482453465461731
374128	0.5394539833068848
248994	0.5798401236534119
570530	0.6238753199577332
563888	0.567890465259552
516276	0.6473664045333862
22716	0.7074058055877686
362173	0.6668355464935303
214719	0.655098021030426
301764	0.5175412893295288
386248	0.6059802770614624
114380	0.6826227307319641
486690	0.5448228716850281
216273	0.4541255533695221
468178	0.3332012891769409
489176	0.5835564732551575
474842	0.5964974761009216
321249	0.5574597120285034
326883	0.5224918723106384
534246	0.5973781943321228
179652	0.4500853717327118
517501	0.5849979519844055
189170	0.5106502175331116
578298	0.6218718886375427
317696	0.6259062886238098
23810	0.5883959531784058
93444	0.48717984557151794
428806	0.510272741317749
577810	0.5361862182617188
428335	0.581672191619873
566562	0.37911391258239746
274724	0.5832645297050476
448305	0.6532379984855652
12082	0.5676051378250122
535343	0.47402018308639526
427313	0.664618968963623
305970	0.565587043762207
226612	0.6443237662315369
42810	0.5312796831130981
497989	0.5921719074249268
321144	0.5767192244529724
578891	0.36094677448272705
578380	0.5539867281913757
486224	0.3967282772064209
62179	0.44237852096557617
332631	0.6151732802391052
64861	0.6551985144615173
28511	0.5880244970321655
17764	0.5476465821266174
439657	0.6014074683189392
370540	0.6606693267822266
490862	0.6432425379753113
52080	0.4646114408969879
189309	0.6436825394630432
209289	0.6182445287704468
518538	0.624360203742981
569751	0.6851281523704529
316300	0.6561031341552734
571792	0.5830506682395935
472983	0.3698359727859497
457625	0.5835365056991577
26524	0.5779678225517273
284578	0.5680765509605408
373669	0.4753635823726654
58793	0.5085507035255432
522672	0.4486998915672302
323513	0.6389820575714111
59835	0.46665921807289124
417728	0.6129429936408997
417729	0.6303061842918396
570308	0.6037036180496216
18374	0.42720645666122437
24522	0.522082507610321
81314	0.5636218786239624
398294	0.19718657433986664
327127	0.4929332137107849
526303	0.4709029495716095
449510	0.6467297077178955
264680	0.5941179990768433
535017	0.3332012891769409
362988	0.6281992793083191
54263	0.39864474534988403
333820	0.5914947390556335
372735	0.5700303912162781
