344597	0.4869743585586548
75695	0.5757010579109192
141868	0.7411710619926453
537649	0.6178632974624634
502836	0.5374239087104797
502837	0.5762029886245728
502838	0.5847662091255188
502845	0.5141550898551941
502851	0.5824711918830872
502854	0.5737161636352539
502856	0.5226751565933228
502874	0.6090512871742249
502724	0.5329075455665588
197214	0.42727938294410706
197217	0.5150497555732727
346210	0.5850404500961304
197222	0.48992204666137695
197224	0.4130873382091522
197225	0.4142216145992279
438891	0.5298410654067993
197231	0.6535766124725342
76912	0.582004189491272
382577	0.5765947699546814
438889	0.5572391152381897
502725	0.5242071747779846
152712	0.738077700138092
502896	0.5176717042922974
548497	0.5690789222717285
534162	0.48071086406707764
16535	0.8085848093032837
546756	0.6068648099899292
546461	0.6116388440132141
74693	0.46024686098098755
67696	0.7849978804588318
103587	0.5007218718528748
336038	0.5592969059944153
572585	0.4379543662071228
43704	0.5466393828392029
521916	0.4847896695137024
68285	0.5255517959594727
336066	0.6422406435012817
74699	0.4400580823421478
7365	0.4780277609825134
7368	0.5119941830635071
505548	0.415433794260025
7374	0.4686671197414398
230607	0.5605517029762268
505552	0.27572548389434814
7378	0.47185322642326355
559830	0.5272579789161682
505551	0.2727351784706116
578268	0.45679447054862976
341114	0.4176742136478424
564959	0.6748794317245483
559341	0.4934196174144745
559342	0.4223317503929138
105713	0.45436394214630127
105717	0.34759658575057983
105720	0.4485243856906891
105722	0.5131826996803284
80635	0.6432947516441345
3859	0.48402342200279236
533280	0.4666576683521271
533281	0.47892963886260986
372009	0.6006876230239868
125235	0.3895166516304016
14388	0.452319473028183
289085	0.5766171216964722
372034	0.5219296813011169
372035	0.5155906677246094
43852	0.9999999403953552
506196	0.5781471729278564
502105	0.6520772576332092
206690	0.6488286256790161
206692	0.09550740569829941
206693	0.4880945682525635
28522	0.5058520436286926
28524	0.5643436908721924
82303	0.47196900844573975
82304	0.4266873300075531
116613	0.38892391324043274
366988	0.6857202649116516
544066	0.4207799732685089
366991	0.6628288626670837
332694	0.3470289707183838
534169	0.5200361013412476
75678	0.6049411296844482
546719	0.38716647028923035
75688	0.549876868724823
75689	0.5591906309127808
75691	0.5980786085128784
539567	0.6475539803504944
75703	0.7211718559265137
75679	0.5415549278259277
502718	0.44740360975265503
422337	0.6347131729125977
502723	0.631105363368988
74692	0.4772721827030182
85957	0.6116388440132141
74696	0.4866410493850708
74698	0.4373301565647125
95691	0.8271405696868896
74709	0.4720728397369385
77277	0.47187909483909607
185317	0.29716411232948303
155126	0.34625276923179626
573435	0.5254818797111511
