493570	0.5079466104507446
568848	0.4768304228782654
8210	0.40548717975616455
240147	0.5003763437271118
271897	0.45159196853637695
267802	0.32468321919441223
34845	0.5550216436386108
406046	0.4948959946632385
576261	0.4439723789691925
43045	0.39729177951812744
379431	0.29109182953834534
228908	0.37255603075027466
552506	0.5932720303535461
572475	0.4748138189315796
253515	0.5777544975280762
375372	0.44075947999954224
551007	0.5966304540634155
456293	0.5315565466880798
260710	0.7715187668800354
359021	0.4996935725212097
440433	0.5168407559394836
491637	0.5318272709846497
35959	0.26572880148887634
276606	0.5822959542274475
408203	0.36536088585853577
32917	0.26572880148887634
446619	0.5498364567756653
575135	0.4137551486492157
324769	0.5371761322021484
349354	0.5350697636604309
513710	0.4518125355243683
96944	0.490678071975708
509299	0.4694114029407501
324043	0.5121968388557434
261319	0.49325865507125854
362184	0.41712650656700134
15991	0.3808043599128723
25892	0.3423207700252533
221914	0.675171971321106
526049	0.6183691620826721
526052	0.5828456878662109
233705	0.46967455744743347
116690	0.5210390090942383
25839	0.34645429253578186
194800	0.5645164251327515
443638	0.5646477937698364
486149	0.4558642506599426
190215	0.4813983142375946
146186	0.6220816373825073
350082	0.5350269079208374
189711	0.3574317395687103
336657	0.825819194316864
115075	0.3810204565525055
233240	0.4224916994571686
295705	0.594598650932312
527645	0.38207244873046875
389924	0.4969446361064911
190122	0.457346647977829
305964	0.48774781823158264
282925	0.5121418237686157
69425	0.4749574065208435
47924	0.5436866283416748
10554	0.44435134530067444
309058	0.5945167541503906
437573	0.3796337842941284
38726	0.3798069655895233
572233	0.500163197517395
460621	0.4618690609931946
237904	0.5340738296508789
578387	0.5232237577438354
24917	0.5315141677856445
270564	0.5618197917938232
116059	0.4630157947540283
574815	0.38566064834594727
35681	0.26572880148887634
377703	0.28438568115234375
116584	0.4253370761871338
457580	0.42974770069122314
171379	0.4272412061691284
15221	0.4924409091472626
520566	0.5023229122161865
418025	0.6334976553916931
236930	0.5431546568870544
487299	0.5522559881210327
451479	0.4004025459289551
363917	0.5055796504020691
456941	0.5382570028305054
529808	0.3802207410335541
465815	0.5112682580947876
489895	0.5977553129196167
489903	0.5977553129196167
72779	0.30058178305625916
406451	0.39427441358566284
520643	0.4859892725944519
368581	0.47064992785453796
122824	0.30553317070007324
508363	0.58281010389328
491474	0.5244122743606567
575443	0.4837900400161743
574942	0.5135950446128845
413151	0.5494650602340698
350181	0.5296397805213928
218091	0.22284184396266937
568814	0.5115261077880859
278511	0.3048497438430786
374265	0.44144973158836365
577533	0.382291316986084
439806	0.7935733795166016
