532996	1.0000001192092896
188868	0.7701247930526733
382998	0.6954912543296814
555048	0.934363842010498
150570	0.8035802841186523
331819	0.5109442472457886
570412	0.5680372714996338
335919	0.6122112274169922
495539	0.6501674056053162
533052	0.6915542483329773
305213	0.6823582053184509
556099	0.7490829229354858
336964	0.8159287571907043
542795	0.934363842010498
542797	0.8558252453804016
298582	0.630306601524353
525918	0.8298172354698181
160613	0.6416162252426147
419937	0.4983963072299957
45499	0.4597634971141815
342133	0.8159287571907043
27776	0.6478164196014404
116357	0.38607677817344666
119436	1.0000001192092896
333465	0.6192727088928223
132252	0.7948084473609924
266909	0.7478846907615662
337349	0.7901849746704102
132262	0.7128591537475586
132263	0.7299850583076477
55982	0.4492468535900116
451248	0.7280827760696411
132273	0.8104586601257324
211634	0.6170828342437744
207554	0.47512346506118774
455876	0.5852764844894409
533190	0.7713528871536255
186570	0.6831920742988586
414928	0.7458088397979736
111826	0.7339489459991455
186582	0.5070375204086304
238296	0.8233607411384583
62172	0.16289710998535156
298208	0.5110582709312439
298209	0.5588184595108032
229602	1.0000001192092896
298211	0.8536694645881653
528336	0.46564748883247375
552680	0.528033971786499
298219	0.8675813674926758
561395	0.934363842010498
116984	0.38607677817344666
575225	0.8339028358459473
307452	0.681754469871521
145664	0.6150683760643005
284418	0.7579980492591858
573188	0.5893272757530212
167685	0.34069040417671204
237318	0.629466712474823
237320	0.4911783039569855
237322	0.7252758145332336
375056	0.6684388518333435
541461	0.6127223968505859
304949	0.6583720445632935
329014	0.6307996511459351
239420	0.6897396445274353
412385	0.35165584087371826
541522	0.650662362575531
429402	0.7957852482795715
467804	0.934363842010498
381789	0.7824108600616455
343905	0.6280518770217896
306531	0.6689140796661377
341860	0.7901849746704102
306533	0.6113624572753906
268651	0.934363842010498
374643	0.7386106848716736
519545	0.5460233688354492
177530	1.0000001192092896
413574	0.7096685767173767
177033	0.6315943598747253
438158	0.5040977001190186
140699	0.6875133514404297
298410	0.6854566335678101
239536	0.6246778964996338
304563	0.7573754191398621
197051	0.6669495701789856
501183	0.7059288024902344
298433	0.7626810669898987
335810	0.5511573553085327
186564	0.7948084473609924
549829	0.6693950295448303
61384	0.7130327820777893
70605	0.5682036876678467
556109	0.4328289031982422
307152	0.7181839942932129
336351	0.510337233543396
298465	0.934363842010498
465890	0.6328523755073547
11771	0.48163262009620667
121318	1.0000001192092896
459240	0.6961830258369446
298476	0.7804933190345764
371181	0.5858237147331238
554992	0.6714615225791931
554993	0.7873851656913757
175606	0.6492114067077637
288247	0.6864349842071533
337403	0.6868029236793518
