248322	0.726371705532074
213513	0.44222086668014526
292362	0.6756280660629272
13058	0.5794670581817627
465248	0.655508816242218
61463	0.6080427169799805
196122	0.6496159434318542
580127	0.6258509159088135
553507	0.7084475755691528
32303	0.18140484392642975
196144	0.6846280694007874
363443	0.5499977469444275
35900	0.18140484392642975
457278	0.6345367431640625
130625	0.4662910997867584
399971	0.3721463978290558
276598	0.5870962738990784
187515	0.6136096715927124
187516	0.6136096715927124
497856	0.7125852704048157
433806	0.6300224661827087
369432	0.5819931626319885
367491	0.6611408591270447
8343	0.685253381729126
248481	0.5884366035461426
187044	0.6344954967498779
280743	0.7097010016441345
38066	0.18140484392642975
33469	0.6564556956291199
494271	0.6411634683609009
529600	0.6402191519737244
405699	0.027820544317364693
419014	0.5909039378166199
136108	0.5042188167572021
305871	0.5583815574645996
429266	0.5633312463760376
190167	0.4810458719730377
233693	0.4849371612071991
394363	0.6406010985374451
214247	0.5173220634460449
200828	0.6438690423965454
36586	0.18140484392642975
266482	0.700454831123352
404214	0.6520904898643494
528119	0.42229604721069336
310529	0.704232931137085
310530	0.5771543383598328
310533	0.6291677355766296
390274	0.4668002128601074
74510	0.6057732701301575
424723	0.6389956474304199
520471	0.5651695728302002
40728	0.42052096128463745
35103	0.42301154136657715
35616	0.18140484392642975
98596	0.7045707702636719
60710	0.6039063334465027
215348	0.4408315420150757
234806	0.4460241198539734
40247	0.4625728130340576
11067	0.635185956954956
561983	0.6957675814628601
457541	0.46132877469062805
389960	0.6555725336074829
160076	0.6792277693748474
382797	0.794640064239502
389465	0.6314672231674194
29018	0.7323254942893982
253276	0.5031656622886658
395615	0.6445146203041077
389472	0.6438437104225159
120172	0.5653752684593201
376688	0.6767430901527405
192379	0.6720597743988037
59267	0.5774040818214417
279020	0.6253337860107422
32747	0.18140484392642975
543632	0.699395477771759
326037	0.7005295157432556
316312	0.7081383466720581
554907	0.6109215021133423
488354	0.39353206753730774
513435	0.696199357509613
162214	0.6255630254745483
192428	0.7000653147697449
211375	0.654425323009491
285000	0.6598949432373047
120243	0.5710673332214355
554936	0.6233597993850708
37822	0.6007764935493469
297427	0.5898325443267822
162266	0.6063582897186279
424421	0.7252827882766724
29675	0.7510075569152832
29676	0.7172118425369263
387053	0.6503434181213379
112624	0.5741049647331238
385531	0.5546848773956299
