531970	0.6532179713249207
398934	0.6697348356246948
307206	0.74161696434021
275463	0.8555743098258972
275464	0.7578214406967163
229548	0.5892214775085449
380930	0.6621755957603455
427032	0.7827243804931641
541212	0.644834578037262
537120	0.6861240863800049
352802	0.6041804552078247
282661	0.6515477895736694
282666	0.6437256932258606
542215	0.7578214406967163
351806	0.8555743098258972
81484	0.5585033297538757
306774	0.7043022513389587
552547	0.6451399326324463
411748	0.6026310920715332
131688	0.6167441010475159
332393	0.6666961312294006
521322	0.6025640368461609
381035	0.5666555762290955
457840	0.5631288290023804
102514	0.6386114358901978
192629	0.640065610408783
192630	0.640065610408783
552571	0.717094361782074
151676	0.6293805241584778
472707	0.5686394572257996
330377	0.5889871120452881
351883	0.5906108617782593
477847	0.8281047940254211
159903	0.6622517108917236
568992	0.533618688583374
375970	0.6236481070518494
572069	0.5777453184127808
184492	0.5011318922042847
500165	0.8340983390808105
552566	0.5480202436447144
287433	0.6842085123062134
103116	0.6136215329170227
374993	0.5559956431388855
374995	0.5628514289855957
552148	0.6461842656135559
238828	0.6307215690612793
135389	0.8555743098258972
358622	0.4917333424091339
77955	0.4564377963542938
334057	0.688954770565033
580844	0.5897759199142456
396016	0.6665964126586914
396018	0.700667679309845
276213	0.5173845291137695
156920	0.6124610900878906
156921	0.5471141338348389
265491	0.6350034475326538
351005	0.6410666108131409
336158	0.6942741870880127
300330	0.43829095363616943
437469	0.6425676941871643
168762	0.7638640999794006
418620	0.533196747303009
186685	0.7234559059143066
445774	0.8555743098258972
182607	0.8555743098258972
382313	0.5989674925804138
49515	0.6810494065284729
325484	0.6781747341156006
565112	0.3418042063713074
382330	0.5989674925804138
467862	0.6808487176895142
429448	0.668547511100769
429449	0.7056317329406738
429456	0.5657605528831482
273302	0.8048334121704102
60317	0.6229733228683472
220578	0.6687065958976746
26533	0.5857205390930176
511923	0.685481071472168
458181	0.34379053115844727
352591	0.6538565754890442
429543	0.6115000247955322
404976	0.6292800307273865
399346	0.6703513860702515
212980	0.70432049036026
378366	0.6545339226722717
378363	0.6545339226722717
380926	0.6257204413414001
