419339	0.6460534334182739
542338	0.9035699963569641
548869	0.8321183323860168
548870	0.7227473855018616
178055	0.8872437477111816
165001	0.5990904569625854
178826	0.8394787311553955
254603	0.8225200176239014
14476	0.6898730397224426
138114	0.6647843718528748
133613	0.4925263822078705
453382	0.7574691772460938
569795	0.43096277117729187
56471	0.5859987735748291
466713	0.794457733631134
278810	0.7464048266410828
46703	0.6647129654884338
567453	0.7528861165046692
95390	0.7643001675605774
229573	0.9999999403953552
372897	0.7095420360565186
472227	0.6683723330497742
437510	0.7613860964775085
552326	0.7247593402862549
176808	0.888108491897583
142854	0.4624923765659332
331819	0.5997575521469116
404654	0.7495259642601013
42159	0.579365611076355
42160	0.802054762840271
281840	0.5928941369056702
405876	0.9035699963569641
315451	0.7452982068061829
242876	0.5815198421478271
552765	0.9035699963569641
76037	0.7689653038978577
561431	0.6061822772026062
206688	0.8319993019104004
304450	0.718134343624115
304451	0.7148866653442383
304452	0.7030379176139832
185541	0.7031906843185425
304453	0.7274768352508545
1095	0.5658310651779175
455243	0.7738206386566162
569794	0.5487440228462219
69459	0.6564521193504333
309972	0.645092785358429
352213	0.8059042096138
177241	0.9999999403953552
548701	0.6064513325691223
473951	0.8059737682342529
275680	0.5981623530387878
548708	0.5957293510437012
337190	0.8082729578018188
314471	0.7452982068061829
181992	0.29058605432510376
333417	0.832628607749939
272359	0.7215666770935059
453996	0.7037465572357178
335981	0.832628607749939
288111	0.8271346688270569
553200	0.5836904644966125
366943	0.5447092652320862
532819	0.5795372128486633
164596	0.7792544364929199
332661	0.72358238697052
419326	0.74153071641922
69460	0.6564521193504333
273914	0.6492767333984375
498352	0.49921512603759766
236542	0.7115140557289124
224639	0.7659633755683899
