48504	0.6058492660522461
472195	0.6285828948020935
118023	0.7722243666648865
368525	0.5496014356613159
339564	0.5794560313224792
78474	0.6655619740486145
388235	0.5214453935623169
388236	0.4194391369819641
116749	0.7053398489952087
134673	0.6326914429664612
109281	0.649160623550415
118037	0.7419415712356567
108527	0.599216103553772
117148	0.7986471652984619
117149	0.6082544326782227
507166	0.5863282084465027
149147	0.6778308749198914
337821	0.6054380536079407
127303	0.8032799363136292
405677	0.5548345446586609
507182	0.5320842266082764
573103	0.4868282973766327
403251	0.6676591038703918
113718	0.7722243666648865
134711	0.8069462776184082
108729	0.8266881108283997
26591	0.6102659106254578
536764	0.7274859547615051
410816	0.7167941927909851
379713	0.48048293590545654
203659	0.5595897436141968
134726	0.7883983254432678
43207	0.5286023616790771
418889	0.7591660618782043
417994	0.6125894784927368
23863	0.5593870282173157
361933	0.5711930990219116
150093	0.6376950740814209
572752	0.6181303262710571
572753	0.6181303262710571
236882	0.5805675983428955
262995	0.7022530436515808
194263	0.49124881625175476
467800	0.5252156257629395
44249	0.6076629757881165
532190	0.4992887079715729
122847	0.6704683303833008
532304	0.5603518486022949
392507	0.488351970911026
463846	0.6659882664680481
187239	0.4416472911834717
178412	0.5121834874153137
532306	0.5760798454284668
96893	0.7940782308578491
281843	0.6682533025741577
4468	0.5382527709007263
239094	0.7373150587081909
553847	0.4943014681339264
10616	0.6740984916687012
163834	0.4919460713863373
532988	0.5619656443595886
137469	0.8436022400856018
572415	0.36151018738746643
