557578	0.46630552411079407
456209	0.530961811542511
397336	0.6196063756942749
100893	0.5676968693733215
458277	0.40454721450805664
105001	0.5163137316703796
206902	0.5037829875946045
537145	0.5138411521911621
350786	0.4739454984664917
95813	0.5063878297805786
500295	0.473166286945343
153673	0.5339150428771973
190539	0.41317644715309143
476244	0.5010155439376831
396373	0.5669151544570923
289882	0.5039709806442261
246371	0.5157693028450012
102247	0.5664323568344116
188529	0.5310827493667603
407666	0.529525637626648
478330	0.47480520606040955
156095	0.5926652550697327
61569	0.4876863956451416
342151	0.7016341090202332
185481	0.6135804057121277
172682	0.5202953815460205
363659	0.56705641746521
536205	0.5966973900794983
352402	0.578777015209198
369821	0.6302107572555542
438949	0.5527855157852173
490664	0.522407054901123
544943	0.6065831184387207
20661	0.4709080755710602
172728	0.5540964007377625
328378	0.6031025052070618
399037	0.6110298037528992
3262	0.34781593084335327
474308	0.5234095454216003
452295	0.443979412317276
186061	0.5667291879653931
99962	0.6046947836875916
217824	0.6282920837402344
217826	0.5123377442359924
569061	0.5416263341903687
536298	0.5217810273170471
185583	0.5979861617088318
185584	0.6023811101913452
32497	0.1713707447052002
75561	0.5925184488296509
193284	0.5125742554664612
292108	0.5904861688613892
154901	0.5521212816238403
362262	0.569030225276947
467735	0.6184823513031006
523038	0.602784276008606
376607	0.5900151133537292
450337	0.5682464241981506
424229	0.6210955381393433
222505	0.5982829928398132
127281	0.5454815030097961
467763	0.5531057119369507
219964	0.6196187138557434
155970	0.41132986545562744
223556	0.42507874965667725
537414	0.4961956739425659
209225	0.402942955493927
208726	0.5716914534568787
142169	0.6021228432655334
245085	0.5159676671028137
415079	0.4824533462524414
497516	0.6299080848693848
516972	0.6265132427215576
222578	0.5902303457260132
413044	0.48625802993774414
19835	0.542008638381958
245116	0.5843148231506348
477930	0.6229941248893738
507268	0.570966362953186
548233	0.4210408329963684
186260	0.5504332780838013
323990	0.5472053289413452
310170	0.4629237651824951
182171	0.5347071886062622
426399	0.5864912867546082
305059	0.5878345370292664
538023	0.5647263526916504
156073	0.6272327899932861
246701	0.5470027327537537
429490	0.3265577554702759
469431	0.42032551765441895
119229	0.5701316595077515
540607	0.555220365524292
401862	0.5864177346229553
413139	0.5470404028892517
330709	0.7074273228645325
315557	0.5643627643585205
306657	0.5808959603309631
186859	0.5236638188362122
437740	0.5549865365028381
461299	0.6401137709617615
536057	0.5928224921226501
230910	0.5532777905464172
