35845	0.24730533361434937
363015	0.4273494482040405
313867	0.33927446603775024
363536	0.4188288450241089
255509	0.4353673756122589
306198	0.4115464389324188
35929	0.23304671049118042
556039	0.43710818886756897
473137	0.19565506279468536
277045	0.38786575198173523
276534	0.35017716884613037
24123	0.30931356549263
184388	0.37737125158309937
120907	0.3896070420742035
433230	0.35278981924057007
548433	0.2715494632720947
29268	0.3809778094291687
494677	0.3236863613128662
557655	0.3817991018295288
489049	0.30603352189064026
378972	0.2590601444244385
404575	0.4385437071323395
388706	0.3271920680999756
225896	0.27007779479026794
35688	0.07712406665086746
402036	0.3856393098831177
487541	0.14416645467281342
38525	0.297134667634964
38016	0.07712406665086746
25452	0.2887767553329468
536202	0.3440055549144745
443843	0.4240133762359619
5799	0.25529947876930237
113840	0.22592520713806152
449725	0.3877391815185547
488132	0.4236774146556854
324303	0.32619816064834595
151248	0.307098388671875
483538	0.36158889532089233
219870	0.3810032904148102
379615	0.23841620981693268
224993	0.4348949193954468
205028	0.2870577275753021
95482	0.8015170693397522
95483	0.40298667550086975
407297	0.3499288260936737
390915	0.2942937910556793
284932	0.22955365478992462
29456	0.30271950364112854
246552	0.36645954847335815
120881	0.31779342889785767
443697	0.20908159017562866
240434	0.07968171685934067
501555	0.3198476731777191
301790	0.3707347512245178
443704	0.33731764554977417
378691	0.3805374205112457
71492	0.39466044306755066
389447	0.3344445526599884
191305	0.17906373739242554
484173	0.39219558238983154
85326	0.24932970106601715
143698	0.31455498933792114
503127	0.30964523553848267
120667	0.38411909341812134
491870	0.3079451024532318
120680	0.3615361452102661
531307	0.25872793793678284
525676	0.43783724308013916
483189	0.3171907961368561
307064	0.20864100754261017
218493	0.3488011956214905
184192	0.3198075294494629
507279	0.28373485803604126
378768	0.30722564458847046
465307	0.3686290681362152
486812	0.18382123112678528
83359	0.11809735745191574
125361	0.3557452857494354
504756	0.36177387833595276
21436	0.38502997159957886
142272	0.38495948910713196
192450	0.3930005729198456
83395	0.28548166155815125
447428	0.1304129660129547
440057	0.35571184754371643
122331	0.4003511667251587
34780	0.31525346636772156
265706	0.4143790602684021
460270	0.4502342641353607
308723	0.3648063838481903
313844	0.33927446603775024
