247821	0.5602662563323975
257197	0.5521119236946106
92688	0.594990611076355
12826	0.6549611687660217
378909	0.5473169684410095
169509	0.5776686668395996
213544	0.48239973187446594
190505	0.574273407459259
150058	0.5738303661346436
215600	0.5539500117301941
219188	0.626442015171051
395317	0.5926529765129089
219192	0.520241916179657
554048	0.5195589065551758
299073	0.6900068521499634
189508	0.5103563070297241
87622	0.45083099603652954
554061	0.4423714876174927
149584	0.48666492104530334
97365	0.6020724773406982
502358	0.6674335598945618
427624	0.44062283635139465
507511	0.5762231945991516
182907	0.5993052124977112
380541	0.4562772512435913
303231	0.6371967792510986
219264	0.5334110856056213
214146	0.6281407475471497
104086	0.5127447843551636
407705	0.5535449981689453
536221	0.5445528626441956
457374	0.5197638869285583
283296	0.6461148858070374
284835	0.29537710547447205
448173	0.5964342951774597
61614	0.5205315947532654
190128	0.5384066104888916
61622	0.5702886581420898
414393	0.11756027489900589
380607	0.5277220010757446
180419	0.592331051826477
476356	0.5717933177947998
360137	0.5268365740776062
550603	0.5492777824401855
374050	0.5065348148345947
241870	0.5088592171669006
302285	0.5460250377655029
360153	0.5724056363105774
219357	0.5780274868011475
104161	0.5718621611595154
413924	0.40301141142845154
538855	0.4818906784057617
211696	0.5811700820922852
347893	0.5997170805931091
374007	0.5161383152008057
402168	0.5207749009132385
383616	0.5284737944602966
342797	0.753207266330719
413460	0.33460041880607605
305881	0.36248779296875
374044	0.4600508213043213
132381	0.613845944404602
151327	0.4875428080558777
373210	0.40505754947662354
324386	0.6423978805541992
429350	0.5116042494773865
220969	0.6198005080223083
281386	0.5236602425575256
10547	0.40784183144569397
533315	0.7438725233078003
111073	0.6094298958778381
84305	0.6805129051208496
510290	0.5993861556053162
222046	0.609523355960846
137574	0.6054266095161438
269201	0.42886242270469666
142187	0.5883270502090454
509819	0.3826890289783478
122773	0.3382249176502228
544657	0.4956183433532715
363925	0.5935308337211609
534935	0.5893943309783936
180633	0.48505640029907227
175523	0.5148009657859802
432036	0.47016099095344543
194469	0.21142935752868652
454055	0.36096739768981934
148906	0.4530147910118103
490412	0.6123740673065186
127406	0.6834170818328857
33199	0.1960849016904831
387553	0.4979588985443115
36276	0.1960849016904831
429698	0.5763128995895386
533946	0.36703386902809143
440265	0.4568599760532379
232398	0.30181774497032166
291797	0.5141869187355042
466905	0.6177221536636353
466906	0.6177221536636353
149978	0.5145696997642517
369633	0.4903797209262848
164555	0.3872615396976471
40785	0.4081791937351227
560039	0.33367374539375305
216057	0.6540831327438354
