206853	0.6065273284912109
195591	0.6486987471580505
430090	0.6175028681755066
203278	0.42538511753082275
97321	0.5867775082588196
230322	0.46626514196395874
360498	0.6063622832298279
307261	0.5719312429428101
20542	0.7034561038017273
451582	0.5535956621170044
389047	0.5750694870948792
40530	0.5901660919189453
103508	0.5309807658195496
555534	0.5981375575065613
136281	0.373826801776886
308827	0.5075311660766602
378469	0.5003983974456787
423530	0.4892013967037201
243307	0.48656436800956726
454255	0.49307510256767273
232059	0.6488874554634094
18070	0.6356344223022461
308887	0.4046679139137268
415172	0.609358012676239
32411	0.21522453427314758
142494	0.6301826238632202
169123	0.65301513671875
241318	0.6262328624725342
242343	0.546269416809082
164210	0.6830546259880066
92336	0.4947330355644226
246449	0.6266635656356812
407746	0.6486660242080688
368853	0.7534194588661194
208087	0.5383535027503967
208088	0.5664234757423401
532973	0.6292112469673157
419548	0.46373796463012695
297181	0.5504629611968994
34531	0.21522453427314758
257252	0.5165428519248962
146153	0.5142291188240051
419568	0.3981859087944031
284401	0.4293750822544098
257266	0.511272132396698
41206	0.446453332901001
467703	0.5977427959442139
766	0.46445325016975403
441599	0.6734229922294617
512256	0.17229317128658295
277250	0.5893624424934387
174346	0.36993154883384705
423187	0.6220099329948425
218901	0.6187212467193604
182039	0.7519354224205017
35113	0.21522453427314758
364830	0.6338877081871033
91939	0.5842803120613098
362886	0.6586957573890686
248617	0.4808703064918518
122668	0.4001811444759369
181810	0.5778409838676453
465629	0.5930524468421936
150844	0.44669482111930847
308032	0.5177463293075562
150849	0.4416483938694
257355	0.4518619477748871
408910	0.598170280456543
469328	0.5926649570465088
169299	0.6568648219108582
224600	0.5943971872329712
141148	0.5485987663269043
446817	0.505318820476532
301411	0.17229317128658295
36715	0.21522453427314758
452978	0.40528741478919983
203142	0.5419859886169434
35720	0.39552736282348633
120719	0.5508716106414795
550800	0.5123546123504639
233873	0.48622116446495056
277908	0.787791907787323
490391	0.5974829196929932
561563	0.6521828174591064
261537	0.5991395115852356
549797	0.5925351977348328
168370	0.4054540991783142
82359	0.21531705558300018
448441	0.6338998079299927
452036	0.4320962131023407
389068	0.6138594746589661
232910	0.4950122833251953
448984	0.6262879967689514
284121	0.5828617215156555
476125	0.6242392659187317
530853	0.5176858305931091
133091	0.669956624507904
206821	0.6315438747406006
475730	0.5960432291030884
447470	0.49241766333580017
236533	0.515815794467926
342612	0.7732312083244324
163326	0.38484087586402893
