338445	0.7047308087348938
61487	0.6145755052566528
496182	0.36771926283836365
245825	0.6365838646888733
84	0.7175881862640381
171606	0.4164552688598633
510041	0.5452078580856323
210526	0.4857138693332672
199264	0.34692344069480896
37473	0.5735524892807007
335461	0.7428485155105591
89192	0.5909804105758667
33903	0.25573286414146423
544881	0.42592284083366394
530549	0.509283721446991
5240	0.5823464393615723
198778	0.4999212920665741
652	0.5359616279602051
337556	0.7245888710021973
327830	0.5025285482406616
298648	0.35928183794021606
11419	0.6547038555145264
79516	0.3858993947505951
546466	0.439150333404541
258744	0.6127362251281738
7354	0.5786474943161011
139964	0.5636388063430786
509118	0.18418295681476593
91330	0.5080466866493225
271556	0.4503753185272217
496232	0.5248168110847473
559820	0.6154128909111023
140493	0.5497841835021973
321748	0.5783514380455017
184102	0.567587673664093
191207	0.5313681364059448
418537	0.6147527098655701
108865	0.5531451106071472
57078	0.49561965465545654
1783	0.6689525842666626
498431	0.5070680975914001
471298	0.43313851952552795
295683	0.5992991924285889
221445	0.5333190560340881
272141	0.5494233965873718
391950	0.4814017415046692
518421	0.4586775004863739
291097	0.5828134417533875
530207	0.5620965957641602
324901	0.5919356942176819
195366	0.6534172296524048
126248	0.19449365139007568
162603	0.5876505374908447
561965	0.5125753879547119
57135	0.4757205843925476
512304	0.43886902928352356
35122	0.5706338882446289
71484	0.4452832341194153
172863	0.47951722145080566
267073	0.5511834621429443
272196	0.5482613444328308
125254	0.5633589625358582
113481	0.6548267602920532
435018	0.6762641072273254
195407	0.5805022120475769
61778	0.5557919144630432
450899	0.373051255941391
472404	0.5546900033950806
435030	0.624319851398468
258904	0.6511907577514648
103259	0.6241059899330139
128860	0.5013125538825989
208738	0.531510591506958
52070	0.4592481255531311
577895	0.5807216167449951
554867	0.5293986201286316
45432	0.6099864840507507
473979	0.4090263545513153
40513	0.6975586414337158
569230	0.37779271602630615
121582	0.5558832287788391
76698	0.5304226279258728
128495	0.5212273001670837
547747	0.6380717158317566
65960	0.6292498111724854
201129	0.5212780237197876
264619	0.5993366241455078
30125	0.6463862657546997
271792	0.5046398639678955
539059	0.565143346786499
95157	0.5004708170890808
30134	0.6137660145759583
502211	0.5937458276748657
75207	0.48148560523986816
493513	0.5305677652359009
93141	0.6012587547302246
43991	0.5599952340126038
67033	0.5786618590354919
258898	0.6495133638381958
271855	0.4157811403274536
11761	0.37852272391319275
129526	0.5013125538825989
214356	0.632416844367981
