53122	0.6557105779647827
302083	0.7391201853752136
22020	0.6512033939361572
570501	0.7259440422058105
570502	0.6783851981163025
384519	0.6406922340393066
475116	0.6570488214492798
506634	0.9999998807907104
569559	0.4772210121154785
328845	0.6642403602600098
527502	0.6960760951042175
15760	0.5896540284156799
291474	0.36729177832603455
282627	0.8502058386802673
219714	0.37626975774765015
177557	0.6717458963394165
309528	0.6515783071517944
542361	0.631094753742218
19226	0.651329755783081
194551	0.4301392734050751
203674	0.9999998807907104
338206	0.6213244795799255
510853	0.6167224049568176
309538	0.723778247833252
81700	0.9999998807907104
382246	0.6178690195083618
53415	0.7251537442207336
309418	0.6942431926727295
309422	0.5976442694664001
240943	0.5417414903640747
251592	0.5730586647987366
464759	0.5696551203727722
127813	0.40543660521507263
492215	0.5063731074333191
297016	0.6388267874717712
566091	0.6060330271720886
49338	0.607469379901886
182459	0.7387502789497375
508933	0.6463010311126709
533834	0.1755220890045166
511038	0.9999998807907104
339959	0.6124925017356873
297015	0.6384224891662598
63554	0.6165209412574768
465219	0.6860650777816772
464474	0.5614380836486816
26309	0.6514459848403931
581446	0.5471150875091553
288712	0.7914998531341553
299849	0.6720317602157593
566090	0.665099024772644
567927	0.7116380929946899
566092	0.5719504952430725
580685	0.8748952150344849
193239	0.28666651248931885
310607	0.7597616910934448
176721	0.5920645594596863
78422	0.6351402401924133
258135	0.665768563747406
337797	0.501867413520813
28378	0.6233474612236023
140253	0.637529730796814
229087	0.8502058386802673
102587	0.7124613523483276
129764	0.5696771740913391
138743	0.5676328539848328
336616	0.6943039298057556
285628	0.8502058386802673
7786	0.6710578203201294
379755	0.6459693908691406
297017	0.6382796764373779
124402	0.5512311458587646
418035	0.8160610198974609
111476	0.6940608024597168
568894	0.6400559544563293
313207	0.5424489378929138
343802	0.5687088370323181
74107	0.5913407206535339
238890	0.647895097732544
