567304	0.5631394982337952
365290	0.477237343788147
85516	0.5794519186019897
572430	0.6755918264389038
495637	0.6179795265197754
25624	0.5317089557647705
86555	0.31494998931884766
86556	0.6101273894309998
86557	0.5038481950759888
411679	0.4429742693901062
25635	0.4605465531349182
25636	0.5580916404724121
379441	0.5274667739868164
289337	0.5133876204490662
202814	0.47605136036872864
480438	0.4939101040363312
294412	0.2452613264322281
40010	0.4911483824253082
447564	0.8147669434547424
447565	0.8147669434547424
447566	0.8147669434547424
249938	0.4928114414215088
322643	0.6879420876502991
435796	0.6628901958465576
435797	0.6640083193778992
435798	0.6268100738525391
182875	0.6316878795623779
580701	0.5500930547714233
567390	0.5169765949249268
24676	0.7830371856689453
567399	0.5417923927307129
451692	0.8870334029197693
451695	0.8870334029197693
264818	0.5138328075408936
365332	0.5653108954429626
418949	0.6001149415969849
572555	0.5359774231910706
89229	0.48592790961265564
213646	0.5233325958251953
168083	0.5032321810722351
333988	0.6667502522468567
517404	0.3972229063510895
264877	0.389533132314682
451758	0.4921228885650635
274609	0.47517621517181396
574130	0.5153318047523499
314038	0.5779352784156799
480441	0.5645531415939331
547515	0.3689154088497162
570566	0.5679230690002441
142030	0.5118076801300049
142031	0.6106185913085938
570577	0.6721807718276978
274644	0.42790907621383667
314082	0.5381671786308289
347364	0.5437195897102356
365287	0.477237343788147
347369	0.47110140323638916
347370	0.4551719129085541
365291	0.477237343788147
347372	0.4402216970920563
239892	0.5662443041801453
43292	0.4949657917022705
461093	0.4760228097438812
307509	0.6436039209365845
30007	0.5918495655059814
273731	0.5096713304519653
509765	0.42790907621383667
290633	0.6338537931442261
345418	0.5347906947135925
509771	0.3773917257785797
314700	0.46102723479270935
99151	0.504950761795044
52058	0.5741807818412781
372062	0.6616137027740479
372063	0.5279006958007812
29537	0.8037303686141968
347367	0.5998920202255249
140522	0.45966455340385437
464769	0.5163029432296753
347371	0.5437195897102356
102276	0.42074695229530334
116535	0.44600218534469604
49550	0.36522990465164185
260077	0.5618950724601746
543132	0.5757485032081604
566175	0.2452613264322281
308648	0.4906604588031769
495530	0.4906001687049866
56242	0.3921402394771576
68021	0.6007969975471497
326217	0.5065839290618896
290634	0.5880752205848694
571982	0.38012340664863586
184800	0.4150311350822449
577511	0.5257152318954468
264683	0.5392879843711853
566253	0.5783132910728455
102569	0.5488237738609314
