409089	0.6342409253120422
498178	0.608207106590271
210774	0.44666773080825806
308238	0.5523736476898193
285199	0.6328410506248474
183827	0.6548340320587158
132628	0.37915313243865967
579102	0.621951699256897
309793	0.7362364530563354
491782	0.44011059403419495
119335	0.624413251876831
196649	0.5029395818710327
305706	0.5335663557052612
199730	0.6222177147865295
111198	0.6004784107208252
126007	0.6091644167900085
122635	0.5992920398712158
366660	0.5297876596450806
289864	0.5424852967262268
489997	0.6809003353118896
449620	0.46816012263298035
257621	0.5510175824165344
136286	0.37917953729629517
290413	0.5003500580787659
500337	0.7158750295639038
204308	0.4188624620437622
364667	0.6867912411689758
547457	0.6678786277770996
285322	0.659785807132721
7308	0.692747175693512
33935	0.3103618323802948
417940	0.5475022792816162
487573	0.5583382248878479
169753	0.5700381994247437
507544	0.6308183073997498
119976	0.42544612288475037
34589	0.14686501026153564
182965	0.6941558718681335
301750	0.6715074181556702
529591	0.6312005519866943
222905	0.6619841456413269
443586	0.512748122215271
290499	0.3914310336112976
491211	0.6631761789321899
487133	0.6000925302505493
243237	0.37083330750465393
285411	0.5379624962806702
306404	0.5041906237602234
32722	0.43908387422561646
473331	0.15506300330162048
304886	0.580124020576477
281338	0.6060677170753479
283910	0.535785973072052
556808	0.6077587008476257
491785	0.44011059403419495
11531	0.6424729824066162
579092	0.6963611245155334
41744	0.5680996179580688
192785	0.4498923420906067
208713	0.5402238368988037
411929	0.6933950185775757
333084	0.5550438165664673
224029	0.7258987426757812
306480	0.5322332382202148
445759	0.5871503949165344
371520	0.5478390455245972
149829	0.5721120238304138
416396	0.5856509208679199
523085	0.45166513323783875
149846	0.5721120238304138
526682	0.37653443217277527
227164	0.5709549784660339
528733	0.5483213663101196
526698	0.6773377656936646
37742	0.14686501026153564
277878	0.7006168961524963
1274	0.4553702771663666
206204	0.19629217684268951
138626	0.7353596091270447
297348	0.5978090167045593
470930	0.7030948400497437
245664	0.6179656982421875
18352	0.5897941589355469
60338	0.6534014344215393
377783	0.6117533445358276
226238	0.5396728515625
548799	0.5292313694953918
507841	0.628185510635376
507844	0.41549745202064514
141778	0.632150411605835
37341	0.46699634194374084
378337	0.6093013882637024
284648	0.17952488362789154
450026	0.5011000633239746
358384	0.528377890586853
345073	0.6726036667823792
175094	0.6047735810279846
