526336	0.3543437123298645
70149	0.49243947863578796
487942	0.6026603579521179
98647	0.5606303215026855
59407	0.3167473077774048
452698	0.4748365581035614
191521	0.3909164369106293
69681	0.4123488962650299
478777	0.37641775608062744
405578	0.33374688029289246
531019	0.47475600242614746
515660	0.3502819538116455
405583	0.32835063338279724
224346	0.23641642928123474
522339	0.4054585099220276
112743	0.4145815372467041
19049	0.6328393220901489
359018	0.3688764274120331
512107	0.49206534028053284
393328	0.37536725401878357
309362	0.5102129578590393
335475	0.5516290664672852
538681	0.294908344745636
70777	0.7222552299499512
548482	0.17227423191070557
170121	0.37214329838752747
154254	0.4473775327205658
338577	0.4360825717449188
261780	0.4605962336063385
537749	0.3413410186767578
191642	0.35725587606430054
464546	0.6936140656471252
435366	0.5468400120735168
225450	0.38927945494651794
168110	0.761577844619751
393391	0.31873661279678345
575859	0.2599545121192932
265399	0.35129067301750183
400571	0.19650767743587494
249020	0.4187752902507782
249022	0.37995168566703796
25795	0.3840675354003906
25800	0.37986302375793457
69833	0.45436328649520874
335053	0.6530992984771729
385743	0.5884749293327332
142037	0.41525164246559143
116951	0.3705315589904785
365284	0.4201512634754181
216294	0.6291599273681641
393450	0.47731903195381165
207087	0.34597036242485046
112373	0.3382002115249634
445686	0.4625980257987976
501497	0.3979589641094208
236287	0.40105438232421875
556331	0.44034257531166077
198414	0.6835781931877136
211223	0.2982029914855957
423195	0.0926600992679596
417060	0.5849615931510925
508715	0.47206804156303406
401708	0.41794049739837646
76078	0.27619609236717224
307503	0.3631450831890106
189744	0.5603315830230713
336703	0.4030837416648865
512832	0.5001707673072815
205651	0.3094276785850525
450391	0.6559686064720154
516836	0.35015401244163513
196442	0.26465439796447754
333660	0.516126275062561
115552	0.34535717964172363
89830	0.2653547525405884
493926	0.6125290989875793
18290	0.45345431566238403
528243	0.3400517702102661
462996	0.404580295085907
261781	0.38851991295814514
304000	0.4395321011543274
195392	0.21177038550376892
296835	0.358136922121048
292744	0.6043177247047424
225167	0.446561336517334
540048	0.2746562957763672
90527	0.4252500534057617
90535	0.36718010902404785
393641	0.46389439702033997
487850	0.5190759897232056
520619	0.35462841391563416
520620	0.21992246806621552
505786	0.5079481601715088
566346	0.30980217456817627
104895	0.38183119893074036
259522	0.7945764660835266
340043	0.49348244071006775
158149	0.5861721634864807
335814	0.417204350233078
70612	0.5762373805046082
375545	0.36358922719955444
111066	0.3435847759246826
61925	0.6964786648750305
337384	0.4280792772769928
547818	0.7618098258972168
515568	0.4302058517932892
4088	0.4300059676170349
580602	0.6653358936309814
