525315	0.4657091796398163
212486	0.5359439849853516
476180	0.4265024662017822
69143	0.5675938725471497
264219	0.15033023059368134
366108	0.5611565113067627
34847	0.6057447195053101
456539	0.5910647511482239
212008	0.5854122638702393
194100	0.7483259439468384
54842	0.3509060740470886
481857	0.6026297807693481
522432	0.6598247289657593
191566	0.46119189262390137
56919	0.5508646965026855
262234	0.5517918467521667
441957	0.5663723349571228
424034	0.7364330291748047
353381	0.6807279586791992
109160	0.42601704597473145
367220	0.5134512782096863
438390	0.5716230273246765
364666	0.5913848280906677
36991	0.22192895412445068
485505	0.6408126354217529
108165	0.6260764002799988
503948	0.7130396366119385
410258	0.593302309513092
243054	0.6698428392410278
47770	0.14381110668182373
242986	0.6471664905548096
40099	0.6803649067878723
268454	0.65792316198349
44716	0.5766149759292603
560832	0.6189796924591064
126179	0.5186583995819092
242920	0.6435089111328125
505066	0.6345020532608032
443639	0.6044715642929077
478456	0.6371570229530334
467196	0.6998884677886963
141565	0.49305975437164307
260868	0.4369295537471771
212246	0.6032320857048035
155930	0.5043032169342041
218913	0.6286890506744385
511267	0.6717032790184021
33575	0.22192895412445068
443688	0.5505591630935669
268585	0.6590742468833923
275242	0.5498005747795105
422702	0.5862968564033508
361775	0.7044307589530945
395571	0.6336253881454468
406842	0.6986377239227295
113476	0.22237926721572876
423750	0.6999632716178894
303947	0.6171370148658752
260952	0.6151074767112732
171354	0.6345165967941284
499035	0.5720043778419495
172893	0.6475607752799988
171358	0.6120465993881226
253801	0.6497207283973694
36205	0.22192895412445068
331630	0.5608364343643188
440688	0.48671650886535645
36210	0.22192895412445068
297340	0.6538669466972351
100501	0.6703039407730103
212354	0.6674361824989319
533569	0.420177161693573
43402	0.6931347846984863
578443	0.446673184633255
261534	0.7102816104888916
193952	0.6605724692344666
171425	0.5517918467521667
306598	0.616973876953125
35239	0.5690286159515381
46511	0.5493066906929016
61364	0.5720881819725037
69045	0.654303252696991
469942	0.681269645690918
523710	0.45835843682289124
528289	0.5581486821174622
522547	0.522537350654602
481226	0.6775214076042175
30162	0.6616987586021423
23478	0.6672746539115906
409044	0.7310509085655212
991	0.6813308596611023
257506	0.47861602902412415
113124	0.5885743498802185
208876	0.6956904530525208
1005	0.6810302138328552
434158	0.629408061504364
116209	0.6150627732276917
487479	0.44522666931152344
36348	0.5167372226715088
