361990	0.4396820068359375
409105	0.5390694737434387
208916	0.43080005049705505
134699	0.5752564668655396
451637	0.2602977752685547
168514	0.501389741897583
12874	0.44183120131492615
150090	0.48928582668304443
409171	0.5306524038314819
379996	0.36183425784111023
194160	0.5524556040763855
34579	0.18713167309761047
412791	0.41935205459594727
129670	0.47156625986099243
389258	0.5946469902992249
133260	0.38063523173332214
533133	0.4784310460090637
472220	0.34202516078948975
35185	0.18835318088531494
376493	0.47577086091041565
175987	0.27321910858154297
547017	0.5631480813026428
547012	0.4710768461227417
547014	0.3029385805130005
547016	0.5271218419075012
508108	0.350890576839447
467575	0.4938496947288513
454348	0.8033223152160645
324814	0.46103641390800476
380623	0.06382528692483902
278738	0.4270811378955841
581332	0.28706640005111694
300763	0.4753635823726654
453852	0.43933841586112976
508125	0.3815506398677826
231134	0.462336927652359
550114	0.4479352533817291
276707	0.4452771842479706
276708	0.4452771842479706
258428	0.48255977034568787
372971	0.36372098326683044
365805	0.4811735451221466
508142	0.6650980114936829
196856	0.2847624719142914
216323	0.4000110626220703
117509	0.35062533617019653
252173	0.5858079791069031
358675	0.5416799783706665
121115	0.35071274638175964
420124	0.017559735104441643
434463	0.5465721487998962
190244	0.38965699076652527
387885	0.5166261792182922
547120	0.6136071085929871
124222	0.4855881631374359
554815	0.417106032371521
346441	0.39922431111335754
274762	0.5291967988014221
41295	0.3273451328277588
41298	0.3273451328277588
283484	0.4406890869140625
283485	0.41069459915161133
408932	0.5393522381782532
259429	0.42402952909469604
291688	0.47482186555862427
374634	0.4659591615200043
150381	0.5087801814079285
408945	0.48058655858039856
368499	0.18912743031978607
133494	0.4891391396522522
450427	0.38562190532684326
89980	0.3422820270061493
258429	0.4994482696056366
453505	0.4847622215747833
509319	0.3474205732345581
453514	0.4748964011669159
509323	0.47919654846191406
424336	0.46661147475242615
506265	0.4886574149131775
397234	0.4225357472896576
456691	0.18835318088531494
438203	0.4569305181503296
193866	0.4783496558666229
139211	0.40505191683769226
231888	0.5383471846580505
168406	0.44750699400901794
448471	0.15815259516239166
463838	0.36900413036346436
12770	0.5059866905212402
500708	0.44309085607528687
470505	0.4283539056777954
277485	0.38804760575294495
444398	0.41424503922462463
154611	0.2556140720844269
456693	0.1705474853515625
486902	0.46830639243125916
88055	0.38590285181999207
396280	0.4733228385448456
142330	0.4451751708984375
142331	0.49802321195602417
