76288	0.5680347681045532
314368	0.6173762083053589
53078	0.7606984376907349
36367	0.15340736508369446
144401	0.4884411692619324
562194	0.42563319206237793
407064	0.6247193813323975
60965	0.6409382224082947
446502	0.4191236197948456
293928	0.5250265598297119
45099	0.43698275089263916
301100	0.5277610421180725
564784	0.7189232707023621
114226	0.4998992681503296
81972	0.5487527847290039
413962	0.40152624249458313
453696	0.4866347312927246
138305	0.5212897658348083
271938	0.5880845189094543
149063	0.5219596028327942
292938	0.3469998836517334
43605	0.4159054160118103
93287	0.5786551237106323
579688	0.5191807746887207
163946	0.5631538033485413
71792	0.4935784935951233
529522	0.4774617552757263
391018	0.2369714379310608
22146	0.5136626362800598
105096	0.6076184511184692
54422	0.2532138228416443
515736	0.5182909965515137
56985	0.3879010081291199
293023	0.4703202545642853
293024	0.469038724899292
293025	0.47704917192459106
293026	0.4644961655139923
112295	0.552524745464325
532136	0.3855581283569336
168105	0.5240437984466553
238768	0.763024628162384
436913	0.3094996213912964
309433	0.6378013491630554
36539	0.5584641695022583
1736	0.5996646285057068
197836	0.6365844011306763
205517	0.5106123685836792
26330	0.5854868292808533
365792	0.559542179107666
399077	0.39074447751045227
29927	0.48166587948799133
135403	0.5486968755722046
53484	0.5129590034484863
74991	0.7101870775222778
112375	0.618258535861969
447227	0.6091492772102356
298762	0.623999297618866
493323	0.5197093486785889
58132	0.5490408539772034
105752	0.5244196653366089
210223	0.49666133522987366
113965	0.6257390975952148
477487	0.4981531500816345
57651	0.37708672881126404
43829	0.6123840808868408
293183	0.3294168710708618
299333	0.4447319805622101
470349	0.5329540371894836
460624	0.525168776512146
313681	0.579975426197052
109395	0.5569519400596619
470358	0.5687717199325562
61275	0.5057106018066406
344805	0.6047050952911377
117604	0.5603539347648621
293225	0.5358943343162537
414058	0.39142894744873047
63341	0.7761519551277161
414062	0.36755895614624023
242557	0.5497270226478577
414078	0.26575273275375366
476037	0.5308334827423096
102794	0.46635591983795166
102800	0.4930541217327118
579474	0.4479368031024933
404633	0.5950583815574646
414104	0.25600099563598633
230812	0.5906514525413513
292766	0.3726155459880829
511903	0.5887182950973511
437676	0.5211330056190491
527791	0.4776410460472107
507807	0.439162015914917
11710	0.37789028882980347
57279	0.47542038559913635
563653	0.5896483659744263
297929	0.4833800494670868
529358	0.48054978251457214
293331	0.5660973787307739
150486	0.502899706363678
187353	0.5881333351135254
16871	0.5224565267562866
35827	0.3775938153266907
412153	0.3776842951774597
499195	0.653679609298706
