117760	0.5877152681350708
30977	0.3560958206653595
523351	0.3086698651313782
440747	0.4552311897277832
246661	0.6274248361587524
429064	0.36700576543807983
221577	0.6132270693778992
142731	0.5921126008033752
125452	0.5259854793548584
311181	0.4706079065799713
86426	0.37446439266204834
407205	0.43151742219924927
486467	0.38473212718963623
555284	0.656896710395813
400663	0.5148985981941223
312985	0.7499732971191406
280730	0.540069043636322
447515	0.43609851598739624
315164	0.6138595342636108
500857	0.3476959764957428
120990	0.5265161395072937
433989	0.45605388283729553
472993	0.472807377576828
70946	0.3970976769924164
23972	0.48281732201576233
317861	0.47338202595710754
219686	0.5788542628288269
314407	0.517357349395752
556329	0.6468957662582397
185771	0.44413766264915466
449580	0.5729547142982483
490525	0.485831618309021
429067	0.47365888953208923
478772	0.7463053464889526
325918	0.45529064536094666
235832	0.48560085892677307
309177	0.2683338224887848
241951	0.3043975532054901
510782	0.4841986298561096
436415	0.4133698046207428
507072	0.5855414867401123
88288	0.5078470706939697
480706	0.5018841028213501
60227	0.5178154110908508
19141	0.5544672012329102
320967	0.45265084505081177
554056	0.4147913157939911
554058	0.46541738510131836
283724	0.24977245926856995
540258	0.4655328392982483
180032	0.5060951113700867
219430	0.4034358859062195
324689	0.47338202595710754
423893	0.5477368831634521
376505	0.7510212659835815
399320	0.7380257844924927
487235	0.448238730430603
311131	0.46004432439804077
362077	0.5517939329147339
533470	0.6375307440757751
500709	0.39540016651153564
179936	0.5453036427497864
295393	0.5103075504302979
493538	0.5125353336334229
445412	0.5700625777244568
445413	0.5700625777244568
77222	0.2987837493419647
417897	0.485324889421463
488064	0.46383100748062134
432304	0.5498115420341492
209260	0.5072463154792786
2028	0.5320212841033936
324462	0.45870134234428406
453172	0.5158911347389221
310494	0.5006437301635742
497464	0.30865129828453064
511763	0.5396986603736877
501876	0.5049072504043579
451318	0.3718287944793701
209193	0.3939244747161865
360825	0.4248940646648407
457212	0.44545885920524597
