121472	0.3334008753299713
148097	0.5464245676994324
421251	0.500267505645752
78212	0.4869256913661957
93062	0.13510426878929138
116489	0.45632630586624146
382350	0.4289059638977051
97686	0.41067740321159363
555140	0.39522016048431396
145691	0.5102805495262146
376481	0.5644071698188782
145704	0.522426962852478
366379	0.39278462529182434
179888	0.3804989457130432
380722	0.5495634078979492
276659	0.3929979205131531
176606	0.542274534702301
499880	0.5501133799552917
238140	0.4818976819515228
537791	0.541968047618866
520003	0.7482585310935974
422341	0.2458910495042801
404811	0.5495634078979492
554967	0.6023333072662354
334174	0.382691890001297
519648	0.22565384209156036
287211	0.5866864919662476
71023	0.38257694244384766
366192	0.4114086627960205
366193	0.6145023703575134
333554	0.5820995569229126
186747	0.3334008753299713
