128768	0.7850773334503174
241280	0.6639268398284912
104682	0.68216872215271
388999	0.6992776393890381
245420	0.5186206102371216
464779	0.6789841055870056
513420	0.7040920853614807
422159	0.6379606127738953
13840	0.7285802960395813
436201	0.5099633932113647
456174	0.7094811201095581
270041	0.665871262550354
502368	0.610485851764679
57391	0.4819791913032532
460060	0.6071999669075012
245277	0.19186457991600037
145313	0.7798222899436951
29761	0.4359862506389618
280485	0.6496434807777405
361766	0.7390227317810059
375082	0.6974291801452637
375083	0.7561259865760803
307628	0.7423964738845825
185646	0.7367761135101318
250543	0.8655263781547546
534320	0.5897362232208252
508596	0.6840783953666687
346421	0.6723534464836121
253367	0.650909960269928
461625	0.6606606245040894
507962	0.6276844143867493
465437	0.6607364416122437
468798	0.6617754697799683
427201	0.5801348686218262
42635	0.7405314445495605
310085	0.6206896901130676
149446	0.710241436958313
114529	0.7403665781021118
341448	0.8320475816726685
556361	0.5864946246147156
260279	0.661575973033905
48588	0.6737374663352966
104653	0.6894855499267578
384977	0.6787193417549133
195029	0.7591896653175354
544857	0.7618464827537537
219867	0.7518824934959412
385249	0.5895296931266785
508767	0.8285596370697021
114528	0.7496280670166016
340833	0.7774857878684998
102754	0.7798222899436951
145124	0.8365057706832886
573895	0.7423655986785889
236008	0.7498573660850525
410985	0.6016592383384705
84459	0.7965891361236572
197741	0.7702656388282776
256321	0.6072096824645996
114423	0.713036298751831
414065	0.511149525642395
139250	0.693604052066803
376181	0.6890736818313599
145911	0.5976437330245972
489193	0.6673840880393982
384891	0.705393373966217
149628	0.7224491834640503
403325	0.6565119028091431
529919	0.6709155440330505
