484879	0.4188842177391052
182800	0.5337943434715271
103445	0.6082128286361694
485406	0.5192193388938904
75301	0.5152214765548706
425001	0.551750898361206
555061	0.5270392298698425
267322	0.5075324773788452
182847	0.652703046798706
546888	0.4673105478286743
437322	0.5872129201889038
266316	0.4504796266555786
48726	0.5954776406288147
554584	0.4453292191028595
517309	0.6725985407829285
432754	0.5383071303367615
71283	0.35404279828071594
363126	0.5910799503326416
401027	0.6733878254890442
117893	0.7676388621330261
390791	0.5272741913795471
227467	0.6589428782463074
442009	0.5088606476783752
154778	0.29771241545677185
525983	0.1902274191379547
433312	0.5790137052536011
35491	0.587675154209137
573607	0.29647937417030334
526508	0.5369036793708801
419505	0.5588747262954712
441530	0.4072842001914978
185020	0.6020398139953613
275645	0.6199769377708435
526540	0.5488704442977905
411345	0.1227797195315361
89303	0.5304643511772156
538335	0.5703246593475342
417509	0.3505963385105133
62161	0.6108703017234802
576233	0.6209236979484558
124152	0.7780166268348694
364285	0.6044946312904358
89855	0.792823076248169
71950	0.44255518913269043
225039	0.7907848954200745
238877	0.8147567510604858
44318	0.6007898449897766
188713	0.5023705959320068
418605	0.3235034942626953
164157	0.5959162712097168
402240	0.512353241443634
302401	0.6394891738891602
59717	0.41177600622177124
139091	0.3028508126735687
510299	0.31526312232017517
440157	0.48684465885162354
95591	0.1370488554239273
170857	0.5501306056976318
247150	0.36948642134666443
70516	0.6970232725143433
481655	0.8215976357460022
219518	0.6598801016807556
219521	0.49822771549224854
11139	0.4917006492614746
330123	0.6928361058235168
352661	0.49010172486305237
149919	0.5764018893241882
12193	0.575856626033783
225195	0.6610673666000366
427438	0.4064611494541168
352698	0.4966610074043274
485823	0.5729613304138184
362439	0.6283228397369385
115673	0.48221465945243835
573404	0.33999156951904297
443869	0.460103839635849
198631	0.6391590237617493
538367	0.7166009545326233
