148908	0.4592095911502838
91661	0.7263007164001465
143887	0.6615761518478394
154642	0.553080141544342
91669	0.7231367826461792
122905	0.6424427032470703
82973	0.5788085460662842
154654	0.6019195914268494
300066	0.6920807957649231
268323	0.6343134045600891
300072	0.6676419377326965
300073	0.6298071146011353
300075	0.5735481977462769
300076	0.6521556377410889
576048	0.6933839917182922
141879	0.6408299207687378
143928	0.6629934310913086
143940	0.528860867023468
282182	0.43628227710723877
371784	0.45105627179145813
371785	0.653943657875061
153679	0.4922958016395569
126038	0.6102453470230103
173148	0.5787477493286133
210014	0.4384366273880005
426593	0.38807442784309387
153704	0.6452738046646118
153705	0.6452738046646118
156779	0.5089147686958313
436847	0.6882486343383789
426600	0.5396895408630371
230011	0.69598788022995
156285	0.6682267189025879
427134	0.7660896182060242
156290	0.7019003033638
333958	0.60884690284729
156300	0.55452960729599
153744	0.6160537004470825
217745	0.7005020380020142
155799	0.40950071811676025
217760	0.6336660385131836
508065	0.6728985905647278
155810	0.4553848206996918
131755	0.6468865275382996
510638	0.6295362710952759
580637	0.5442830324172974
510647	0.6621779203414917
217786	0.6504834890365601
156106	0.5560410618782043
153791	0.6959879994392395
6336	0.5109456777572632
300067	0.6480278372764587
417986	0.6725069284439087
417987	0.6371341347694397
107718	0.5879500508308411
209610	0.643544614315033
125133	0.5980803370475769
565624	0.6801875829696655
576035	0.6255443692207336
546525	0.7341347336769104
546526	0.7341347336769104
558303	0.6059135794639587
558304	0.6320856809616089
217829	0.6333549618721008
254694	0.5949727892875671
221991	0.5182231068611145
156425	0.6813116669654846
145690	0.35076722502708435
495399	0.5951001644134521
153897	0.5245966911315918
367933	0.6957616209983826
406857	0.6281421780586243
534347	0.6470283269882202
278863	0.669379711151123
155986	0.667908787727356
422739	0.6529359817504883
129876	0.6346901655197144
223586	0.5888511538505554
223590	0.6018178462982178
217447	0.6584314107894897
420210	0.6093635559082031
414068	0.4785762131214142
508280	0.3408861756324768
565625	0.6729690432548523
493961	0.6826995015144348
550289	0.5111190676689148
154523	0.6334571242332458
156060	0.7646409869194031
312742	0.6441846489906311
305068	0.633648157119751
186287	0.6588449478149414
153532	0.5947753190994263
187723	0.4943368136882782
186314	0.719615638256073
124373	0.5903666019439697
124378	0.6180961728096008
308190	0.7063596844673157
155615	0.661530077457428
124384	0.6236512660980225
155618	0.7454277276992798
218083	0.458700954914093
577516	0.5854366421699524
91630	0.7252300977706909
143856	0.7075918316841125
143860	0.6828662157058716
406521	0.6612239480018616
143868	0.675841212272644
