407553	0.5496446490287781
208902	0.6117423176765442
557067	0.5377755761146545
173591	0.6027478575706482
289321	0.7418470978736877
448555	0.5587530732154846
384046	0.720583438873291
384050	0.6974657773971558
241715	0.5517624616622925
476729	0.6959497332572937
216128	0.6732243299484253
452174	0.7217292785644531
173647	0.6109839677810669
174160	0.6338817477226257
357305	0.6219584941864014
235280	0.5291312336921692
379496	0.42419159412384033
207465	0.6289533376693726
476788	0.5782510638237
213621	0.5371502637863159
34424	0.5476571917533875
481403	0.6983063817024231
481404	0.729147732257843
346756	0.5710749626159668
168070	0.7319049835205078
460935	0.5020937919616699
460936	0.5721315741539001
444553	0.6940556168556213
137871	0.5768750905990601
481428	0.670500636100769
213359	0.6279959082603455
244380	0.6747376322746277
402077	0.5339630842208862
244385	0.6181716322898865
244387	0.5851380228996277
244388	0.6383140087127686
215205	0.6961073279380798
250025	0.5505746006965637
244400	0.7369734644889832
244401	0.7329471111297607
244402	0.682303249835968
279223	0.6419914960861206
481396	0.7209628224372864
244415	0.6778858304023743
244418	0.6812835335731506
430030	0.7159988284111023
244446	0.6850412487983704
244447	0.6242464780807495
137953	0.5248634219169617
244450	0.6267109513282776
196843	0.607154369354248
461052	0.5258973240852356
244478	0.6724754571914673
521474	0.6650245189666748
244486	0.6268481016159058
244487	0.6734321713447571
173840	0.6498153209686279
469780	0.5402204394340515
521494	0.6605219841003418
184609	0.6912246942520142
500003	0.5693543553352356
214308	0.1554715931415558
521511	0.7201042771339417
244520	0.6397882699966431
244521	0.6897332668304443
521518	0.7324690818786621
420657	0.7872254848480225
244531	0.6920002698898315
521527	0.684349536895752
521530	0.6966835856437683
521531	0.7028651237487793
244540	0.6863372325897217
203581	0.5527288317680359
244542	0.7161747813224792
183109	0.6086523532867432
383819	0.7389166951179504
244560	0.6008526086807251
41297	0.552359402179718
244563	0.5482636094093323
183124	0.5887526273727417
352570	0.5195482969284058
444255	0.5290292501449585
509792	0.5836383700370789
357179	0.6365333795547485
381292	0.5470877289772034
303471	0.6378936767578125
402802	0.7039342522621155
203582	0.7382317185401917
193401	0.6832281351089478
207762	0.6326709389686584
357272	0.6137310266494751
383902	0.6443408727645874
357280	0.627616286277771
357297	0.6264996528625488
174002	0.6997861266136169
357301	0.5804188251495361
182713	0.6536849737167358
383932	0.6489138603210449
430029	0.7519791722297668
383950	0.6478476524353027
411601	0.5839646458625793
411606	0.6512851715087891
270807	0.5685049295425415
444581	0.6878094673156738
457188	0.49944284558296204
174065	0.6563871502876282
