49923	0.3321343660354614
315525	0.5128671526908875
490886	0.43923288583755493
315527	0.487635999917984
490888	0.5357596278190613
315529	0.5128671526908875
315530	0.5128671526908875
332823	0.5560206174850464
315532	0.5703842639923096
51906	0.4588909447193146
580111	0.5911052823066711
42256	0.4987642168998718
316504	0.5542688369750977
52244	0.4264333248138428
316505	0.557114839553833
216471	0.517643392086029
98200	0.5975795984268188
98201	0.6068068742752075
51484	0.42865243554115295
71454	0.4602351188659668
97697	0.7040881514549255
315526	0.5128671526908875
231025	0.5601149201393127
16680	0.5791835188865662
6825	0.6528790593147278
179271	0.5521532893180847
51080	0.3272021412849426
53805	0.5348374247550964
374617	0.6519421339035034
89135	0.690532386302948
315528	0.5128671526908875
309170	0.6166038513183594
51123	0.468823105096817
326836	0.5370697379112244
52789	0.44593819975852966
577137	0.5967383980751038
101683	0.4797426164150238
92091	0.40801095962524414
92092	0.40603864192962646
78013	0.5247316360473633
296127	0.6171563267707825
50498	0.45207899808883667
490887	0.4201969802379608
574790	0.45294952392578125
55367	0.32423481345176697
42184	0.7024096250534058
303720	0.5286400318145752
319095	0.5357345938682556
319111	0.5108597874641418
326221	0.6207961440086365
51320	0.3656271994113922
23890	0.6939013600349426
124371	0.5024369955062866
158826	0.37918800115585327
50646	0.4297013282775879
316503	0.5241164565086365
100184	0.5723263621330261
50905	0.44773954153060913
189787	0.31705403327941895
480250	0.5014082193374634
479632	0.4770769774913788
42466	0.6096852421760559
313191	0.5787420868873596
580200	0.5410193204879761
48060	0.43559107184410095
53610	0.6835319995880127
566594	0.4884128272533417
327016	0.49963486194610596
145130	0.3993280529975891
480244	0.5284028053283691
335376	0.5380738973617554
216233	0.2649141550064087
6136	0.6690043210983276
327034	0.4155091643333435
480253	0.49911555647850037
51839	0.4319775700569153
