138882	0.6199195384979248
138883	0.6537867188453674
116229	0.9151809215545654
346689	0.6420992612838745
436823	0.5445383787155151
496780	0.6052752137184143
346690	0.6215854287147522
127632	0.8456170558929443
539537	0.7811530232429504
102418	0.7291325330734253
539540	0.6131897568702698
539541	0.6483280062675476
536854	0.49469923973083496
52247	0.6868453621864319
86673	0.7166293859481812
99615	0.5366405844688416
64791	0.6330714821815491
52260	0.6910618543624878
343974	0.8901700377464294
178087	0.8144676685333252
461981	0.8440200090408325
152499	0.6669629812240601
253621	1.0000001192092896
247753	0.6451157331466675
184632	0.5961595773696899
121657	0.906019926071167
184634	0.8144410252571106
396261	0.6017200946807861
346685	0.6659256219863892
346686	0.6408491134643555
346687	0.5964640974998474
346688	0.6274633407592773
56641	0.5648267865180969
26946	0.7666494250297546
247752	0.6451157331466675
178889	0.8243211507797241
64716	0.7212601900100708
119609	0.6142481565475464
536864	0.6044754981994629
63952	0.6932970881462097
67064	0.7939977645874023
184633	0.9442557096481323
436824	0.5445383787155151
63452	0.7571887969970703
478053	0.6403502225875854
539536	0.6427268385887146
396260	0.5936018228530884
66533	0.6440132260322571
344600	0.5903471112251282
102417	0.6904173493385315
553576	0.6034154891967773
105852	0.5828263759613037
26986	0.7787148356437683
187815	0.7327605485916138
172783	0.7888321280479431
400883	0.8064397573471069
26996	0.7095111012458801
26941	0.7367069125175476
67318	0.6186336874961853
553577	0.6220510005950928
292728	0.8064633011817932
62842	0.6387718319892883
271995	0.7527507543563843
271996	0.671011209487915
