381440	0.834489643573761
369536	0.6465831398963928
411779	0.5900582075119019
352517	0.0026646843180060387
72710	0.5062305927276611
273671	0.6697776317596436
37769	0.14567700028419495
388362	0.8283430337905884
340619	0.7982914447784424
262029	0.5186678767204285
353422	0.6371804475784302
512015	0.5256007313728333
389720	0.653032660484314
523713	0.5702582001686096
247443	0.526506245136261
144916	0.562346875667572
234775	0.5072580575942993
108825	0.6297078132629395
395659	0.6281006336212158
124574	0.4673254191875458
381471	0.8697629570960999
351137	0.6190356016159058
209571	0.5055955052375793
352164	0.7461280822753906
37543	0.14567700028419495
209969	0.5840515494346619
392360	0.8167126774787903
273578	0.5965885519981384
470791	0.4364544153213501
215212	0.6355112195014954
273581	0.5965885519981384
581514	0.7425122857093811
77770	0.6479544043540955
197424	0.6040510535240173
95409	0.8014227151870728
243220	0.5828540325164795
324535	0.6315467953681946
441912	0.5320888161659241
100409	0.5313218832015991
33294	0.14567700028419495
446907	0.5617108941078186
472124	0.5969215631484985
474557	0.5691182613372803
273601	0.5965885519981384
97602	0.5744909048080444
487619	0.5496582388877869
121797	0.6738057136535645
426440	0.4106716215610504
479306	0.6884822845458984
200139	0.7313780784606934
172714	0.6031414866447449
259682	0.6192564964294434
157263	0.4852897822856903
242387	0.6336537599563599
447701	0.39874401688575745
172495	0.6127321124076843
76814	0.6320831179618835
390104	0.44836297631263733
32217	0.14567700028419495
272271	0.6195581555366516
125558	0.6709489822387695
345482	0.6722753643989563
487520	0.59308922290802
33121	0.14567700028419495
208610	0.5792441368103027
34660	0.7156437039375305
550885	0.6659026145935059
352743	0.4844208359718323
234730	0.5697980523109436
159719	0.6530151963233948
361324	0.6270334720611572
243218	0.5828540325164795
241903	0.594403088092804
295947	0.6192625164985657
34216	0.48868173360824585
152818	0.7090751528739929
288758	0.7171168923377991
364664	0.6245577931404114
395658	0.6399672031402588
490621	0.7196921706199646
173694	0.6925415992736816
462207	0.5777568817138672
