329737	0.4817037582397461
486412	0.31860488653182983
81935	0.26297247409820557
324526	0.31267040967941284
382486	0.13208100199699402
141337	0.3021150231361389
444447	0.3587821424007416
79904	0.15594126284122467
198690	0.243244931101799
138277	0.39574146270751953
114214	0.35663190484046936
114220	0.3275976777076721
285106	0.29489827156066895
453171	0.1297113448381424
181815	0.3087103068828583
511544	0.23561805486679077
276549	0.2927260994911194
33864	0.14425067603588104
560714	0.31894487142562866
494667	0.31772342324256897
494668	0.3334283232688904
511567	0.23561805486679077
188005	0.35378581285476685
87657	0.29820653796195984
172653	0.20209692418575287
54894	0.1560766100883484
500847	0.2421732097864151
35179	0.14425067603588104
36486	0.14425067603588104
34439	0.14425067603588104
112264	0.5432949662208557
272017	0.2915358245372772
512366	0.4060862064361572
152744	0.23858124017715454
191432	0.34050455689430237
545976	0.24795767664909363
204985	0.384238064289093
557755	0.32023337483406067
37572	0.14425067603588104
470218	0.32309725880622864
42188	0.25338512659072876
41167	0.2151920199394226
554705	0.30716726183891296
65771	0.7095842957496643
308489	0.28129133582115173
380685	0.24884270131587982
487183	0.3178747296333313
24340	0.5891284346580505
40730	0.1489352434873581
155422	0.27037888765335083
383263	0.21383000910282135
419462	0.124020054936409
227113	0.3043915629386902
489773	0.24794498085975647
403761	0.260356605052948
487221	0.18446092307567596
202554	0.3186536729335785
23360	0.35299137234687805
561987	0.2399183064699173
295757	0.65268474817276
351566	0.1949111968278885
439119	0.2754041850566864
38226	0.14425067603588104
406869	0.24043875932693481
278870	0.3071668744087219
88926	0.3438977003097534
38243	0.2352772057056427
438628	0.3466455936431885
453265	0.1970987617969513
217575	0.5113038420677185
89505	0.3049854636192322
477038	0.46435022354125977
79235	0.3372543156147003
452997	0.2356683909893036
37261	0.395968496799469
439184	0.2619801461696625
191901	0.3041341006755829
465313	0.24550861120224
115116	0.3257077634334564
443821	0.2727701961994171
443822	0.20401765406131744
381362	0.2689110338687897
77752	0.2560151517391205
79804	0.3059594929218292
535495	0.27937978506088257
447432	0.24184219539165497
315337	0.35767871141433716
548300	0.27668678760528564
538062	0.3287551999092102
107473	0.27256330847740173
548311	0.10322665423154831
443352	0.28038379549980164
114137	0.19813409447669983
38223	0.14425067603588104
162271	0.4032464623451233
34274	0.14425067603588104
381923	0.24474015831947327
444391	0.2535921335220337
276462	0.38588544726371765
515569	0.1270366609096527
471540	0.30718183517456055
319477	0.3211512863636017
538106	0.3601645529270172
19965	0.11313050240278244
