1000	266355	0.020789010577172837
1000	486916	0.024741328348908402
1000	392202	0.020023549246703663
1000	224267	0.02180240754437922
1000	224269	0.019196798965480613
1000	424474	0.019875390131177433
1000	333852	0.023847768297102345
1000	255522	0.019124944775111244
1000	253481	0.019409688068428625
1000	257579	0.02748714372443779
1000	483376	0.028214274985094566
1000	247475	0.011711108669030697
1000	581174	0.02178780208200764
1000	250426	0.029933285949756548
1000	484411	0.028327769640146914
1000	132675	0.01458806640824717
1000	442956	0.005054604916958153
1000	212570	0.02501082363584165
1000	558176	0.016618690573514106
1000	243301	0.02581204042823415
1000	482921	0.014342584528044381
1000	147050	0.020622388136209636
1000	551531	0.016110255000114024
1000	551532	0.019614515150319062
1000	198256	0.018160524198493896
1000	243315	0.023135395459488183
1000	509557	0.031988355292073035
1000	243322	0.021890375681897684
1000	264042	0.02068073209991233
1000	225409	0.022096749844101347
1000	497799	0.013068289962674938
1000	381583	0.027148835998684034
1000	571539	0.007843817694797259
1000	183834	0.027350894345668647
1000	59039	0.0077591244083685725
1000	523936	0.015625214608876663
1000	507042	0.029425206994658483
1000	377511	0.018517064271567175
1000	443420	0.018729501425367823
1000	400045	0.024575109275123134
1000	400051	0.02312579727586895
1000	212151	0.027275931235889422
1000	508600	0.019257909140730816
1000	136889	0.02900513963220168
1000	424123	0.011470075801110823
1000	79562	0.006680692455299896
1000	43198	0.03055214922378452
1000	243317	0.013037869386068638
1000	508614	0.01710503536950412
1000	365768	0.01633947407529541
1000	428235	0.02595357919736884
1000	283867	0.028722935727005516
1000	418529	0.013809982783381757
1000	487138	0.014886311574126794
1000	177623	0.04337450859452237
1000	295660	0.013003679295006634
1000	389075	0.014931803430164967
1000	759	0.00177507045298859
1000	258299	0.026989475646073686
1000	400001	0.023300137231399842
1000	125199	0.02823401633344274
1000	482579	0.022623911282582114
1000	127253	0.027977836750857105
1000	575779	0.009163891580879971
1000	225588	0.020984150665525742
1000	377142	0.03296046087766945
1000	404279	0.016055193727570232
1000	36165	0.01792205015326825
1000	172880	0.025510893225170257
1000	567634	0.00908135692937704
1000	409951	0.019592844669943293
1000	79596	0.015959083736793285
1000	132455	0.01577725322571829
1000	459114	0.01432796354430544
1000	287934	0.031046301651636743
1000	423792	0.011620022503795185
1000	482163	0.02337234381046872
1000	35203	0.017489219595529452
1000	434582	0.04557621065892784
1000	36231	0.018312687166885392
1000	162697	0.01894062811141171
1000	400778	0.035207117404501116
1000	450448	0.011209241500040093
1000	78742	0.012752552078755806
1000	434587	0.02639281495224773
1000	210844	0.01333188838746777
1000	436642	0.017515128247627073
1000	484771	0.02563091934350451
1000	555431	0.012572467209600915
1000	224169	0.016181861696312465
1000	570286	0.009748457679147372
1000	19467	0.01912369003993851
1000	572851	0.010549667271780928
1000	527288	0.01828738557078243
1000	265756	0.011041660868587475
1000	565866	0.0033701537382212704
1000	183751	0.027333503047665377
1000	430091	0.015538885660045295
1000	530387	0.025797441654022403
1000	183767	0.038216530283449936
1000	211931	0.0178404473054972
1000	512477	0.028345303587195284
1000	400041	0.01378536593204072
