1061	372738	0.009393114128574492
1061	466953	0.052394319034594766
1061	526859	0.010660255285765034
1061	166926	0.008905388614444586
1061	185873	0.012327957154393769
1061	470035	0.01058224166839321
1061	163348	0.04911121756250963
1061	60438	0.010584199786375158
1061	109094	0.012556798350412329
1061	374314	0.00907975291741805
1061	38448	0.012171835777951124
1061	320566	0.031999592067994305
1061	42551	0.011222827433120235
1061	505914	0.008340557691773456
1061	211516	0.009897423359897335
1061	379474	0.010392070075459498
1061	419412	0.008118912850277285
1061	581719	0.012338988893625162
1061	555609	0.012487669488382917
1061	419422	0.0037444368206293985
1061	419424	0.012907533945965029
1061	349281	0.009715587513378863
1061	289379	0.017082004178737193
1061	205412	0.007536895060239985
1061	88167	0.010877324211280086
1061	101993	0.01647610795779874
1061	521328	0.0724452878143558
1061	63090	0.019268716261189794
1061	24181	0.016229951013046442
1061	190057	0.009062679024114761
1061	501881	0.017522237157117638
1061	303227	0.015028956013280472
1061	379009	0.00901353336303449
1061	505474	0.012094499044695277
1061	152195	0.006440398637194019
1061	374294	0.009925387450338023
1061	295047	0.01483583855891377
1061	234121	0.07455407594730742
1061	418954	0.006645657873483757
1061	312973	0.01134861516641387
1061	59676	0.0006668327329440633
1061	94874	0.010282161253964164
1061	276635	0.03446687083945223
1061	292513	0.009684500231335283
1061	152745	0.010489256296748515
1061	450730	0.008934110563115187
1061	491179	0.02500227410671868
1061	313012	0.010298930925139754
1061	365756	0.02416866097603394
1061	106101	0.12419102921021247
1061	348793	0.020333569574082364
1061	544469	0.010497523553083886
1061	551127	0.02924535965474485
1061	166106	0.012245970281735397
1061	29408	0.11711423792107925
1061	490725	0.009961684833410187
1061	91367	0.012695629033802912
1061	412028	0.049627665228684816
1061	495850	0.009926533885450107
1061	151798	0.16072699980535077
1061	331521	0.011085580074782306
1061	234759	0.028719668578865737
1061	209676	0.011146649167201653
1061	110349	0.0825633108576237
1061	13101	0.008088086503354453
1061	123152	0.029951199044751894
1061	390419	0.009255831492706135
1061	557337	0.013763150100129943
1061	189724	0.015019480295124404
1061	217888	0.008525187281377468
1061	180521	0.007969244472771265
1061	553258	0.08470711563460699
1061	100141	0.11228351875157584
1061	312123	0.01493675725332061
1061	284990	0.018332977054435658
1061	125761	0.04076475030744745
1061	361284	0.05079749342140909
1061	51013	0.016315198692074456
1061	112460	0.00920728915402838
1061	313686	0.011605561456965466
1061	94046	0.011162020296461942
1061	247611	0.010606361381719791
1061	376683	0.011321214207448757
1061	561520	0.10203831097909634
1061	6513	0.10331856207011421
1061	85372	0.05020741338741262
1061	419199	0.02489055299804383
1061	384399	0.011861996321083586
1061	311700	0.009629943249280064
1061	396181	0.009975205876094004
1061	383383	0.011379888247600289
1061	316320	0.020182609948412606
1061	61595	0.010182172592032303
1061	322475	0.010584762088806252
1061	233392	0.009789748161199695
1061	408502	0.009536422785341298
1061	220094	0.011298369634948336
1061	495039	0.008561886961236305
1061	94875	0.009016754957629623
1061	427981	0.006185268917487376
1061	348636	0.04677551065135532
1061	348648	0.01356518858769652
1061	431597	0.014469650294697989
1061	379374	0.008179126208224518
1061	539123	0.04468533767264439
