1093	19976	0.049193703984605514
1093	303117	0.04773182238615798
1093	148653	0.04042076691179403
1093	276569	0.047097294510320034
1093	33371	0.05257770192578171
1093	412199	0.037157428354773155
1093	218120	0.05421621249000006
1093	511028	0.0339116658295803
1093	170551	0.04784679056016517
1093	469049	0.03528860006852147
1093	453180	0.05097563495778945
1093	130111	0.04886200601175776
1093	377417	0.044421778251097596
1093	187981	0.04588953201069492
1093	127568	0.03599287404199001
1093	133721	0.0275478119433101
1093	510223	0.035211835522214484
1093	489052	0.04780050147056792
1093	6239	0.036824844134213934
1093	295009	0.037602834543658696
1093	383075	0.05300212646117608
1093	35429	0.0532314741594039
1093	121448	0.048864330125607196
1093	504941	0.04972666783112089
1093	35446	0.05051819537403466
1093	106773	0.023114896251424905
1093	38022	0.055578144576178705
1093	27284	0.04776143837677131
1093	3232	0.036824844134213934
1093	387754	0.04390986149424859
1093	110763	0.036257676400273456
1093	92333	0.0473956721470134
1093	71854	0.03739820559058008
1093	77492	0.040685048918716084
1093	507580	0.05291091227828019
1093	364227	0.032914191890196884
1093	302280	0.038268674557561624
1093	44748	0.03350538012711603
1093	80593	0.025747801969656207
1093	135382	0.033609657687863156
1093	278748	0.031003322507842726
1093	125152	0.05118800284342547
1093	379633	0.03938193609961179
1093	97528	0.038955751599781575
1093	275194	0.04952856652687749
1093	32512	0.05576517486757527
1093	269575	0.04595503634864238
1093	379663	0.038587387864691056
1093	32016	0.06029769717662874
1093	221461	0.05037411519345377
1093	114454	0.04570699985521698
1093	174874	0.01830359620692453
1093	101660	0.04533875174669284
1093	224031	0.04006519533130896
1093	32039	0.04882278694505348
1093	291119	0.0418730228038212
1093	467252	0.05647667018205107
1093	22332	0.036006524508223225
1093	451901	0.04528470848065213
1093	302401	0.04743707525110364
1093	20804	0.05077752522880693
1093	456518	0.04697501422629107
1093	32584	0.05487429827132409
1093	550733	0.03694005718623863
1093	98128	0.0373100948847285
1093	528727	0.04166151128203835
1093	149337	0.04913449363689147
1093	5999	0.025531488840182515
1093	41330	0.057715919309378264
1093	119670	0.011403715827210406
1093	283518	0.042088857520282276
1093	487809	0.06676346749176588
1093	528877	0.03521713747242897
1093	407442	0.05180503084714187
1093	576417	0.04286759345404587
1093	447906	0.03154564748028758
1093	364964	0.011060298737235458
1093	190885	0.04749435267544592
1093	439209	0.035573121132813766
1093	440238	0.03914586989051382
1093	298931	0.03776687345242033
1093	331717	0.050648220362022996
1093	549282	0.04668394977490997
1093	144805	0.05104894716363996
1093	425953	0.040394213597411174
1093	25059	0.04774377738295564
1093	13536	0.04614125068016358
1093	279025	0.04416386104646252
1093	407035	0.05174908934352389
1093	431614	0.0317933875004829
