1140	393730	0.003244251211164804
1140	481798	0.016975535881517706
1140	406535	0.004181634979193124
1140	442675	0.0024507402535832103
1140	313357	0.0034170559047505336
1140	254994	0.004102357454794159
1140	437269	0.004978537418584313
1140	441880	0.0031526357928928278
1140	107039	0.005784958198812083
1140	500768	0.006808413974672746
1140	500769	0.007096903988434845
1140	563234	0.010042096750009194
1140	437283	0.00447762187195161
1140	54308	0.003017173526608315
1140	326694	0.0034095550266026874
1140	203304	0.00556053913046089
1140	236084	0.005047867402709454
1140	482361	0.010089535450242835
1140	195645	0.0016810631027550696
1140	236099	0.004510673405084235
1140	186436	0.004578850466301194
1140	184390	0.0038597418390727534
1140	212557	0.0037382570236481703
1140	221266	0.0032531776531179515
1140	463446	0.021613998716565004
1140	515676	0.0025041306567991067
1140	33893	0.003978011120128451
1140	175712	0.004953637087365677
1140	24165	0.004564534164144647
1140	510054	0.004412929513195313
1140	560750	0.00509529093132292
1140	518771	0.005068219008470445
1140	408693	0.005870033948199476
1140	109867	0.007530787914446372
1140	471162	0.005258885007558048
1140	449662	0.005469020922247652
1140	490624	0.004844144025986295
1140	363202	0.005832862733129313
1140	400034	0.009587100346637688
1140	306854	0.011607053811611144
1140	96947	0.004878484136874129
1140	172213	0.010614038933038864
1140	549561	0.009445371357340167
1140	296991	0.0033260174504072515
1140	41154	0.00604684359673038
1140	16579	0.005833522019918651
1140	159428	0.0042062559581057465
1140	152262	0.004999485787303995
1140	489159	0.003901002209757277
1140	236751	0.005603621962278193
1140	472272	0.003586668215778541
1140	32985	0.004497972395534085
1140	116442	0.0034077520843481053
1140	179919	0.00608657284789895
1140	402159	0.00434230288714612
1140	365299	0.006596181102591762
1140	212213	0.004105973858641858
1140	34038	0.004766719506471995
1140	539387	0.004616802439378744
1140	1276	0.004233667321486246
1140	362110	0.004206715132847328
1140	94979	0.007108976538837757
1140	352522	0.0044391244663251235
1140	105228	0.013394319257097562
1140	446736	0.005721101443321668
1140	247569	0.007218591559892514
1140	441121	0.005108907394961425
1140	526726	0.005189048305776963
1140	530216	0.003542147389821337
1140	300841	0.0032464709819837517
1140	319787	0.00448439025181878
1140	151859	0.00509529093132292
1140	394037	0.003987362374501767
1140	441737	0.006292675348629665
1140	380735	0.006090889906720472
1140	102213	0.0023361185221372383
1140	431946	0.002534018273981829
1140	380764	0.005302889654355171
1140	243048	0.00238677696557982
1140	373612	0.005714213768465021
1140	80760	0.0036926669692971216
1140	452988	0.0042078128434306136
1140	477674	0.002573120398136749
1140	526721	0.011403546826094934
1140	376710	0.011021515621104443
1140	335753	0.009279058825972838
1140	333194	0.004231790510763256
1140	256409	0.003202181479172503
1140	336794	0.012568530506708713
1140	367004	0.004419369931051841
1140	243106	0.0026585579012467168
1140	32164	0.004270921697179376
1140	195974	0.007838791832152607
1140	378288	0.006711480928667638
1140	91065	0.005063045284461535
1140	359879	0.006946591609010812
1140	262088	0.010821968866591342
1140	460245	0.004378430465932221
1140	378327	0.005169396290601098
1140	47064	0.006158993614269747
1140	549851	0.0058817636069397345
1140	449513	0.005378517549755748
1140	561130	0.0041749735908636265
1140	218603	0.002610342602561415
1140	159212	0.002360331275899263
1140	369140	0.00899116543459102
1140	208895	0.002538532146236098
