1166	239104	0.058153153823898095
1166	567814	0.007307145531423374
1166	476170	0.008437181883782754
1166	471810	0.04562064530906142
1166	142867	0.045200286081167614
1166	250393	0.054476045085094654
1166	331298	0.07811416230287391
1166	331303	0.004032328960714568
1166	304168	0.06641322751350079
1166	408105	0.07901447963264982
1166	492587	0.07944724200024249
1166	430124	0.06800012791923411
1166	304183	0.04098495963012974
1166	471619	0.037357670954867916
1166	471623	0.02226072907809858
1166	437832	0.012697564110893596
1166	260683	0.07374324280501177
1166	102997	0.004528052365043235
1166	561509	0.018194237452817924
1166	106085	0.054215630613770674
1166	106091	0.03879702442359416
1166	471663	0.04731876342094344
1166	455281	0.07564891603239911
1166	106098	0.04929391443624912
1166	279672	0.008505580072679163
1166	231547	0.10315438403483536
1166	279676	0.008401973343639908
1166	340097	0.06858006972136999
1166	471915	0.04629401022252499
1166	231556	0.005759133389634377
1166	389771	0.03053868963324687
1166	269972	0.03683204106416393
1166	178325	0.04134818848146286
1166	558245	0.08076004907434373
1166	384172	0.043597410660164954
1166	158901	0.02909537775794007
1166	339127	0.037587101119307104
1166	339648	0.02897867378439437
1166	215745	0.07624535900697516
1166	151748	0.09855167297851661
1166	151749	0.10605689338568354
1166	542413	0.04042463982426723
1166	430371	0.051454863265570354
1166	151765	0.08207229218094071
1166	151767	0.004881845767580829
1166	151776	0.09153944942793571
1166	151783	0.04667533606174831
1166	110323	0.010664520058847748
1166	79106	0.06620282405785802
1166	331307	0.014496464500655403
1166	110342	0.006866867272833015
1166	230664	0.045969400598776564
1166	230671	0.06069074854193989
1166	401680	0.04730352000273388
1166	89365	0.11070226596519835
1166	110370	0.006505113788312271
1166	110371	0.006505113788312271
1166	284460	0.043007664592487796
1166	553264	0.006880079587682657
1166	565044	0.06061822980643904
1166	229181	0.013495574357806987
1166	376638	0.056665135931061594
1166	229183	0.06652427365167368
1166	471872	0.06004706330257541
1166	537942	0.035545220042019744
1166	543064	0.02103628077507694
1166	273242	0.08770897919639889
1166	561503	0.06231690726687434
1166	571744	0.061055304400868066
1166	471907	0.060785886046172806
1166	4453	0.030730988032897675
1166	115047	0.05255210560086381
1166	16747	0.06473549468208664
1166	16748	0.09754585915194275
1166	561517	0.04396698991404731
1166	16761	0.03617428332131911
1166	213907	0.06488185543398663
1166	213913	0.035579225748035966
1166	471963	0.047210630963024684
1166	151966	0.06423783993026604
1166	16811	0.06984264575028472
1166	375215	0.013407804399355886
1166	178625	0.019324658785098738
1166	340933	0.031145631316655688
1166	152006	0.031430920961938905
1166	262121	0.05502970815294384
1166	542187	0.03402958066228238
1166	542191	0.027243352419867837
1166	492531	0.019156939868899575
1166	492532	0.0202534330098829
1166	204279	0.007203667626171733
1166	212984	0.04703335521368438
1166	204281	0.06582603728162127
