1176	9803	0.03183106024371564
1176	537616	0.022899523440920673
1176	492566	0.03836829016660964
1176	492568	0.06202862137796062
1176	9775	0.04148976939872543
1176	408113	0.019198638693657396
1176	331318	0.03461893058531294
1176	331319	0.03974513575655823
1176	408121	0.03766853100709855
1176	408123	0.07547902720358372
1176	492605	0.08525927590391007
1176	94784	0.03873452591843312
1176	470082	0.03719203091464856
1176	470083	0.02653483579977682
1176	470084	0.023059607009201857
1176	9797	0.0375796970027496
1176	319563	0.012680503677537019
1176	470096	0.03539259112070198
1176	288849	0.04512150938943484
1176	470100	0.017392551032390728
1176	112731	0.04705489175218385
1176	471649	0.021694122780799897
1176	366438	0.028544754336518926
1176	89361	0.048896374759209014
1176	106097	0.050270339451592136
1176	106106	0.03601468124565567
1176	106112	0.03275737430855597
1176	472000	0.0538489038591786
1176	279683	0.033758198482639244
1176	279684	0.02360560288016258
1176	269960	0.031900589092784246
1176	231565	0.06148961194991152
1176	389775	0.06963159787109692
1176	16836	0.016053086144646022
1176	470174	0.017011075217066546
1176	558253	0.060407015803770454
1176	151735	0.014493272030226306
1176	384184	0.04086381557579763
1176	215763	0.03441954067466346
1176	110312	0.007259816423843844
1176	283369	0.05981887282254661
1176	283370	0.03381364463160078
1176	151787	0.015820236428329172
1176	471792	0.018489357659214705
1176	471794	0.03866327184912322
1176	527098	0.022660349363351175
1176	575740	0.04171260310291083
1176	151805	0.03973940735511072
1176	151808	0.06583060606664606
1176	230660	0.018779969847303075
1176	332551	0.014850510958378887
1176	337161	0.01491207178522671
1176	332560	0.01900733881970973
1176	110353	0.03370710829094194
1176	25362	0.012951961429946085
1176	332563	0.04543649295588264
1176	110359	0.04224366135728553
1176	471837	0.028415240496527792
1176	230690	0.056656466210704894
1176	567080	0.03439078565337293
1176	405802	0.062011819977009566
1176	561477	0.029053655052764978
1176	294726	0.0313709365413336
1176	229195	0.0410678275178797
1176	471900	0.056843726933225966
1176	548923	0.044815625073392776
1176	30564	0.030340463363525562
1176	542182	0.016000720227891122
1176	471910	0.03450815839670886
1176	571766	0.03644687537564023
1176	238314	0.0581779298427012
1176	400619	0.047314287840983474
1176	16784	0.021445387355965205
1176	16790	0.032305045548904274
1176	471960	0.016721666930009406
1176	151365	0.03417570782680982
1176	151977	0.020405242603659342
1176	495346	0.024698569238389322
1176	213937	0.008662481400375288
1176	213942	0.019782386762954504
1176	16823	0.010188137494980565
1176	16831	0.019925336184598012
1176	16832	0.02415583718370374
1176	102987	0.033570764209083254
1176	213956	0.024852362518582957
1176	266184	0.08441444482679004
1176	339410	0.034095396737343735
1176	360403	0.049856968563781925
1176	454626	0.03921522189965047
1176	492516	0.03143618653282307
1176	195046	0.06072842525201242
1176	212982	0.01999658109295941
1176	262135	0.055494863286435415
1176	565245	0.0195430331567689
