1186	231554	0.10553938873240618
1186	334979	0.06524942538765076
1186	492548	0.10994914381102958
1186	492549	0.11600881847656243
1186	213896	0.12030225041054178
1186	110316	0.0703187037909932
1186	79114	0.0626444811047346
1186	331275	0.06119045092067558
1186	505487	0.09171242357264038
1186	151574	0.08181774621135078
1186	471959	0.07101045749049151
1186	492184	0.046480368223462805
1186	204292	0.06541625348147924
1186	250650	0.012893997596244617
1186	533346	0.05025905524062957
1186	471840	0.07661255719315666
1186	304161	0.06939161965267306
1186	151844	0.08525220083399464
1186	471609	0.021028698789330363
1186	9777	0.06637768443248146
1186	375976	0.07433337158542189
1186	558249	0.1171889944137827
1186	553259	0.06981800988154553
1186	292396	0.06991288397265603
1186	571745	0.055012301676046794
1186	173489	0.11477944452151617
1186	530610	0.060780431758731164
1186	102966	0.06567339500228497
1186	102967	0.07367149342625602
1186	266169	0.08890216074957592
1186	471610	0.06726372322899768
1186	471611	0.03201444944109734
1186	437820	0.06228274848565596
1186	151743	0.10538926228920592
1186	523584	0.04420058972797981
1186	215755	0.0755444324471076
1186	542149	0.04835351300096155
1186	16801	0.0883271610548749
1186	542408	0.054124824055321784
1186	470089	0.09946971798564991
1186	202443	0.06997133445118174
1186	106060	0.08565934052540544
1186	106061	0.09421523614883194
1186	106062	0.06843033733890617
1186	561487	0.06387072945489661
1186	151760	0.08902321704811839
1186	16724	0.09175405961895423
1186	519993	0.06728216873531513
1186	142936	0.07052283291881002
1186	21721	0.06577691945001107
1186	238554	0.04231272576821278
1186	151771	0.04577019932975599
1186	151772	0.08431220635697108
1186	213946	0.10156309837984198
1186	195051	0.09700792567257858
1186	4448	0.047424834336439174
1186	492513	0.08787469716692542
1186	492514	0.08911139129003566
1186	239077	0.06422882752432818
1186	471831	0.038538651154470714
1186	542184	0.028422251052271585
1186	230652	0.07610772640336293
1186	550122	0.04567566531356309
1186	110315	0.056741787980508086
1186	178284	0.07518465726370441
1186	471918	0.08506293775437637
1186	236513	0.06928533206661351
1186	195048	0.09754060698177941
1186	537935	0.07196306554522604
1186	372222	0.06523850493341857
1186	561399	0.11448879350052836
1186	102776	0.024610636155823207
1186	525119	0.0904492638531707
1186	238972	0.06348641783272171
1186	16839	0.06121048184001104
1186	341886	0.08324903380337483
