1218	507913	0.019190287920272563
1218	485387	0.02235714607173291
1218	394252	0.013639769128227964
1218	460312	0.011746788347258477
1218	459315	0.15686766470182037
1218	313920	0.03304377459131524
1218	371267	0.023064939380439447
1218	532556	0.013969773070440497
1218	422479	0.1723861151915266
1218	146519	0.029337036090497825
1218	181850	0.022490051131672673
1218	33374	0.021829506531042157
1218	119907	0.022340640629605824
1218	560229	0.032585018021088825
1218	244334	0.020371564389273934
1218	452723	0.031119296916228223
1218	222100	0.02141657983770004
1218	76929	0.019267665830208537
1218	457352	0.029659416084499568
1218	567946	0.027995236978080672
1218	40589	0.024974551741854173
1218	538766	0.023849487735393787
1218	175765	0.021151427411977935
1218	77471	0.02689057523545654
1218	382625	0.012700252574381761
1218	71342	0.028580230552515164
1218	511158	0.023785946137719394
1218	437140	0.017769478031758313
1218	113341	0.030381740383527155
1218	363714	0.027563816747049098
1218	425667	0.023737343592471326
1218	160981	0.02195376999534881
1218	164064	0.02992209002899514
1218	37603	0.022885249159925083
1218	402150	0.02748116844762678
1218	384744	0.10993799357875492
1218	453074	0.029022530724724133
1218	276722	0.07415043172901445
1218	241907	0.023721722878411743
1218	38649	0.022834875633765222
1218	133377	0.025818789067980234
1218	249616	0.029366119051177773
1218	487188	0.016951525335007087
1218	77092	0.02981762492296688
1218	241449	0.021678613169491535
1218	474421	0.01658303372992645
1218	278855	0.016570792723951917
1218	213340	0.02473082204358615
1218	313182	0.02681420879620049
1218	451431	0.022298308734774258
1218	150904	0.012236511199595693
1218	224121	0.014854196637205342
1218	97147	0.021046770259617403
1218	545670	0.010511190729065433
1218	490376	0.0002907560806961149
1218	219530	0.024282719177105696
1218	373648	0.027305783988640264
1218	396692	0.02301164964175051
1218	396703	0.015210061177405192
1218	524192	0.008437942578035327
1218	88994	0.013238117286676081
1218	331177	0.024674775025282276
1218	474029	0.016225137972482796
1218	452019	0.02481434461860726
1218	209334	0.016246683824045555
1218	299960	0.02395084152292211
1218	219295	0.12114381450251066
1218	560061	0.02104434658289419
1218	380352	0.03439702687719112
1218	402369	0.022883229289695203
1218	193988	0.01537463765999506
1218	406994	0.01666200481713171
1218	393683	0.011391914570627425
1218	73685	0.018159867150100314
1218	369115	0.019036591595600186
1218	446940	0.15191460223580738
1218	189407	0.028870694750759405
1218	125939	0.017533141500157
1218	548342	0.02583446374079555
1218	39932	0.028268901521174037
