1238	395785	0.02590130426100168
1238	423440	0.019841506305451326
1238	58906	0.032098837655201905
1238	62496	0.10885446645004351
1238	24626	0.06887123162387909
1238	125619	0.09390471601392408
1238	493116	0.01966841159860622
1238	331331	0.05482393535575187
1238	322633	0.03145028046155536
1238	277580	0.062462974712626324
1238	223825	0.03495091379568963
1238	476242	0.033211207010299046
1238	405597	0.022514669789577214
1238	404581	0.03605870170405983
1238	44138	0.057260940044971696
1238	252525	0.0263597167435153
1238	223856	0.09596041153057124
1238	252531	0.05907059294553115
1238	318581	0.05972218409706268
1238	127608	0.09968451712885588
1238	316027	0.033748875277344915
1238	474218	0.02425957729829195
1238	109699	0.06500840265300385
1238	158342	0.024430813190561063
1238	277128	0.020500576939387578
1238	220809	0.027958925733325733
1238	190371	0.028004653347037726
1238	294542	0.03620850269079065
1238	317584	0.043625060491027524
1238	113814	0.03554729127239251
1238	96940	0.028960459969211576
1238	212155	0.025005084182431705
1238	462527	0.03622704121837267
1238	524320	0.10400098942770462
1238	285746	0.0740346197182547
1238	163012	0.07578193043681535
1238	346821	0.03237559324168395
1238	358093	0.07093809357312844
1238	35534	0.031032796844365076
1238	378074	0.035149662624148426
1238	431835	0.03949328891997234
1238	51938	0.02908450757651185
1238	178405	0.14825535798983888
1238	329966	0.071979923676953
1238	161007	0.04145871504095177
1238	269040	0.03176597613616035
1238	513783	0.026577772187800153
1238	364291	0.024683387199183535
1238	115466	0.09742542123233154
1238	97581	0.03506605372103453
1238	124182	0.05805658802880764
1238	361243	0.03127397307835367
1238	494380	0.08755493982118825
1238	377133	0.04278157579010705
1238	328496	0.025012360520294145
1238	484145	0.030215699504005343
1238	334136	0.08170100455750769
1238	124730	0.06939080539502197
1238	325448	0.05597166454169104
1238	148809	0.057888579750812366
1238	496458	0.09439869113784957
1238	519503	0.05766845632603963
1238	208722	0.10529859366917753
1238	208723	0.09272974923123244
1238	403796	0.028398926125787628
1238	208734	0.026669793085699955
1238	63847	0.07780805447570628
1238	51260	0.032904619035405355
1238	547178	0.024633458007219798
1238	460147	0.031829307277077695
1238	430460	0.051241940553912395
1238	315778	0.03869757060067444
1238	234372	0.026401296336203205
1238	534406	0.07967655946194405
1238	233354	0.027956471372557294
1238	442765	0.02776036025816863
1238	158614	0.030751540838831377
1238	208284	0.03188084807284862
1238	191907	0.010113717736717232
1238	51622	0.028259560608375745
1238	77737	0.03597545749724395
1238	485802	0.03249949032666361
1238	114091	0.03285648895539156
1238	158643	0.021453259897865614
1238	325449	0.0687605740407519
1238	532409	0.07667629066293619
1238	453050	0.029660596138252164
1238	234428	0.04459553310014897
1238	248262	0.03223868653699116
1238	101833	0.05555007288988584
1238	241610	0.028101607346405797
1238	322003	0.017403668154302172
1238	233428	0.012704041840087726
1238	271836	0.03440305178571354
1238	234469	0.11249583528164236
1238	364006	0.040190754306057334
1238	394730	0.042157532309698736
1238	311208	0.03420177724797474
1238	181746	0.03636349005740892
1238	443731	0.025420776319285493
1238	259062	0.03616797503443413
1238	30207	0.0369380418703706
