1269	270854	0.039940976296261435
1269	202247	0.055093052995993354
1269	321032	0.0312976157965362
1269	442392	0.019265659070347597
1269	363548	0.04157975772929954
1269	457764	0.044913536692756134
1269	409127	0.023356474235889834
1269	245289	0.02868372390325427
1269	290347	0.027684114121777813
1269	164913	0.03784933768946278
1269	537707	0.023016837423217338
1269	469044	0.027152239806581897
1269	194613	0.03042279346880553
1269	302647	0.020518571402605212
1269	409144	0.02323768215686254
1269	494676	0.036181103999652756
1269	15961	0.04144704218926534
1269	166491	0.04044847591609725
1269	560235	0.03067694639402979
1269	312427	0.03861788789651757
1269	391813	0.03172528824069691
1269	391304	0.03019792456923265
1269	316556	0.029496587160161458
1269	408717	0.016756399805669408
1269	441998	0.027765476429588088
1269	150671	0.05332000555815933
1269	122904	0.038089595222722705
1269	433300	0.034854230157694205
1269	490138	0.03925364718819232
1269	488097	0.0195766241188649
1269	317611	0.03962220345713812
1269	111280	0.041431125284511386
1269	550583	0.01885115366308578
1269	432316	0.0404023096764017
1269	33982	0.027750624639958338
1269	130248	0.024580597552227173
1269	509642	0.04096679260216395
1269	86740	0.0990477568317132
1269	383196	0.041831189877214944
1269	445669	0.04646114432707776
1269	389872	0.03245142055613849
1269	280276	0.028269157985140153
1269	93949	0.03318523233727483
1269	174335	0.02628404563941034
1269	360196	0.03508075050247723
1269	472843	0.07704009410188051
1269	555805	0.027604826141220357
1269	33571	0.03514069049747646
1269	37671	0.033451690388501105
1269	201001	0.03819502403764077
1269	378162	0.02271807179891589
1269	36150	0.035031094152148196
1269	201020	0.03617449140828645
1269	395767	0.026049210550566245
1269	163146	0.022371085275119627
1269	470862	0.0599267985652477
1269	406669	0.02487208117119583
1269	369503	0.03287808789756125
1269	294752	0.02918596771410336
1269	32916	0.036489589254457534
1269	97126	0.02204935420381465
1269	414055	0.041629721620692645
1269	428348	0.030173139017058988
1269	414576	0.042691633892088854
1269	32628	0.03445291957061512
1269	116086	0.039438324600291834
1269	127357	0.03280392659987522
1269	434050	0.01795189534129616
1269	60291	0.02557857094203431
1269	312214	0.0416209283112981
1269	33684	0.03560839635906267
1269	347029	0.03558875814263581
1269	219542	0.029248468115736656
1269	92568	0.03901321300029298
1269	9625	0.037524740382029825
1269	38300	0.03314113084513103
1269	322461	0.038290092009262804
1269	163747	0.028908464437197887
1269	33701	0.03569838035854419
1269	210855	0.02140767977595808
1269	36272	0.03393840951061022
1269	373685	0.03639619745451893
1269	32699	0.035694667327687384
1269	189372	0.04407578070866389
1269	62455	0.013051278538854419
1269	174543	0.0260826524330411
1269	402384	0.03836825519663137
1269	472531	0.05300835400488336
1269	9172	0.021075182885503262
1269	33249	0.03351320470877198
1269	403426	0.028409975287424016
1269	442341	0.022465557797923235
1269	486374	0.020337052635382234
1269	392685	0.03250294008541268
1269	319479	0.044195880344740375
1269	433236	0.034854230157694205
1269	350203	0.033097197428513095
