1286	407555	0.02960906948412147
1286	344070	0.020599039279697355
1286	489644	0.025741052992622474
1286	291343	0.06451342885288634
1286	484368	0.027680377953958706
1286	296977	0.03233745396784486
1286	120850	0.007894092537179839
1286	36375	0.030916824680881617
1286	402460	0.07582432344516345
1286	458843	0.028491654348851
1286	150022	0.022822214262359183
1286	364583	0.029383272917551453
1286	34868	0.03194969268853128
1286	393793	0.021084570484711324
1286	363596	0.02069666509195285
1286	495707	0.025496638796624924
1286	124001	0.02409212423609709
1286	372582	0.02884910398982347
1286	209000	0.02785625599387165
1286	560745	0.01939426782314502
1286	415339	0.02959454097737396
1286	262253	0.01588695721918313
1286	365682	0.011844618905548785
1286	204918	0.0235203037880249
1286	507011	0.02420210457072959
1286	459404	0.02949913912847048
1286	294541	0.037027053339695935
1286	361113	0.026257138372664315
1286	224923	0.017549738251431822
1286	142494	0.03674884675959376
1286	517793	0.00723267704289461
1286	448678	0.031213265321073984
1286	433319	0.004243845618211611
1286	140978	0.035928909100919545
1286	446650	0.03263098962299192
1286	441531	0.033912013743710494
1286	399551	0.029747159863669683
1286	365761	0.026936299461581718
1286	468169	0.029446782227637372
1286	409307	0.036307311962722584
1286	146654	0.014555074175688836
1286	146655	0.027662306356859578
1286	531695	0.026898591881222997
1286	291710	0.03951045742991234
1286	303350	0.01765544596221559
1286	91897	0.0259848178744853
1286	428635	0.05216618749464277
1286	449289	0.032745659020284076
1286	208669	0.019526275088647436
1286	520994	0.024656617659926314
1286	386854	0.027551929427186164
1286	485160	0.024841726602275297
1286	545098	0.016290685455474394
1286	35661	0.030189394078558453
1286	526477	0.02186232096354416
1286	402256	0.027087817283698495
1286	143195	0.05566638546347212
1286	487275	0.011943471647090639
1286	355694	0.018052032713208096
1286	363390	0.02392730039831767
1286	465281	0.025869185218808665
1286	284560	0.034804085246968035
1286	295313	0.024277000385243695
1286	443033	0.02407762205550427
1286	482716	0.030498038321574907
1286	164256	0.025258115224485688
1286	268955	0.06544360969182464
1286	136616	0.019106267789464015
1286	219061	0.01991087301816332
1286	166334	0.035503246710764436
1286	226239	0.025670380383442704
1286	495717	0.033026565725793135
1286	277961	0.01878858681154825
1286	168355	0.041136130200201175
1286	256988	0.037376451242248594
1286	308705	0.024018290748114977
1286	294886	0.055680714610682816
1286	443370	0.03413305812859149
1286	152045	0.01953035787640767
1286	385525	0.02879132308165443
1286	226812	0.0363819356007831
