1417	533004	0.053623680989032314
1417	371725	0.02716230097205433
1417	344593	0.00029105689691985895
1417	237591	0.05098104914854886
1417	419872	0.004329257884290929
1417	82467	0.014277740222316855
1417	511533	0.017756573108129912
1417	414255	0.013597568000481392
1417	298558	0.006517273817596087
1417	397376	0.000244556410123201
1417	397378	0.000261495281843422
1417	57928	0.006459078500638869
1417	472652	0.0906742181766763
1417	439376	0.011741848988630356
1417	439378	0.04058624013611962
1417	116308	0.04404863485287174
1417	553046	0.08350544074611614
1417	429397	0.04032200962039261
1417	73833	0.05507925873726754
1417	339579	0.03308732935944404
1417	44168	0.045727356660346476
1417	21647	0.016501772208715657
1417	569488	0.021654198525454353
1417	558738	0.016369996091108483
1417	216219	0.048666877820897514
1417	339114	0.03995995374579187
1417	86700	0.08159276388965396
1417	337071	0.07203827308701041
1417	278198	0.02636003136723717
1417	409783	0.007647733958616125
1417	231617	0.08415486539248958
1417	561350	0.06501318292946084
1417	344263	0.04713185309007574
1417	87755	0.0
1417	548045	0.05306891019992982
1417	152271	0.06817372297331334
1417	55508	0.000408156274943066
1417	430807	0.013142397625492262
1417	53464	0.03815876372304934
1417	55515	0.02576509891430489
1417	215772	0.017484931648558143
1417	215773	0.024084714012229072
1417	342241	0.06754618260921014
1417	158955	0.010090853803743915
1417	332527	0.005592564839809883
1417	56054	0.027545683565332234
1417	327927	0.03002555140371726
1417	64248	0.10599756221808682
1417	116475	0.042190690315898095
1417	333053	0.001819699415621755
1417	237310	0.05651404408431883
1417	165635	0.04332149129649638
1417	388366	0.031269059654476905
1417	177935	0.09345530483384107
1417	430808	0.09165782940069392
1417	53530	0.04466278134640807
1417	454444	0.01782028886307771
1417	453964	0.0011838567814586626
1417	105299	0.07804542743783123
1417	445781	0.07890722542623123
1417	65878	0.008360905047000959
1417	239959	0.0063672339347345406
1417	239960	0.00837246757635156
1417	286043	0.08055119633475259
1417	286044	0.006193405866775685
1417	334310	0.030076990651282134
1417	334482	0.03597384209493896
1417	321394	0.0007776534745643257
1417	545654	0.03832774299346727
1417	278420	0.009115666948488192
1417	73093	0.07987144814096876
1417	543118	0.004241222231451873
1417	458644	0.10466366264056563
1417	62872	0.040478991610907206
1417	66462	0.009435704921724361
1417	66977	0.04060831514966097
1417	275880	0.004206525607992951
1417	63404	0.03565019303436099
1417	414128	0.010262031360379405
1417	332219	0.0034247592661079598
1417	300482	0.0741312397787373
1417	332744	0.001236566296092174
1417	431561	0.03335999351233687
1417	332746	0.0017167113507009872
1417	237515	0.09413962603448987
1417	95693	0.06840393148897721
1417	238547	0.08461659187946957
1417	167899	0.02203556414996956
1417	339932	0.0429804337523961
1417	340959	0.044281033916617855
1417	527842	0.039506998335690394
1417	7142	0.030505786916833942
1417	360937	0.07626012312081801
1417	336368	0.036916813642310524
1417	62461	0.024880470396037205
1417	239957	0.0056410472122135425
