1551	356870	0.012795803486192638
1551	81416	0.051097736739279476
1551	533533	0.09282508661704153
1551	532003	0.010786104961686135
1551	532004	0.010429974080171366
1551	532005	0.009579127633884875
1551	532006	0.020076693148933393
1551	532008	0.024157708466361207
1551	156715	0.05691412204364189
1551	384570	0.12763587221060632
1551	378432	0.10421122357830512
1551	510902	0.026791462726800445
1551	341585	0.04512280529023432
1551	405088	0.007642334721801947
1551	405089	0.024354510964282924
1551	405090	0.02255482882172552
1551	405093	0.022437651995582678
1551	405094	0.02244404512181711
1551	405096	0.08959058989755987
1551	288370	0.12841735094252402
1551	531306	0.043945028434394524
1551	406145	0.06400328391866125
1551	208003	0.09685250698089994
1551	216200	0.06524580668431594
1551	525968	0.07835761495310768
1551	46230	0.007103379297538693
1551	406171	0.06087385274443353
1551	573087	0.08972951430990403
1551	369830	0.08159003092370519
1551	369831	0.0573716417893103
1551	340654	0.06566901758922651
1551	369843	0.09492563631831212
1551	369844	0.026372001888779056
1551	137408	0.04915754067370593
1551	137409	0.04787156512804598
1551	137410	0.03845862066454142
1551	137411	0.027578799032798716
1551	137412	0.02732780329789416
1551	137413	0.048093841164235485
1551	508105	0.06000783643537172
1551	336598	0.05270118720663533
1551	562391	0.08509850659751793
1551	346843	0.004801774599402656
1551	508167	0.02967265517485876
1551	346856	0.021648134067340882
1551	19692	0.04807143248213998
1551	282351	0.005381616872064299
1551	346879	0.004980045591022585
1551	337159	0.0767727617328071
1551	116493	0.05054168118195269
1551	462110	0.023418291311891517
1551	409888	0.02100787645990148
1551	366896	0.05095581931906114
1551	170297	0.07294675786673119
1551	333627	0.05859665004373262
1551	469309	0.0015015201932032792
1551	379711	0.0549607615175597
1551	361800	0.05411450429299743
1551	133451	0.030216564149935066
1551	405330	0.08665873760108125
1551	4958	0.05203788144994856
1551	366954	0.04744663953263873
1551	366961	0.035420679357079314
1551	511353	0.04084628331364125
1551	511355	0.05053453167878151
1551	508652	0.07130165503603832
1551	176525	0.10578311235851907
1551	524700	0.08179222734785974
1551	532391	0.085588576649807
1551	532392	0.08837622848688542
1551	165297	0.06585655937269491
1551	165298	0.06679736574914516
1551	563636	0.04254252366206188
1551	563637	0.0403974920079438
1551	506294	0.016691017314673606
1551	468468	0.16210258485862605
1551	3516	0.06637771808045742
1551	365502	0.02868555845817633
1551	273351	0.04470279576570599
1551	220642	0.023476394525582797
1551	546797	0.01605922215834089
1551	285679	0.07976506817004797
1551	546802	0.04221763863777926
1551	287220	0.11671786682390384
1551	531450	0.082466840599851
1551	456959	0.06422285809276336
