1576	118793	0.021981576187729304
1576	396301	0.022668167313494116
1576	552979	0.01772565709371806
1576	29211	0.0316724605239679
1576	78365	0.0162812306092447
1576	78367	0.017122403063464194
1576	559653	0.022842735102724877
1576	195112	0.03310527166537683
1576	145454	0.04127184870762104
1576	182322	0.02780537617198109
1576	121399	0.035733866167203934
1576	222777	0.041891720901461836
1576	500285	0.02781298540843739
1576	444480	0.04185485387207363
1576	222786	0.04552634908625534
1576	37958	0.04229048477989671
1576	523850	0.03142675826329542
1576	222800	0.03190750030249452
1576	339029	0.13913948947118301
1576	108125	0.029028270022066406
1576	312939	0.04048541536266168
1576	276592	0.037768949441259726
1576	388210	0.038382030190357276
1576	88197	0.04024507508520183
1576	338570	0.03288459707665037
1576	283501	0.040359927696061525
1576	490136	0.03736693462474667
1576	562329	0.025817564188930168
1576	37022	0.03866782525293392
1576	119463	0.0366121504817431
1576	92335	0.04881289185675639
1576	313529	0.042416754871735345
1576	163516	0.030606415142808978
1576	12989	0.04046108612206581
1576	87230	0.043502069442331155
1576	201923	0.024523299549339288
1576	35016	0.030481161435942216
1576	232649	0.02945545707899386
1576	310987	0.040787758926346424
1576	143055	0.018239091224322056
1576	444117	0.032841236792495614
1576	114902	0.03824053611431326
1576	563407	0.0014585293862009621
1576	308444	0.05006663162664358
1576	387809	0.0478031146609255
1576	302821	0.02223502079615834
1576	36583	0.03846279248209726
1576	210163	0.03805564539921264
1576	41206	0.03078348759073347
1576	249086	0.034738492664622714
1576	333065	0.024442779178427576
1576	154383	0.03284979407583821
1576	118546	0.032226346437005705
1576	169235	0.016035984779460104
1576	548636	0.014074296990443042
1576	90403	0.02393706909307998
1576	528172	0.03905194510181027
1576	79922	0.033609834450047955
1576	522206	0.03931850720500525
1576	284988	0.04312363919508243
1576	327999	0.05073045254619058
1576	311691	0.036183547616538525
1576	287056	0.09861569870106852
1576	222027	0.02638514196787229
1576	407376	0.03002968305298188
1576	333140	0.02376231519710593
1576	311132	0.032112474536172435
1576	453981	0.03154604129508362
1576	374112	0.04083558802787234
1576	405345	0.13947721761843032
1576	296301	0.1053128587866576
1576	512367	0.031428527020796994
1576	405361	0.15127618711961302
1576	405366	0.12307490203511075
1576	256895	0.03255877431222785
1576	483722	0.013946066384620178
1576	452491	0.04005283962564617
1576	452494	0.01898252850267023
1576	370063	0.03996113536548981
1576	198547	0.028945905743258477
1576	362390	0.04556870397553167
1576	537054	0.02794208548321065
1576	439197	0.044092482606599835
1576	298915	0.027918326477884253
1576	35398	0.03579091157337185
1576	422	0.0196333675818688
1576	155121	0.024859530294198604
1576	509360	0.043739326727289245
1576	509361	0.0435486950070413
1576	94137	0.043581117964073234
1576	36794	0.045582845406930084
1576	296380	0.039467692611753084
1576	315326	0.03355685899013282
1576	24007	0.04181792719496389
1576	38349	0.03721656457711442
1576	444371	0.02959005865850231
1576	6103	0.01713398273680895
1576	21977	0.0381547719133478
1576	538078	0.04132898337081153
1576	335328	0.07870388805606793
1576	296784	0.05834192868860484
1576	237029	0.022468760303271662
1576	24042	0.022188251623393412
1576	538094	0.04274213302142823
1576	438269	0.03316933371704116
1576	36849	0.04105044570600539
1576	2041	0.023745197847439697
1576	77307	0.028120776383096978
1576	498595	0.0448396323140597
