1581	374786	0.06223423296379126
1581	152589	0.07125196834468922
1581	224273	0.08237550815513846
1581	422418	0.054365324990217116
1581	146451	0.08530316299520453
1581	450580	0.07018166546707938
1581	209944	0.08556717917131465
1581	120868	0.082212722368346
1581	399964	0.030982207797545774
1581	112174	0.06309174861116681
1581	175682	0.0939760946294418
1581	492099	0.07987302476867794
1581	185933	0.03813777108573081
1581	550485	0.0765886752803251
1581	532054	0.09059462785222487
1581	415324	0.06528923368772041
1581	424552	0.23635393195232127
1581	395196	0.024533660704073305
1581	201831	0.14545397965231852
1581	268908	0.1110730639021742
1581	191597	0.058613284868162877
1581	367549	0.0912162033261765
1581	183415	0.1162026135199779
1581	262266	0.07436149541863782
1581	451712	0.08920565299091748
1581	210049	0.08753019107170992
1581	146571	0.048417323151148085
1581	305805	0.11166956394378849
1581	395971	0.060597203889702356
1581	550550	0.08455973868544397
1581	550552	0.07638230606641735
1581	148633	0.09266194727174999
1581	148638	0.172665674678762
1581	125601	0.07718877411930648
1581	310946	0.1145723322178098
1581	78501	0.20396151788311384
1581	524967	0.06951779314030353
1581	155819	0.06409741883525956
1581	358074	0.05134979590009733
1581	70845	0.06153341038125398
1581	277697	0.1326247752763185
1581	361155	0.07086310541432853
1581	366799	0.06779924849226969
1581	532690	0.1256399627997129
1581	484563	0.07873439070246571
1581	297172	0.1306881815613134
1581	73942	0.276217269880516
1581	562903	0.06795719904860031
1581	22972	0.08433367688943873
1581	366816	0.07001179541585284
1581	2788	0.13136396312025617
1581	367339	0.10086434530500596
1581	122611	0.15816532591101864
1581	300289	0.04149326356433304
1581	276239	0.08313750545538628
1581	423704	0.049175150625718596
1581	296730	0.2782134781738194
1581	214301	0.08295240534546809
1581	472874	0.14641392245750623
1581	196396	0.08897681014379906
1581	40669	0.08231104555930656
1581	367409	0.08577578997021229
1581	480569	0.09048679968946095
1581	11580	0.1683494526070711
1581	511293	0.08332086252943709
1581	136000	0.055222797459927676
1581	227137	0.10111458553944665
1581	438600	0.0806029461517288
1581	485193	0.07904021361373535
1581	416105	0.07969608769741535
1581	187257	0.09418616772605022
1581	401790	0.1334715331018858
1581	367496	0.07107198639331316
1581	545432	0.07248067683745006
1581	196508	0.08014589630863736
1581	278945	0.08258361259970907
1581	447395	0.12798265831595923
1581	253877	0.10871037446453469
1581	170940	0.1245890023391512
1581	395197	0.04428103100990866
1581	475070	0.07205460800658392
1581	329671	0.29254574219472484
1581	395209	0.20318640534200347
1581	185815	0.05098325934489356
1581	152536	0.11121953589417626
1581	264670	0.10367224389015275
1581	294371	0.08890793627140808
1581	183268	0.10040962736456871
1581	482800	0.1455738653998332
1581	512498	0.06180929549846277
1581	526840	0.08173913950745457
1581	244733	0.16476085907381635
