1654	420868	0.09411696302438284
1654	483850	0.056591326451111715
1654	310306	0.03057943484827356
1654	491782	0.03805743830806278
1654	476218	0.04604925378063535
1654	197692	0.05662812798838158
1654	389041	0.05424554908456836
1654	573507	0.025422707611671147
1654	481861	0.046386730681462776
1654	196678	0.1263962989541844
1654	34887	0.04847382688567367
1654	484427	0.05995786216900471
1654	460372	0.0759565562888376
1654	465499	0.07465961391934942
1654	581728	0.043200623180251536
1654	10856	0.0831175339979826
1654	305784	0.10905630421642103
1654	300157	0.07038924782535708
1654	276098	0.058512320603883936
1654	9865	0.04889469269625409
1654	300170	0.07983177854949994
1654	270987	0.07283751423390429
1654	487053	0.0569929677212369
1654	495249	0.11362828234716767
1654	420000	0.086121792352836
1654	183459	0.044216788357486575
1654	554168	0.05409921507620733
1654	538304	0.0845090768739189
1654	571585	0.04284893543794881
1654	308171	0.07900061243255897
1654	428230	0.05247753667727742
1654	104652	0.06222450177975686
1654	237786	0.08580113425825459
1654	162767	0.09857161083910868
1654	183520	0.044429207012412215
1654	484577	0.08289940019858605
1654	248551	0.056630009843050694
1654	183024	0.03216574483603995
1654	497412	0.030361681959005203
1654	62726	0.08642740289518014
1654	455298	0.03216224784332027
1654	152850	0.038559255557090374
1654	404250	0.029646213723331673
1654	427738	0.07052568189326686
1654	252198	0.04557807686632724
1654	79658	0.05547241141246734
1654	566749	0.049948325756676605
1654	395572	0.044314027020070014
1654	484664	0.05617213084631504
1654	523067	0.05892081165341549
1654	505227	0.04726239517823848
1654	486212	0.0368826776850354
1654	136008	0.02598336722284547
1654	491853	0.045213862517006424
1654	371534	0.05830521401737827
1654	475994	0.08074538535852278
1654	577884	0.021314027972392856
1654	193374	0.04387431618500338
1654	555431	0.0691671422993929
1654	485235	0.09208150996716438
1654	297334	0.04717371889961898
1654	19321	0.07936161057449048
1654	172419	0.06562007193423712
1654	574347	0.022602775621392054
1654	144269	0.055126659224707546
1654	409489	0.05317097456934944
1654	544661	0.04495444765252968
1654	571297	0.017107485375180084
1654	546210	0.03215770087399543
1654	549795	0.06054215333198393
1654	481703	0.08520406775739985
1654	255400	0.027583925772812264
1654	308140	0.04328665164016029
1654	465329	0.04126637895672184
1654	230322	0.05504235534482807
1654	163263	0.11169280793769484
1654	576450	0.021379071026672646
1654	512452	0.04221538252082027
1654	223176	0.06949564202774774
1654	173002	0.08379663092114305
1654	22987	0.0057767593300184356
1654	59343	0.049345764678152264
1654	36174	0.04866784566512323
1654	412632	0.06844367762849124
1654	569821	0.03913171598898489
1654	209889	0.03833744738024272
1654	13796	0.05137455838078831
1654	120811	0.055420193200048956
1654	449005	0.06478648656454002
1654	570792	0.027597320931779513
1654	13810	0.02964924135000481
1654	377844	0.08529545567168405
1654	282102	0.030005856233094944
