1808	14339	0.14486149083718466
1808	339471	0.03470627654838177
1808	219158	0.050265311162498945
1808	139865	0.03136121122119415
1808	208420	0.009048074795758185
1808	137768	0.03393987338598302
1808	32305	0.028376093866900782
1808	318514	0.04127122100239161
1808	109107	0.016864573331189063
1808	142394	0.019688480884870373
1808	359483	0.07586807758436179
1808	500800	0.015497321305291484
1808	371792	0.03603482795105622
1808	453202	0.03394248074628665
1808	5717	0.044154141820525426
1808	190041	0.04195672360074422
1808	317028	0.035154170812778926
1808	159336	0.04119337623285224
1808	167018	0.042041900049279476
1808	453243	0.04780855495021159
1808	46186	0.04258499306562713
1808	303232	0.04270421227708002
1808	374401	0.03006726007691119
1808	120459	0.03515745875575964
1808	240786	0.009212590379498573
1808	232643	0.023219132332026673
1808	373909	0.035333225991137425
1808	32415	0.03922345464995368
1808	477042	0.021844999294289246
1808	537268	0.056226857286009436
1808	170170	0.032986348205134575
1808	31935	0.022766434741893635
1808	167107	0.04646833451432079
1808	522437	0.01984414483359567
1808	54481	0.03822570913005789
1808	205530	0.04377010737191565
1808	189662	0.05717351271111975
1808	219364	0.04244568000870104
1808	528104	0.026950640934820382
1808	518893	0.01848006790037445
1808	164081	0.038391110289777784
1808	483058	0.013356758851460142
1808	516343	0.03634880054371591
1808	248074	0.021807405811878323
1808	543503	0.01921200632659328
1808	190755	0.12986202468237398
1808	109349	0.03019764194125072
1808	89895	0.027735008060344714
1808	452394	0.04865257147650155
1808	40751	0.036149696145724754
1808	383283	0.0396188660916827
1808	437559	0.03785986729685751
1808	402236	0.04983627019817223
1808	284999	0.02604130815698737
1808	157519	0.03859205203805337
1808	578896	0.05775529378421753
1808	524115	0.018923025760301696
1808	521556	0.01609535742573042
1808	496471	0.03989891569662007
1808	8027	0.0346961316953637
1808	324959	0.041517051008038305
1808	32612	0.025519674216834157
1808	521555	0.03334862826762375
1808	493458	0.007261088856899304
1808	420720	0.024331500517208893
1808	166120	0.04473428000030944
1808	157554	0.035284293406701785
1808	528761	0.002116424129443208
1808	224122	0.024736105026749892
1808	316797	0.0250176456296215
1808	127367	0.027310199687975156
1808	493457	0.00987887970530768
1808	222098	0.01513964697930221
1808	553882	0.02692049831336218
1808	125859	0.03456146438925774
1808	8105	0.030275742162900382
1808	212908	0.012127982517832358
1808	247746	0.04029146440406126
1808	520645	0.04164325696110423
1808	166867	0.044733645989813366
1808	269276	0.0050997254842903164
1808	40933	0.030200580507677672
1808	369644	0.035123625540799605
1808	376813	0.028174551640531505
1808	55795	0.04209914442871188
1808	522744	0.032663573565944556
1808	429653	0.049313517911815534
