1812	363521	0.009361873211281013
1812	488621	0.019018333407359683
1812	31763	0.002278744894611703
1812	387606	0.008889011792552378
1812	403992	0.012421834665000504
1812	232988	0.002617789370725286
1812	280093	0.015781768393139283
1812	319526	0.013933785528060362
1812	17962	0.021008814725397684
1812	324654	0.005947936370479688
1812	403504	0.010544390391425953
1812	47669	0.011219304185822551
1812	202806	0.020167714018005167
1812	202809	0.06756939084206531
1812	128060	0.00943005805521698
1812	270090	0.012242059449147965
1812	526929	0.009627989877598638
1812	518227	0.010147193874621466
1812	89185	0.006222033355185839
1812	523391	0.0845455666551542
1812	320134	0.006644861701374166
1812	176263	0.07427602200435453
1812	544905	0.008641326304135607
1812	320657	0.009184148789463309
1812	265887	0.022484946265609054
1812	464035	0.00658324989358083
1812	55462	0.008686528010384666
1812	356523	0.005990121145556804
1812	325293	0.0059340709003381205
1812	210615	0.010292264533482356
1812	310474	0.016110262460831075
1812	250061	0.009721057986897846
1812	65747	0.010238774355782661
1812	174810	0.007736079699562349
1812	128219	0.007823020915976074
1812	466656	0.010007596666718091
1812	410337	0.010221880080579117
1812	426215	0.010017500087308529
1812	121586	0.006553476987026026
1812	324339	0.007977201297375051
1812	40696	0.0067277230487853305
1812	59132	0.014308098683743702
1812	461567	0.010078656737594961
1812	450824	0.010056658290574071
1812	579339	0.00917025929305702
1812	5905	0.006362964168170759
1812	562451	0.008523871521550163
1812	108820	0.005236069878952173
1812	459541	0.011569705151767187
1812	219932	0.00842115322258471
1812	343846	0.032616022470366574
1812	346409	0.008872183162412587
1812	315695	0.007197296004477255
1812	539450	0.0070037113495759595
1812	43838	0.006384853789222047
1812	322613	0.008611279853996963
1812	508640	0.009150734128205135
1812	325442	0.01171870183182993
1812	224070	0.0003017200764982293
1812	274248	0.012970358449083173
1812	195405	0.019084109480022815
1812	274255	0.010048816245113201
1812	272212	0.012873059334638243
1812	145749	0.01752688136558394
1812	461657	0.08045973828156783
1812	549212	0.01857031995027585
1812	338782	0.04638731586366706
1812	428896	0.02144351838951878
1812	5474	0.00851277293300849
1812	18796	0.010727325165242729
1812	386024	0.009201201964233243
1812	88469	0.009555438720137815
1812	337288	0.017756834544244152
1812	91032	0.005077398062559771
1812	114578	0.01101838513371827
1812	133525	0.00834660944679087
1812	162200	0.030087092112506313
1812	432027	0.009125834785323956
1812	358300	0.009239635213797217
1812	290717	0.0034919213254863825
1812	163742	0.01010060229261606
1812	445864	0.010326841768635055
1812	319915	0.00916919122016852
1812	539059	0.007806450995491147
1812	48053	0.005800301352408199
1812	290748	0.005433898211141312
1812	489926	0.012472844682230314
1812	533448	0.010436722129752603
1812	290767	0.004547399287575574
1812	14072	0.00850029016543292
1812	290771	0.002816144761687719
1812	57311	0.0083054084737713
1812	167906	0.008992167352839427
1812	115688	0.008736557535106226
1812	551914	0.009874938916470363
1812	78828	0.008297471913039976
1812	59475	0.01462157348323026
1812	321525	0.01365484483884275
1812	128463	0.006496998208931739
1812	525055	0.013014721766395183
1812	89599	0.006719452003467105
