1821	38401	0.02881147348099821
1821	513540	0.03272365820124248
1821	265221	0.029741228730709505
1821	55820	0.028887560383516097
1821	381967	0.024470893341955752
1821	89104	0.001171948888145273
1821	313875	0.025205291790118475
1821	201748	0.018859491914190205
1821	233503	0.007905392160405896
1821	348704	0.01576941414642511
1821	451112	0.026108527162918355
1821	579113	0.02423070057296789
1821	555563	0.022538463194578567
1821	370611	0.04207510211033738
1821	236086	0.028929954245476456
1821	446530	0.026892104425090217
1821	250949	0.04312464857417614
1821	107596	0.03359510010120967
1821	469581	0.008526494668224482
1821	498259	0.007755216268708983
1821	245847	0.027854792794479853
1821	198752	0.013331355939988297
1821	362942	0.03104769571343997
1821	514684	0.0051687860940098345
1821	185486	0.02283473488996631
1821	234127	0.03801206377828975
1821	185488	0.027540746521610426
1821	309393	0.028822184778533103
1821	19090	0.054433847043691246
1821	76948	0.02687380366483514
1821	44698	0.028085663187441153
1821	219809	0.0252428365743586
1821	67235	0.05676766958552601
1821	278693	0.016085546571187825
1821	4774	0.1471597764896289
1821	159922	0.08622501141342555
1821	242868	0.022991257972626508
1821	74934	0.10226339967486926
1821	53705	0.08521840542656557
1821	131772	0.026855253045388248
1821	218302	0.017364862461748155
1821	128544	0.01699685687765809
1821	54471	0.024752602157766708
1821	91850	0.02395246807991111
1821	470223	0.043055605781902505
1821	577748	0.020842516031967375
1821	37087	0.021477362838804474
1821	518889	0.010324715088481822
1821	27882	0.027934739205179828
1821	434930	0.013657523510747846
1821	158452	0.03169035780659578
1821	208120	0.011055139320232962
1821	419578	0.030557874101847973
1821	38652	0.024647417737615716
1821	208129	0.018830501761164298
1821	92935	0.015734117643556384
1821	81678	0.03264239565177509
1821	530706	0.007669042651190585
1821	281365	0.029081108920829442
1821	548118	0.011964599958178073
1821	259865	0.017985747348728348
1821	275739	0.02032336696347683
1821	410407	0.021209070307581367
1821	508201	0.11989066474591711
1821	36658	0.02861217260953163
1821	579378	0.022402041608786057
1821	500532	0.02235980369079316
1821	548149	0.027959536312879757
1821	530748	0.022388786523842734
1821	48437	0.001623231548160638
1821	35141	0.028572108845182582
1821	82256	0.021606136400246532
1821	473425	0.026666117297073848
1821	62810	0.022291965877301666
1821	41308	0.025293359927158678
1821	578912	0.01596139827872429
1821	130913	0.022960540265109144
1821	188772	0.007884603735721224
1821	274794	0.018607776241618565
1821	108919	0.025438446729431855
1821	164233	0.02770302343389617
1821	140172	0.14507119018086664
1821	140174	0.041563845754523536
1821	140175	0.06837089838914055
1821	389009	0.018634222657287286
1821	126533	0.026030244143422046
1821	198054	0.02141450621084971
1821	329641	0.1295254420548759
1821	489901	0.02560308403504518
1821	553904	0.02055136025599426
1821	435635	0.010346506779259483
1821	539065	0.020600081532468742
1821	451518	0.025385522081973803
1821	547777	0.022263833188104404
1821	87491	0.03501239858669262
1821	451524	0.027898274884715815
1821	559557	0.2474816217931354
1821	480200	0.026563454046500852
1821	472521	0.20313291991064958
1821	53708	0.06567988481567716
1821	53724	0.0554249938562543
1821	182238	0.02135337358315106
1821	35812	0.0252472172328206
1821	35819	0.026208104495049046
1821	272878	0.02578952381516841
1821	32751	0.02900371866900878
1821	388084	0.050445357018277716
