1825	506881	0.06387993544819191
1825	441861	0.06625409934392927
1825	482823	0.10154283392513387
1825	549906	0.14635601250730468
1825	549907	0.10853903462449778
1825	130069	0.07319241983445711
1825	440857	0.07503678293576195
1825	162915	0.07029719259567467
1825	517176	0.07915056639652923
1825	223807	0.04414948025251954
1825	443457	0.060360172673755604
1825	440904	0.09764164626639102
1825	69707	0.06539846640380988
1825	424012	0.06513134068056763
1825	284751	0.07225565273558365
1825	487506	0.12878876298889883
1825	527444	0.03995214652059533
1825	201312	0.042742296715747564
1825	229987	0.052109110168115896
1825	337511	0.10999714591651404
1825	109159	0.07740195189804193
1825	442387	0.05485517691184097
1825	514168	0.05663860209801134
1825	93034	0.04959549563230489
1825	488083	0.11383175551962618
1825	144023	0.09850350442865981
1825	413860	0.05830958076539782
1825	296613	0.07441546454183269
1825	129197	0.05074162056977053
1825	522441	0.04817489036691847
1825	455866	0.08608775061604251
1825	334025	0.10648163560915498
1825	523986	0.03851816044575876
1825	5339	0.05309529171987962
1825	284902	0.06633254259655016
1825	138985	0.08184376548681623
1825	386290	0.048475688007828574
1825	105206	0.12352908092140935
1825	284919	0.08186436082618168
1825	284931	0.06175420922810556
1825	207621	0.11221951357671041
1825	545033	0.06454065876777888
1825	208146	0.05654452530746985
1825	212355	0.06952399365446962
1825	172308	0.07542561375059052
1825	131119	0.05326773245806077
1825	83163	0.1807564261242455
1825	242988	0.09217875685432306
1825	539441	0.03900349587777803
1825	545081	0.06033094591452741
1825	133947	0.0402818285717648
1825	133952	0.044901547348980476
1825	335689	0.12635356601737222
1825	337258	0.09397504815111286
1825	493916	0.06391441212452889
1825	441694	0.05862248010246523
1825	126267	0.05543288793723159
1825	102246	0.058195578434725614
1825	444778	0.06116675582057834
1825	481134	0.07905416577982577
1825	121201	0.0753634509923572
1825	481651	0.1337347408899992
1825	245626	0.07469056462917027
1825	141696	0.0872940148988871
1825	400259	0.06944152954450399
1825	399237	0.04837211457810844
1825	7562	0.13793624820696437
1825	379275	0.06148332916926213
1825	308649	0.06373193264557622
1825	479146	0.08080557471455568
1825	417196	0.06845552375111683
1825	299445	0.055800028267403344
1825	458678	0.05267645616684458
1825	469833	0.05802884655176836
1825	436171	0.05982084273889941
1825	252879	0.039655240215705254
1825	14295	0.05808842580768197
1825	231389	0.05247186878388546
1825	273375	0.1280265943606163
1825	154090	0.04979429864847635
1825	561134	0.043530322109306
1825	216565	0.023989622535715942
