2009	498179	0.013878878301876084
2009	355333	0.03942688743771293
2009	463879	0.008241865389113723
2009	540173	0.012031896573983023
2009	349198	0.007434746327952699
2009	19987	0.008872789472339758
2009	421396	0.00562308294546468
2009	43031	0.013789327190009101
2009	326681	0.009192394751746684
2009	431662	0.010401459456463983
2009	55351	0.009626234622622706
2009	425017	0.011987231146537315
2009	322620	0.00718386434302424
2009	379967	0.007647642519333516
2009	372290	0.009413045663189753
2009	381509	0.008713183399176242
2009	433225	0.01356380001944642
2009	166987	0.010453816151273651
2009	260685	0.009117380273584623
2009	361038	0.010168630575583532
2009	355341	0.012791742189549638
2009	25680	0.010905028276095616
2009	435825	0.00845519676419562
2009	372343	0.009305636426315187
2009	312958	0.012817206506888478
2009	247436	0.012101943289153897
2009	364175	0.014251140735816046
2009	541851	0.010751139771462196
2009	283807	0.012053466752395478
2009	489122	0.012883721888104686
2009	114852	0.011582871879898293
2009	554662	0.010232049328968155
2009	406698	0.011534826784701337
2009	313518	0.01000484211379593
2009	345786	0.012667308311872988
2009	327357	0.011087416092864759
2009	8389	0.009444882595768079
2009	364743	0.009928137491909763
2009	323793	0.006530283501514224
2009	345811	0.011058473508196205
2009	152282	0.008939180968156919
2009	43741	0.003724170360666132
2009	563424	0.04317060182549185
2009	6486	0.05388704441418788
2009	553189	0.05990901368539156
2009	403174	0.010719612049342455
2009	158449	0.006483597825058458
2009	25843	0.004581993717665405
2009	189176	0.003991493332305016
2009	298753	0.010343641233777864
2009	476422	0.007590051103888735
2009	47371	0.008884421687001542
2009	79632	0.017845622851560102
2009	14724	0.009689307223075918
2009	289564	0.0112225149166026
2009	74458	0.012079935810056595
2009	534815	0.01223788267803081
2009	227112	0.009074318266793896
2009	167210	0.009699123357101743
2009	469292	0.010751011757909261
2009	110909	0.0072152102661330875
2009	58174	0.010391374670006417
2009	494402	0.011213307220840364
2009	164173	0.012863685933390556
2009	12622	0.009477605194905248
2009	380756	0.0076807873111215084
2009	235406	0.008711232675984186
2009	110934	0.008103308811070903
2009	6488	0.043351455660558195
2009	12121	0.008585713233088255
2009	577882	0.005818782986353267
2009	389468	0.011155299257297272
2009	402288	0.012997880277886549
2009	506225	0.006559516372870125
2009	104254	0.009306366340477027
2009	312189	0.01093019420017187
2009	345476	0.009681753235596887
2009	391062	0.010067575682731653
2009	325002	0.007389721865079539
2009	348558	0.006741575032829585
2009	98191	0.01213132605626991
2009	71059	0.0065105472085373525
2009	222100	0.010086346042160204
2009	561046	0.00958818419402183
2009	470939	0.011535002601043542
2009	108447	0.009661625308419733
2009	256949	0.011490846421334112
2009	319929	0.00947033204935831
2009	232351	0.008771714008133185
2009	90047	0.013005908686685526
2009	283586	0.014707322511865416
2009	141773	0.014061040218604584
2009	317903	0.012432833445863763
2009	250839	0.012652036340482547
2009	325612	0.00621961905165544
2009	568301	0.012899849552384646
2009	205807	0.014341903844450136
2009	568817	0.012381620614545301
2009	131068	0.010907369484043705
2009	354814	0.010700442825810869
