2088	518663	0.049126779720428476
2088	378888	0.03658738777198573
2088	59916	0.030450911999975672
2088	557587	0.04155263276242592
2088	485908	0.042151556524754795
2088	306201	0.02483753291700562
2088	208428	0.03541552372317728
2088	229428	0.07292442674439631
2088	244281	0.039143602930808034
2088	227386	0.04299985219912036
2088	579136	0.020842306897032408
2088	27719	0.019960438655311406
2088	336463	0.18366356093487457
2088	306260	0.035213955009716455
2088	287076	0.17128000647149996
2088	569954	0.026706780642408993
2088	409191	0.06760393221385334
2088	87154	0.02752730450273842
2088	495734	0.034560410520421164
2088	391295	0.042978931034710524
2088	218756	0.0410752410641729
2088	492684	0.0416457757526389
2088	152207	0.03154669567966004
2088	473752	0.04664940422445968
2088	358051	0.04039615428637859
2088	178290	0.1750594645191925
2088	127672	0.03997285934274356
2088	339140	0.1616355042153601
2088	487636	0.03538477184602036
2088	473465	0.02458580927358141
2088	433371	0.029540332336055013
2088	522463	0.03416272634875317
2088	70898	0.07130111327905256
2088	386296	0.042575381626060324
2088	110719	0.040108506580189156
2088	483084	0.05544550109629858
2088	13583	0.056610210318657
2088	442129	0.037871589673770155
2088	32530	0.03719096031839789
2088	532245	0.042088022234238895
2088	391300	0.03874589289441404
2088	362782	0.042223008474977085
2088	74529	0.034096397482698264
2088	428251	0.014796526471197613
2088	212262	0.04013929031859396
2088	146736	0.033143324936385846
2088	239412	0.1357674797899803
2088	572726	0.0337731780039079
2088	347974	0.053155677032048924
2088	528012	0.03353080986031576
2088	446808	0.03246357535701859
2088	141660	0.036389030476393976
2088	59024	0.043227104337639766
2088	556900	0.040426597982434975
2088	369	0.03237673926888272
2088	280443	0.05278949877357507
2088	430462	0.06994770747724345
2088	485251	0.049717896244827385
2088	423819	0.03456986393471686
2088	385428	0.0460033682717579
2088	449450	0.03539286531822828
2088	89518	0.011922304657590347
2088	402351	0.023788726643241793
2088	200124	0.03699072786542006
2088	115649	0.03127589414150233
2088	483784	0.03444812331527661
2088	556496	0.03366124820520823
2088	565726	0.026116535915878727
2088	409066	0.04120834892279435
2088	70124	0.06126687774026468
2088	185329	0.09564528702841674
2088	193525	0.04984878136262011
2088	44541	0.11579741636153563
