220	199808	0.08804104805854998
220	360449	0.021402615990021703
220	212738	0.023111876673233975
220	554859	0.010661930649899133
220	101636	0.013332334823776605
220	564229	0.013035928676348674
220	144391	0.010177008953429644
220	232200	0.015360574689749095
220	113033	0.01602169229608073
220	321034	0.020122932522185
220	294039	0.01823702215507024
220	231820	0.016593694316726623
220	528269	0.02246438726044243
220	187662	0.02339768017895415
220	446224	0.020989292837899444
220	446993	0.01315177064507405
220	36353	0.015416384663928964
220	321813	0.024205594597595345
220	218043	0.020962638497553643
220	454167	0.023385974064546903
220	146329	0.024591867463474793
220	563738	0.01831680426297812
220	114843	0.02570923176469258
220	36252	0.015298302764445097
220	530138	0.020165431341370263
220	364549	0.018409153971118284
220	564769	0.021094601338477046
220	388003	0.02053538578922836
220	200741	0.018008718162346234
220	87079	0.017870670487325147
220	457654	0.01904298149755451
220	241573	0.021621945072454983
220	75947	0.019934316480212048
220	32556	0.016204759240238457
220	299950	0.017687085400555417
220	209455	0.01875747711306356
220	489776	0.02943076822504645
220	493320	0.01197224145942234
220	332843	0.020227687712144594
220	30388	0.01508079189304259
220	41270	0.020388723911105678
220	102455	0.013908966487648899
220	22457	0.026613667633730013
220	113978	0.015359312028504735
220	237243	0.020672030104225515
220	370879	0.02095326062058603
220	454593	0.019931227017818392
220	180631	0.020103010866951997
220	59973	0.014166104031836414
220	520646	0.017336325885754292
220	574657	0.01250739412624008
220	506059	0.022266638919362838
220	313169	0.01477804646407463
220	49490	0.017105020330372953
220	186979	0.009204069818031952
220	104916	0.02257125333092863
220	104917	0.015623401076320298
220	249047	0.015945620483932717
220	259673	0.023344523516366393
220	530015	0.018816703858705965
220	361210	0.013233461809366303
220	577631	0.018433014795215148
220	219138	0.017311358896201536
220	247010	0.018334007296485075
220	452219	0.08166339276834363
220	371686	0.017180102125055854
220	364009	0.017507986472086418
220	54635	0.019360209297683152
220	491119	0.023028661653598285
220	337008	0.08956884079037508
220	49280	0.0222471351506137
220	213234	0.015982912398984882
220	293739	0.017879274279501763
220	375542	0.015756245205181225
220	383445	0.01641042420404264
220	122836	0.020396628301086996
220	499194	0.02030799195245514
220	299003	0.02161321620348184
220	371197	0.011894147401751785
220	528469	0.008059350032507807
220	76543	0.02608826496645597
