2355	23557	0.008795437714518939
2355	285704	0.15969598142933153
2355	540169	0.091125999503622
2355	92174	0.07481647076174196
2355	58900	0.15836428996366306
2355	448533	0.06476399543959974
2355	318486	0.07234121825989885
2355	301600	0.04894765148121178
2355	235055	0.13393649472419217
2355	188465	0.17262163247912823
2355	540210	0.157562718856669
2355	315964	0.07744053399190656
2355	330301	0.0657267349561431
2355	565310	0.050076392833974956
2355	378951	0.068703615490403
2355	413769	0.10776448383018453
2355	518732	0.07234192378165256
2355	285776	0.1807537866536467
2355	9305	0.1649748061611144
2355	518749	0.0843036577903825
2355	208486	0.0645062080479343
2355	279149	0.07168596302708409
2355	325742	0.10196099012960765
2355	294515	0.13277995585166041
2355	317563	0.10248623059852244
2355	160897	0.06658787103812149
2355	50821	0.06614740300917836
2355	397448	0.06591289249608837
2355	278669	0.13309616319244155
2355	127122	0.030481817096474774
2355	548462	0.06159582954642922
2355	60058	0.2651575295692298
2355	391835	0.10562129838192469
2355	518815	0.07894810195139328
2355	273570	0.07467388678438115
2355	323236	0.07561327975136169
2355	418469	0.04429034636756823
2355	404646	0.19799723338394867
2355	318631	0.08577909075061305
2355	303275	0.07114430953708874
2355	578734	0.05400948539271605
2355	569523	0.22984855723526845
2355	421044	0.11352261324199489
2355	203958	0.08678920304979548
2355	103096	0.21473788292657026
2355	466619	0.06733280923522027
2355	135357	0.06419608596152507
2355	2238	0.1319164315215954
2355	39106	0.047595946466774085
2355	504008	0.0617937733736238
2355	325327	0.08045392047580355
2355	314579	0.1509156932196808
2355	238292	0.165307429961251
2355	436952	0.1275272939271469
2355	314585	0.05508940302303543
2355	330972	0.08705523236100197
2355	71901	0.07649463247061965
2355	17642	0.2511662428482001
2355	389843	0.07162106022367007
2355	429300	0.037901710386240156
2355	399605	0.07383798799169977
2355	373498	0.06511661194946171
2355	437508	0.09504136937262683
2355	323848	0.11658992794955875
2355	265486	0.10539365855089416
2355	362769	0.07032190320287421
2355	2848	0.09623817736879249
2355	255025	0.11767242200981017
2355	318765	0.0687031213739398
2355	25911	0.05040618507533038
2355	257857	0.0939990206150051
2355	276290	0.08603455054105977
2355	407948	0.07338235360243858
2355	480909	0.12919617495968075
2355	250723	0.048103229358698256
2355	438121	0.12198558107715879
2355	281964	0.06674847789390892
2355	422767	0.07379608613830253
2355	322430	0.13979650157353554
2355	120129	0.06567816712147623
2355	360840	0.08892144035363314
2355	352137	0.09832784390730531
2355	497036	0.11140096490091006
2355	522133	0.05732634183002672
2355	555416	0.047305671033161176
2355	316827	0.09155716073360798
2355	129949	0.07353287550068008
2355	167848	0.16141021353885365
2355	392636	0.09296794625203016
2355	233409	0.05749105880364156
2355	534983	0.09155894116442817
2355	371656	0.12452774844342658
2355	221646	0.03978089675267379
2355	541146	0.18103666077428363
2355	374607	0.054469587277640175
2355	397789	0.06883121591398976
2355	440800	0.0808433121379231
2355	490150	0.0706283269746868
2355	250343	0.08505600841612188
2355	549865	0.05103095490839991
2355	202738	0.21133635599450468
2355	540659	0.22179124208728893
2355	318967	0.08546490584841857
2355	222719	0.08130669685242459
