2407	37803	0.05300489514029297
2407	205316	0.04923056183998842
2407	124936	0.04281028766359533
2407	163721	0.05234435704601367
2407	532528	0.05732725808098962
2407	221746	0.04293980085069583
2407	46004	0.035061076170857665
2407	59452	0.0018298638898292944
2407	130635	0.040666893113746584
2407	297552	0.0643673088112288
2407	148565	0.03848353754493909
2407	246880	0.05272835964859171
2407	311906	0.05588722504908054
2407	41063	0.042293297029266236
2407	141932	0.0321787754209394
2407	173176	0.0546683437424712
2407	32407	0.05572684255095717
2407	147074	0.02939098572095202
2407	456836	0.058304099629413436
2407	457352	0.057132524666353
2407	307341	0.036745473371837124
2407	381071	0.05409889362825569
2407	390800	0.04329470070171879
2407	555666	0.04978713893662289
2407	555667	0.04091688379968314
2407	223383	0.042484071591492915
2407	169112	0.04414878725465664
2407	197791	0.02154464599010879
2407	187044	0.04569413913147223
2407	330917	0.04299220417847688
2407	131239	0.043544661524767984
2407	260777	0.05932501531172537
2407	423595	0.06422867880713912
2407	418989	0.055328118222842906
2407	712	0.04040542036467197
2407	545979	0.05874084837481801
2407	149701	0.053025681883974676
2407	491206	0.0417691304430067
2407	210120	0.05380347995110611
2407	91851	0.04327201697028904
2407	218841	0.06045960266424157
2407	47846	0.04744242526669153
2407	218858	0.058987821621493665
2407	203133	0.04548167920614242
2407	55034	0.04056441387950567
2407	264064	0.04163342931893017
2407	135940	0.04385914686733895
2407	149765	0.04261945425204104
2407	37127	0.05743497671251327
2407	40726	0.048887112078029184
2407	580313	0.07360841499544747
2407	260977	0.028256841709886456
2407	169267	0.026168488778920466
2407	109430	0.08043790816665733
2407	222011	0.05027465886187208
2407	412490	0.05319856012329785
2407	241516	0.06034439117802362
2407	34161	0.052778231852652686
2407	450417	0.04033028457417996
2407	228214	0.0607504399026177
2407	513258	0.05226064667431557
2407	384382	0.04978882406215196
2407	496512	0.05860026542135915
2407	192387	0.05549055630107152
2407	458628	0.05229128616407676
2407	261509	0.061444072129788946
2407	453511	0.08954572417814967
2407	444297	0.04958754836242965
2407	136594	0.06535344138239815
2407	467365	0.034210892134056016
2407	102827	0.034234234281109
2407	207788	0.05882982037475579
2407	423857	0.06471663958763046
2407	555444	0.0503714052751374
2407	345021	0.03347323569477374
2407	37963	0.055794878647405455
2407	122822	0.052468148534666796
2407	92616	0.0557490679297118
2407	316102	0.05255487637639298
2407	136134	0.030037748402537992
2407	119888	0.037155449363640417
2407	218084	0.06481528858858646
2407	522741	0.06125611810990856
2407	142328	0.07395392840044619
