2429	133897	0.03512296774274196
2429	437771	0.05027647677370648
2429	93964	0.05009044312036993
2429	40615	0.03623819423239844
2429	501903	0.062464314806416524
2429	565907	0.035796437766539874
2429	483732	0.07501363583263099
2429	192917	0.040413894101932475
2429	156440	0.01328454029896442
2429	474781	0.04680675399231608
2429	146719	0.03587865979105471
2429	481184	0.09714245925109947
2429	250146	0.017436751303615446
2429	554532	0.03242748939272968
2429	440229	0.05378214217775359
2429	65062	0.07548988220199752
2429	367272	0.0427830729684545
2429	503980	0.019713979707311143
2429	498294	0.01038882489695624
2429	578525	0.21309716973892712
2429	153778	0.050039666555322916
2429	570676	0.03244643752295193
2429	440893	0.02994522822934521
2429	440894	0.037490948451730524
2429	481343	0.03270448107842387
2429	228672	0.03308445442428616
2429	298379	0.03157600892988838
2429	217157	0.03897245555447296
2429	376649	0.0430649564042546
2429	467916	0.08841400548388821
2429	311373	0.05090005733956898
2429	208336	0.0489821213855991
2429	493905	0.07602618586088253
2429	289874	0.05921007281794413
2429	508515	0.026909835480283677
2429	133974	0.04007665114050025
2429	311383	0.0507619627286358
2429	493917	0.05953481676651678
2429	455973	0.021129962112531556
2429	309986	0.042901927229090385
2429	139363	0.06865937221901672
2429	443364	0.03620165326845747
2429	513383	0.033552234190735046
2429	416874	0.035376334784026985
2429	261995	0.01874173158495082
2429	214134	0.025282386495306862
2429	143725	0.04201348589143182
2429	125679	0.09770915400062335
2429	481142	0.051463043951016585
2429	193146	0.03567796370163199
2429	143740	0.03767913149647286
2429	247038	0.031114585577628105
