2434	356874	0.057416877845981235
2434	356363	0.0502074648598054
2434	385043	0.0446417083454636
2434	529435	0.033994748874829506
2434	290333	0.05078261226390042
2434	458785	0.09910075273778561
2434	172580	0.02523164373518618
2434	503337	0.02455496163311499
2434	451114	0.049582195328931516
2434	529451	0.05780747188654998
2434	336429	0.11029419666390905
2434	32820	0.031505193699112165
2434	178589	0.2377468279376688
2434	268348	0.05065002814798657
2434	528309	0.02498978246047482
2434	529472	0.051479496981591294
2434	72772	0.09049336122796545
2434	265289	0.0240510387417666
2434	370251	0.08709802064118602
2434	207955	0.20179429116046813
2434	503894	0.018863875373658794
2434	171108	0.01978303947071151
2434	35432	0.030652967047071728
2434	295955	0.021143965728382817
2434	462964	0.027387342932205377
2434	356470	0.05455275189764932
2434	576632	0.0722957334455998
2434	576135	0.07953194708436975
2434	476305	0.15619922957754012
2434	576150	0.01801204904001957
2434	458392	0.03278294914346449
2434	498329	0.07307393517135341
2434	56991	0.07749061500727342
2434	463940	0.11288876092521212
2434	463015	0.03288788526765737
2434	42671	0.04344744108336748
2434	576187	0.04116435261021742
2434	186057	0.02771051850895381
2434	501458	0.11731908985133517
2434	228566	0.058435198342350544
2434	72929	0.06279749983700009
2434	185061	0.0667954959558798
2434	2280	0.04462254734979023
2434	154862	0.04794401124193551
2434	72947	0.060983275460372695
2434	114422	0.037931814030383294
2434	576247	0.083351645871435
2434	404225	0.023104402363141072
2434	154377	0.06261463603469146
2434	417554	0.035903368243388536
2434	374036	0.039723657562451914
2434	165150	0.102009333615581
2434	165151	0.07215990364695475
2434	154408	0.040466974956283146
2434	507689	0.031263251173216634
2434	544903	0.03606153973622143
2434	468806	0.008149204590564672
2434	73953	0.16127213001947485
2434	503625	0.06803442848965481
2434	473941	0.028068572021791326
2434	206181	0.05765827628404012
2434	363366	0.035138600475248465
2434	511854	0.0266356330441303
2434	65903	0.10557419085009541
2434	154480	0.05218325618909283
2434	536445	0.026147133423592338
2434	193408	0.03848443187318263
2434	280964	0.021594105392596586
2434	302472	0.09009492836426568
2434	129418	0.034890215236040724
2434	558989	0.018265480180546474
2434	399342	0.0025096734047294197
2434	546711	0.031038230305345117
2434	46148	0.06541437284366561
2434	576412	0.11484192655773204
2434	546717	0.06446073821511476
2434	163747	0.02998326466102931
2434	129447	0.038366710491607725
2434	2984	0.02760982851767912
2434	576429	0.09438598578862147
2434	405423	0.027904021319347282
2434	13892	0.06090213595353143
2434	511410	0.07351186867116687
2434	206261	0.05235393545666746
2434	576438	0.06057128336090046
2434	499646	0.05403645728363782
2434	458691	0.07176292148930552
2434	575947	0.09466574647688261
2434	504269	0.017026538664611728
2434	184277	0.11851946505146131
2434	74201	0.025412742434997315
2434	435166	0.20414479928704657
2434	146924	0.08486246429906592
2434	106478	0.03388822100958342
2434	215024	0.025542463051286827
2434	71592	0.03948657205100399
2434	146930	0.021544456123029864
