2461	251912	0.04466544113471737
2461	193037	0.024355974161340187
2461	282133	0.019054649209502103
2461	444951	0.33663847827111
2461	282137	0.024153612348182182
2461	207386	0.024491529491976447
2461	186397	0.02873395834213215
2461	246311	0.23199350496233548
2461	329257	0.0708305102687017
2461	503338	0.030120749079585216
2461	155695	0.006076133152135579
2461	155697	0.007846833811861968
2461	474976	0.1102428979928184
2461	110668	0.05178122569180717
2461	355920	0.03789650831543588
2461	227598	0.008619808658296932
2461	110689	0.0521934373586012
2461	390756	0.10599211433224309
2461	406634	0.029846388134378354
2461	370800	0.03027613716024444
2461	61047	0.05149400136117182
2461	216189	0.011793530756923768
2461	153726	0.05423281078781721
2461	216191	0.025213343616819452
2461	428166	0.03374810821821184
2461	551560	0.014156975836661973
2461	156297	0.030054884969522796
2461	537741	0.020343548032290822
2461	462994	0.014256067049644683
2461	242115	0.1878210244272296
2461	576793	0.02217377688491045
2461	577220	0.04810538589963449
2461	208547	0.03836790410404428
2461	465070	0.021733271172395017
2461	3101	0.012727302795519386
2461	576692	0.022848613546800994
2461	152757	0.04012060550709277
2461	19126	0.07583706882027952
2461	435897	0.006584357834002823
2461	503669	0.012438452500423379
2461	452290	0.007222074009610373
2461	566468	0.01863317347145379
2461	577227	0.016631540956237673
2461	13527	0.05225624547937991
2461	151260	0.017698740226078234
2461	576738	0.014709503603910832
2461	311847	0.05166673804197222
2461	196847	0.018236491419285572
2461	150266	0.0310424332704939
2461	577066	0.0163180920607641
2461	577279	0.01980151185461697
2461	85252	0.018608699163252713
2461	504072	0.03716499765611161
2461	577290	0.022426227513057336
2461	154894	0.032959694124647144
2461	498447	0.0126230238684241
2461	522000	0.03759212347004832
2461	193302	0.035324177079671656
2461	576792	0.018120442910134114
2461	175385	0.19219496501525124
2461	380189	0.053095775168396406
2461	163614	0.0316444944593643
2461	477473	0.019885421134017218
2461	455971	0.04167731369196709
2461	73520	0.016838524336915035
2461	222516	0.02068225746632925
2461	567095	0.16654129201416434
2461	223028	0.02135870099297511
2461	143163	0.021787582374689637
2461	504126	0.0210874571021084
2461	524616	0.0387105693109841
2461	536402	0.01779001801879237
2461	187731	0.04249542701511651
2461	29531	0.034413603035045176
2461	474975	0.15049093972885
2461	2912	0.018572240819412632
2461	156002	0.022622227781646766
2461	474980	0.008466322824904242
2461	494450	0.048916066262633874
2461	498037	0.017806411374122116
2461	363895	0.05380281526919102
2461	379771	0.044738153601251274
2461	216959	0.1743960858746278
2461	581511	0.008363722638716162
2461	41352	0.03152609029299862
2461	577421	0.018329010333880486
2461	138991	0.019450481263312083
2461	47004	0.03414709124482394
2461	498078	0.021803994995056784
2461	2982	0.011652555966429955
2461	154028	0.04618390305001279
2461	154029	0.03875554767930166
2461	216495	0.04165312632772291
2461	186291	0.010242254944453667
2461	504250	0.01670255980979586
2461	407483	0.027596358345265175
2461	243139	0.014884250326301158
2461	551876	0.02608977657654447
2461	484811	0.036285911721210665
2461	217036	0.10460718692682916
2461	124379	0.03140650340049615
2461	3041	0.020157990309138746
2461	367587	0.042144631164316514
2461	122861	0.033691641651159496
2461	143865	0.018451351662488756
2461	502781	0.15374342009759054
