2465	164866	0.19401835345384313
2465	164879	0.10727096235048825
2465	61784	0.04088020080767935
2465	164885	0.08371469106414427
2465	301080	0.06023908209866785
2465	545817	0.06285292554085242
2465	287258	0.07943346322437987
2465	350042	0.04174816383468433
2465	513060	0.029451965284591444
2465	438309	0.044357147019639324
2465	239147	0.08046524143924547
2465	8752	0.038700438889803485
2465	8757	0.023098128262037117
2465	250941	0.039194664458662216
2465	361541	0.05163934412930177
2465	277576	0.032912991997881245
2465	242786	0.05880247777988659
2465	343653	0.055724734672569075
2465	416871	0.011188422220001307
2465	499305	0.04684647070667673
2465	47211	0.035357857480132614
2465	387185	0.04394343779318133
2465	26230	0.07271791240689483
2465	395895	0.044037485730796605
2465	56958	0.039174945170861196
2465	282752	0.026907150443914597
2465	562319	0.040132051425374744
2465	246928	0.03190920712246787
2465	135192	0.025975343236674844
2465	78486	0.03499032558734844
2465	529433	0.057419978182777914
2465	387225	0.05438518300532186
2465	121370	0.04345654960928488
2465	321696	0.14252112652409812
2465	499361	0.030030363969249352
2465	79010	0.04444617622021119
2465	28325	0.11968072468071046
2465	387239	0.03578200031435141
2465	479175	0.03359288203072945
2465	273069	0.043892203382924336
2465	165040	0.030241248471306728
2465	361653	0.040752666879094186
2465	361659	0.061159549822373906
2465	469693	0.08159045214454995
2465	44222	0.020252211017692524
2465	268492	0.03761342382535534
2465	535758	0.05262263386402785
2465	286421	0.12921732658861187
2465	61658	0.0420600724125708
2465	138971	0.050144021338033876
2465	464605	0.042274323145730104
2465	489190	0.03289903319184128
2465	535783	0.04033972569097634
2465	219888	0.047816600722929176
2465	255739	0.04159184329368202
2465	381196	0.09354611152653645
2465	361745	0.13523188579490905
2465	291096	0.05249027074335856
2465	272169	0.01847853894195424
2465	60719	0.03997821782965128
2465	186175	0.04881288013335306
2465	461643	0.03800214419136635
2465	521895	0.009511271754511429
2465	350030	0.024771714863295217
2465	370520	0.03680078299077129
2465	184154	0.05319206742470794
2465	322910	0.04362895407315476
2465	374628	0.05111398492203338
2465	576231	0.09116285762412642
2465	244590	0.05102166221073725
2465	331120	0.04852785456022304
2465	348534	0.022305907865075414
2465	334209	0.06496078782862452
2465	282000	0.055589404329657414
2465	164756	0.059204079541446186
2465	164758	0.03616385062493869
2465	278935	0.030042428062152945
2465	164760	0.05904565296778758
2465	43421	0.0460552203451239
2465	164767	0.06101067334979459
2465	27041	0.05488879795792323
2465	372642	0.033432308849487016
2465	246726	0.02852935628910718
2465	164781	0.13061656861328197
2465	184752	0.027581233717861135
2465	271797	0.035957809174894155
2465	307188	0.0597466321859768
2465	136127	0.011216863979688695
2465	505280	0.04038106958076886
2465	61892	0.0577922542298123
2465	164806	0.04110082624842653
2465	272839	0.06906585653600833
2465	445909	0.13662738076394781
2465	307675	0.031161865636548016
2465	356005	0.05698260815584341
2465	498661	0.03913927194221579
2465	458729	0.043809420808086454
2465	276971	0.024500864900632406
2465	191474	0.04281599974607562
2465	276980	0.030613860211598207
2465	164853	0.07652489504433137
