2510	305668	0.06835887157303033
2510	400902	0.043912731256060475
2510	305671	0.0680636034936934
2510	211980	0.05387444247094458
2510	148496	0.04839905251613494
2510	36356	0.030947555219957245
2510	211997	0.06032951824195146
2510	376862	0.09332101759801524
2510	244770	0.06257673698120098
2510	212515	0.059157121059752966
2510	377893	0.06104329255072282
2510	127533	0.05550266342278895
2510	476220	0.031342719153504846
2510	409156	0.05064055882764194
2510	228423	0.045102239639026
2510	131152	0.035065162638034754
2510	552017	0.04456875826203292
2510	83440	0.08492570111628812
2510	32346	0.037398428101320366
2510	65632	0.052841884673591605
2510	424551	0.037422649740231864
2510	191592	0.019937698321419988
2510	85610	0.07460840280957848
2510	173164	0.04983558205762971
2510	520813	0.05362810608896788
2510	223352	0.06979695466343926
2510	481914	0.028261058843662014
2510	405627	0.051685148454903254
2510	108157	0.044472975101851255
2510	428670	0.10837093815389351
2510	123007	0.033678314767220593
2510	408706	0.030104446054661817
2510	86150	0.060315576321510585
2510	428679	0.025376373018237613
2510	409225	0.08336754880728513
2510	86154	0.06167007850865559
2510	400066	0.04281262176190426
2510	510105	0.03821346410630725
2510	4265	0.04951381729277415
2510	252275	0.06893569398894407
2510	70837	0.04163630960417348
2510	445632	0.04667221836090466
2510	171719	0.06846060642051104
2510	477384	0.046659346766961055
2510	83659	0.07307956776965246
2510	409296	0.06355902772244135
2510	243409	0.03442295787108377
2510	143570	0.06250271866934258
2510	212188	0.05709953186683411
2510	485091	0.07865154190648804
2510	202988	0.036800599612464895
2510	367347	0.040573461649995035
2510	85630	0.06713450724436763
2510	367356	0.05657289957056548
2510	82693	0.09331997026599682
2510	143629	0.06132270205886845
2510	163098	0.07689006495357664
2510	479520	0.02904745771801169
2510	231715	0.0669677669928651
2510	123695	0.039853510965953846
2510	491312	0.04819017287503712
2510	149811	0.029856380010395586
2510	445577	0.024792867466281482
2510	224059	0.08900802219395725
2510	445758	0.06031724083304979
2510	437057	0.061666980145876044
2510	246597	0.0802768617391772
2510	400198	0.028649757398283106
2510	274769	0.03201264048073712
2510	419667	0.061537092712073777
2510	486749	0.07044851535441912
2510	423785	0.05344072247843732
2510	193902	0.05620993791971417
2510	12655	0.05493025230663933
2510	203123	0.09064106562527592
2510	82808	0.07208051862413166
2510	505215	0.05801660783270809
2510	3470	0.05279908564463675
2510	120722	0.07614722811531632
2510	284057	0.0698662548652612
2510	173465	0.030169609182655075
2510	252828	0.02394557549743141
2510	479137	0.06010006293751864
2510	83369	0.016521563265170083
2510	306093	0.11249962350851597
2510	297393	0.0744968437205101
2510	389043	0.03359132873541352
2510	377783	0.06592282469495368
2510	549305	0.040056963626210584
2510	168379	0.047861502856719286
2510	420797	0.040426767535158184
2510	522691	0.06615996158116545
2510	185807	0.01704635938788996
2510	255967	0.03135111145239883
2510	228420	0.04852251308817417
2510	182762	0.027514566679265
2510	141297	0.07135319820071269
2510	512507	0.03656760703920622
