253	49794	0.07164157506302037
253	184453	0.08356256684957943
253	245256	0.0991819194086308
253	262871	0.076669827659262
253	551234	0.0868707709097371
253	446274	0.06875994453154557
253	196623	0.11529595357659858
253	500696	0.06864332033999743
253	519964	0.07971964869346851
253	482602	0.08310112094285048
253	443183	0.0909972745976704
253	196530	0.13819061622449907
253	196533	0.13819061622449907
253	356667	0.11505105991816583
253	355902	0.08822397999241377
253	409407	0.1008703112679033
253	193985	0.08011923794179387
253	194114	0.07410110654400447
253	554307	0.11883902610636389
253	551242	0.11801452620447908
253	446411	0.09548369896122579
253	252110	0.08644658806632381
253	261335	0.036987881343198324
253	262872	0.076669827659262
253	261338	0.06476760646227675
253	530268	0.0685896622517856
253	355935	0.08836303823436799
253	446308	0.06619439917583476
253	409194	0.08709902915300824
253	187250	0.08106490976491698
253	252148	0.09244318900895035
253	500606	0.11128888320002388
