2541	36352	0.032792144435174184
2541	337420	0.0657331120234984
2541	415760	0.023342010165481576
2541	72721	0.030545070824626378
2541	560148	0.03106221902799645
2541	428576	0.054898388734942884
2541	35364	0.03185996709891733
2541	46001	0.030551572798992965
2541	386088	0.0020841817808668773
2541	437300	0.03131087369272008
2541	192862	0.02053411887002769
2541	529486	0.02436174416314389
2541	246865	0.03615915433205722
2541	494675	0.02922963124471911
2541	503380	0.0161346688568699
2541	486491	0.02102945945272001
2541	36958	0.027994070662952578
2541	15455	0.010436777314881126
2541	440424	0.030304896108351645
2541	406635	0.022086397208087874
2541	34088	0.03450813526159179
2541	45929	0.01617910013204885
2541	209533	0.0386387413164059
2541	257167	0.020403154675819577
2541	89283	0.03518365802504604
2541	455318	0.030188814170347945
2541	5274	0.010621804954918646
2541	268958	0.03195101207988373
2541	442527	0.02568330731740859
2541	114854	0.02447353280327234
2541	34985	0.035455563591145656
2541	415403	0.037568170330283084
2541	307391	0.013645221527999869
2541	200897	0.07420404402472973
2541	505027	0.030941457963112685
2541	152260	0.03831595800294963
2541	300235	0.026624134369028746
2541	110798	0.02924762300209059
2541	425171	0.023821268815459998
2541	34013	0.0347376029319359
2541	216799	0.026264228815053903
2541	198374	0.07549938739156968
2541	202986	0.01838646218008341
2541	394365	0.022178862364046363
2541	167664	0.029802103369426732
2541	359160	0.027953364729277064
2541	576253	0.01808296161706524
2541	770	0.0008788546092688092
2541	127238	0.023281942945492476
2541	555783	0.03000473079633044
2541	361225	0.03238173791390795
2541	507660	0.03489933758156868
2541	408849	0.03511044669023273
2541	338709	0.0649623261839154
2541	127569	0.026304021768332946
2541	383256	0.027142629033407563
2541	213793	0.03691924297451378
2541	25896	0.027011232995512505
2541	171310	0.04175017382224738
2541	11567	0.018703708510543284
2541	45109	0.025936214193066538
2541	285510	0.023156166826477503
2541	465225	0.05879034770718874
2541	444237	0.025802698416172956
2541	322898	0.03381188961073117
2541	202073	0.02780668126439488
2541	555356	0.02644373404751909
2541	395613	0.03143252889599975
2541	436574	0.03041690176442487
2541	468831	0.030421752290625992
2541	162149	0.03641683603889379
2541	12648	0.0334518956375166
2541	289641	0.02771674181896842
2541	436588	0.001530553959451003
2541	110449	0.024856244197131436
2541	35186	0.03558027583491845
2541	330099	0.029901335305489902
2541	373621	0.03320327856969237
2541	246656	0.030326490008626084
2541	320390	0.02987873625539743
2541	539016	0.03179906760757039
2541	171914	0.02983731694244703
2541	567184	0.01881799944813492
2541	268180	0.020870084761848196
2541	431513	0.036669525555065315
2541	579492	0.034799979517024
2541	144294	0.026364601132778224
2541	161713	0.03989617927192184
2541	115648	0.020568811686731733
2541	95682	0.005780802629828837
2541	115651	0.021138423426139762
2541	122821	0.03372516322994708
2541	133453	0.02648017198082366
2541	259024	0.03360673818246437
2541	34776	0.028127653986619476
2541	419810	0.023783421514876973
2541	13796	0.021164269756496164
2541	10321	0.06482377553510092
2541	498155	0.018728307344199092
2541	189422	0.04116147333755444
2541	132591	0.09738766836122874
2541	72693	0.033422223473822295
