2631	250888	0.04471399668881405
2631	236042	0.007077630045825665
2631	277517	0.033387354657823394
2631	280605	0.04496393124069547
2631	503335	0.015136221831835968
2631	220715	0.010188042014547158
2631	503344	0.010868991404738874
2631	158269	0.022116277988852653
2631	273982	0.03983577201464302
2631	239174	0.08933108452235286
2631	8278	0.015353765772284578
2631	62039	0.031212816950311268
2631	346714	0.06655291952147958
2631	426076	0.047078861615437305
2631	544862	0.029598226347430763
2631	51807	0.031188548145258583
2631	370275	0.02401181449831583
2631	330859	0.04969075162149902
2631	361701	0.02347659239228837
2631	356471	0.00724060891062532
2631	192123	0.017694185398547474
2631	334978	0.02633855439448333
2631	505478	0.02957310656270396
2631	85133	0.017029195249510302
2631	67726	0.01832966091744021
2631	188783	0.021664456121444308
2631	510114	0.02616593951469422
2631	265892	0.021710235937980268
2631	265894	0.02020709260348178
2631	426152	0.033322849422042
2631	435377	0.11242154698178611
2631	127667	0.028536951552598118
2631	19639	0.023123161277861837
2631	415929	0.024065547799781477
2631	382143	0.042412287031313424
2631	271562	0.0167536827356791
2631	346316	0.01427200935210744
2631	271578	0.021109598684237948
2631	576731	0.01816350627163196
2631	436965	0.040510709313712256
2631	361703	0.01139419548707219
2631	504045	0.016661057768705204
2631	548078	0.021236524798332136
2631	388335	0.01562146370453049
2631	385271	0.04150315285435152
2631	576765	0.015049145487928064
2631	155008	0.03750880909808252
2631	82219	0.03553801501620048
2631	82182	0.035031142246711874
2631	82183	0.03039033788666811
2631	51977	0.02234946331234812
2631	90380	0.023648064947686204
2631	462978	0.02876429755154924
2631	422163	0.010056744797049681
2631	309536	0.04297237205174056
2631	361771	0.011139080786071698
2631	127965	0.042982418390947824
2631	576821	0.020573373654934158
2631	335159	0.03659418919436959
2631	139575	0.03129654863874463
2631	274259	0.07686272214022936
2631	89428	0.05702574131016827
2631	206165	0.011782530933530834
2631	480606	0.016393230084600578
2631	353631	0.09178025689803401
2631	62822	0.06799099709560483
2631	2921	0.00961854225637392
2631	2922	0.009661267215952025
2631	576367	0.04813699646362155
2631	576895	0.01582708479010168
2631	263040	0.005634256640027788
2631	249387	0.050661551088595665
2631	532867	0.035723122449343815
2631	357773	0.0405358642575373
2631	263060	0.0073311297223877196
2631	546715	0.028975348608556342
2631	263075	0.03049810455648192
2631	263081	0.005783266050687143
2631	263082	0.0060728290492189484
2631	60844	0.03768942899996831
2631	391082	0.09679032141429159
2631	291771	0.03834372433886226
2631	428477	0.10560432722693135
2631	152510	0.017833956116591186
2631	350657	0.028316760700186457
2631	147913	0.07794150969112877
2631	539612	0.06165117264018736
2631	324061	0.012207397176085325
2631	504287	0.015232770883085174
2631	575982	0.049759476696472335
2631	147453	0.03110701639691263
2631	571897	0.018893095190350238
2631	476074	0.017000796706838885
