2679	373255	0.1069751998876001
2679	82008	0.08443025601487966
2679	126477	0.08766234903721705
2679	556560	0.13533359309970822
2679	364049	0.07746289939646912
2679	492059	0.10002047005269817
2679	423453	0.0953588037293287
2679	423462	0.08414860625910528
2679	228906	0.09924234602148387
2679	449204	0.11180006610983617
2679	373323	0.11411070839627442
2679	206414	0.13179563757640547
2679	127569	0.10322942510645668
2679	363603	0.1168813198143235
2679	432728	0.12022246223204965
2679	80477	0.05370463033070885
2679	488546	0.09760232776708103
2679	559207	0.1052528225519175
2679	211568	0.07214777986061827
2679	433266	0.13939294715713008
2679	403571	0.09957511930505267
2679	150137	0.09537680727312947
2679	308858	0.11413692366939251
2679	266880	0.1002207637409977
2679	490125	0.08202240491908544
2679	489618	0.10054029770670964
2679	573589	0.06773950207794727
2679	264473	0.11702106228101233
2679	448667	0.10408280822485247
2679	174751	0.077108813990545
2679	147629	0.08486463739211805
2679	180912	0.10009851754625752
2679	178868	0.111955606196455
2679	113342	0.10132607725244938
2679	71377	0.050788106800471924
2679	508627	0.08669920929173161
2679	112853	0.10166640341608155
2679	71382	0.06453770460980099
2679	499834	0.10804875817172797
2679	481503	0.09928091375059883
2679	283258	0.09093038190028664
2679	550609	0.15236507999586898
2679	518383	0.10786050386429
2679	208112	0.14379287020549855
2679	30961	0.10198521778376866
2679	389377	0.1065638289204938
2679	108304	0.11559393563002086
2679	394006	0.10414873318624861
2679	155420	0.10444089932410164
2679	475423	0.09617028471439189
2679	25898	0.07140016668716948
2679	130353	0.10580960535806366
2679	75058	0.10972904896277574
2679	413491	0.10730506923199544
2679	90428	0.09864386102878074
2679	10558	0.09748937452375267
2679	98120	0.09942166652042962
2679	104265	0.08279412765820798
2679	510284	0.10414423122164436
2679	170848	0.11503438773242551
2679	436580	0.10759147359563259
2679	76649	0.12125071162863978
2679	180592	0.053020018591810804
2679	441714	0.1369301271892582
2679	115578	0.07814670884519084
2679	441729	0.10103755770527566
2679	404354	0.10468499470840326
2679	485764	0.11289494284106953
2679	549257	0.137637658860742
2679	324508	0.09206305660815862
2679	9142	0.10341301877866856
2679	170937	0.1249867248428318
2679	473537	0.1217920902673696
2679	350147	0.09296571806412432
2679	208330	0.10542580491565297
2679	560078	0.09797385684817043
2679	455119	0.07359404007462737
2679	453073	0.09259244999099177
2679	305622	0.10219099651458338
2679	105434	0.11235937817330299
2679	558555	0.0820206294974171
2679	44514	0.11029530033110752
2679	571363	0.09516931333753635
2679	74726	0.08383446540514436
2679	328275	0.1059038111201026
2679	132599	0.13122578823152867
