2682	93698	0.23473610732766906
2682	382468	0.26118066623426256
2682	342358	0.16492993196832856
2682	170502	0.03680569590445532
2682	514062	0.12231040363329279
2682	138774	0.2045451566764501
2682	285726	0.14126302896567014
2682	229413	0.154704202576735
2682	227377	0.3270783237822017
2682	287284	0.24273111156064897
2682	101431	0.1308042749895829
2682	336960	0.1611146685986685
2682	287298	0.16418031250024115
2682	371780	0.1655191262050433
2682	79946	0.04023701999266053
2682	190543	0.12533042642689962
2682	411730	0.14332037833324435
2682	176746	0.1998240071026472
2682	203372	0.17770897593775603
2682	339058	0.12455645965923991
2682	31863	0.13612861451663183
2682	21624	0.25398917108862
2682	443001	0.09233785554303363
2682	534141	0.20294536357511989
2682	379523	0.08880248234212984
2682	443012	0.23046542753268032
2682	443013	0.27411447098747616
2682	443014	0.26596016965841207
2682	419468	0.0800592458526484
2682	186649	0.1250486633794662
2682	339108	0.10597786716942467
2682	170662	0.038810685347038514
2682	74925	0.1354921804207299
2682	464561	0.20921929202856546
2682	377010	0.14170828876102057
2682	377011	0.3424531437764252
2682	39092	0.32305925504129956
2682	463543	0.1191319338413187
2682	463544	0.20072141186254464
2682	422590	0.21344591460547763
2682	380704	0.13314679000888907
2682	514754	0.18223526429217923
2682	84678	0.18597818617941508
2682	338637	0.18879318632213007
2682	31445	0.26835765162513125
2682	31447	0.0690997290114713
2682	31448	0.16848095993944612
2682	563930	0.13411738087699743
2682	263394	0.22498002598665512
2682	134374	0.09555992374742074
2682	117482	0.18923355162692207
2682	475007	0.10522096573145974
2682	488192	0.10236414454911569
2682	227080	0.031786157427410165
2682	396553	0.3763987065946903
2682	396569	0.3739514915293513
2682	186651	0.13102498743114047
2682	178460	0.17046370382722478
2682	580381	0.17217286124607656
2682	488222	0.17378006181402325
2682	330017	0.08397801330563116
2682	149799	0.14813690006697572
2682	554283	0.2002542811296084
2682	426289	0.2250330100773172
2682	517433	0.08657829720109443
2682	13626	0.06857076520834997
2682	575805	0.16829800726140592
2682	188246	0.23008729386282734
2682	287582	0.3254504187562601
2682	483167	0.15161944818943027
2682	438112	0.02648890342437358
2682	100195	0.12406980631284864
2682	487791	0.14742209072324175
2682	464752	0.20921929202856546
2682	520572	0.1551774694089965
2682	574357	0.1385329601269576
2682	430977	0.1298786838894017
2682	498052	0.10881162405435113
2682	75656	0.28260772498773673
2682	28555	0.15049910227159854
2682	28556	0.2321155412693907
2682	401301	0.13012214498740457
2682	286614	0.1753741489385379
2682	287639	0.1641172869099745
2682	562585	0.12787895514561554
2682	511389	0.237124348572957
2682	245167	0.11174513066577495
2682	549810	0.22058760262416985
2682	359348	0.18774583788021168
2682	374197	0.2790818953473041
2682	434104	0.20039851297375647
2682	277955	0.32907090732215827
2682	97232	0.2088052239034823
2682	459735	0.0189267893686083
2682	244696	0.1593746993996574
2682	379868	0.21701756683739676
2682	379869	0.30657279739078963
2682	301025	0.10103931432323121
2682	258019	0.16000472500696988
2682	370661	0.17222521557723988
2682	475112	0.1835258041433684
2682	435182	0.2901872122475022
2682	435185	0.14413383419886241
