2683	261891	0.06010206171592297
2683	536453	0.018026840351252064
2683	474886	0.10779909075615787
2683	573448	0.06672480146034537
2683	501356	0.09631299207797712
2683	288522	0.060396049778717896
2683	283735	0.001888145891093541
2683	413196	0.06920654860375611
2683	425103	0.1294650644024605
2683	196497	0.012894540551371333
2683	173458	0.08825412822058785
2683	428693	0.06485260777853616
2683	173085	0.07114936108623193
2683	524318	0.1427978022723265
2683	287523	0.11318139779687336
2683	224804	0.03653514834429939
2683	254542	0.10063512586991166
2683	164007	0.13337110610121203
2683	269666	0.07380458093234782
2683	196588	0.017237200665978
2683	3633	0.07037805841201537
2683	124978	0.057236408991836074
2683	580787	0.06772811517711373
2683	203060	0.08860288779705922
2683	203061	0.12017973092188804
2683	203062	0.11084208299843105
2683	341044	0.0918216098857479
2683	285497	0.09492489892164016
2683	285498	0.08561774232830524
2683	372412	0.1182008121232696
2683	524362	0.1425725026105512
2683	472255	0.2209319502071763
2683	472256	0.22987417958463824
2683	472257	0.08221572752209252
2683	358723	0.033342379242423295
2683	534349	0.1036472905537068
2683	537674	0.1739344027409678
2683	514124	0.06523798592189721
2683	91469	0.12748735964886587
2683	55630	0.12696762909212897
2683	196687	0.0943446524705954
2683	196688	0.09150765449810812
2683	196689	0.0904560651972902
2683	246482	0.097050267917312
2683	339923	0.10171074868264278
2683	543828	0.0770661897463591
2683	534350	0.08425944890504627
2683	287447	0.10195215005483496
2683	435188	0.07870781612888089
2683	269660	0.12676187053728832
2683	229214	0.06043147976979128
2683	515551	0.07895958244937305
2683	202957	0.06721282384617401
2683	372578	0.06674334319523337
2683	458859	0.06986949273681148
2683	246508	0.0610451924981956
2683	257746	0.07060570077146552
2683	246510	0.08740625559534355
2683	275441	0.0904742551332392
2683	372596	0.11559247487118547
2683	187129	0.06893098292572541
2683	543807	0.10229086716400188
2683	187132	0.0850169929377032
