2711	248836	0.05118025927381717
2711	527879	0.05358079114930973
2711	77838	0.032135665416550774
2711	413215	0.030378398423749245
2711	136224	0.035412311957911766
2711	485409	0.030205073172852127
2711	470193	0.03264655496792804
2711	196149	0.046254393260451915
2711	443454	0.026211682400043197
2711	511562	0.04246532021382663
2711	174667	0.05209291158655118
2711	441427	0.017161578639875656
2711	535642	0.029160183631809843
2711	551523	0.03273992055118213
2711	254057	0.045307974832205555
2711	354414	0.03551034221566639
2711	428655	0.06948674078230942
2711	489065	0.027958622476303607
2711	287864	0.08633858056992254
2711	40057	0.03682992880434985
2711	386171	0.02528099570617366
2711	184445	0.07882997883524208
2711	119947	0.03571660173392375
2711	560268	0.027221217684830743
2711	219587	0.021286146362923274
2711	41108	0.033494022494898
2711	119958	0.03758393647824914
2711	268953	0.07525885430700095
2711	266399	0.03343593463453639
2711	418979	0.03816837552504156
2711	295089	0.0689430850283791
2711	36020	0.03849365695722156
2711	266429	0.02598321831655512
2711	428744	0.03883642893004308
2711	520905	0.03408742476330847
2711	136402	0.030742511474830213
2711	149717	0.024490196115452213
2711	481507	0.03268609037056187
2711	60652	0.0441652339730327
2711	122608	0.04005504315342812
2711	175859	0.02617240357974378
2711	291574	0.024040417805333846
2711	225529	0.02186459025039371
2711	35582	0.03589656800643409
2711	470296	0.03383240653871704
2711	120092	0.03531599935055789
2711	522529	0.0342522086304219
2711	460583	0.027399479531688527
2711	387880	0.03869421568538309
2711	549163	0.039105099670347844
2711	385338	0.03965065018720056
2711	233525	0.044561538593531756
2711	424259	0.027388535981036854
2711	225619	0.014576047042572048
2711	297294	0.029608636994030296
2711	396111	0.02384686009887502
2711	193875	0.034998613470227
2711	193364	0.03206162683501117
2711	505174	0.02004562915361562
2711	130394	0.027183354175408563
2711	492898	0.04533541071267482
2711	285307	0.05162494345435791
2711	412007	0.028362088210673157
2711	183657	0.07156969038037064
2711	380266	0.027337917840140905
2711	35691	0.03728627621052779
2711	137071	0.027365480690265055
2711	170866	0.04202299414717302
2711	459637	0.026601030718969527
2711	491385	0.02769878189226275
2711	206719	0.0728229596298714
2711	443779	0.04055625909071083
2711	227210	0.03513892842004945
2711	227213	0.05507136162954061
2711	289690	0.04172504756066296
2711	370592	0.032947102289873645
2711	367011	0.03662191472345627
2711	289700	0.03275680644581862
2711	554918	0.025592182532714034
2711	465324	0.02815669389129632
2711	432562	0.051762009019912326
2711	491957	0.026324440678941186
2711	225722	0.02144199177654579
2711	223391	0.02847919243490578
2711	120764	0.029179009060064837
2711	507839	0.027016977156665782
2711	183235	0.042753205273266565
2711	551670	0.04178167087751691
2711	455121	0.03177709490932943
2711	544723	0.042927661770381695
2711	523732	0.012815521279186117
2711	218589	0.024293281797355036
2711	13793	0.02816739393695703
2711	209893	0.023836311441013513
2711	554471	0.06378033881057753
2711	443374	0.023603087750465962
2711	509936	0.06693845477486461
2711	491507	0.02373915015476551
2711	381944	0.03546489085165803
2711	198996	0.02898134710917493
2711	141311	0.026880235969551247
