2759	41985	0.042992662080182965
2759	236548	0.03775971669907198
2759	316944	0.038097404214882856
2759	375314	0.03413066433739087
2759	309278	0.0316499124646094
2759	353313	0.06287730320858076
2759	519202	0.048730160165822385
2759	51241	0.03546921850751482
2759	519211	0.03754639953220266
2759	315440	0.038072364240183405
2759	58418	0.04287638260699551
2759	464563	0.032805401766740606
2759	480315	0.0384562923029506
2759	332861	0.03334963250323815
2759	317792	0.05219873284684854
2759	573001	0.029970594720547628
2759	16460	0.03767341730097419
2759	518738	0.031675622711928794
2759	164442	0.0740235307873861
2759	301669	0.033966705019438735
2759	31338	0.013195536987055558
2759	578160	0.022062284170102097
2759	315510	0.04194218225630514
2759	151160	0.0367763020825005
2759	31367	0.0016266420388602683
2759	299202	0.03934032191146699
2759	331409	0.044595438559634985
2759	13970	0.052930932719134974
2759	321683	0.03379904292718805
2759	16533	0.024189377359433554
2759	26774	0.03524610215445117
2759	46020	0.03878089175861837
2759	319643	0.026631614977593
2759	306332	0.022258674231849802
2759	265498	0.03129638801167331
2759	578732	0.013175490653789578
2759	164531	0.0478859977907287
2759	304823	0.04567735781605971
2759	347835	0.04973765799517038
2759	303298	0.04425164190758174
2759	197316	0.06513203554549123
2759	51400	0.04490225027341368
2759	526036	0.05341004436938751
2759	43735	0.021497071441677482
2759	77017	0.03956960655929918
2759	48870	0.020087859828996146
2759	569577	0.03638648923990944
2759	534782	0.039614365501631214
2759	51459	0.03131577432529652
2759	370960	0.018362078855382602
2759	303891	0.04414672929825385
2759	55574	0.035601866715824965
2759	567257	0.023191897076497988
2759	534810	0.029386445059563462
2759	251172	0.03714934316103412
2759	183077	0.025676238410934946
2759	317244	0.03572503238853202
2759	366914	0.059531802865295205
2759	16197	0.038579651739214904
2759	91974	0.030068324836666924
2759	323401	0.036283168098674365
2759	38730	0.04382335627237106
2759	120141	0.04479830576583351
2759	126809	0.04399166251180322
2759	24924	0.024990503655180542
2759	50528	0.038101449703941866
2759	289123	0.03406148340040856
2759	148332	0.06491271794380132
2759	160114	0.0206528029879176
2759	323458	0.04150551860301576
2759	572806	0.034380613739624075
2759	407943	0.04527926763140709
2759	205714	0.0538709807106036
2759	525722	0.037654561961325224
2759	382364	0.05644793596600545
2759	323997	0.030450117532881658
2759	374688	0.037474504560023575
2759	17052	0.028172282765897772
2759	7093	0.038427708123123676
2759	158148	0.04092769002397634
2759	120263	0.045674992138402454
2759	301525	0.045157675872964334
2759	496601	0.04345568547482764
2759	28634	0.08108484832580178
2759	28652	0.015270519111640683
2759	479730	0.036477810106982124
2759	51704	0.032076371546693135
2759	397819	0.04432610037707347
2759	347134	0.05272664544055135
2759	11775	0.026508279173060634
