2916	432974	0.04728015515983962
2916	149525	0.053620638240690334
2916	19993	0.04099664050983438
2916	275485	0.0524966829911321
2916	274462	0.037502501548160296
2916	16420	0.043851767580406216
2916	474353	0.039516584366781
2916	68143	0.07386009116315437
2916	397366	0.04582177411508791
2916	435414	0.0783499157541903
2916	271939	0.049234368268838015
2916	433222	0.004560500189850112
2916	365127	0.021179593506483522
2916	429140	0.05462645419561167
2916	163936	0.033100518272474615
2916	313442	0.024092305358661303
2916	415334	0.04723235152226946
2916	410732	0.044621112640247707
2916	527477	0.042971043586295915
2916	476281	0.026605250681181233
2916	367752	0.03159414441977694
2916	138900	0.03066679718485127
2916	448149	0.04572073371593041
2916	51350	0.03380947964782828
2916	498334	0.05109299408536886
2916	128163	0.03891788474776593
2916	233641	0.05036837633579515
2916	32950	0.056607338201983354
2916	175561	0.045850861218848
2916	180853	0.04761745921673555
2916	38602	0.05880670057309966
2916	490701	0.03226427663006827
2916	508625	0.05396981772118127
2916	325332	0.048965047278757744
2916	448725	0.03833829949211077
2916	249046	0.06408964407863209
2916	32292	0.05752906616346766
2916	507102	0.04370365723946037
2916	339168	0.08473528772717531
2916	463826	0.054132183864492006
2916	133873	0.048680048056191104
2916	133876	0.04726265244521357
2916	464117	0.035823063201987776
2916	184054	0.07617882461897524
2916	1788	0.0370794618691786
2916	146174	0.02231363333219337
2916	406786	0.05086741913700149
2916	81622	0.049581651200679956
2916	557832	0.08579968029745298
2916	550786	0.05018254745701524
2916	78094	0.046738977669366605
2916	191771	0.04619352810622555
2916	488735	0.04053263589172749
2916	164645	0.04647621251187974
2916	523046	0.036621599742291545
2916	128305	0.03599816334073541
2916	126257	0.04163421379250057
2916	254773	0.034858170966133036
2916	62777	0.12197107502304427
2916	216380	0.028706350154941312
2916	488765	0.03486412709673218
2916	254785	0.03871053384354657
2916	245575	0.03408081287688857
2916	489802	0.03571945255628985
2916	16203	0.04503441167201656
2916	261454	0.04175187979428831
2916	318287	0.03147418746743251
2916	504664	0.05097806115430802
2916	319841	0.022159904424894492
2916	559986	0.035991803339166406
2916	259960	0.04271750378875187
2916	197268	0.04425357602607325
2916	57728	0.04604072185373776
2916	101250	0.06916947277243853
2916	81798	0.03961934572481506
2916	355719	0.04080707931908316
2916	56212	0.04298397406308007
2916	109466	0.04356371319561699
2916	269727	0.054701915772332146
2916	191910	0.040225594882845085
2916	269735	0.05597722077963767
2916	431016	0.030730153985845273
2916	125866	0.02843410709197477
2916	534443	0.03524921174232339
2916	55728	0.04268479169476274
2916	222132	0.031166054438396873
2916	140446	0.003626934121010096
2916	536999	0.022470393952723343
2916	204745	0.04570251153067361
2916	355278	0.05011632795345393
2916	173010	0.06302385882787548
2916	97749	0.03174775187364115
2916	26585	0.04317238854819962
2916	271327	0.03998183498304669
2916	184290	0.04461717479042341
2916	94182	0.03121351543889332
2916	170987	0.034676218783546105
2916	484847	0.038154390831633384
2916	291325	0.05190336311271623
