2919	499937	0.006349634995355472
2919	494721	0.02258039349787877
2919	364675	0.008831331429208045
2919	289543	0.007271466010114458
2919	148744	0.009041391652845315
2919	449803	0.00947020541998966
2919	37260	0.008629212575019298
2919	407437	0.008035816289791902
2919	45074	0.02423003413657189
2919	222147	0.016997046316669782
2919	127382	0.007576612556864745
2919	311191	0.008625453980382631
2919	16153	0.012725374114336298
2919	191429	0.006196842544305119
2919	427417	0.008245497078829827
2919	453537	0.013463296115194728
2919	512418	0.010281023848236636
2919	110116	0.009721672161859879
2919	377637	0.008344426642462233
2919	11100	0.0
2919	317607	0.010091688192743776
2919	113960	0.021119214476205
2919	314409	0.008651801524958515
2919	388138	0.018103515574943278
2919	36940	0.00929905548943304
2919	9516	0.009631001990993008
2919	155053	0.013875638395749745
2919	181552	0.008099549082253087
2919	458888	0.010639697530932437
2919	82468	0.008533429462448382
2919	77235	0.018487659812385142
2919	32322	0.010654415680009273
2919	381749	0.010275223281718053
2919	109364	0.012307910342943549
2919	528186	0.018308502171926772
2919	364094	0.008332087443647948
2919	276924	0.014954478090499981
2919	11837	0.014177419143211273
2919	527038	0.01947518364158336
2919	569151	0.009208287346671222
2919	387904	0.023892479377814517
2919	387905	0.020249866022295313
2919	124354	0.014170664349980416
2919	29379	0.013853175311658323
2919	48837	0.010768698371750776
2919	33762	0.011388906513708264
2919	526663	0.009673419799703077
2919	291010	0.012807668551028533
2919	23753	0.019913897677583534
2919	530891	0.016618883797737617
2919	54476	0.010337324682669919
2919	20301	0.009909617717149455
2919	120461	0.021276668751131118
2919	37570	0.0164018079226431
2919	23892	0.012503610904743235
2919	79317	0.015068013624345341
2919	145101	0.010240569683975598
2919	452708	0.009612667571753549
2919	76239	0.010724391978576631
2919	222142	0.009969233364027299
2919	526685	0.011160318175830332
2919	222113	0.00893065888150189
2919	444261	0.013452047865538157
2919	33372	0.014327930498713008
2919	444257	0.012272824708841897
2919	359117	0.009411860613474229
2919	444259	0.013695896423895605
2919	500802	0.016192421814033603
2919	470245	0.019658849403211248
2919	474855	0.008847043820967267
2919	314	0.008462466109464743
2919	388202	0.016746350552779815
2919	222823	0.008923265372124864
2919	469102	0.021556478355129752
2919	300016	0.011811683316665666
2919	376062	0.013991180497203146
2919	116601	0.028816174753034655
2919	365822	0.015170944758745052
2919	11836	0.009565617598077312
