2997	116544	0.004670121854916374
2997	116482	0.0041853198379628075
2997	300677	0.00701369045995687
2997	459017	0.04510537083705127
2997	170250	0.008301291140056411
2997	26381	0.04670975207631487
2997	478252	0.011939086297612415
2997	239248	0.02974690787772623
2997	23569	0.008513869657331514
2997	388756	0.058264683739540864
2997	547606	0.007735044580444895
2997	7703	0.012055982016419295
2997	413849	0.011574453526066762
2997	144282	0.009722215026697796
2997	573340	0.004068426916582948
2997	464282	0.0650978092819209
2997	116390	0.0016309506235745834
2997	567079	0.0074731742415382815
2997	75484	0.005448697194789047
2997	177195	0.05524187760396623
2997	333612	0.05198280215421677
2997	131697	0.011300012614451248
2997	344240	0.05102290709136564
2997	176818	0.06530344608060545
2997	345396	0.03942142262105651
2997	3509	0.017446244552991947
2997	136886	0.012272336529030143
2997	525751	0.02877331212620418
2997	535736	0.0057821327651895165
2997	116410	0.019974675799971565
2997	474043	0.013586016603027678
2997	46234	0.006802209734774678
2997	400949	0.028197700876631326
2997	117440	0.005212453996213232
2997	230593	0.007372405719596742
2997	535734	0.0035303197999349656
2997	436679	0.006539435452784714
2997	15178	0.0036932245209306785
2997	183756	0.006232443652808552
2997	162638	0.005617911376575149
2997	341327	0.007489963063216281
2997	450256	0.002148570837575217
2997	413223	0.0033259872603970063
2997	349779	0.018664309083086198
2997	334094	0.04081742268736092
2997	83415	0.014583146768965142
2997	340056	0.08873939623536521
2997	40027	0.009113142808128038
2997	116316	0.00367647353630748
2997	567738	0.002397617179005444
2997	360926	0.04728324074563888
2997	338143	0.047784863571456816
2997	342112	0.0024521489299799254
2997	338017	0.022129176573714316
2997	338914	0.04725652687981147
2997	336996	0.002785089203571545
2997	7909	0.20871744873258724
2997	116710	0.007575843839840476
2997	181607	0.005643966738093484
2997	339432	0.03361413816761566
2997	73065	0.06285527503833128
2997	246251	0.013847704183866563
2997	116328	0.00530821351356258
2997	190579	0.05018666005119517
2997	498038	0.018665856336775092
2997	425593	0.029204854709361124
2997	425594	0.029204854709361124
2997	425595	0.029204854709361124
2997	203388	0.017844664093574766
2997	96766	0.029517199702935742
