3027	444932	0.099323691023513
3027	434187	0.04635622431361679
3027	1037	0.08163546666525487
3027	80910	0.03434861731292366
3027	444945	0.05329172295406773
3027	317460	0.044040535248991625
3027	184853	0.07593187136937855
3027	140828	0.09187670309500368
3027	314910	0.03653244334173054
3027	34338	0.038587089565756
3027	173604	0.04797833953232904
3027	148009	0.015001388995887963
3027	72753	0.03836111210019045
3027	190516	0.06603602293526778
3027	428097	0.038218181323430564
3027	68166	0.05133269285381158
3027	223815	0.03811634115686097
3027	548940	0.06275527534656641
3027	375309	0.039813293185270125
3027	204374	0.03097681044554137
3027	201305	0.03429106043068595
3027	234586	0.033529092857019806
3027	411739	0.05358206498882726
3027	387168	0.03828046932724348
3027	5222	0.03130544254873033
3027	370791	0.0988161195371447
3027	478824	0.07058063551494746
3027	410731	0.044195524372348
3027	425582	0.055886620829472954
3027	445039	0.07963912713896117
3027	121458	0.03876026063211943
3027	267891	0.03430741107170367
3027	230004	0.058334729526625224
3027	269942	0.050724707617040905
3027	478839	0.06457067753408476
3027	387192	0.03985131454307032
3027	230009	0.05252762022844636
3027	224383	0.08317476986650706
3027	26244	0.03638882444351435
3027	264332	0.023078137342417534
3027	474477	0.04693962590698884
3027	475797	0.09374508473715892
3027	318619	0.043233740324940505
3027	498845	0.059236472110006724
3027	299681	0.07511703902735428
3027	16548	0.05875107658735355
3027	16549	0.05011245541431424
3027	253608	0.05079106549485665
3027	302108	0.03879024687286394
3027	544938	0.04551026194321611
3027	245191	0.07648488402449956
3027	535529	0.038645000252382676
3027	445108	0.08396288023411351
3027	217271	0.01760094887921752
3027	547444	0.059217968085384425
3027	467644	0.03878184727466217
3027	253558	0.04161163350920884
3027	245967	0.07387297090384226
3027	183928	0.04588328210531056
3027	10453	0.06988526063991544
3027	9423	0.07167496924965783
3027	12515	0.06866510185261361
3027	569041	0.05631625723798114
3027	469233	0.08091657391401716
3027	270070	0.039204467814783074
3027	244990	0.05124955809029988
3027	206091	0.04797306249402532
3027	493336	0.02955531340751243
3027	184610	0.0758800108254834
3027	223011	0.053208598568485366
3027	394533	0.03267231678457456
3027	444711	0.06333122146397342
3027	550704	0.04666830230845294
3027	316728	0.048817160904550363
3027	181588	0.06767863203377358
3027	359255	0.05870782577029124
3027	248152	0.07450981065658045
3027	399706	0.09440005220071951
3027	194399	0.04528509457935952
3027	553828	0.019961232467824004
3027	330602	0.0817438114056628
3027	330603	0.07343086705355532
3027	568173	0.0352134368123733
3027	473455	0.06764995785213633
3027	167795	0.08993161427957709
3027	222581	0.04904212215019887
3027	444905	0.07711758249235756
3027	142713	0.06801456769678398
3027	184191	0.058460076934524166
3027	192387	0.04282685101862721
3027	12167	0.07572085890111402
3027	386958	0.037492363401035254
3027	26000	0.06623384933763037
3027	102811	0.06282353106197622
3027	212902	0.08717457518647297
3027	500141	0.02788435332605453
3027	444849	0.07335874040356621
3027	316850	0.04221596885401121
3027	390074	0.03204697909162946
3027	135104	0.03268698108105458
3027	174241	0.05971144689101636
3027	436182	0.03383819266462698
3027	436183	0.042506056732628604
3027	532952	0.06569330821993397
3027	388060	0.061780261435332655
3027	444904	0.08448061263586534
3027	244201	0.05132089946997113
3027	71146	0.0348976941594581
3027	163838	0.08500753562013881
