317	69663	0.018655054026288385
317	393763	0.03233125887216225
317	70180	0.04448602425431437
317	116774	0.013267895627482654
317	336948	0.021352841873166724
317	431159	0.019433493097425165
317	229435	0.02711915126832312
317	519093	0.01877531203162858
317	376673	0.0
317	343112	0.04021630075816238
317	338512	0.04070361380770326
317	24151	0.013807533010871037
317	561243	0.026542349321341852
317	335966	0.019676934530555776
317	341095	0.03192731316476692
317	70258	0.042073027838085676
317	262263	0.05330874586218149
317	124024	0.016217512801277915
317	232298	0.008876804880113854
317	366206	0.05687767736771267
317	339072	0.03382170350975762
317	366211	0.07083945333027808
317	18055	0.046300698269393384
317	174729	0.018876341719594732
317	101515	0.03805700463355987
317	18061	0.007267341730062273
317	435348	0.039497345754116536
317	430747	0.021127983649600997
317	366237	0.030018544205666957
317	381608	0.04418904915164076
317	224435	0.03733722638832248
317	123935	0.01983886636507597
317	342204	0.04301664558050969
317	171740	0.01698158226684334
317	499915	0.039707176894393605
317	102092	0.0041500832370636315
317	150741	0.02700588852430422
317	517851	0.01445231567994168
317	124124	0.04289776548811219
317	117984	0.02580217062618839
317	105189	0.04244949584189491
317	17127	0.016590334636311353
317	475945	0.030582678842464395
317	38640	0.01742197868728958
317	280307	0.01818050922029668
317	124151	0.013974288051196883
317	438009	0.026160669703604485
317	69885	0.033494466927537825
317	156885	0.040322694469664466
317	117506	0.028235166896220257
317	134425	0.009891125391310525
317	99104	0.015135092947896623
317	261922	0.04168357601053508
317	117545	0.04017886654678322
317	475951	0.029733337851286224
317	336688	0.05528681748387212
317	73534	0.0032491103789173558
317	116543	0.006628425442960256
317	70478	0.021519324996424997
317	123729	0.027769292068157425
317	330581	0.010264553414320863
317	70628	0.03908414389705213
317	342874	0.06327182664286275
317	340316	0.05505608107947635
317	70493	0.02312728910320404
317	134497	0.0011184731407372478
317	380778	0.03740299327572141
317	69998	0.03794241675227936
317	138095	0.015853085841895213
317	336757	0.044020246229633575
317	393593	0.02203337736144206
317	338822	0.06771102686651692
317	342927	0.01306623225785888
317	159125	0.011166460535093377
317	108449	0.048167704710170844
317	70566	0.043949642991351255
317	377260	0.04675849634944475
317	5551	0.030419988911259493
317	345331	0.009356581737258313
317	185781	0.048018080069343425
317	16311	0.01847261174278338
317	255932	0.039620100300093636
317	123838	0.029746476597729443
317	73664	0.01897692741481617
317	338371	0.037219015904822815
317	219079	0.046194132416223825
317	178935	0.04111493619424541
317	29141	0.010405807577630008
317	342265	0.03844610579532908
317	70619	0.05971840658493905
317	24481	0.02226240649878943
317	254948	0.03675921343882678
317	337896	0.043974899845243234
317	551408	0.0035443244216390025
317	70133	0.04486138097787281
317	285686	0.037110108127811126
