3229	87554	0.0358361661381199
3229	383491	0.031252103724311926
3229	496142	0.025971098065864128
3229	7700	0.019242423403005117
3229	539673	0.036724051459050694
3229	180143	0.02456545341119513
3229	102940	0.059697318366135246
3229	30	0.025074210096459715
3229	326693	0.027104449498485367
3229	1629	0.049279308537918357
3229	472121	0.03652148279463464
3229	563258	0.0205194253425671
3229	157247	0.03969182307084494
3229	411202	0.11346599760520226
3229	105032	0.03448379169938789
3229	323658	0.030771294088292576
3229	395345	0.024227072398312052
3229	232022	0.026631304231181326
3229	104029	0.02431573337571128
3229	179809	0.02464489826382718
3229	22128	0.024879598142266836
3229	292981	0.018881801259237913
3229	371321	0.031061981830774604
3229	192127	0.038170008296801665
3229	166528	0.03567987929912307
3229	17540	0.03310801351234479
3229	108678	0.03518958217671863
3229	259719	0.034910368824696114
3229	471178	0.036931996112876286
3229	179852	0.03066775668068131
3229	179854	0.02145982784457629
3229	179855	0.02724476488191824
3229	237426	0.028077471165220663
3229	100526	0.05245475424675683
3229	100528	0.03904305392185067
3229	248862	0.026648200009767142
3229	27326	0.03252425116375967
3229	18115	0.021507287439442666
3229	558280	0.015044220610133899
3229	15562	0.035898966140674476
3229	78029	0.03042514772488113
3229	78030	0.03233519695647336
3229	82637	0.025947759130563127
3229	72406	0.030017180309569142
3229	91363	0.029966785312065973
3229	11294	0.03166421168264178
3229	494315	0.01882736931645956
3229	95470	0.014311460675696504
3229	119536	0.028092183525037204
3229	98552	0.028718699233113907
3229	326954	0.03428471986996484
3229	119568	0.03913970012058541
3229	486161	0.04107589759454936
3229	46870	0.02506053004325377
3229	579873	0.05853699485570403
3229	57123	0.030020337368697362
3229	46890	0.05862312815316396
3229	488749	0.027809887702811953
3229	199470	0.029349492605152277
3229	102191	0.02715529965570947
3229	517430	0.033053665510858546
3229	43323	0.02687081646826976
3229	189254	0.03618378837251135
3229	145131	0.039415245451595235
3229	97608	0.03975631001502865
3229	94860	0.019049687411140336
3229	204630	0.02707574986428351
3229	47646	0.03786522054504321
3229	98656	0.037912758293987214
3229	224097	0.027192130237944815
3229	59234	0.04393212266140167
3229	515951	0.0404397536136216
3229	17778	0.025882979167828533
3229	271732	0.03234482927067668
3229	59257	0.04392413192375891
3229	293755	0.032973777575031074
3229	242556	0.01899741973444743
3229	180099	0.049889351540065054
3229	91524	0.03584804461734869
3229	91526	0.0435743826651524
3229	82313	0.035284044622710335
3229	59274	0.04201746640372911
3229	88460	0.06529211022879156
3229	112528	0.038494725581418254
3229	563606	0.16028238700908123
3229	48537	0.02551273513356186
3229	156570	0.037824534916105206
3229	150427	0.02602745058017905
3229	180639	0.0370884994364439
3229	555938	0.029836580595824114
3229	180132	0.02827675333936256
3229	331693	0.026348786658894206
3229	118702	0.03410298409370662
3229	118703	0.028927330535913797
3229	27057	0.020632768806466698
3229	27060	0.02528150252254472
3229	101832	0.03142267364215525
3229	89034	0.0300421060445398
3229	362956	0.03718356527963814
3229	16851	0.020647936778285546
3229	88540	0.06317637268774844
3229	126430	0.03445558410427703
3229	406500	0.03091523814449822
3229	310757	0.020462386466113584
3229	281063	0.042108892792909955
3229	28136	0.015552487305292477
3229	369641	0.036645573150591915
3229	54257	0.031207353018922506
