3243	335367	0.08613305498511833
3243	440544	0.032726769447157286
3243	539150	0.04225547667109018
3243	175631	0.022560386934220376
3243	325136	0.02082904609138618
3243	568853	0.03188792037035973
3243	60455	0.03654195898605383
3243	32290	0.020179309004511932
3243	234020	0.03576013610058901
3243	166950	0.040769651034344094
3243	453159	0.024341905888947787
3243	205360	0.032890181802424395
3243	37938	0.023112806197083665
3243	245812	0.030066993973941438
3243	137781	0.02247344834870216
3243	190007	0.040585449903062905
3243	205305	0.02914586096459543
3243	144965	0.03478364960826205
3243	389194	0.12485163434817409
3243	415074	0.04081391362243096
3243	303694	0.022496584628419424
3243	163854	0.0359285045589044
3243	218200	0.031227556332788384
3243	239710	0.1096974980544748
3243	271969	0.026451580624500155
3243	417890	0.04157682715781237
3243	332899	0.032090992648537646
3243	271488	0.021203400823381506
3243	324739	0.027392969334086078
3243	469124	0.022174180357530115
3243	358550	0.03333452994280511
3243	537248	0.03194707076448618
3243	105639	0.01150641555608622
3243	297131	0.03257962198136615
3243	488622	0.05572165998765769
3243	432366	0.037677605912748754
3243	204980	0.02715006426410142
3243	313016	0.03476155116881375
3243	495804	0.03918312576874538
3243	457405	0.0444078143569902
3243	70848	0.039072940646318534
3243	292034	0.01991798534243645
3243	373964	0.04233654718796389
3243	45280	0.03940849078574615
3243	88103	0.024862041923829764
3243	317676	0.022060175217149872
3243	323310	0.034256580371555406
3243	105711	0.12913101607003205
3243	13041	0.04438411572587528
3243	324850	0.025771634860960995
3243	555766	0.028499055725637434
3243	218360	0.022381685069064447
3243	322316	0.02536842580088249
3243	359186	0.021791090624431266
3243	530196	0.01539946124066736
3243	511449	0.14949780228901188
3243	208516	0.02268108823369962
3243	540444	0.02900247824873582
3243	152350	0.0300479543530855
3243	321262	0.02823155311748315
3243	61219	0.02337732988498835
3243	171823	0.03294155622985492
3243	201008	0.02407583622795065
3243	152369	0.029976614149312363
3243	94003	0.04000662654694304
3243	229684	0.0404737998328555
3243	48441	0.1444701168705748
3243	80704	0.03516515224542234
3243	127297	0.030487208042430783
3243	546115	0.054185483733502654
3243	77127	0.0324616558502287
3243	54093	0.02438223023443331
3243	560462	0.033763655606755025
3243	171861	0.03364143933612939
3243	297817	0.04393739199330659
3243	133468	0.021415039256272358
3243	228192	0.037303539704725504
3243	322402	0.031244553470533967
3243	490349	0.03341049200363678
3243	384380	0.030559689752100085
3243	112515	0.026031928564872332
3243	557965	0.019685354305179124
3243	82324	0.02566700208817242
3243	508309	0.04786907946116737
3243	64921	0.11964793423563166
3243	166811	0.03698469969756675
3243	228253	0.03910684001942223
3243	288162	0.03624042496429911
3243	539044	0.043502994650908164
3243	502769	0.026606685540522014
3243	325545	0.026972974241689426
3243	79790	0.03137132118620264
3243	12729	0.032952159411955825
3243	330170	0.1352402358501849
3243	193470	0.013228146354998468
3243	513473	0.03798985433811488
3243	330179	0.09900111823400072
3243	324552	0.03220681894388179
3243	78798	0.03520238332210723
3243	558551	0.03140925105138875
3243	251300	0.03814957414923714
3243	210923	0.03252717617489684
3243	357357	0.03397907147170935
3243	521712	0.03399437255856693
3243	215537	0.01995838610489399
3243	363509	0.03889164628153066
3243	92663	0.03851672166496731
3243	232953	0.01133035102096153
