3258	247297	0.022256326777081194
3258	54275	0.02601598850239678
3258	374284	0.016401052428113804
3258	255002	0.02132904631403187
3258	332828	0.015633147855517626
3258	230941	0.01712144697605809
3258	151098	0.025054351595656946
3258	151100	0.025964026675284954
3258	314437	0.019241362436135313
3258	211540	0.0201596952390809
3258	14443	0.05449502903638695
3258	555119	0.022598218187160242
3258	17018	0.05814032032329877
3258	372860	0.015317268412994767
3258	79210	0.018531523695158245
3258	348798	0.020620604499976384
3258	389761	0.014842577730354476
3258	351874	0.019079555198059615
3258	277124	0.020461163304632594
3258	301706	0.02134807261153556
3258	437900	0.021165743131470825
3258	135319	0.01667433955561731
3258	272544	0.013675465713210273
3258	182436	0.02158723093995212
3258	209573	0.009551397682275939
3258	479407	0.024938408561780562
3258	543422	0.026948029874743564
3258	524482	0.019035597223217918
3258	299211	0.0037341824884456233
3258	397523	0.021537016065230896
3258	117972	0.01627041244657436
3258	252645	0.03327622574494893
3258	401648	0.017375358799052498
3258	552179	0.03422271958169207
3258	567541	0.03675942556398435
3258	345848	0.022641657149312967
3258	284409	0.018501506683265345
3258	350974	0.021433986182234074
3258	429824	0.017478232765772463
3258	482055	0.014200913682069298
3258	19208	0.13796459703136205
3258	384267	0.01993945393981167
3258	390924	0.019336298800994547
3258	170626	0.01327492605339009
3258	353069	0.04044603963484127
3258	469304	0.017066860420219855
3258	540986	0.021395164851151005
3258	416577	0.018926038271000378
3258	263490	0.014849535750323491
3258	120648	0.019166866509306123
3258	285002	0.019969157682661907
3258	522060	0.02068290511985962
3258	404877	0.01955761271141197
3258	420179	0.02382920976111047
3258	285017	0.02360226385265467
3258	228188	0.02626465173155048
3258	325349	0.026044482946205823
3258	466272	0.08924845298144576
3258	193380	0.023926802361557913
3258	333671	0.02968344358034857
3258	503144	0.01639980261890514
3258	503146	0.020668801814928715
3258	360310	0.03984458941241342
3258	389495	0.024422123276813975
3258	29564	0.013626524341050777
3258	424320	0.03488884600308846
3258	42372	0.07962222909757259
3258	233351	0.013795176066167793
3258	157576	0.026496426592134303
3258	217997	0.014543354325302868
3258	197521	0.018503634449328284
3258	331677	0.022586822307332208
3258	139166	0.01300320531725806
3258	487849	0.019315113830719124
3258	45483	0.0166052697544303
3258	526764	0.02403752680595448
3258	135598	0.0024305233213497064
3258	234929	0.011803251634869031
3258	182732	0.025693613701679628
3258	425209	0.013837543053871184
3258	258009	0.01982565932069754
3258	130017	0.019743415678041436
3258	204773	0.023769170079904013
3258	153065	0.022438747135986155
3258	355306	0.0185617161452995
3258	179181	0.019554885983509143
3258	349679	0.018162599810947328
3258	132088	0.01986631388378131
3258	326137	0.024406709760297678
3258	524795	0.023907430900813858
3258	135676	0.03357797846918015
3258	483837	0.01571006872709549
