3314	345984	0.05577665900646147
3314	388224	0.09862766172404819
3314	455171	0.08613834245636992
3314	548357	0.09334518529853861
3314	59270	0.08814645829946921
3314	181513	0.10056002816487988
3314	440970	0.08788634850228125
3314	181771	0.09271010678431203
3314	396044	0.08583818816945832
3314	447469	0.08181263566469653
3314	112537	0.10967660474534996
3314	38250	0.0961561616184472
3314	79124	0.16735050935314627
3314	417685	0.10397143910165975
3314	311703	0.09865384918733189
3314	389531	0.10422976045230802
3314	368157	0.30503655447866973
3314	206622	0.06733485276533155
3314	304752	0.15812901123887063
3314	144857	0.09038306195761611
3314	380136	0.08456459715868767
3314	97060	0.07404348828391416
3314	233253	0.0813142564079673
3314	97062	0.09558197279413005
3314	311208	0.09634493274948118
3314	534571	0.14534399690777897
3314	10717	0.10882368535031252
3314	59225	0.10020767051365306
3314	196143	0.09899128492026875
3314	215728	0.05216557539534811
3314	322482	0.09255986339509645
3314	147635	0.0749114973322738
3314	231479	0.09271805888129535
3314	271929	0.10590289657383228
3314	312521	0.09560856530840864
3314	365371	0.10120540334969917
3314	425693	0.09293229421413945
3314	221631	0.2757549697215525
3314	37568	0.09715543964385524
3314	249419	0.10862704149227334
3314	209603	0.1042846690382632
3314	486468	0.0918343364360895
3314	490742	0.09378076540719543
3314	345801	0.10518148306192647
3314	452555	0.09321000509356164
3314	373218	0.09101980439591027
3314	363726	0.08795520806268844
3314	512335	0.22265702298969367
3314	285136	0.08122658908908224
3314	437970	0.2817101367067591
3314	553683	0.10618115184525011
3314	392404	0.09383100516794446
3314	259632	0.1035885649378343
3314	36696	0.0968351592478659
3314	325209	0.07211114165954585
3314	403802	0.09733224161093375
3314	121402	0.0922167124038134
3314	328670	0.10714541640722133
3314	431455	0.11808999575097975
3314	459360	0.1053863945233767
3314	93922	0.09498622447457614
3314	404415	0.08935202141151823
3314	93543	0.08945237304017345
3314	87656	0.10039334660306044
3314	389692	0.10390014212237526
3314	185834	0.09287154528940436
3314	259047	0.09975639676683576
3314	107885	0.06757098922226853
3314	35823	0.09988063252659196
3314	388592	0.09592786924544973
3314	145009	0.10502425000476702
3314	548338	0.10012416370659122
3314	433225	0.09386094018971321
3314	97044	0.067980706174121
3314	130299	0.08104807245969324
3314	94076	0.09143507245480585
3314	551530	0.09957574603782292
3314	388606	0.08317159425737737
