3381	332802	0.06021565173546189
3381	6674	0.07706433921237946
3381	288795	0.10439339255780111
3381	432672	0.06490502697422276
3381	208417	0.07380802171072454
3381	497701	0.07575034512898689
3381	103772	0.0618798744305806
3381	518704	0.07241696338851002
3381	15948	0.07095980250295462
3381	181311	0.059653443754665136
3381	59461	0.07121756973100551
3381	314956	0.07773653377571946
3381	314449	0.05652754432411698
3381	166488	0.06762818142482904
3381	69210	0.06817934710142798
3381	29281	0.06411203607331484
3381	434792	0.077453605809502
3381	87146	0.06728860014102192
3381	20589	0.06316908348964739
3381	97390	0.08000660352456468
3381	363632	0.06772337582493988
3381	489081	0.08044584248744079
3381	225402	0.05759414334944409
3381	429180	0.07393869378622056
3381	486014	0.06327712714911506
3381	400519	0.04740724691138016
3381	163986	0.06123328971229177
3381	363160	0.06153512866579972
3381	433312	0.06462128453807774
3381	543911	0.06260489856323077
3381	387758	0.07015025104217425
3381	444592	0.08272741328058815
3381	194237	0.07212729327434368
3381	350240	0.06622622089082829
3381	316619	0.06202020084169509
3381	518343	0.0735584517750439
3381	107723	0.07245073445745429
3381	32978	0.0736944210241483
3381	135893	0.11010019952045887
3381	497885	0.0507139092621476
3381	523488	0.07279621067987181
3381	32995	0.07591297888498037
3381	75494	0.08146921458940606
3381	457451	0.0689963295813663
3381	102126	0.07297842017645309
3381	362280	0.06981773525483621
3381	77555	0.05887642683011508
3381	41726	0.0718942191935936
3381	559873	0.07646546107568576
3381	97026	0.060779261393442315
3381	320771	0.105294776026313
3381	212228	0.06543381894960947
3381	298759	0.048350265999563574
3381	164620	0.05353594173829116
3381	413458	0.05963432242933983
3381	36118	0.07168584616996801
3381	16157	0.0639395727363371
3381	370472	0.05379515294942838
3381	59468	0.07103870811475956
3381	36655	0.0723577432671323
3381	507704	0.0733673665994717
3381	413498	0.07282577678923678
3381	51517	0.0710423236836272
3381	8001	0.07430816936107044
3381	488775	0.0690207211191875
3381	389448	0.07059325000401859
3381	385361	0.06930396508726838
3381	385366	0.07013033855649144
3381	313692	0.07205290044774341
3381	389475	0.06952394681796356
3381	36204	0.0727247539955232
3381	98160	0.07187201194060029
3381	414578	0.0719649050308315
3381	14708	0.04906098347046073
3381	1909	0.07559525813212
3381	506237	0.05874698407146977
3381	171392	0.06784590874884908
3381	113028	0.05190058038534589
3381	370572	0.07522340957182481
3381	398	0.06264040610639275
3381	490393	0.00020542645186454693
3381	190382	0.05954464403699921
3381	208307	0.06049309442448736
3381	72116	0.06757668807887816
3381	322488	0.07486368031618251
3381	324025	0.07885632216946617
3381	228797	0.111276784590172
3381	311233	0.06846810916576886
3381	323522	0.0382348157744358
3381	407497	0.04642639334111839
3381	363469	0.05632902448410297
3381	135119	0.07620422268558685
3381	271832	0.054606143433658105
3381	164826	0.05346630715744029
3381	248285	0.0654941621039557
3381	558558	0.07031867389051877
3381	131048	0.061469387091467736
3381	164851	0.053606517326780366
3381	451060	0.0373671071520982
3381	200699	0.06933592727306767
3381	350205	0.06185677021762325
