3416	417283	0.020172401616039032
3416	95241	0.02182326753173132
3416	104458	0.04492062019482443
3416	443405	0.02789542576580533
3416	55826	0.04361546351438284
3416	462870	0.03623906727215865
3416	374296	0.03077070295147626
3416	172057	0.02323924975722004
3416	43047	0.03583040686294916
3416	436270	0.029485852926238454
3416	308271	0.019650942279048945
3416	539707	0.041836898820779844
3416	416316	0.03249102523164271
3416	119869	0.044604083716611814
3416	187456	0.035558339863374124
3416	180292	0.03531842494556836
3416	394309	0.019270781735985596
3416	319049	0.02902928103175303
3416	263242	0.03141695756065488
3416	460875	0.04425207994175755
3416	486478	0.02859765044870828
3416	433237	0.02956727593892121
3416	284758	0.031089739942040534
3416	119895	0.028206785690785833
3416	474202	0.03821280395139538
3416	515168	0.03602481487210007
3416	205415	0.04277942015221137
3416	319081	0.029946203336394434
3416	203381	0.024801711929710552
3416	428665	0.02683753318643249
3416	219783	0.03417512367853377
3416	433810	0.03825016511765484
3416	322202	0.022589756420856012
3416	482971	0.040746794041844954
3416	325276	0.038026890984336315
3416	324039	0.040612398184792765
3416	485558	0.031068380078482418
3416	470199	0.04005207473990646
3416	100545	0.03525585799431425
3416	433861	0.04009062423085113
3416	443088	0.03390574725925562
3416	245982	0.03841261434312615
3416	320228	0.03032262147834225
3416	250092	0.026424226457371337
3416	316662	0.037133290952771916
3416	324859	0.03392034879866908
3416	531708	0.05137062852762258
3416	487165	0.02596345269436764
3416	133891	0.03296026279639425
3416	404742	0.04248326428222162
3416	63752	0.0279819199369086
3416	22284	0.032333598618120095
3416	489240	0.03757366597405379
3416	489244	0.03752229367056035
3416	102176	0.03757886590941595
3416	269089	0.02902169580851906
3416	197411	0.03356433944070599
3416	317739	0.030407091986466826
3416	395567	0.030307845019545806
3416	35120	0.03992711379315144
3416	417246	0.027278899903013815
3416	274242	0.032548316677176926
3416	482628	0.029807372964884924
3416	318283	0.037512399659914424
3416	457550	0.04651161895882539
3416	403793	0.03969539786729899
3416	77138	0.03874809937454728
3416	548323	0.0448034106074085
3416	160654	0.04149148343339097
3416	288603	0.07681236976308657
3416	287068	0.09978880430746938
3416	384351	0.032544187634359976
3416	189793	0.04617612031151917
3416	426339	0.03177030680390064
3416	575844	0.034828407941536646
3416	192374	0.03505084237298561
3416	130411	0.030369679457745925
3416	516973	0.03865835394403024
3416	363887	0.04269031236978412
3416	322929	0.02419248531709779
3416	320374	0.026714256687931533
3416	108407	0.04051876593134484
3416	428414	0.044274712886407636
3416	178571	0.11068317415586573
3416	89996	0.041438926113691064
3416	482190	0.024467563353520613
3416	324510	0.03459584036765618
3416	22683	0.05032455685675527
3416	438695	0.035424479259680224
3416	479147	0.01548401119820521
3416	376236	0.03474651759288106
3416	161201	0.04400065246982593
3416	59465	0.03360501599434751
3416	412608	0.05194194380082398
3416	349638	0.02843042092197193
3416	424903	0.05192028400682156
3416	480716	0.02609828057851161
3416	250334	0.023891330818170468
3416	252898	0.030566247940164586
3416	252899	0.028563820399052912
3416	480743	0.033106113813050425
3416	447467	0.02511715126624307
3416	526322	0.039460466615726296
3416	156757	0.029056322519991726
