3508	333312	0.042414844936373604
3508	288259	0.0639445054303581
3508	229393	0.07478111254154197
3508	339999	0.047409076468880935
3508	77860	0.08681675270350286
3508	387621	0.08207659629972182
3508	265767	0.26820709701241513
3508	513066	0.043202891495330444
3508	361524	0.13691913569083022
3508	103177	0.10481784475517834
3508	243259	0.11542442963050124
3508	397373	0.014382664068101717
3508	397375	0.0026021472844748516
3508	580172	0.10729364341944768
3508	533074	0.09078389886329767
3508	4182	0.011556869816332544
3508	361564	0.06830348784007848
3508	342110	0.16029404949730724
3508	554602	0.11728210146008765
3508	353899	0.07369671330586723
3508	238701	0.07315380269255489
3508	24174	0.06440899689903236
3508	370295	0.0191346382352312
3508	370296	0.032601018606760304
3508	26233	0.07564156500455158
3508	370298	0.023741822741357353
3508	499324	0.08849231802910582
3508	370307	0.07499949465068032
3508	376967	0.004027837078427951
3508	118893	0.009651565767167835
3508	421522	0.03735426024056022
3508	574099	0.033283715304247154
3508	344218	0.07208034276069103
3508	574110	0.018820582484358018
3508	499360	0.09841103180518455
3508	370340	0.05996653876817555
3508	370345	0.0217850591356844
3508	499370	0.1272352894874491
3508	80560	0.09755190291514847
3508	29876	0.015323006171907412
3508	254646	0.10365341091678208
3508	268486	0.08402479339100218
3508	370382	0.011539094676673755
3508	370387	0.009828237598799111
3508	361684	0.0848860593464979
3508	499414	0.1750797790869752
3508	286936	0.13228054064715924
3508	370395	0.03679327942697054
3508	370396	0.06361806730792723
3508	370398	0.07269027064417505
3508	286435	0.1583778729639858
3508	463077	0.05690733779972265
3508	333545	0.06345133538077481
3508	3967	0.05440575253630268
3508	218878	0.04246953700089393
3508	390401	0.02241934502123578
3508	304899	0.12845278319607936
3508	370390	0.0018186610432364351
3508	370441	0.058790661639076425
3508	178954	0.18908243679829648
3508	499470	0.18546905737014996
3508	370457	0.03374200755714459
3508	370467	0.03497756780499036
3508	462119	0.21720428696757924
3508	17707	0.04419153751608034
3508	66348	0.09342318194951768
3508	370478	0.16854464177879955
3508	286517	0.048954618862299924
3508	572219	0.04808723743319461
3508	16706	0.07823237944557045
3508	370500	0.15595214251836664
3508	174405	0.14290362389087752
3508	370510	0.23254501591130122
3508	370512	0.050083002045112984
3508	370517	0.07631762736207645
3508	370519	0.11028512601559287
3508	274288	0.06451838314489484
3508	115063	0.10810205432585893
3508	3965	0.054567946113292125
3508	370559	0.12840047054023357
3508	3978	0.07724332863694977
3508	30603	0.13262802447252744
3508	268684	0.09980380261861187
3508	370498	0.08988397210340583
3508	3982	0.09926693474102266
3508	178071	0.20304855018700557
3508	332702	0.032764775346784666
3508	330655	0.1342344349263276
3508	330656	0.09632920634452045
3508	497578	0.11430073805665426
3508	497579	0.1102442869316636
3508	497580	0.08006909856718003
3508	138674	0.08797290753159394
3508	361632	0.04360579558055195
3508	332743	0.005375858261436973
3508	237513	0.14698630651577932
3508	338893	0.07463579039042853
3508	497616	0.10811126939434323
3508	497618	0.11221904371443814
3508	361430	0.12136716137136928
3508	125418	0.12387226826639139
3508	544765	0.11292482088145715
3508	544766	0.11663844111438226
3508	370346	0.03437092999271888
3508	31742	0.07384113195303439
