3526	394240	0.06510910518143759
3526	326155	0.09629463562727485
3526	397836	0.06875869503202633
3526	573969	0.06228875483464864
3526	554515	0.08684047259414217
3526	329245	0.08699568422403951
3526	159262	0.053315584573917246
3526	244267	0.09804147214021824
3526	192044	0.0915379729706364
3526	380978	0.08912288853709996
3526	330811	0.08724366132217934
3526	152131	0.09325275382943755
3526	378436	0.07754490548308063
3526	466501	0.20282116832923466
3526	347209	0.08126146347570652
3526	319565	0.09936115133586941
3526	415823	0.11187095318261951
3526	555831	0.05289176693401161
3526	351826	0.11502400055399983
3526	498793	0.10859827600084325
3526	269419	0.11903797443849193
3526	363629	0.10421391583357084
3526	23152	0.07843877140386578
3526	448115	0.0801158924991492
3526	321653	0.1155971545802917
3526	397947	0.1010682522536706
3526	495237	0.3288684196293853
3526	286060	0.10082243159631687
3526	507531	0.1006480837930466
3526	143502	0.08640577566232126
3526	353426	0.13017497260282393
3526	170691	0.12838949497437768
3526	323225	0.09669531705051433
3526	481647	0.09028220793365804
3526	346271	0.07999034988953735
3526	116392	0.08300280446284919
3526	377005	0.11415468540835333
3526	118447	0.23023520214743204
3526	482487	0.1000579409824022
3526	413368	0.11703595568350023
3526	352959	0.09685044140494947
3526	120001	0.10332327155122624
3526	315074	0.09016191559456113
3526	350915	0.08266631286091802
3526	206040	0.07641316625550325
3526	179515	0.09973391114417376
3526	179931	0.1039196500271395
3526	363743	0.11962383068671316
3526	376034	0.085766700219881
3526	316649	0.0842252148320965
3526	524013	0.07816548218242318
3526	382419	0.09437491558792312
3526	393464	0.10750886999366174
3526	328444	0.0695279464361871
3526	194814	0.09253190689931876
3526	91391	0.05442227712938215
3526	362370	0.08017189166816928
3526	359188	0.07741538741761968
3526	556821	0.10764796359415815
3526	306968	0.09862165047957422
3526	171802	0.06286379360677502
3526	232219	0.06873089145398473
3526	371590	0.07828598009917732
3526	492328	0.06989433178250486
3526	529712	0.10233092472668079
3526	147337	0.07372745587794953
3526	440543	0.10465507326218236
3526	223553	0.10557843757583156
3526	330563	0.09717356043921957
3526	120645	0.09867016991980575
3526	538955	0.09409911913409098
3526	490318	0.09739297959581587
3526	538453	0.1182967050108239
3526	120172	0.10324174369171672
3526	197978	0.06291772644422114
3526	393571	0.09677548308149372
3526	443751	0.08229174986961317
3526	419176	0.0815977452855086
3526	382828	0.11470815537596495
3526	159596	0.07050498908154143
3526	295279	0.09391195581202433
3526	204162	0.07917231695360823
3526	377222	0.0720014139134778
3526	257929	0.06977159109739414
3526	269707	0.11743339470071866
3526	22931	0.09751978345227849
3526	103325	0.2631060198453489
3526	204191	0.1016254339948001
3526	496034	0.08363685180471918
3526	161190	0.0636656508156986
3526	146858	0.25296079109394726
3526	346540	0.08956118325634105
3526	478133	0.07768305560079497
3526	124344	0.06820481155645537
3526	238523	0.3209726634326476
3526	324550	0.0913832271448522
3526	324046	0.22374392314536284
3526	348115	0.06622041835864927
3526	386523	0.07409650267691284
3526	210914	0.10494174542727036
3526	414630	0.08598181890465557
3526	54251	0.07485819161833306
3526	360428	0.234707156543226
3526	51182	0.07605516855453794
3526	346104	0.09742791768865548
3526	352761	0.06824076676623067
3526	207502	0.08639081096639095
