3579	30723	0.05342714168361361
3579	71173	0.0005470615478781884
3579	253974	0.03985612939195138
3579	556058	0.025358900722862926
3579	89116	0.027040281670983293
3579	253616	0.02214831776400002
3579	411484	0.021799108961562758
3579	500778	0.03287963323272411
3579	35821	0.0217878829966395
3579	155180	0.057546642220048884
3579	220717	0.010717252767943126
3579	12856	0.03173520487174751
3579	1596	0.01498158367699921
3579	233027	0.01832622063206835
3579	573509	0.02560992000036036
3579	570439	0.02108973001086756
3579	272465	0.0012155643937220941
3579	62042	0.021638428755225522
3579	13918	0.005330188833184958
3579	503918	0.008785578927635049
3579	574580	0.030605770299789982
3579	498807	0.01462167209326621
3579	299640	0.0275716438867824
3579	574585	0.03678957279203322
3579	508542	0.011826889883142499
3579	233618	0.014617515255164863
3579	395925	0.025069304636069885
3579	574624	0.03376027970652642
3579	466096	0.005103898267365125
3579	529089	0.011292985144897091
3579	210631	0.005155415561788325
3579	371401	0.009641440883969586
3579	420301	0.010529432061684602
3579	356052	0.02085012654513145
3579	577242	0.00817986828896632
3579	191355	0.03838702546587501
3579	140519	0.01680080685164913
3579	17244	0.0071667455132153205
3579	329961	0.01599819279554725
3579	370414	0.016032970216338288
3579	545520	0.016480599078476148
3579	296185	0.003455446071131097
3579	219898	0.017809407887703934
3579	432892	0.011882243315945836
3579	174849	0.02908614181755589
3579	84738	0.037842831308788454
3579	84739	0.04200691174978967
3579	245517	0.026993791953394894
3579	119066	0.006895346473149031
3579	465180	0.012796945091444687
3579	57630	0.03139236514625125
3579	555308	0.012407376669097614
3579	3886	0.019061522371955745
3579	128303	0.02313274711773049
3579	282417	0.015576567905405635
3579	21299	0.02763441050492863
3579	501047	0.02137382466147196
3579	501048	0.024099920988549278
3579	80703	0.01827416117889417
3579	488257	0.017240526748497447
3579	555339	0.029403254697423498
3579	565070	0.01794033979802264
3579	133969	0.032477742701317376
3579	534243	0.0023151373598218642
3579	10076	0.02838250596971962
3579	2448	0.03726401382811721
3579	180066	0.021272640925737756
3579	2919	0.01200847365357622
3579	230765	0.008536293985138797
3579	565105	0.04301065667923821
3579	499067	0.021483839885109008
3579	387452	0.008795803978973
3579	2944	0.008873724267524138
3579	276356	0.03499680802478412
3579	580493	0.03237881412047427
3579	365454	0.013285789700725636
3579	69101	0.05238262744240327
3579	580496	0.038633126577484835
3579	477079	0.025857743472874804
3579	133529	0.004098151599691426
3579	500293	0.020374178186254265
3579	435618	0.013206515680897642
3579	149415	0.02850152317275344
3579	351661	0.03550735922873283
3579	351667	0.0343703229486286
3579	570804	0.005595113462787694
3579	351671	0.028530789481583118
3579	351682	0.034352982133166544
3579	576969	0.009633012281813695
3579	504268	0.006636246797215963
3579	47522	0.003052913556602169
3579	47568	0.012563437711405629
3579	496084	0.02624896635072847
3579	557534	0.003999212531226509
3579	69090	0.040781973801393555
3579	421862	0.029698931516755515
3579	253416	0.0025542971860912102
3579	430058	0.009668151393284443
3579	47596	0.00239324476085185
3579	437229	0.026655446318761603
3579	437230	0.027503187350995353
3579	572924	0.026911641612828004
