3632	74243	0.002367708207342633
3632	49671	0.027648569248213194
3632	545291	0.015083021045845985
3632	167443	0.008464050965888474
3632	94229	0.03527183867959569
3632	545303	0.0144251992898552
3632	67100	0.0009098842640390968
3632	28189	0.002222954431021916
3632	28190	0.002491956693700458
3632	51761	0.0018935035517691997
3632	355891	0.002920901998631552
3632	355892	0.003930257297161872
3632	64054	0.03968571746193716
3632	391226	0.01775708324500254
3632	534076	0.012523751759256683
3632	66624	0.0007547533415985476
3632	1602	0.0015744547444289684
3632	534089	0.00978905097541646
3632	530516	0.02708212960814085
3632	67674	0.017846553984707324
3632	455260	0.005073276113432308
3632	51299	0.0035181244344512207
3632	370283	0.006014982731165053
3632	402541	0.007259477335156616
3632	347764	0.007467078958674552
3632	550080	0.003494430938959307
3632	51837	0.0031831287525043313
3632	73237	0.004688203811297881
3632	414337	0.005510260532975965
3632	388739	0.013746524526875312
3632	53393	0.006896393863263804
3632	66716	0.00261199283317309
3632	66719	0.0010847112979828356
3632	539809	0.006869321502577552
3632	68258	0.006507482506602582
3632	458915	0.0012839060516157874
3632	50854	0.003909597826717046
3632	49832	0.020574701443528246
3632	259758	0.0071627395817884945
3632	63668	0.019676180133298322
3632	18613	0.0035900680402080136
3632	20152	0.004166271764216086
3632	14016	0.04514193743260181
3632	14017	0.04695790999616073
3632	23237	0.014478691064338814
3632	359624	0.009136850411246136
3632	28155	0.0028649742755092918
3632	391120	0.024025562185755068
3632	27883	0.008305164490690157
3632	254188	0.014105009561335476
3632	214790	0.005606291854772658
3632	81178	0.003219984294368302
3632	370737	0.011158811041438347
3632	305458	0.007412343361637922
3632	331059	0.0058893045763694415
3632	52539	0.0030790403050718045
3632	422205	0.0026221985249631234
3632	422214	0.004677639152939951
3632	305992	0.005331036612067318
3632	358221	0.006534744987365326
3632	422223	0.04235193510392488
3632	206172	0.0030405440692625107
3632	166239	0.008066765137076572
3632	496997	0.007624977750129377
3632	447853	0.004454203772083387
3632	62831	0.001044736064018915
3632	88432	0.005722877519635237
3632	199028	0.004926346922252064
3632	99701	0.003920516635442103
3632	321398	0.0055942088892595564
3632	51579	0.005450752645322071
3632	499580	0.03972866904384687
3632	397699	0.00411913205027329
3632	166276	0.008838151614951816
3632	27526	0.005648929070036233
3632	65415	0.0027185606349616627
3632	50568	0.0038846118832228686
3632	68490	0.005100959459915629
3632	582027	0.014750880839598118
3632	68492	0.01722611773352993
3632	182158	0.004390689584340046
3632	53651	0.010438251224704495
3632	27541	0.002228809650571553
3632	312732	0.0037209847720679743
3632	27549	0.003786581776226707
3632	68511	0.028074472404959167
3632	53916	0.002988298250256755
3632	235435	0.0030145298710136676
3632	63916	0.013104103796355236
3632	523186	0.006092154227427337
3632	67512	0.047580376700606164
3632	391109	0.07058723075285193
3632	403920	0.019144987042477107
3632	5585	0.00413772487166525
3632	201684	0.03699580321794565
3632	378325	0.00972932607104006
3632	511958	0.030827896619654585
3632	235490	0.005146853781281024
3632	391139	0.025159390525959575
3632	215530	0.014367411486603306
3632	269807	0.01858445957854409
3632	529392	0.0035008883649760127
3632	258549	0.0052343883788317745
3632	269817	0.008188976326383164
3632	64507	0.014207198986980757
3632	428543	0.004990748592470542
