3663	562182	0.024229971588914722
3663	525336	0.02240206397415915
3663	528413	0.027070954802632934
3663	531486	0.02142097579418025
3663	386085	0.018373402061166024
3663	420390	0.05995040821456326
3663	236586	0.03354148248743148
3663	447532	0.027435724664215403
3663	198705	0.06549635843925657
3663	362546	0.020724553082985524
3663	18483	0.029519387716277674
3663	363573	0.011739412775250002
3663	132150	0.017102890483646552
3663	509500	0.025223901517798755
3663	447549	0.03885927957034159
3663	531518	0.02954749092182815
3663	211520	0.020283159559914103
3663	242016	0.03194407605686304
3663	202308	0.018238468861546436
3663	159303	0.02574025745422475
3663	235096	0.016020548362158972
3663	531546	0.02461588715317106
3663	328286	0.02619955021615752
3663	233055	0.01135562835368831
3663	30837	0.027863110859659663
3663	411257	0.01448865970018288
3663	358522	0.02171917844749045
3663	543356	0.05154852428461306
3663	162431	0.02148385585062162
3663	227777	0.020949190255377673
3663	528008	0.05018023388593822
3663	92098	0.022187304903715975
3663	345112	0.022765115584340374
3663	390297	0.026446565173132496
3663	240794	0.026545497967345417
3663	254111	0.04169715668063871
3663	222882	0.01998933675829522
3663	159398	0.023132169749669
3663	259101	0.02166502379443941
3663	76468	0.019413672628451572
3663	40639	0.014739931145928305
3663	542919	0.03567117738927811
3663	373452	0.019113278916182235
3663	222927	0.024294183098549863
3663	419962	0.022075747452345768
3663	543968	0.017353784374549756
3663	265441	0.02983118757324262
3663	337122	0.036194855235035496
3663	180452	0.017312297090779527
3663	490218	0.020090924983825253
3663	495854	0.020724019634215586
3663	179958	0.025255257351452093
3663	230140	0.018776230970182075
3663	187135	0.028430437455288903
3663	141061	0.03854176286077636
3663	308491	0.02206465123517334
3663	486275	0.020714322179969907
3663	269076	0.021140077745628143
3663	307481	0.03040858306589113
3663	141609	0.03962303506835877
3663	237869	0.022787565444808453
3663	262447	0.024437227913232436
3663	82568	0.021875233793557925
3663	98100	0.017885362175964023
3663	98102	0.021196838804916192
3663	300345	0.03164805696980242
3663	20794	0.02349666075048387
3663	527689	0.014136542745782564
3663	328527	0.031526421707415396
3663	243001	0.0158090160248789
3663	543972	0.026247524035685
3663	485216	0.029067086560691634
3663	352098	0.03439497594909453
3663	581475	0.017708189139718018
3663	483198	0.031179558043272826
3663	483714	0.03248662943717881
3663	554883	0.035308535935296724
3663	554888	0.019345143534527137
3663	265610	0.025163870212697628
3663	179085	0.015982213328165233
3663	429970	0.05612475468586438
3663	448405	0.02034624312770529
3663	552345	0.027083310365292476
3663	111002	0.015109854592024397
3663	321952	0.021560936086596805
3663	484775	0.06438304798859498
3663	95160	0.02628893078532389
3663	479162	0.027040366863813652
3663	485311	0.016259133964234607
3663	251296	0.030465201147097526
3663	519106	0.020534264598077428
3663	478147	0.022405045426015714
3663	159684	0.025466410002496307
3663	330486	0.01734282576764851
3663	198600	0.03167898584874995
3663	531915	0.07010005864523085
3663	531916	0.04915248825706324
3663	295385	0.021058447629738825
3663	378343	0.047234790226027994
3663	230383	0.02747900034479169
3663	455666	0.027477113932992965
3663	455668	0.03086509243207985
3663	402421	0.05281595493017773
