3718	120842	0.016197496185557134
3718	457757	0.012558793623786266
3718	460322	0.008794183907243161
3718	266587	0.00816284662423098
3718	527913	0.011486915452008903
3718	172587	0.0066640239520315775
3718	463921	0.009271485418477917
3718	227383	0.01127688805670762
3718	363074	0.013021028081699417
3718	468547	0.01129938443020677
3718	121424	0.013973289703787454
3718	266321	0.012956958563665973
3718	329810	0.013064120046516595
3718	277590	0.019183117871939236
3718	459359	0.014532270604196788
3718	122464	0.009380625561621878
3718	322157	0.009280290239942543
3718	143986	0.011620203618185486
3718	139900	0.011284383796321346
3718	178028	0.020965019889235763
3718	152203	0.012389659977060933
3718	206478	0.00932627528111191
3718	264336	0.010818428172557803
3718	86683	0.006989000568992117
3718	259232	0.012247095248576862
3718	268963	0.019240929451436434
3718	495730	0.011049825130499173
3718	485552	0.016940674470835776
3718	227513	0.007730198411785803
3718	478911	0.014885252526911
3718	429764	0.014955205323881324
3718	405190	0.01830582900967107
3718	518347	0.01092125476911798
3718	263888	0.006342781469020444
3718	61142	0.006840705341076561
3718	26844	0.016663183698091628
3718	214244	0.010988993934685108
3718	266470	0.007318712069766049
3718	384751	0.019032269385820328
3718	124153	0.009211321654539358
3718	533462	0.010320732480316506
3718	146694	0.00865056145887462
3718	556300	0.012979602265379298
3718	501011	0.014170084012430516
3718	207641	0.013380434678373875
3718	318239	0.013923536199343051
3718	225245	0.015390292567015854
3718	462648	0.014406984400187652
3718	359232	0.005551907032244481
3718	431425	0.015866571883830286
3718	505672	0.011175958188176655
3718	509257	0.012693186734669947
3718	254796	0.008920251865738119
3718	447310	0.012289514752348655
3718	493903	0.00923290707451197
3718	121175	0.011934363093306736
3718	98139	0.013767011843154616
3718	259421	0.011346635552993289
3718	451430	0.01194657357776516
3718	373608	0.004976583881987545
3718	451436	0.010140266596704407
3718	294769	0.009164805306199036
3718	13180	0.014349456335431658
3718	513927	0.007042595114708582
3718	73102	0.011622984601655907
3718	373653	0.016270964768379914
3718	422806	0.012018203888022841
3718	355272	0.011327534082386279
3718	326604	0.01541253653064248
3718	204237	0.016670415076514827
3718	47574	0.009346579118993928
3718	137465	0.014761336493448176
3718	505309	0.006685704582539442
3718	154599	0.00706959000722181
3718	133096	0.007369288624994323
3718	189417	0.010400906575519526
3718	121326	0.018487395152965356
3718	464883	0.011855101281026539
3718	489464	0.006866784936960689
3718	427519	0.01196082481861973
