373	60035	0.09744402399017672
373	152150	0.1994767429024273
373	288654	0.12954097139854925
373	505617	0.10436336881938214
373	228628	0.07018047943417004
373	507886	0.024951274590203347
373	117916	0.014863723963695804
373	117917	0.13175667099450178
373	566050	0.1295563205311032
373	343203	0.10034380632847303
373	91301	0.07726095261274109
373	91302	0.07726095261274109
373	107177	0.16362164001057322
373	340907	0.07664986246634328
373	138796	0.08479046373898641
373	438832	0.04309720321378638
373	275505	0.11768848604934944
373	340019	0.06460720673635055
373	153908	0.1194769390206914
373	240037	0.09756032515198702
373	466105	0.07442539535964246
373	59834	0.08241980254054818
373	551647	0.17085479138894877
373	23768	0.04485780075038565
373	385601	0.06494376922901765
373	361802	0.12998932624359308
373	6348	0.07621054707306958
373	80718	0.07101954499545206
373	378449	0.06701853362899203
373	24611	0.12933340684857605
373	436310	0.04098724522205176
373	152151	0.20179896802669797
373	21080	0.02920657713429506
373	201311	0.04223575294953174
373	93026	0.022594470954988136
373	93027	0.07071514531381397
373	333420	0.09019005194749018
373	342766	0.08931716261209767
373	471407	0.10677073598336753
373	425586	0.04221099470373245
373	389236	0.061147733492109266
373	347060	0.08460450217804318
373	155516	0.08812495984186358
373	287743	0.13973022043876024
