3810	346625	0.037454477958914704
3810	464898	0.025673414155432842
3810	507911	0.02059143944938888
3810	309932	0.021095674934462655
3810	484013	0.023883320313029074
3810	17940	0.030427360321727815
3810	478743	0.01000019239332648
3810	569379	0.03429604622713531
3810	219690	0.033896087184638275
3810	380460	0.023383149477240243
3810	170550	0.03293573667306725
3810	276535	0.02375463986283576
3810	281782	0.029439032709931187
3810	354379	0.029313531791317914
3810	298062	0.025454566124201352
3810	115219	0.024057971597315982
3810	199523	0.021789690656841262
3810	310870	0.028465874185097887
3810	122461	0.0062986886350772636
3810	464480	0.02959926924695859
3810	485482	0.025913872581918934
3810	119915	0.025204866633861376
3810	433774	0.016825090735149942
3810	16499	0.01774643004179555
3810	134261	0.05759378956795317
3810	231040	0.03859479683573919
3810	40068	0.024538523242960766
3810	482953	0.028232425545774313
3810	381581	0.027611319593933144
3810	157333	0.027929111639711502
3810	70000	0.014794715736632684
3810	327333	0.029019883857466636
3810	41642	0.023904325231160203
3810	89772	0.018471329064395078
3810	48301	0.0425972663407185
3810	141487	0.019713342083460136
3810	133809	0.021664224547943218
3810	271030	0.027613168775096522
3810	189111	0.016690693913679274
3810	396999	0.023739133544787943
3810	427220	0.02254247176929534
3810	237272	0.0215410928404922
3810	496867	0.02458812225404618
3810	234212	0.006762886147927318
3810	234213	0.013004783478637143
3810	321780	0.02520632550199275
3810	101588	0.015619258007868973
3810	503038	0.031484259714162806
3810	503041	0.02522682716262174
3810	487682	0.027830172032676955
3810	503044	0.017762152086517855
3810	189707	0.01932345797000964
3810	503062	0.023005413534031866
3810	104215	0.02251839134950008
3810	234266	0.00824604504048921
3810	125729	0.028036100104363883
3810	358698	0.016658147174441827
3810	319798	0.012620781971092631
3810	539959	0.024147119869922306
3810	190270	0.01609747476051092
3810	496456	0.022346043751544312
3810	557902	0.036855349515978054
3810	171347	0.034992811603191065
3810	14684	0.022515376726504374
3810	354021	0.030070702314457833
3810	424288	0.019740762483123304
3810	525155	0.022919775550178777
3810	117610	0.03661825877631985
3810	107884	0.03178665367334162
3810	399250	0.02831607314972924
3810	225136	0.039552589157014886
3810	231284	0.03215366038578336
3810	41846	0.05755338801979415
3810	267648	0.032175487752698684
3810	266304	0.028891182902739506
3810	146819	0.028572740117004575
3810	164230	0.024938098324965623
3810	375687	0.026686911902531384
3810	49546	0.03897423908093609
3810	438671	0.026370812691665153
3810	103312	0.01379580178401282
3810	327058	0.02019942956314229
3810	54166	0.014255768577501314
3810	400282	0.02473799809603959
3810	544670	0.017313269295376358
3810	88997	0.024482334030630753
3810	192424	0.025418130737469756
3810	484265	0.02747004141919186
3810	439221	0.021463216279212122
3810	516534	0.024087444558552665
3810	513472	0.016093124099983085
3810	408514	0.009186684594942162
3810	380342	0.02780468582736793
3810	380382	0.023361779004934077
3810	308703	0.021704059781950343
3810	51682	0.022734077774149673
3810	254439	0.025154179384376866
3810	485866	0.019846344392344836
3810	389111	0.037945502173474976
3810	501930	0.0283267851944509
