3833	373262	0.028342289456092625
3833	81935	0.03085988358646923
3833	490513	0.026702564402102266
3833	55828	0.02732824976029279
3833	191516	0.030022620102709296
3833	130591	0.02961717698867843
3833	473648	0.052806835711390776
3833	524849	0.024666192831008106
3833	33842	0.03203350443467834
3833	159797	0.03551220299597037
3833	76856	0.028834403637446764
3833	170553	0.028243747334313476
3833	484925	0.031759019564542794
3833	36417	0.03028469142886581
3833	355399	0.026199546534238588
3833	460876	0.02551697328318411
3833	36942	0.028367111843231905
3833	328785	0.027848333476780996
3833	548447	0.029438644576703248
3833	127084	0.027929555693560405
3833	453232	0.02762087300762339
3833	240250	0.023398260781689786
3833	499838	0.028398371720346254
3833	113344	0.02809003497036982
3833	23688	0.038971734016699046
3833	96906	0.03958425201158558
3833	266891	0.028895422489820008
3833	427663	0.02970722417599478
3833	411806	0.02595926142697909
3833	209059	0.031636647311640766
3833	467113	0.03782162006656979
3833	420015	0.02802565934228635
3833	420021	0.02173480569464457
3833	244928	0.0295068279731889
3833	266437	0.03226842696088789
3833	270540	0.027858131227461797
3833	319691	0.030810682566120854
3833	112844	0.0271634591097015
3833	403664	0.024777413164318245
3833	180956	0.028708483556366342
3833	54495	0.027413584845650783
3833	92399	0.02763786757017331
3833	393854	0.04069845928943309
3833	33527	0.03146430482639278
3833	557819	0.0368089240908521
3833	235785	0.030133982704369594
3833	235791	0.029398914876622273
3833	389906	0.03052370484320721
3833	374040	0.026064857645587542
3833	147229	0.027996506106679656
3833	273183	0.0278337334998942
3833	319964	0.028848108482382565
3833	206634	0.03222585903737016
3833	538077	0.02885052911745344
3833	164147	0.026370685586177403
3833	364350	0.027907911018603522
3833	10565	0.029018699696809907
3833	385505	0.027891712489063764
3833	164168	0.026186650796144195
3833	522569	0.025182770672908136
3833	497482	0.031811997164848005
3833	112462	0.03136045272956251
3833	121400	0.03101608377358722
3833	403794	0.02653010803884242
3833	9701	0.02247944681676874
3833	124256	0.031006681639216847
3833	275301	0.038701021063662994
3833	89958	0.02837126017503028
3833	452975	0.0280964824936479
3833	451447	0.029260114567567712
3833	116116	0.027429062479201925
3833	89978	0.031435598617132
3833	412541	0.023095139588129743
3833	139646	0.027286498176461706
3833	89983	0.02760306722769394
3833	581507	0.028166764650174543
3833	211334	0.024134366170830722
3833	205191	0.024654620844072547
3833	438669	0.025175436849127094
3833	370063	0.030907024461100767
3833	442772	0.024598172755192285
3833	460705	0.026238538084501904
3833	557989	0.031237666187621416
3833	107591	0.028411029103085978
3833	161202	0.02569023852887254
3833	507210	0.02508178342452569
3833	311745	0.030440413990924335
3833	325575	0.02643944142646622
3833	247247	0.02551590753658855
3833	16849	0.026509787782939984
3833	59470	0.023566584332569408
3833	151513	0.025701468701863964
3833	487389	0.02601632289452357
3833	538083	0.02773531608076919
3833	16869	0.021606818532290115
3833	34280	0.028820738052313857
3833	373244	0.030222319994463884
3833	353260	0.02933380658675655
3833	560109	0.02766262740409634
3833	457212	0.029335663900069073
3833	363517	0.030376286585910104
