3838	462272	0.030217998992185486
3838	73579	0.004156907622789115
3838	7940	0.047969723424086445
3838	542358	0.11157963169970127
3838	542600	0.02663077049639205
3838	278793	0.024455411018090224
3838	236940	0.03283690265263954
3838	543376	0.046278375988773796
3838	112275	0.02746752598549846
3838	478229	0.02404049190288051
3838	158486	0.03217709348344798
3838	178073	0.0355839017902422
3838	121246	0.02066004112182064
3838	29253	0.023176223753134623
3838	431904	0.0324841147840494
3838	23714	0.03102336573372148
3838	571940	0.026703492256411335
3838	571941	0.026838597330342134
3838	29257	0.011752923213821547
3838	251303	0.034613776758522195
3838	87080	0.026564794332424
3838	90432	0.016627745195349118
3838	534	0.01889061486780647
3838	478508	0.04004433115858127
3838	135461	0.036043021340297035
3838	427055	0.03610088208951696
3838	73264	0.01290868022661303
3838	86899	0.02871019780418884
3838	73269	0.029145157922732385
3838	231095	0.07203743453107461
3838	339768	0.034011489203794584
3838	364985	0.00972214354196012
3838	12602	0.0030439011270093947
3838	73275	0.007583142785000286
3838	104893	0.02714632510133524
3838	73278	0.018657905144753906
3838	388799	0.0376802230210935
3838	342464	0.026425817420032655
3838	73281	0.011885999167705026
3838	29251	0.0227456475326358
3838	88260	0.033334383094954075
3838	73285	0.0105314686930779
3838	341961	0.00836244514987521
3838	229322	0.07883351288711633
3838	401227	0.07265552971394455
3838	271054	0.03987334986186439
3838	509284	0.010802199835080415
3838	237274	0.025562340694651645
3838	237275	0.03176124712705486
3838	388858	0.02416841904440884
3838	333662	0.027480185080969815
3838	22309	0.023919923353307646
3838	99752	0.03748710878214203
3838	286335	0.00883703882412808
3838	466791	0.01705609598013944
3838	412136	0.015178547791614152
3838	239465	0.03267885196334315
3838	430823	0.01725654391483306
3838	239724	0.015369504315914754
3838	333365	0.041861296387222295
3838	342510	0.05847290632460014
3838	3197	0.047518305955447156
3838	265969	0.022138401999650774
3838	557554	0.032750335762580546
3838	452211	0.04182075459411327
3838	433524	0.11832166656598034
3838	388854	0.023893556245507618
3838	388856	0.024993635519219633
3838	388857	0.024872918423194428
3838	174970	0.03705454654627979
3838	53247	0.01867264843400621
3838	545533	0.005101839450252319
3838	158078	0.01963867221952686
3838	342933	0.014775221932679161
