3887	300034	0.010917287821164601
3887	123910	0.031272108610135074
3887	534663	0.017467352280469483
3887	311980	0.031985283723729455
3887	69642	0.012600160569558155
3887	506379	0.044690655851028084
3887	467217	0.04851805326484958
3887	341519	0.014376801116283285
3887	142737	0.008235482101937312
3887	339476	0.0421181941845723
3887	70037	0.017603453783004985
3887	535577	0.01815226013961273
3887	192539	0.036984907685245254
3887	192540	0.03945193858884291
3887	338717	0.01840679026738245
3887	157599	0.03486322741328857
3887	176340	0.04550055133740331
3887	199715	0.030957445645745985
3887	337702	0.021105698313391767
3887	44844	0.02278801520306603
3887	343197	0.030278560948446005
3887	337712	0.014777077989819818
3887	89777	0.022827299106593243
3887	69686	0.017360945803727004
3887	344329	0.05520666096711243
3887	14136	0.00896733904219132
3887	312505	0.03029919766740578
3887	340666	0.040828380993298684
3887	254396	0.030476252744947703
3887	280638	0.012544326410169036
3887	312002	0.03315399622733854
3887	328609	0.02667627446223365
3887	48969	0.026963848095378457
3887	70775	0.030725525760021712
3887	580198	0.009922242823775396
3887	1361	0.019716288903315223
3887	470611	0.027975402241633522
3887	470612	0.056863810834830116
3887	535382	0.05819742480522486
3887	117751	0.005415158996216957
3887	261720	0.024007204789711113
3887	312025	0.010956064403175854
3887	70287	0.027076488785749923
3887	376540	0.02551434921433045
3887	544101	0.02209934227170421
3887	430432	0.00912502056245191
3887	554337	0.032976016165627134
3887	480537	0.026038265525681534
3887	338404	0.04949686744059467
3887	341478	0.016947308768469848
3887	342502	0.020682500789661357
3887	227345	0.06084220943532919
3887	339689	0.023597725714868276
3887	468827	0.010977255382085358
3887	124139	0.02031787518410721
3887	341101	0.01564807136457729
3887	376559	0.022600617116914752
3887	363081	0.012128483526836457
3887	575699	0.03097042487071281
3887	343284	0.01920222277375228
3887	23669	0.026777585891611024
3887	69750	0.012576654044810273
3887	70121	0.02407551484204591
3887	532984	0.01905011694476246
3887	179284	0.019139826531630766
3887	70139	0.025867536995761217
3887	516262	0.028446527791903715
