3892	485889	0.06036289011936444
3892	450051	0.046283214778802664
3892	33196	0.0426035126517453
3892	392718	0.04621415281536482
3892	406036	0.05039787233503975
3892	570390	0.02798751200720815
3892	560151	0.04920392895204142
3892	404024	0.05004013736878266
3892	571465	0.010756135715005595
3892	486475	0.05189257373413495
3892	36366	0.0419282182557244
3892	340571	0.0708132678320971
3892	241760	0.04389330913521537
3892	441953	0.03889799728100398
3892	444006	0.036540645025632965
3892	449130	0.04188820209425455
3892	408684	0.05298275669798506
3892	172655	0.013114841777060429
3892	403057	0.028115376763202412
3892	32755	0.04346323664770814
3892	409217	0.041608283303892046
3892	421515	0.02560580396181623
3892	35470	0.04713807073093245
3892	460431	0.030106273467114236
3892	25238	0.013928067695774394
3892	212633	0.07326295957372628
3892	139932	0.031569503534394736
3892	393886	0.05136481207499093
3892	467624	0.026004128956322942
3892	497321	0.05035961496762213
3892	526510	0.07602744484001878
3892	473265	0.05233957660609699
3892	497848	0.03948520695437292
3892	1210	0.03600726417522579
3892	190145	0.03732535517072762
3892	402120	0.04474886319408004
3892	120009	0.04668906091589393
3892	379082	0.0505049541656649
3892	70347	0.04955315804065951
3892	467159	0.05967497746865299
3892	501988	0.04459320581398145
3892	375013	0.12033394155713699
3892	443624	0.047778257865135336
3892	115946	0.05181706148149999
3892	435954	0.03933686026916969
3892	284917	0.06017152135761291
3892	41206	0.04599242490484282
3892	258296	0.055319979297444914
3892	483584	0.03955706644273501
3892	103684	0.05528545221573536
3892	70411	0.08171779626609217
3892	41741	0.033572117713599726
3892	271118	0.055249486752680016
3892	483089	0.0518099544757982
3892	170772	0.06214333423241064
3892	283933	0.047876945032505315
3892	172830	0.04647669971166054
3892	33244	0.0473387579245996
3892	350507	0.053868490715761816
3892	235820	0.058057376631627515
3892	189238	0.029138807807949748
3892	109880	0.053642976415733755
3892	362299	0.04582770334438743
3892	347965	0.03557003656385156
3892	254276	0.11932259258826569
3892	367435	0.039855357538408985
3892	171342	0.0343888569250751
3892	248888	0.02500639194134023
3892	97106	0.051314954590045876
3892	389465	0.03867070368455596
3892	484704	0.046082241864918105
3892	298301	0.033857656775790855
3892	33648	0.04167897097626175
3892	121204	0.04996608693137208
3892	307580	0.03346626050230839
3892	36224	0.04321878915978773
3892	485761	0.04438524633936601
3892	80779	0.043129190789036424
3892	254886	0.04906398884453202
3892	209319	0.05959408218419738
3892	134056	0.017896669096653536
3892	356268	0.048596500419805726
3892	556464	0.060068060082601724
3892	535985	0.05771399617401751
3892	108467	0.06814064015367906
3892	385461	0.0399452332266326
3892	122300	0.047475248207387265
3892	122308	0.06059647718435159
3892	560119	0.040647729916217845
3892	485837	0.048880213307507844
3892	33239	0.04302393784303803
3892	341468	0.05524268574432723
3892	368093	0.056503033954590574
3892	208883	0.041321207208502304
3892	198825	0.0475378707975156
