395	295432	0.012992062661169106
395	295434	0.014408611600317952
395	556044	0.01220583509098799
395	574989	0.020576730527261732
395	295440	0.025091633914132636
395	319512	0.01812045346280773
395	124335	0.01209250980838136
395	386078	0.016859280463200343
395	431137	0.010063489401394562
395	113188	0.03185848758194748
395	55850	0.011029772948119448
395	386099	0.012760877110956467
395	364597	0.012491785415675145
395	386106	0.015369749831040395
395	389698	0.00989950679600295
395	326725	0.01884454597837766
395	284745	0.00819669711154052
395	225356	0.014169527714071126
395	526417	0.06447547223146481
395	433241	0.009405592678261725
395	310364	0.00926158865102804
395	389727	0.014246734785147434
395	386152	0.013866899290257643
395	433264	0.01094620447901512
395	311921	0.014670673096447082
395	504952	0.01741216461664242
395	147065	0.01120446059055885
395	504954	0.011690872401293836
395	281791	0.013017750543110712
395	515716	0.016027950205711437
395	131220	0.011619744290514903
395	109720	0.04252365946249013
395	482586	0.0191178077722578
395	501408	0.05690498612531706
395	359590	0.01940199333579749
395	133287	0.01370023032624115
395	234154	0.020045684169880028
395	486571	0.01775357372597985
395	492725	0.018169334542261554
395	311479	0.015956741602368017
395	534201	0.010251360648142244
395	389821	0.009824823854863291
395	572095	0.013975377692528608
395	379591	0.011210839834800255
395	192717	0.011041306630530696
395	437880	0.016732980812986725
395	232658	0.011566936332667891
395	520408	0.015317144854866297
395	225513	0.01330961994551222
395	354032	0.030415117124475633
395	171258	0.008080936767598175
395	320252	0.012553962176645374
395	109315	0.01702856340507029
395	405756	0.009148315767701769
395	146199	0.01117861023219974
395	54552	0.013859918101212131
395	237338	0.016106358338051373
395	256285	0.014112490745412192
395	256286	0.012195692647581038
395	189223	0.007540163193885743
395	189752	0.012686087001257996
395	7993	0.02150789089124995
395	555327	0.011161359170259077
395	482624	0.013618173696533946
395	164166	0.014064183970152577
395	496967	0.01275374261999459
395	164170	0.011875110113306104
395	238924	0.038006010459909
395	30542	0.021370581743030033
395	528208	0.01690618099748364
395	424791	0.01362000157544597
395	75609	0.010899612545496672
395	311647	0.0061955896507301204
395	35176	0.005278037778919386
395	543606	0.014094260808440813
395	267644	0.015081006515675937
395	308099	0.01890615322089771
395	108937	0.01136992631147517
395	280460	0.015694332292712426
395	108942	0.016004857011719803
395	295314	0.02457427787097218
395	320915	0.01214011229981423
395	404372	0.007112812681487739
395	116123	0.010430035252548236
395	116126	0.012061671697872261
395	409504	0.011452846995418348
395	526241	0.024510886632377698
395	177058	0.061072707795732005
395	143780	0.015254002155630421
395	143781	0.011213993406932505
395	432557	0.013980261037711779
395	404398	0.011495530896882116
395	246703	0.032882821453396244
395	279985	0.01023864060083883
395	95155	0.012756336878064259
395	181189	0.012592096213353107
395	501580	0.013278823056349788
395	494540	0.027979439682245772
395	501713	0.01131999573132472
395	285140	0.018345391464613548
395	320478	0.01100541173581489
395	364520	0.009509173254903752
395	171260	0.010569374450372322
395	170483	0.036848606608649505
395	231422	0.015171448659453655
