3965	566292	0.005587192740827892
3965	276569	0.01927862955965597
3965	568906	0.03609356586963192
3965	390186	0.0247948682360883
3965	289841	0.012298250202472775
3965	289846	0.02862418106989383
3965	390201	0.015436267154657072
3965	577596	0.036604017492283446
3965	571977	0.03447414138261307
3965	157258	0.020913901527684537
3965	271947	0.01355290019588079
3965	494169	0.015507472570145684
3965	276571	0.03761193171295231
3965	450141	0.014514313673546669
3965	313452	0.01909629749293972
3965	112756	0.019327043549348864
3965	565877	0.015172299736374744
3965	89213	0.01384278219175419
3965	567424	0.05032650086590103
3965	564357	0.015944366307447444
3965	504465	0.008246321390077947
3965	120470	0.026745105046970186
3965	486041	0.011539746524153146
3965	565415	0.013464797101693961
3965	544425	0.01137604488866203
3965	197803	0.012118807920200559
3965	60594	0.01889135754875413
3965	493657	0.012511273951331487
3965	210108	0.013449615678265806
3965	420546	0.047001157655602636
3965	467654	0.00807553198329672
3965	115399	0.014640740812347727
3965	559305	0.05044910948229477
3965	10445	0.00827715811932866
3965	419027	0.013133825329759386
3965	278751	0.02157848801264734
3965	56042	0.034450481478150524
3965	39663	0.035311704373610954
3965	271608	0.03578842846077507
3965	60667	0.021768541651715323
3965	211715	0.03333142806017548
3965	4360	0.012048823901591801
3965	17161	0.04952197557029526
3965	274194	0.02885006639515598
3965	247582	0.009967787578978819
3965	572191	0.007197467773320273
3965	302882	0.014300163523387168
3965	575267	0.043255112147159845
3965	36134	0.010676620894697885
3965	114473	0.012757474046156615
3965	350518	0.007398590489514646
3965	302401	0.016646097889101624
3965	569161	0.018158762285488666
3965	24919	0.0076033862582171475
3965	383322	0.016932132457802434
3965	414051	0.013282644965282281
3965	61290	0.0226636504348388
3965	490861	0.017242310279799958
3965	446832	0.013006893181888517
3965	33651	0.009982365542738807
3965	507252	0.03988723410916428
3965	191879	0.024366882427183836
3965	450955	0.006282183527975404
3965	81805	0.016677443506781867
3965	89495	0.017069550391423886
3965	536815	0.04204647497531733
3965	96673	0.028947581521387326
3965	36771	0.010669953837577344
3965	190885	0.01833559272594112
3965	524210	0.01527475985197253
3965	574793	0.012191135240814834
3965	193315	0.006441544800941799
3965	275900	0.03710912134305249
3965	270269	0.051218565025465235
3965	569279	0.010675563672566278
3965	576960	0.011825400738476308
3965	335809	0.03739248873617989
3965	264643	0.010715342035884338
3965	373703	0.016818399123625732
3965	576970	0.00836469520593338
3965	275915	0.030309579871795934
3965	576972	0.01426080915095663
3965	577487	0.013462180202521566
3965	104912	0.03409606221578087
3965	571357	0.007537184013780424
3965	179679	0.008043739353416613
3965	565742	0.026025718685427936
3965	10921	0.032800351378115496
3965	302076	0.00901756283140135
3965	301055	0.00953116116363878
