3992	127807	0.11742162710902268
3992	370563	0.02193730532206034
3992	475908	0.01871091477209202
3992	475909	0.05187369679662558
3992	475910	0.061372547615646436
3992	475911	0.04266922401610717
3992	402440	0.11104882299355166
3992	178187	0.17120325371489928
3992	403854	0.05691237738311143
3992	73112	0.09291162933618592
3992	421524	0.009277624084739733
3992	273557	0.024328956304752875
3992	142488	0.030148450115348547
3992	336175	0.028904768450807618
3992	163926	0.06896161978952633
3992	341919	0.061493722485384816
3992	188595	0.01648412758291546
3992	559906	0.011358203594711524
3992	27043	0.11014188181594388
3992	581766	0.0257430457320013
3992	459141	0.02559375169257533
3992	361385	0.03162039675001427
3992	558087	0.08179314268940753
3992	521900	0.04145242414199256
3992	390957	0.020815479960439188
3992	301231	0.011192007621981236
3992	14256	0.013840973850074044
3992	186491	0.18439586567015295
3992	188596	0.017599638398448206
3992	296376	0.09979000712392515
3992	170043	0.01816179092290122
3992	450530	0.0033482109643580543
3992	546479	0.026264432581865033
3992	296383	0.0791886873205187
3992	153361	0.009297862971214979
3992	336971	0.026105573870662934
3992	533573	0.013921887691628897
3992	286305	0.02781200205182801
3992	475976	0.00609243994788349
3992	296395	0.03444924993349648
3992	361676	0.03183443968552579
3992	370509	0.09161729167659717
3992	101381	0.004737383266647791
3992	75474	0.03693106467360867
3992	340947	0.05093377373300361
3992	75476	0.042392102245198966
3992	75477	0.04235975722533383
3992	202582	0.0362112043037113
3992	163927	0.0766612277418774
3992	163928	0.07516131852533993
3992	163929	0.06541535874981044
3992	336090	0.03482557477996897
3992	581767	0.019169882319235002
3992	101498	0.08264643860020128
3992	118117	0.04301426830643772
3992	430689	0.03274874138313293
3992	296290	0.10870132608587095
3992	413411	0.01937447670234332
3992	361573	0.0335109608751662
3992	513657	0.08213918203539872
3992	116587	0.0758608671704014
3992	163564	0.017358946246175285
3992	296304	0.10105809996104492
3992	194290	0.027391977790248583
3992	27039	0.013049475229776545
3992	549490	0.013684817454041261
3992	477844	0.01664847564992769
3992	444154	0.05523381331625208
3992	444155	0.09654268871284775
3992	410879	0.05486846186958487
