3998	193034	0.05739695569857425
3998	412171	0.03785359805152766
3998	156173	0.04462922877392666
3998	544789	0.06383001884998123
3998	155672	0.11012810711883668
3998	23068	0.03734217728749896
3998	23070	0.0193362818007578
3998	390187	0.033661188578226864
3998	153648	0.07112458738725863
3998	426546	0.04471949531191942
3998	315963	0.05427254876795665
3998	140725	0.03556968387584874
3998	223500	0.018485701018104133
3998	396366	0.050175240152501875
3998	413112	0.023906597966529088
3998	396371	0.07613152249305473
3998	473172	0.014410415326539487
3998	330327	0.13541646818613373
3998	309336	0.07496063111140881
3998	274009	0.03882995726861346
3998	355419	0.07953172920203179
3998	105054	0.12040305365988957
3998	152676	0.04258151885106952
3998	138598	0.054512443285709096
3998	54375	0.03683755902437864
3998	387179	0.029116125184697937
3998	216253	0.06126915736120284
3998	18032	0.04353132705534608
3998	446583	0.06128338497549959
3998	216699	0.05929201494178125
3998	152700	0.05561719462032466
3998	154239	0.08094074760299781
3998	534674	0.03797890403964145
3998	177818	0.06153471350409325
3998	410784	0.029681856726524975
3998	416417	0.05171600379968047
3998	193186	0.04296128461401106
3998	343205	0.06500477185888515
3998	536094	0.03054796547639773
3998	536253	0.08103981973190168
3998	298176	0.014200522693570172
3998	389314	0.03704362496985926
3998	193228	0.03510377667243347
3998	386780	0.02721726356030955
3998	292136	0.03260797286659799
3998	185588	0.0399874740233711
3998	474869	0.05975960115518019
3998	154870	0.07329871907463792
3998	154871	0.07006228643751308
3998	199416	0.09877198942038469
3998	199420	0.116030753957774
3998	199422	0.02734756635623897
3998	367882	0.02925430567615222
3998	339724	0.08851016241587681
3998	526095	0.0385876970647967
3998	526097	0.02258334054247165
3998	526103	0.04980342558021331
3998	284954	0.0493746076716902
3998	197918	0.10584677861794699
3998	124708	0.061698099977143504
3998	467751	0.03412036050943861
3998	467752	0.027500425760159656
3998	56618	0.06647385465931442
3998	349996	0.04375868635422414
3998	350000	0.05844797095188141
3998	245047	0.04507041139953612
3998	350010	0.048522665218706136
3998	268610	0.028526621637886596
3998	526147	0.07501589350736192
3998	509781	0.07624293090161156
3998	192911	0.035539174187633714
3998	216934	0.05126565740541514
3998	477556	0.06180875098225774
3998	466301	0.048073157433085247
3998	188806	0.0975249650429512
3998	426375	0.06804004248228
3998	245645	0.04786662883782606
3998	466318	0.0547676773100024
3998	153999	0.050343527598454514
3998	191377	0.03603155332210267
3998	130963	0.059680380562645005
3998	558485	0.03087067895591536
3998	10134	0.13366903941588412
3998	271768	0.045653355853462446
3998	184729	0.0224614526747691
3998	184730	0.03971015007911548
3998	19369	0.051291312657941096
3998	216492	0.06169098391428244
3998	156590	0.1248409269039668
3998	445365	0.03524047034003746
3998	335433	0.05578000776668823
3998	305080	0.07738190154375198
3998	154358	0.09590517818238782
3998	208327	0.05669716811462101
3998	222154	0.0371739575156644
3998	153553	0.08600368890299076
3998	308188	0.05072857909389589
3998	500350	0.07896205374986871
3998	182243	0.03199212014545045
3998	388071	0.04991355765483023
3998	157678	0.028762809702275093
3998	5616	0.02903764861631375
3998	461297	0.054893624916397106
3998	252918	0.06698976866928859
3998	252925	0.042122597802229836
