4038	514058	0.06799291093530403
4038	400915	0.02958647965043605
4038	30237	0.04749778934919107
4038	39969	0.017481646552799213
4038	30242	0.035075929023008344
4038	473653	0.043248922412543474
4038	506429	0.0354889873560928
4038	561214	0.07460773043712611
4038	227391	0.012895735221763951
4038	411714	0.03682257230554288
4038	227397	0.01504731325693175
4038	244294	0.02575782585184666
4038	440907	0.0458583812694159
4038	177228	0.08828492817350045
4038	520781	0.04791959391836903
4038	561232	0.11993580674147004
4038	485971	0.04741128240404804
4038	56922	0.05608989952503498
4038	266336	0.03935589183240459
4038	129634	0.072514440490098
4038	224868	0.018534120909178074
4038	47720	0.04874165600747414
4038	266352	0.06295607610030161
4038	358504	0.02576311933857546
4038	162424	0.04329144548387716
4038	403050	0.042702548174196345
4038	432770	0.031916623262707056
4038	514700	0.04730547065411989
4038	298127	0.04007038591275452
4038	310935	0.054018678499827805
4038	89757	0.04203056178204688
4038	376487	0.11073078281084477
4038	255658	0.05950955301851433
4038	514219	0.06640356190573725
4038	30391	0.04160257060023178
4038	57533	0.04537802008429156
4038	47810	0.04258459963579816
4038	47811	0.03863897109602716
4038	74437	0.09508974650952426
4038	163015	0.06672164638875955
4038	460492	0.03287963612565394
4038	530638	0.08083038037529168
4038	530639	0.10834988438201006
4038	530640	0.07828247793813417
4038	122488	0.04677638909980916
4038	284886	0.04113724008069709
4038	417496	0.019796347754521458
4038	417498	0.050708015695839256
4038	392925	0.019002623057499626
4038	284880	0.04318821595846529
4038	443108	0.032401471125164824
4038	376047	0.07249854364036615
4038	436474	0.0276031632012389
4038	57595	0.06466027138764045
4038	223999	0.052209619074227505
4038	545055	0.04738646520976156
4038	131884	0.06393930789172565
4038	221998	0.048069093971362525
4038	441138	0.05498715911776921
4038	535874	0.07450293818918269
4038	496455	0.045146482092206355
4038	486734	0.05461280102252189
4038	235861	0.007519464068231727
4038	235862	0.0373692048957623
4038	554327	0.10261522043505683
4038	224601	0.06616332107470187
4038	266588	0.03604446624209661
4038	95071	0.0738343939998327
4038	425315	0.057995191946769414
4038	422244	0.06916024998825474
4038	460133	0.05494505929337125
4038	57205	0.059918436767179874
4038	421249	0.0567481293815372
4038	382850	0.03282074591231289
4038	348563	0.04295304411679603
4038	349076	0.038527836628815385
4038	349077	0.05897129799331096
4038	463768	0.07487970251897477
4038	57243	0.04053353275719459
4038	57244	0.04820973671878066
4038	20915	0.10907621918114968
4038	108481	0.06681889024870208
4038	417228	0.03529792180200714
4038	482381	0.07339879600514623
4038	460249	0.03604727437908372
4038	24032	0.046546405023176966
4038	100847	0.10595014628983808
4038	256496	0.022047473670446707
4038	114674	0.027145606612980187
4038	526842	0.029819017886935424
4038	579581	0.045889434145745235
