4261	20996	0.008370056609524905
4261	537624	0.049342078437517665
4261	387588	0.012137444603254067
4261	45594	0.10790150318406179
4261	452547	0.01037349438973421
4261	414754	0.007831953378653986
4261	177701	0.05132625817047539
4261	142887	0.08831277993188966
4261	319535	0.014659730272200779
4261	131635	0.02466734893274341
4261	32315	0.00985626168750881
4261	387651	0.009549488712900001
4261	25162	0.02667686043703734
4261	250959	0.013737715594607356
4261	187482	0.00804543064128301
4261	259170	0.012734311117331516
4261	107109	0.06457238146218568
4261	220263	0.013892696064207226
4261	308332	0.01384324088895926
4261	54386	0.004046024531690198
4261	195201	0.0078027493410144115
4261	387720	0.014981991114145415
4261	403598	0.012209236591159517
4261	189074	0.003991452265886689
4261	94867	0.013846690082942072
4261	87702	0.010730598493857497
4261	112796	0.009563199393352142
4261	94877	0.004513958827512131
4261	400546	0.06466910122705787
4261	448169	0.00721036383637911
4261	434368	0.014156102375159423
4261	119492	0.0375029678336828
4261	522786	0.012835123447022164
4261	131278	0.01088924344539869
4261	94418	0.0033298320419624765
4261	540883	0.03363346958106314
4261	100578	0.011125627881324701
4261	22247	0.007526550533409702
4261	157223	0.01225980346573609
4261	325875	0.008199043852081008
4261	77044	0.010810698582705147
4261	365813	0.009406141542308665
4261	512758	0.008969780907159766
4261	564474	0.012358049355947687
4261	230143	0.013775414733151619
4261	212741	0.008214270100458953
4261	445703	0.010281007379779227
4261	295697	0.012272242474417888
4261	41238	0.01261286541640475
4261	462895	0.007507999399808801
4261	192286	0.012120314755479719
4261	56096	0.022002012966236363
4261	227106	0.008202580138780086
4261	418595	0.03491181819096225
4261	312115	0.009413270419422623
4261	293173	0.011166373444082967
4261	49463	0.010361178814280982
4261	324411	0.014259464489021944
4261	293175	0.011693308845675347
4261	326992	0.012916993156219582
4261	452948	0.009203895030105658
4261	452950	0.01539235309088878
4261	221020	0.010287750568038092
4261	96094	0.05602854025146039
4261	387939	0.0368715630298951
4261	387941	0.04758927287632902
4261	298983	0.011350403724944965
4261	519826	0.0730736354322013
4261	477553	0.04339208957734462
4261	272754	0.0685256812807397
4261	164211	0.013370950110362021
4261	201076	0.008132264108170587
4261	483703	0.012022381501956213
4261	402828	0.012289858845019661
4261	71058	0.041721003189171116
4261	61331	0.006763140156105834
4261	374681	0.010538401236474348
4261	452505	0.009522370013853683
4261	40858	0.00873437614369843
4261	404379	0.00960013487647318
4261	387485	0.010609968979075067
4261	53150	0.00815371281041771
4261	364016	0.00973620127077807
4261	130469	0.01004867430479239
4261	40147	0.004549148947076387
4261	384424	0.011149108031861652
4261	436722	0.017620388999656362
4261	170419	0.006267137171888788
4261	96186	0.012247676627599648
4261	96187	0.01237239770221063
4261	412605	0.010477098298541222
4261	387520	0.011090046828759836
4261	499531	0.011014628548006306
4261	45508	0.058704038312288806
4261	522181	0.014574822843304882
4261	293834	0.01110534169167053
4261	453067	0.012902900895415787
4261	313903	0.008121314571585565
4261	448591	0.013221860105050214
4261	384336	0.010272633061909429
4261	119271	0.0075759542214717986
4261	250857	0.013254988464078365
4261	462828	0.002996019972286946
4261	32751	0.009623676466522145
4261	462832	0.014858933631037699
4261	46578	0.04701453792383939
4261	499193	0.04077407399882595
4261	538110	0.007320708786036473
4261	354815	0.012421361675901549
