4338	397824	0.009926343552413385
4338	424960	0.019649972775943048
4338	494763	0.0162598370208385
4338	58888	0.02084973621314269
4338	470540	0.03980840818449806
4338	439047	0.016137172160973032
4338	68654	0.0075540177931142875
4338	165935	0.01921027890084967
4338	92721	0.014070919794697139
4338	50742	0.018957446200828756
4338	397887	0.012078909123233865
4338	476232	0.014966453849021736
4338	158732	0.011756332741704201
4338	530506	0.0036682560341458168
4338	1613	0.014166709865690337
4338	414287	0.007161150665091021
4338	195162	0.023321734076511242
4338	541805	0.014894799762500112
4338	78961	0.013716384288268905
4338	38007	0.018487214934826114
4338	24187	0.015380426045735475
4338	149639	0.01945769042122044
4338	280685	0.014946680860144524
4338	220818	0.0170791218931791
4338	43160	0.004358623239125482
4338	413915	0.018621129961033295
4338	535211	0.012274000710863812
4338	340850	0.050501129055335096
4338	55472	0.007651702296046546
4338	84158	0.01274110243306719
4338	412352	0.011207601533533102
4338	389314	0.019228473557474906
4338	218819	0.01893783764149863
4338	178372	0.10604199293062286
4338	84167	0.020068778770956863
4338	84171	0.016006651078945226
4338	302796	0.015468236197904054
4338	84178	0.011766235004855567
4338	194259	0.011963110118842839
4338	59855	0.01982374481967525
4338	112080	0.011646870089876098
4338	411362	0.05515557892698677
4338	397545	0.012418104115581363
4338	188115	0.015957189179327723
4338	469236	0.013736147071896698
4338	35573	0.01868449000909164
4338	509689	0.019923032833420888
4338	382208	0.053583942686302184
4338	15105	0.02016622512152214
4338	316675	0.01954189874554516
4338	406913	0.014391812152473465
4338	182543	0.012647591721258754
4338	533781	0.017334744879955042
4338	546079	0.02025940205895724
4338	309539	0.01670899253890836
4338	540968	0.012476631890615186
4338	24885	0.01495133539165387
4338	301366	0.00735826953362176
4338	250682	0.01965556980759094
4338	233275	0.009195671179587823
4338	313661	0.014340398306909712
4338	145219	0.008750491922800327
4338	59873	0.01590072869070886
4338	256847	0.015133858368579785
4338	547666	0.015437301085220801
4338	477018	0.018784192792019865
4338	374620	0.016372903521717726
4338	470880	0.06302909657511654
4338	166753	0.01810593217284929
4338	87907	0.007182907831246097
4338	370543	0.012384557053855294
4338	201074	0.02520406178875056
4338	237940	0.009109222744901347
4338	547193	0.008320300371589946
4338	289658	0.014975428712082697
4338	50751	0.020018694910901882
4338	182141	0.006693361846099661
4338	324993	0.014834776207796229
4338	111494	0.018030779309417464
4338	414089	0.021160165995555286
4338	71568	0.016368200892718773
4338	276803	0.013802055269772278
4338	36249	0.018555191591473626
4338	376734	0.009457415263287227
4338	440741	0.018098940339844202
4338	461222	0.038897734254525085
4338	531367	0.01552534630924866
4338	87985	0.010995655350093121
4338	51122	0.02127618630951803
4338	192435	0.018523438124407415
4338	158662	0.02554971249945205
4338	215543	0.012103008875213754
4338	76750	0.0158839351631221
4338	118223	0.012969482747490938
4338	332240	0.015821208200680937
4338	150483	0.016192741160813814
4338	90588	0.01799608482990827
4338	160223	0.049646103664321026
4338	402401	0.016704955566831346
4338	158693	0.01246961141934883
4338	357351	0.01001823134609761
4338	397804	0.011961157364075407
4338	453101	0.014262554594830407
4338	506870	0.012777408098255722
4338	487415	0.02994643378697827
4338	35836	0.019269107977250947
4338	268285	0.016946079645269195
