440	504477	0.002565559246354378
440	166229	0.002010970933194351
440	390812	0.007867683066976744
440	152067	0.006057978894648638
440	112517	0.004933311205545965
440	509574	0.003989040307816826
440	431383	0.0037356300775138905
440	235405	0.005717145688893706
440	480654	0.004249181526765349
440	241938	0.006740167159887288
440	221059	0.006458756042211823
440	311889	0.008153514274388136
440	502233	0.004379890965396139
440	41254	0.007686168722114812
440	191920	0.004219558280023266
440	109468	0.0049898874178265825
440	241053	0.003290231140167875
440	31519	0.00586721498373878
440	172704	0.0025918433543043744
440	191728	0.005605854503252792
440	159267	0.004008685068133537
440	15908	0.005805000847763699
440	126629	0.006138360111712342
440	475686	0.013955486219693631
440	249511	0.004169471707110165
440	138408	0.002986361218228325
440	57513	0.007642912352850805
440	172586	0.003782321905313803
440	214955	0.002884097225611752
440	146604	0.0049439061321387735
440	197933	0.004796879132865346
440	500527	0.007414394507576871
440	377392	0.00619421348081588
440	334388	0.0047762606611999395
440	436277	0.010487049992414822
440	271544	0.006864381153539624
440	9140	0.007629294838482092
440	128314	0.0025083389101972155
440	363835	0.005287401008742271
440	128317	0.0023842499066533095
440	454078	0.005622264131723393
440	75061	0.006154603528270039
440	490432	0.004122251030173661
440	58848	0.006608136713173417
440	33123	0.005895831523482439
440	235460	0.007182613830232318
440	109503	0.006526796564062583
440	238918	0.005029662467991166
440	475411	0.004489873954684379
440	237900	0.006236384468737291
440	68561	0.008047106182642436
440	259427	0.005892366061159268
440	453774	0.006674843154193233
440	145878	0.007500125367810663
440	536919	0.005025456941370468
440	327268	0.008726938624770227
440	519258	0.0050471306222948905
440	92123	0.005909736361583194
440	500318	0.004679143503181837
440	47328	0.0
440	267490	0.005666148269148664
440	210747	0.006705458494746485
440	563684	0.01410812759207224
440	558649	0.008699629196776897
440	536935	0.006727384809975581
440	266092	0.006447948111330182
440	56943	0.0054574355844692396
440	312401	0.005803748611912297
440	33265	0.005963910851549228
440	512755	0.005910307880465752
440	311799	0.00417794705642394
440	414456	0.005106498268177254
440	480635	0.0044965013376892
440	197244	0.00795183962919166
440	201215	0.010130066105854657
