4542	132610	0.13089061142189443
4542	256013	0.051889289172526956
4542	152596	0.06329572581383897
4542	450594	0.06327592320188868
4542	79913	0.05023777364145218
4542	137259	0.03234875501245013
4542	111151	0.0502377330635697
4542	551997	0.0651541422594261
4542	546886	0.08302711976133069
4542	40009	0.037188817858678724
4542	523362	0.0548490721127865
4542	256592	0.05540971333833756
4542	553400	0.1222107560116321
4542	507478	0.055447093791158975
4542	523354	0.052135819631261154
4542	492124	0.048598482964225476
4542	305761	0.05293964397913609
4542	223330	0.058404477832796606
4542	141414	0.0544214286631692
4542	491629	0.062227281348194746
4542	77439	0.05884563258900531
4542	483970	0.06652649882257768
4542	487560	0.06454796854486507
4542	141450	0.09811099967246209
4542	307340	0.07225962030172176
4542	551079	0.05891042525525213
4542	132551	0.07751449827029518
4542	204462	0.03656054864368827
4542	438457	0.050836995204533234
4542	507582	0.04564275334177877
4542	551103	0.06269398847596502
4542	353988	0.07072498056280088
4542	353989	0.07164767255503118
4542	338643	0.0789315784897843
4542	73943	0.0884219237312038
4542	551135	0.05676025792165747
4542	484579	0.08823269065815742
4542	482024	0.057780646562126683
4542	311534	0.06236628807966836
4542	475889	0.058571279330795305
4542	378098	0.0697083799607375
4542	385910	0.06290794719667744
4542	290550	0.06091250735111384
4542	483589	0.059090970401070746
4542	212234	0.0629335880676205
4542	402699	0.0603570926821998
4542	442636	0.03901033219268987
4542	466989	0.060576052200658474
4542	416531	0.06007515755573562
4542	504597	0.04930065468505986
4542	328153	0.050882484909599734
4542	386842	0.06974712034281502
4542	449308	0.0770814176841772
4542	438564	0.07087519830136502
4542	484135	0.06390028002741124
4542	263982	0.06284731021348564
4542	523062	0.08712341670940839
4542	297287	0.05559709856289153
4542	437071	0.0518786840736002
4542	149844	0.04350842784943758
4542	535893	0.03991240537928462
4542	305497	0.06413949128210697
4542	305498	0.07394376764230721
4542	381297	0.03790633018806818
4542	417138	0.0943541372587414
4542	227702	0.05872458561856359
4542	442236	0.053878658957974945
4542	367489	0.05576356638315878
4542	485770	0.0801960720202473
4542	412910	0.06087611571061756
4542	334743	0.06060291646902969
4542	221596	0.0627631939015658
4542	481706	0.05495312374115106
4542	481707	0.05342688806687303
4542	481708	0.04905245803693477
4542	443828	0.054826666206654676
4542	303032	0.09183582052118537
4542	424377	0.06078876227909604
4542	137150	0.04365239093957876
4542	378102	0.0423311045557476
4542	137159	0.04672097524468139
4542	508361	0.0655234673649824
4542	132554	0.05209548006527487
4542	365515	0.0756378299702116
4542	497105	0.06483559191767298
4542	508372	0.048721719330498514
4542	524760	0.06409498377055523
4542	524761	0.06115429998806497
4542	442848	0.055229302893838705
4542	257510	0.04752200913901763
4542	309223	0.04180431847183152
4542	419818	0.06307999067337924
4542	97772	0.0774555780846049
4542	418288	0.04926644992879483
4542	194040	0.049850508423383094
4542	520699	0.03909062132324057
