4673	40448	0.07768213662673867
4673	15372	0.047617734313603464
4673	504857	0.05360753378096804
4673	310301	0.045835445089816164
4673	580127	0.05360537890276396
4673	499755	0.10022972710230617
4673	365614	0.0349827521853254
4673	522293	0.03156990999033442
4673	499771	0.12454833385636746
4673	34897	0.05156204517016929
4673	491608	0.05329869453695928
4673	409691	0.0913622419419513
4673	520796	0.042604225203258565
4673	279739	0.03698795506929464
4673	79461	0.04702920198825823
4673	48231	0.025340226174331404
4673	509562	0.0304550303909332
4673	22654	0.03412831779427058
4673	223363	0.045344969025315394
4673	180246	0.03506386605500561
4673	99462	0.019744273701042887
4673	440684	0.05546627983854326
4673	241293	0.038147257076794956
4673	37006	0.0471709014075226
4673	141461	0.041713629928805736
4673	25750	0.030638530742104556
4673	571546	0.03218903853130329
4673	149666	0.0373450848446405
4673	182947	0.05078049400584116
4673	59044	0.03164866238589648
4673	575669	0.03293606052379009
4673	128699	0.033119181069241575
4673	48318	0.05746257228243762
4673	34508	0.05671938744892016
4673	43732	0.025206922755618286
4673	389851	0.05356606980627631
4673	48861	0.012405959693590662
4673	539367	0.03752184763955117
4673	449258	0.043727573322322626
4673	41204	0.055400544889267773
4673	547063	0.04519012892171522
4673	225022	0.03745931400574924
4673	170752	0.049201693181179076
4673	59652	0.0379725055731273
4673	576261	0.025188905251479408
4673	128781	0.03866302807635067
4673	143131	0.02352066994445163
4673	37665	0.05438810832418128
4673	406833	0.060190817079441225
4673	457521	0.05048694781626289
4673	33077	0.055138427221409485
4673	354102	0.04170564933124784
4673	261431	0.08540369942266032
4673	221496	0.02464474524543364
4673	552446	0.08447310848773164
4673	261438	0.07038577696978186
4673	143680	0.04124337375510311
4673	261442	0.09190786165938919
4673	210757	0.04500968250787099
4673	37706	0.051231567429300864
4673	545612	0.04507753132270258
4673	35981	0.052693527190445635
4673	211281	0.0591097388871466
4673	491350	0.05566059618946414
4673	149857	0.051185795166193676
4673	209382	0.046276096554915304
4673	449393	0.05253432785094724
4673	175477	0.04038988398512884
4673	252285	0.049406483486508855
4673	149653	0.04219871166913884
4673	491913	0.04469760066564158
4673	113555	0.05031902786591926
4673	49044	0.042548458049390406
4673	119703	0.029605458423799583
4673	263317	0.0396932011138927
4673	491942	0.04304143605502675
4673	196523	0.10055223986561834
4673	416178	0.0497193159184469
4673	556986	0.04185883582632409
4673	487358	0.10332318448034049
4673	450514	0.11522899839560385
4673	389078	0.04344276588095193
4673	389079	0.049506511678743724
4673	46053	0.046294210106802756
4673	512491	0.042993384427427436
4673	356853	0.047989235347042206
4673	185848	0.018821977664430382
4673	396286	0.04980816520949675
