4701	19979	0.02094241765882965
4701	368657	0.04847687973952598
4701	191011	0.04480985546420459
4701	115753	0.03422782424638411
4701	429611	0.049272403970164164
4701	169516	0.028096662175047804
4701	187953	0.07923835200361246
4701	187954	0.06722783456719805
4701	363444	0.04512112969007051
4701	222786	0.05038194808701988
4701	320582	0.043011868896298565
4701	187976	0.06141143726642855
4701	74317	0.021559852085040535
4701	560210	0.0441538069986123
4701	480854	0.04066692762079484
4701	274007	0.048047155033857473
4701	74328	0.020081463797415714
4701	169562	0.021799567994309037
4701	15973	0.04881734743377772
4701	207980	0.03245279101064771
4701	364142	0.04351815123499216
4701	247409	0.04964774133439685
4701	510071	0.040215909110452766
4701	383108	0.04637584607983169
4701	27276	0.038144927245326934
4701	169101	0.022821363595035567
4701	193166	0.030249389214642826
4701	106646	0.010422265149764099
4701	231065	0.0417452962293646
4701	252578	0.03057266203479193
4701	33650	0.037509439882872864
4701	169654	0.02878602971560316
4701	387767	0.045367648398491375
4701	529594	0.03212805898200267
4701	389314	0.049483145853616156
4701	188363	0.04702085780535204
4701	577733	0.03522036854982612
4701	550598	0.03765569410446852
4701	478415	0.030500955939895144
4701	77524	0.04346269655333347
4701	475356	0.04555475994186923
4701	181982	0.050809965873506814
4701	169186	0.06362454764054554
4701	389348	0.045191459662750684
4701	107753	0.04420563704146914
4701	413930	0.04978515852496512
4701	478420	0.0369811534474049
4701	360190	0.039852625829953754
4701	355585	0.03674749396909672
4701	496394	0.03711551026050851
4701	174863	0.007931292223495775
4701	191760	0.03919340815804002
4701	174880	0.024886817929282264
4701	360234	0.038897517687640985
4701	563499	0.015460726232442823
4701	81715	0.0778733880402922
4701	169268	0.027189014170015634
4701	497982	0.035700371226979756
4701	94015	0.040673603271354976
4701	534851	0.04383159876167831
4701	32589	0.03871111893448493
4701	58702	0.048237774029591056
4701	223057	0.02658049372486009
4701	187741	0.04419367246868091
4701	559967	0.04699242239201048
4701	131424	0.03202989630550359
4701	414054	0.04775018784384985
4701	136050	0.0486440302208999
4701	439157	0.04523289404773339
4701	224120	0.03206202798212752
4701	158015	0.01772165830656223
4701	49031	0.03588128027051512
4701	37267	0.04110245495648563
4701	393111	0.03293496451316274
4701	560030	0.034091036772579915
4701	298913	0.06625273734075576
4701	131490	0.03634635966926618
4701	395685	0.04154985458903695
4701	489897	0.031572220044574294
4701	276910	0.028447642409266657
4701	278964	0.009007547631976144
4701	191424	0.039767453409731666
4701	185761	0.03235751116925858
4701	549320	0.02582109096556305
4701	188367	0.04700723363208487
4701	168918	0.030947140034391907
4701	452568	0.03437604478435429
4701	452579	0.05118419271721747
4701	368617	0.042821957432019817
4701	92656	0.04968045450666034
4701	170489	0.032669106373506576
4701	508414	0.04995661023610282
