4704	341377	0.057402216190691094
4704	275945	0.07188185572372596
4704	341500	0.04487397631766881
4704	70023	0.02535720923236311
4704	340887	0.023595954004047962
4704	123933	0.05906747055053593
4704	530882	0.1128475640047756
4704	294523	0.033183754496863
4704	533208	0.05889266235240263
4704	254354	0.02229934316901677
4704	339347	0.06560598454016345
4704	104982	0.05280074530786459
4704	192535	0.05666295250419957
4704	506394	0.06469194057689642
4704	341405	0.024530314357439305
4704	576414	0.025953948922651522
4704	514392	0.08175384581703525
4704	108450	0.02917004808110989
4704	172131	0.07602676788670204
4704	100261	0.07898888534651108
4704	56743	0.07426243483829825
4704	178985	0.11364403590681926
4704	123818	0.04497063809971386
4704	177963	0.11053065602998961
4704	343213	0.06683119592498239
4704	339246	0.062468161170734816
4704	337455	0.033748455437088425
4704	341219	0.03281668755919832
4704	190514	0.019998629657041214
4704	554329	0.05181046074336577
4704	197726	0.06060126651906516
4704	236983	0.065341608220083
4704	236985	0.038428980340251113
4704	339131	0.015398563125269545
4704	198460	0.04459173423421464
4704	198461	0.0646188711168567
4704	533186	0.06181821960078941
4704	178811	0.07915951697012248
4704	225860	0.007315377426425304
4704	337479	0.046892248426163956
4704	337886	0.0238862006263054
4704	140746	0.030648961555920066
4704	544055	0.0638798163885272
4704	337358	0.046786474650542455
4704	339427	0.029546609267699125
4704	124110	0.065088497867492
4704	116438	0.06699863404136516
4704	339160	0.06366746010461674
4704	6617	0.026511557860862296
4704	6618	0.026511557860862296
4704	99805	0.049328008910450465
4704	381662	0.08519045459994784
4704	533246	0.04127074566314349
4704	60190	0.027647342410476648
4704	341475	0.08851318830124623
4704	124005	0.02070526627990579
4704	275047	0.01662709348541742
4704	495337	0.08931657670233852
4704	342311	0.007821578362442074
4704	4653	0.018322305680624963
4704	101394	0.003438386954251025
4704	254825	0.051037159590284216
4704	532314	0.01301894232636884
4704	7921	0.1754018171071525
4704	341362	0.02374895174148931
4704	18037	0.06397294442727036
4704	199543	0.04831458059650082
4704	337912	0.04969126559949066
4704	307833	0.05849150636624821
4704	238970	0.08394339735190819
4704	192507	0.05375891235656436
4704	339068	0.056905695462938125
4704	270718	0.07727408740086292
4704	70527	0.03931292418124884
