4726	53334	0.03340118560990634
4726	391174	0.04013132207770811
4726	384519	0.001463148140035048
4726	426517	0.03342083765590884
4726	470038	0.022926163781244166
4726	413727	0.05543158377712354
4726	508973	0.026723910311027794
4726	234035	0.036627259778262464
4726	508980	0.036441252051316694
4726	410677	0.0316936607163492
4726	579132	0.03300355283191538
4726	275013	0.0614262791213217
4726	555085	0.036723902332370856
4726	315985	0.033963091206800744
4726	325381	0.03750008204789034
4726	51798	0.03270546765471557
4726	412248	0.035643707256143575
4726	349115	0.031162279648091117
4726	430184	0.035278693333477336
4726	351856	0.03358763634383186
4726	459382	0.029946195877239443
4726	479353	0.08851484221594991
4726	162430	0.03070755832701741
4726	16516	0.021947817363833
4726	208237	0.029966164148998282
4726	574611	0.0001682113990113197
4726	234133	0.03655765077130057
4726	164502	0.06456654523170655
4726	359584	0.03863215442217047
4726	292515	0.029714336923473392
4726	180901	0.03857864536066077
4726	21671	0.02530067477045227
4726	460479	0.035982672342835344
4726	368833	0.032315833656541795
4726	466627	0.03414213627662289
4726	265416	0.03527523832826898
4726	381647	0.03657377770470464
4726	502485	0.10267782899809559
4726	147158	0.02655371698404432
4726	426726	0.026635987815414926
4726	351473	0.022083321066870287
4726	350969	0.03500460121450253
4726	537860	0.033979736786429154
4726	297733	0.028891461134044397
4726	325383	0.03595630924823337
4726	578828	0.03719478704917791
4726	398616	0.03280083711496128
4726	315673	0.03842069785166386
4726	398116	0.024986665258414465
4726	351015	0.026672908343253806
4726	432429	0.04761294660648165
4726	467250	0.03685081245866918
4726	300341	0.037082920652874905
4726	440123	0.041482016114488006
4726	207165	0.03471956748818747
4726	207166	0.04258392661067102
4726	234307	0.022883253644830414
4726	368454	0.04145029970998261
4726	159563	0.026808338113286166
4726	240469	0.03106059613296603
4726	450394	0.08738920510379751
4726	335195	0.03992780936050753
4726	503137	0.03972763924035666
4726	112997	0.03449820689749323
4726	516972	0.03606823076513721
4726	488301	0.03543120336546471
4726	331634	0.03398584615079929
4726	331642	0.029997031932551797
4726	315775	0.0345617616926982
4726	13697	0.027086679062955848
4726	354710	0.03476016443406201
4726	197527	0.027286062651318544
4726	379289	0.03710344787808192
4726	475042	0.03789567132596477
4726	578982	0.032538223543349225
4726	317351	0.024437514623405068
4726	170920	0.09316079995129362
4726	353196	0.03750249250456689
4726	397745	0.037175403112358854
4726	398267	0.044314281736937064
4726	26045	0.03233359925990106
4726	485316	0.03472779433234602
4726	210373	0.04997954723625185
4726	556490	0.041487445716662394
4726	177611	0.028964298937850165
4726	555473	0.06680665079098343
4726	53215	0.05995758105764563
4726	53216	0.03161255506316776
4726	153062	0.04039890405348895
4726	405479	0.023671249784844427
4726	167918	0.03318556686969042
4726	130548	0.06358019935454913
4726	172023	0.015533735256491833
4726	233466	0.03249111700737942
