4765	132695	0.030722199405537654
4765	424460	0.0365226239897224
4765	284685	0.020116718580889613
4765	424466	0.04494479809253266
4765	284702	0.011342193713303014
4765	218660	0.015908120672052464
4765	203304	0.022521925975614927
4765	235565	0.023336987069556083
4765	378415	0.07053460331384406
4765	349233	0.023274964832611687
4765	407616	0.01563256449244133
4765	434759	0.061938160571596415
4765	392264	0.024711973679926415
4765	371212	0.06446097243391898
4765	392779	0.030435257991811723
4765	38991	0.04195093632024449
4765	38998	0.017180604478485597
4765	15447	0.02338847181080832
4765	210012	0.019857193962066696
4765	453213	0.011224842816445535
4765	146015	0.022565041042282914
4765	36962	0.019503850563517815
4765	508005	0.03960156421021287
4765	539239	0.03657696108324019
4765	267880	0.017204929489639115
4765	258667	0.05805701109500507
4765	130671	0.016803281476013242
4765	464433	0.02508836178321509
4765	235133	0.020940031821799047
4765	457356	0.01631471004244183
4765	438413	0.017636927913449126
4765	406159	0.0815302919496082
4765	359572	0.02174890626862612
4765	359573	0.03703602241837238
4765	186006	0.062238291490948894
4765	474263	0.034525697030209426
4765	7851	0.020927313735060904
4765	494253	0.060959360825174044
4765	424631	0.0607147200156752
4765	285369	0.016173760900647795
4765	235713	0.01688664972535131
4765	560075	0.01809379220603778
4765	111812	0.015192256091687345
4765	350405	0.0387263666890339
4765	328904	0.041214127305532984
4765	282322	0.03752696742565198
4765	508118	0.02615045224733554
4765	219885	0.01739085863446645
4765	547567	0.034033708062494235
4765	135410	0.03105522600196074
4765	373500	0.0013741869926794832
4765	466703	0.02206224585693834
4765	191250	0.07882861161880497
4765	437025	0.05309035175203025
4765	467746	0.038748892213672524
4765	338481	0.06991425744460096
4765	121135	0.014178055328570935
4765	482100	0.0219221242992769
4765	262456	0.03320822547909675
4765	354612	0.01536725521875256
4765	235842	0.03474898382481456
4765	567621	0.027043611818638284
4765	241991	0.015155336140774526
4765	184137	0.05106857225870936
4765	112653	0.01723075280221483
4765	393039	0.018376156534293937
4765	403793	0.017702011409243455
4765	30037	0.03482228214097275
4765	294231	0.036035545161549415
4765	132952	0.045548935332908394
4765	372571	0.024134059088626456
4765	35164	0.021401498193363202
4765	189791	0.014737554651226881
4765	263009	0.01815052199250789
4765	553833	0.07631256776589891
4765	230252	0.06011905543424033
4765	445808	0.016579443443246702
4765	221556	0.019219028500190635
4765	508792	0.011124105103981999
4765	165242	0.01768453083900259
4765	38267	0.019220647023457972
4765	362372	0.017850739549966726
4765	305037	0.04482999304132158
4765	33804	0.020923114765264827
4765	20369	0.025279264851227338
4765	535954	0.019492328613711196
4765	511380	0.01956430941712454
4765	472473	0.03218859306748441
4765	508836	0.026034833275598402
4765	366511	0.06214584123391261
4765	448433	0.015007415449953897
4765	434102	0.017886144575651474
4765	467384	0.0193906814414116
4765	510909	0.029361212362456847
4765	97783	0.016843539441843032
4765	444378	0.01888717273585619
4765	273373	0.01577037143762962
4765	55785	0.01567737800449203
4765	297964	0.020752665847963408
4765	301551	0.027577700131069437
4765	548336	0.017145715653965637
4765	457713	0.015221129040757682
4765	276466	0.014741955312986043
4765	312823	0.017922414904227708
4765	348152	0.028175874463403337
