4936	178177	0.05573661584443749
4936	562180	0.029945359110039236
4936	288262	0.007147223787529845
4936	263693	0.012633499014445613
4936	74260	0.060843590856389254
4936	115235	0.016599931677156614
4936	327736	0.017090801852353302
4936	58427	0.015604186362925876
4936	426044	0.02324588820800252
4936	464448	0.008216193789027151
4936	234575	0.016504335342257297
4936	263760	0.010656762380602251
4936	143442	0.0313246532869634
4936	234579	0.009026820158139319
4936	328974	0.005125640901746355
4936	24663	0.005386642965958641
4936	373851	0.012095961788381219
4936	436836	0.023894302444498437
4936	158822	0.01313485906962241
4936	170087	0.03850869904815855
4936	300648	0.0082003809068294
4936	238699	0.014825852286589475
4936	352374	0.011721177958524802
4936	196215	0.006781170366026419
4936	196216	0.01131532888869858
4936	196225	0.017545409817369417
4936	341143	0.03540144664199144
4936	91290	0.02395880895034972
4936	558747	0.022416798772835145
4936	274599	0.0063752281102322636
4936	235189	0.01633211433789149
4936	161467	0.006364748692191113
4936	101057	0.00897497976339528
4936	338550	0.049781170596881856
4936	285902	0.029245694868968653
4936	314077	0.006754555843296792
4936	156896	0.004498131385691421
4936	206056	0.017574600992556574
4936	528617	0.006965842499762253
4936	320749	0.015331476633677798
4936	502510	0.01694120113274407
4936	548079	0.005971210811272412
4936	176371	0.038954922661563314
4936	531705	0.02620872918846739
4936	7039	0.025473924274098638
4936	312574	0.018143159915646932
4936	260867	0.1082672172078448
4936	335118	0.05810283143537089
4936	140569	0.052781186734877666
4936	268570	0.03258030650674512
4936	100129	0.00732986526857219
4936	24357	0.008736203977403493
4936	248102	0.012348814161331798
4936	119772	0.01541659783590769
4936	86830	0.017119085690339115
4936	289597	0.03803729478769168
4936	148294	0.037835978369826086
4936	78151	0.019048019809204075
4936	352587	0.005418867675869688
4936	289614	0.031456717279849424
4936	352596	0.007102820792375506
4936	105307	0.05806948205148816
4936	462172	0.02342673517647527
4936	16733	0.01784273596495863
4936	101214	0.014860461116199607
4936	96607	0.004969889414910129
4936	102971	0.09030032642886458
4936	401252	0.010806638216634704
4936	59749	0.01612591269119578
4936	193384	0.08468242610079467
4936	448368	0.2425819086251584
4936	6005	0.00851009560731402
4936	419711	0.008284262570109066
4936	186607	0.00618399964570107
4936	236966	0.012301096979187413
4936	26040	0.039923963783227115
4936	73153	0.05725801597168827
4936	73155	0.050205004175933605
4936	73157	0.01014721759948445
4936	263631	0.011998986551338253
4936	98770	0.014906772436849998
4936	517084	0.013532680440049943
4936	334816	0.01834959708161065
4936	478694	0.014268484911533682
4936	167914	0.009147080745750536
