5108	351751	0.040182680021443075
5108	277008	0.060967696935698465
5108	248339	0.019769007199669068
5108	511918	0.03276736431645197
5108	569883	0.05523069093705144
5108	368158	0.01195642125568044
5108	542751	0.06254577467185592
5108	542752	0.04689876080177684
5108	551978	0.03491642965929218
5108	543283	0.04345718560351818
5108	254560	0.05480752737206349
5108	106051	0.03128011109124469
5108	539719	0.030051013166018284
5108	272460	0.04608481959179515
5108	254545	0.03551162153794197
5108	392284	0.038740875815767586
5108	346206	0.02446764797500862
5108	346207	0.03305724855463486
5108	346208	0.006366514416235235
5108	116322	0.05184643581116857
5108	525924	0.025260565824524295
5108	566368	0.0395978447557399
5108	345204	0.041963366006103425
5108	332413	0.030201441933069752
5108	254590	0.017118571700494727
5108	542856	0.03961374332457523
5108	256649	0.04431175895358646
5108	351887	0.04271741122329699
5108	329367	0.023445501882541398
5108	502471	0.03518212661338989
5108	28845	0.038782574075628906
5108	467229	0.04223455660999428
5108	375985	0.048339235048986365
5108	565426	0.04068585016912757
5108	578739	0.0003160463287791411
5108	525492	0.055554772421214295
5108	375990	0.05885750878972933
5108	371909	0.029320658212323658
5108	567495	0.0567865216761592
5108	502472	0.04257783195311695
5108	425166	0.0464730083452217
5108	195280	0.054673534314485656
5108	345314	0.02875277700370904
5108	345317	0.0587734458968863
5108	345318	0.05810303225585361
5108	542845	0.07606070759088647
5108	573224	0.006369427999800741
5108	173302	0.05014673794026089
5108	425207	0.02618731017288911
5108	430846	0.05907074706708089
5108	204040	0.027885368882441308
5108	502542	0.06464571460801
5108	167703	0.038133224696063305
5108	90909	0.05220680355212813
5108	90915	0.03951048754111354
5108	90918	0.00717937994572903
5108	255272	0.03972291967157903
5108	176937	0.0070036326874476935
5108	88367	0.04087796238942332
5108	252999	0.04634656656147155
5108	330043	0.032940987032824574
5108	343239	0.0029443527528382786
5108	568129	0.03949349442009851
5108	381771	0.033819776889990334
5108	190801	0.03478580197615483
5108	190807	0.0201049767107581
5108	359776	0.028249267441546225
5108	528737	0.0355011474727541
5108	238907	0.04221563672070975
5108	274278	0.04421932346536967
5108	382323	0.033614497345971786
5108	12151	0.030205753403465943
5108	439672	0.023362790523557986
5108	202622	0.014851462820440453
5108	56197	0.0417944667402106
5108	123457	0.00977460525503496
5108	410519	0.014471982637424424
5108	116621	0.051600040261619455
5108	75671	0.039191991975966706
5108	348056	0.0015387610385169063
5108	264800	0.034070778665668745
5108	549786	0.037164853688126234
5108	158624	0.05678763511997287
5108	466849	0.073171012014437
5108	345507	0.031720350555257945
5108	511914	0.04525627378136963
5108	112043	0.01927315196124412
5108	332195	0.003027655750308965
5108	551342	0.059493545941409244
5108	348094	0.019330370441980153
5108	346048	0.013597787223573216
5108	542145	0.03505874015964033
5108	299466	0.041966571824787725
5108	177099	0.01798664467076317
5108	327628	0.04794926607969944
5108	190639	0.003390809148309431
5108	348067	0.05298163207154474
5108	310745	0.054755092167997906
5108	577502	0.030154963024300162
5108	543222	0.039986829502399575
5108	543223	0.032723145286692956
