5115	206848	0.0068734457765379136
5115	275470	0.024905276604357172
5115	40464	0.023859176381668325
5115	548883	0.012324827385048823
5115	398875	0.021919669457340772
5115	542239	0.025076969929734124
5115	581664	0.03139778218888658
5115	146978	0.034077287778852695
5115	287782	0.023057849614585253
5115	204335	0.022508621394983955
5115	351280	0.029448443239514704
5115	443853	0.002577856990994017
5115	408126	0.03634930282288627
5115	332362	0.02560207849280696
5115	7761	0.03516475735088593
5115	542808	0.020525894894055527
5115	98907	0.03431189059667898
5115	98908	0.03425641234326854
5115	305256	0.018325080004302486
5115	269422	0.02497039603197159
5115	151666	0.0649164249131381
5115	476179	0.021292991165560236
5115	102516	0.016812295940344828
5115	411765	0.014444429398808047
5115	77946	0.01993975659063438
5115	77947	0.027394200806403608
5115	265342	0.026000624691569378
5115	77951	0.027394200806403608
5115	46720	0.02438335975032525
5115	552580	0.025514265389663435
5115	552589	0.022040506069629647
5115	565905	0.020791578700876133
5115	306842	0.02079492547044337
5115	384161	0.012432194382474412
5115	571047	0.006969206578000344
5115	184491	0.01682937009223403
5115	78000	0.01955279843654554
5115	151667	0.0251486098478913
5115	571060	0.042100337991313214
5115	306804	0.01620343332096676
5115	569887	0.02611845251651878
5115	382659	0.030700261817754884
5115	99020	0.029892121851667355
5115	511949	0.02780472096803625
5115	336084	0.01005513732695247
5115	30424	0.02576468544773526
5115	493279	0.026979740259626787
5115	306917	0.03419537901786615
5115	188648	0.02593370788643289
5115	560361	0.031347777498885544
5115	383723	0.027099768753567777
5115	106223	0.035975220518653685
5115	535285	0.022170020999798618
5115	548090	0.028428384928767564
5115	243965	0.018420913623227897
5115	571135	0.01597658457033123
5115	156942	0.028222713850825074
5115	352534	0.022142495201962924
5115	151684	0.031936187434880345
5115	351006	0.013806917733176953
5115	306981	0.031157258298914338
5115	194856	0.025941962991653997
5115	472456	0.01430027495105365
5115	168763	0.0312971780701456
5115	168767	0.03013882216681215
5115	21826	0.04730549384226741
5115	186691	0.02565570537179056
5115	69450	0.022412493777758922
5115	69451	0.022412493777758922
5115	330381	0.026581298775940048
5115	234325	0.01825229166521729
5115	176984	0.013154873811135307
5115	96609	0.01856928816845063
5115	105319	0.04087075030024332
5115	195440	0.009551555443204136
5115	176500	0.019409966247738386
5115	47991	0.03401258774176041
5115	78203	0.01859305086106309
5115	83327	0.025875102861640343
5115	472453	0.021114310118438003
5115	329095	0.01837208792657212
5115	49544	0.03219490548228474
5115	220652	0.028154091615810464
5115	41872	0.01691132760254906
5115	23953	0.0052381078234717765
5115	420847	0.025018368722164647
5115	350874	0.020429497267363733
5115	220576	0.01827696518328164
5115	539553	0.02614307397116044
5115	78242	0.024760576012297305
5115	352192	0.013001782258160396
5115	351174	0.01952296269819411
5115	41889	0.01258647500968745
5115	429474	0.026707010636815885
5115	275408	0.017688635420475978
5115	537566	0.018040893102846737
5115	352744	0.03290244035250177
5115	138220	0.006491606876676273
5115	138223	0.005602312606810111
5115	175600	0.029690399442839896
5115	138226	0.02581716884964442
5115	329981	0.0054978168957200745
5115	380918	0.005317084864898747
5115	479226	0.03136352124010545
