5163	456195	0.020572603333616424
5163	154631	0.01775140428158544
5163	497674	0.017314074041702782
5163	126991	0.010037296529232628
5163	420184	0.025800545801687107
5163	29203	0.02633336570287757
5163	548375	0.025314853339731106
5163	6680	0.027576532029503702
5163	446493	0.022520943812961852
5163	405036	0.022856577163652837
5163	458797	0.011095597815369031
5163	412214	0.020146108993272332
5163	528952	0.04140468979005084
5163	378938	0.025156884789694117
5163	378939	0.025066295169884924
5163	510534	0.010922127400281825
5163	37960	0.023290100970279014
5163	43086	0.026710219587760927
5163	93273	0.023302301617692568
5163	388188	0.02259285218975957
5163	476261	0.02408954399551901
5163	362089	0.023018623243334813
5163	101994	0.015637614110748425
5163	178796	0.0458574041311714
5163	379502	0.02295784621580718
5163	458865	0.023497232011920357
5163	171122	0.020862645788407276
5163	309368	0.030743311070470212
5163	42617	0.028685095681954882
5163	279189	0.016605072280667686
5163	198084	0.01974532616430273
5163	490651	0.015936228835674374
5163	473756	0.020068718009178515
5163	239984	0.019435338287521208
5163	504482	0.01562974901544297
5163	27817	0.021520320310293006
5163	511148	0.02041756944290253
5163	565422	0.00394854064400045
5163	323252	0.02825052238197865
5163	241345	0.016841092948914747
5163	570563	0.015121611215602794
5163	556749	0.02397521542465776
5163	57046	0.01839484688279869
5163	432249	0.02450090480242419
5163	360156	0.020039925932624415
5163	273631	0.018112478150066856
5163	305376	0.01860574197893206
5163	44260	0.025053969259397235
5163	189160	0.015702648212072266
5163	28908	0.0212555547915353
5163	410364	0.025100050103054133
5163	266493	0.02870377249644473
5163	510210	0.023370501872992548
5163	476425	0.02099459241169282
5163	5389	0.0297203531611275
5163	26896	0.01904314685604931
5163	187683	0.019811794599971018
5163	402724	0.024309254662528843
5163	402729	0.022999485546213297
5163	414518	0.018928298653436735
5163	129336	0.01409251170106487
5163	233785	0.022664447880580453
5163	478523	0.020564335562993453
5163	315711	0.019996475236362894
5163	45376	0.024432869874319963
5163	460613	0.019550332052314177
5163	56136	0.01311571785162758
5163	22862	0.021896268918161373
5163	537656	0.011225786012605227
5163	231768	0.02472883666454526
5163	127452	0.025788526884114843
5163	499553	0.02230962971004956
5163	292709	0.025059740822220546
5163	293222	0.020899014700894558
5163	387433	0.02110528531768058
5163	385898	0.016894477647270714
5163	35692	0.024682545115634107
5163	11666	0.03003734269766797
5163	256880	0.020911985545392687
5163	198005	0.014361990801636805
5163	48503	0.01782576791911204
5163	198018	0.02279941740738003
5163	119685	0.0047878807450517855
5163	564618	0.021059090246072245
5163	171919	0.01995407237805216
5163	192401	0.02250914077451598
5163	509330	0.012379549114899142
5163	174490	0.021577008682884948
5163	32683	0.024667343446280344
5163	198063	0.015484638583172696
5163	477617	0.021847715540380147
5163	198066	0.01734491573108232
5163	212420	0.02389308716410938
5163	521162	0.016135781152102766
5163	381900	0.01959992863121325
5163	19918	0.017696055205300102
5163	425937	0.018913705124474395
5163	458711	0.01448446168205425
5163	477660	0.02023342637550286
5163	477151	0.020350458895269475
5163	104929	0.020181224979007647
5163	179688	0.030456965625954378
5163	166896	0.02905945973596007
