5241	442884	0.027441833641979448
5241	355845	0.05941180652328774
5241	550409	0.0434461978249466
5241	59409	0.04101178873004236
5241	210451	0.05119291000574035
5241	137750	0.050971570386524785
5241	137751	0.04797939850325589
5241	274461	0.031302356252811955
5241	313888	0.047193509929426676
5241	233505	0.02455567458598431
5241	43554	0.04532423297580309
5241	176684	0.20211901399861432
5241	400952	0.04764800380265668
5241	172724	0.028214600981868312
5241	34880	0.059926474750850944
5241	147526	0.04988811227463854
5241	150881	0.0317690118139239
5241	300108	0.15551042769222279
5241	143949	0.02958908917123581
5241	302349	0.05439810334100273
5241	113507	0.03819679358920293
5241	182869	0.016096840018500598
5241	36953	0.05246166712171146
5241	75365	0.022459169334724964
5241	40559	0.02560420670412795
5241	127090	0.05700719598747656
5241	120443	0.054138780376423834
5241	342655	0.13214277896452728
5241	477825	0.034905336418558246
5241	455298	0.02861964290114571
5241	468100	0.048634894252689936
5241	169105	0.04488802147644155
5241	118932	0.05813459074570101
5241	415513	0.030640042835512374
5241	79001	0.040306896080212797
5241	518767	0.04740121651301857
5241	184991	0.05490090761889912
5241	423078	0.04842182097557444
5241	300204	0.098087328818769
5241	498353	0.041882530811100396
5241	302258	0.05358227361186764
5241	33973	0.06407597430451462
5241	353977	0.1335202789282352
5241	48826	0.053350618807738934
5241	33471	0.0568240781661218
5241	399556	0.04532073902251841
5241	281291	0.03850796156052783
5241	474329	0.042069458422838525
5241	245979	0.04073028809433309
5241	90339	0.05061363380250275
5241	130788	0.04552754600041288
5241	71088	0.0322205927052535
5241	526072	0.040371174137863265
5241	434432	0.03667919721028782
5241	333063	0.05583312149076018
5241	246028	0.04538697810178204
5241	314637	0.04976997426284266
5241	290066	0.04901701667847372
5241	38681	0.03727152832314903
5241	459042	0.029983253783495863
5241	358185	0.029060819965002413
5241	250154	0.04501611386389999
5241	399660	0.041329965269879705
5241	35635	0.05461244165108338
5241	198454	0.17528385184785306
5241	202039	0.04415124961443437
5241	401210	0.04981968191104404
5241	270218	0.06001165070782388
5241	256831	0.048661811492931396
5241	547142	0.02915072450150447
5241	371527	0.06688865821239297
5241	199497	0.03850098322720502
5241	553809	0.04582294896118889
5241	198995	0.036378063202903224
5241	269147	0.023426024953027536
5241	37690	0.060496272895709746
5241	412001	0.04366911660919578
5241	491875	0.048611578093989416
5241	113510	0.045167752215723785
5241	294759	0.05792009610746247
5241	233337	0.050586714201335044
5241	89467	0.056362305492214895
5241	203134	0.04665080303221418
5241	296319	0.06862031551539895
5241	505220	0.0327962507882847
5241	555399	0.028626069199407165
5241	415626	0.05430959087244672
5241	93579	0.042785179179083185
5241	555916	0.027300123444476677
5241	555919	0.040646350085422764
5241	313746	0.050630400328810235
5241	114076	0.05900531329495995
5241	386973	0.055845453719085385
5241	554404	0.17678755076085578
5241	530864	0.10535883516611609
5241	381769	0.03118922577980773
5241	169931	0.0468334965993642
5241	188373	0.05745429186466514
5241	509931	0.0434133324405923
5241	442863	0.03437022159188323
5241	269139	0.03759843691203887
5241	348036	0.025300380280403437
5241	550398	0.04055024693971317
