5297	477697	0.02642017419900203
5297	539222	0.031870133155470125
5297	19457	0.020058848181910886
5297	33800	0.025871240971726436
5297	35857	0.02558541236233467
5297	171539	0.022007363723461425
5297	76829	0.02779700556829631
5297	292898	0.014271552485245727
5297	513571	0.027623669624820307
5297	44585	0.027386944537355937
5297	88123	0.025253143261181814
5297	378943	0.024388387142567577
5297	34368	0.02478318336125291
5297	489025	0.02307376072972826
5297	20566	0.034874705323003755
5297	274105	0.02216107896452059
5297	246875	0.025025253118774748
5297	478813	0.033741775075475024
5297	27245	0.023609957151209428
5297	311919	0.02457438656941199
5297	295025	0.02567640172006842
5297	504951	0.0205855583194414
5297	364676	0.02595019307147585
5297	211590	0.024570780956119583
5297	220808	0.025161984567105024
5297	202377	0.01625208449008783
5297	167569	0.02350768016449459
5297	373401	0.024889380544146623
5297	373402	0.025786783424672322
5297	316063	0.023041456153711785
5297	399528	0.02322352789431075
5297	152745	0.02660355227082909
5297	446635	0.020787253778941764
5297	533676	0.032116910006159585
5297	5305	0.044962038063533445
5297	462525	0.02103406217693776
5297	551111	0.030715784769653216
5297	278728	0.022366799230009272
5297	554702	0.024920014506954104
5297	383189	0.02164964645488204
5297	38110	0.022520879367545526
5297	302303	0.02586266394439999
5297	435937	0.03207072926757326
5297	54512	0.023926559695309785
5297	528627	0.017323696324543666
5297	104181	0.025072111680810544
5297	299257	0.022142444675511307
5297	374010	0.02546784575614672
5297	190205	0.024993014734011377
5297	153857	0.022954653485050602
5297	56543	0.023315043589959075
5297	81680	0.022818736269358483
5297	215316	0.023444502431549143
5297	230168	0.02083344024434662
5297	180508	0.026037063364185906
5297	550688	0.021487775264279262
5297	544033	0.027185115696565253
5297	378665	0.022293964957612003
5297	191788	0.02549978537859644
5297	474415	0.025168715295978313
5297	297783	0.024432306121135436
5297	308539	0.025524501705263835
5297	41291	0.024180532587080965
5297	488273	0.019810963378669257
5297	516947	0.02036489546255914
5297	48985	0.029640389411378466
5297	319838	0.02521580594018708
5297	389480	0.02291898838402985
5297	218477	0.02544408275774457
5297	547696	0.023454632950650076
5297	389492	0.023590128202095096
5297	93562	0.022406585136161665
5297	185723	0.018920326855555083
5297	190334	0.022138205154609427
5297	114049	0.01872368168704308
5297	191878	0.02241631194344556
5297	274824	0.023685800536052102
5297	191882	0.013543825073523542
5297	374159	0.022013039270289157
5297	457620	0.02979612076699255
5297	407445	0.022291715254395595
5297	369562	0.02581513653652429
5297	492443	0.026410128459347204
5297	205040	0.025159980730216448
5297	462757	0.020435292444333127
5297	419238	0.013636816112819252
5297	189357	0.027216660170207234
5297	407477	0.030588127731825544
5297	299959	0.020605653420152074
5297	187322	0.020132696908486056
5297	139718	0.020318591345246228
5297	189384	0.024063082440056963
5297	447433	0.0005251567107557114
5297	447435	0.024344730601794696
5297	366028	0.01937963369699154
5297	319450	0.021282770732854374
5297	412581	0.020393106096807497
5297	34272	0.02405653399571603
5297	513509	0.025697387467140523
5297	353260	0.02548480154301347
5297	219901	0.021981859335932823
5297	233968	0.026810357909070232
5297	560113	0.025155367694314496
5297	15869	0.019553148737509036
