5357	432128	0.022278837311527626
5357	488962	0.021771336045082756
5357	301573	0.058627765849141915
5357	457735	0.02309035791915372
5357	57359	0.01965608903450206
5357	96788	0.019379462732559066
5357	120341	0.021447688149134406
5357	309935	0.03120369662167794
5357	277020	0.0960983987041229
5357	81956	0.016695592734488566
5357	205349	0.023015914319468825
5357	240168	0.020111922291704387
5357	135214	0.019006834988271597
5357	181809	0.019072506436761984
5357	274485	0.02409812905445024
5357	195645	0.015329914025529159
5357	480318	0.011161690444932058
5357	41272	0.02327627848854787
5357	172622	0.011703407853427399
5357	413784	0.021452480483566266
5357	136283	0.013371297161235892
5357	155742	0.053092167974666975
5357	527969	0.022249148712222187
5357	318562	0.02226835073414061
5357	241766	0.019994350268697506
5357	500839	0.020674216193032464
5357	389228	0.017967862765211298
5357	453239	0.025564191459593003
5357	501880	0.022647734911326777
5357	410751	0.013886437405675517
5357	5248	0.023162324794498843
5357	54922	0.020916561863777883
5357	388974	0.031242759645410956
5357	457373	0.023269454422061263
5357	172713	0.011467509071295304
5357	400559	0.013096138086703927
5357	423093	0.022163107104326396
5357	37559	0.02222985697555127
5357	408273	0.019780901281779253
5357	188122	0.017060855661863567
5357	397020	0.024774283627715582
5357	164064	0.01915991252317607
5357	344803	0.01984789281082157
5357	180972	0.02010843226097753
5357	219894	0.01440045145149673
5357	72443	0.031155218983103798
5357	303232	0.025669477748923576
5357	493834	0.02410367056600735
5357	201998	0.018797538227809142
5357	219923	0.010155976127439166
5357	191768	0.020862551379300393
5357	358788	0.021414309658454832
5357	79136	0.012536861662395593
5357	218920	0.021727258832698562
5357	246569	0.021130622612678698
5357	284976	0.018740940404716154
5357	278838	0.02244591030785178
5357	561976	0.019422732767736976
5357	41790	0.035177353961825905
5357	76610	0.001400443291364849
5357	525638	0.024153722500211805
5357	536398	0.029748147932358193
5357	38223	0.02167410733505837
5357	479568	0.015297965131658636
5357	457558	0.021197067771210432
5357	215353	0.018730125202134375
5357	110939	0.012676911119663436
5357	486752	0.016129584405406745
5357	376681	0.02071540297664415
5357	376684	0.02224617811044289
5357	129902	0.01637588592126093
5357	516976	0.02411224927354801
5357	192370	0.021798720726493737
5357	117627	0.0017036741012869327
5357	433025	0.01863508328353428
5357	473476	0.027006349219027535
5357	221061	0.023409551868764145
5357	360848	0.016919534236378948
5357	218519	0.02808162811289173
5357	18846	0.04430192539007431
5357	463263	0.020833379570088163
5357	427427	0.021340426109806774
5357	412580	0.019122809422654753
5357	459176	0.020486193594716668
5357	557484	0.0026007444407758398
5357	76205	0.019168719749864085
5357	412601	0.018505852392272606
5357	87493	0.023612021162329088
5357	61899	0.01532820165093982
5357	314322	0.01481652003555118
5357	216019	0.01949479569286159
5357	459220	0.02138226461435104
5357	184740	0.01969129545078066
5357	480220	0.013171216308955255
5357	213473	0.02336265981689974
5357	480226	0.010180878522655847
5357	59217	0.020126284859286973
5357	402923	0.021961813659825816
5357	473585	0.021821481672086418
5357	61428	0.021164038984769193
5357	223225	0.016226060971307875
5357	195578	0.014059956307104047
