5389	371713	0.04632569531269599
5389	547329	0.048432484000076194
5389	316940	0.04086327577880267
5389	247318	0.05808380005913199
5389	407063	0.04015080947928006
5389	415261	0.03458536859745703
5389	79390	0.03595010586249854
5389	253477	0.03169978578399081
5389	46634	0.02601712531584617
5389	441906	0.04336036396813004
5389	532531	0.06083086218025369
5389	172809	0.03890448531383502
5389	320057	0.045922153988640114
5389	349247	0.04961186634959191
5389	302657	0.058047844799543516
5389	54850	0.04512151166097762
5389	292424	0.05837266913269766
5389	204362	0.06799496514925292
5389	211532	0.04577859502904162
5389	161869	0.057210031403034996
5389	381006	0.04312898223594153
5389	523343	0.06800348877144219
5389	262226	0.04839457845310545
5389	387156	0.034371697638115754
5389	332885	0.046678688612347814
5389	113240	0.0619850488386592
5389	292452	0.0639689890104389
5389	211556	0.04525440663833971
5389	211572	0.03457953320785224
5389	357494	0.0401119699830488
5389	523895	0.048740273743522376
5389	432252	0.04750381045623244
5389	323713	0.04227526097985928
5389	182425	0.04274245241179618
5389	23204	0.06966292625156857
5389	448684	0.044815191289236785
5389	240669	0.04219365471699444
5389	364210	0.047617053051304724
5389	448695	0.046579807923683714
5389	436340	0.06314134708862984
5389	331453	0.041779700205766095
5389	100034	0.07127636920774691
5389	97476	0.04507902790753645
5389	15048	0.057681674169343715
5389	59595	0.047829015601822934
5389	93901	0.04329839382034678
5389	96466	0.033739106899569056
5389	81108	0.06306213186519485
5389	490720	0.04486871581926629
5389	374499	0.03520025936829009
5389	181989	0.06517895965997336
5389	543975	0.03964732100535639
5389	543976	0.038301787762066795
5389	520937	0.0397639161164519
5389	391915	0.04546904719617576
5389	38127	0.03932363014874944
5389	222470	0.04071005493485753
5389	240905	0.034337185366135364
5389	247597	0.037182398183492615
5389	330514	0.02104339305065444
5389	432923	0.042099135500551124
5389	559394	0.04544350954451641
5389	160038	0.03559910189796149
5389	533805	0.04250442852604777
5389	345917	0.052657441932104476
5389	438082	0.06932859750596915
5389	553290	0.09110099774975354
5389	207184	0.05982478132988467
5389	434001	0.03815582571978391
5389	364370	0.036899567085227875
5389	249686	0.044567297181930414
5389	373592	0.046742116913128774
5389	291174	0.032325181507220815
5389	77685	0.041015257916763304
5389	511862	0.04202394132710799
5389	196331	0.03772442846223848
5389	439687	0.06761311947558822
5389	244108	0.04727451402890743
5389	442272	0.04178126493660724
5389	223139	0.04446350401005809
5389	159656	0.029980533322678297
5389	160170	0.04291379345840576
5389	306606	0.04420838889494135
5389	465843	0.04016814194084546
5389	549300	0.04518759612726539
5389	161717	0.03895309294682631
5389	78262	0.07062433305061346
5389	159671	0.04435874027244021
5389	95672	0.06239828322132656
5389	48582	0.06195628898849523
5389	159180	0.042116979670619274
5389	221140	0.04599342757559995
5389	409560	0.0348063456961775
5389	246436	0.04842558395521246
5389	234974	0.0685785974777367
5389	427489	0.041535990363974484
5389	457187	0.04110746761189258
5389	440804	0.04079211245524461
5389	130023	0.042014795144470485
5389	545768	0.03357991633085719
5389	547325	0.04482803009922195
5389	332112	0.06646261490795032
5389	494066	0.051769071001647966
5389	463862	0.04148604556302856
5389	33786	0.04663279826779635
5389	251389	0.04208210657966532
5389	197630	0.04349810798512885
