5417	165378	0.011180132091789197
5417	442283	0.01053623273149331
5417	354825	0.01486559241530514
5417	256014	0.011047845506868386
5417	152594	0.02192797927632192
5417	521239	0.007279698111193769
5417	159274	0.014447339288141113
5417	445488	0.008195112135427575
5417	354483	0.02654005481157812
5417	252981	0.0176923751351532
5417	157240	0.018296265948065694
5417	507450	0.015897902423538737
5417	150079	0.018011987005000417
5417	172611	0.009192275833770218
5417	449606	0.019298791049194616
5417	161867	0.02142568249124422
5417	349260	0.026887813571353975
5417	41046	0.017873353156970983
5417	280664	0.019495655755057534
5417	236128	0.019706269126522843
5417	303223	0.016602461279965473
5417	389255	0.016162913279157462
5417	568978	0.06339702511993897
5417	283283	0.05105980170219372
5417	541847	0.017679790819599465
5417	157338	0.01955590054542897
5417	194208	0.02025222963416652
5417	507553	0.014420550987435226
5417	403621	0.02596006672554285
5417	556712	0.033801911816856114
5417	360620	0.017789371148242424
5417	344243	0.044845379535434965
5417	449725	0.01416508058736988
5417	277183	0.04897283632959162
5417	497858	0.017292733994056744
5417	507590	0.019081297216814976
5417	490696	0.01780903338905014
5417	274123	0.012426193660898447
5417	468684	0.016313079249779733
5417	97496	0.015365659563241414
5417	34521	0.018718046639839198
5417	361179	0.019282606778105952
5417	364253	0.019509576505817822
5417	302815	0.014745685276205596
5417	550633	0.027506598163656876
5417	302827	0.014580152420825547
5417	551163	0.0208373914717656
5417	141783	0.02187081328056953
5417	260369	0.016258286038963624
5417	413974	0.01806769401693536
5417	47896	0.013922715334455504
5417	212764	0.01956789791178034
5417	556832	0.01778506610773578
5417	262434	0.02127495637128159
5417	549669	0.015022310793798826
5417	303401	0.021120148257747922
5417	256810	0.04102406364725719
5417	71987	0.01909479590155628
5417	535861	0.01579726300694553
5417	404873	0.028002030795962713
5417	401721	0.01383629439138116
5417	83679	0.052870241293371
5417	181131	0.018009936558133006
5417	159559	0.018881920661919422
5417	425805	0.02095881861840819
5417	383326	0.018221271905403798
5417	202591	0.013534761018888843
5417	355168	0.01679308695734838
5417	151393	0.019548584837263
5417	254307	0.017939054959930346
5417	32621	0.01832637074823049
5417	196463	0.023991997501568652
5417	529555	0.018379370776760738
5417	114037	0.012985569527303942
5417	137078	0.05147890573734087
5417	135913	0.01014884391895731
5417	528761	0.0015802389736318894
5417	266109	0.016031413488997368
5417	489857	0.0006343056967458623
5417	192387	0.01864686251407324
5417	210309	0.019836337460407614
5417	395655	0.01875072100436478
5417	19849	0.04425760016170829
5417	102039	0.018885136000346713
5417	38293	0.019966067852138343
5417	550812	0.021571904209324613
5417	132514	0.024650431038655315
5417	214387	0.05259071903992186
5417	541613	0.02869573910613495
5417	442286	0.01813489806843452
5417	441796	0.017734352013006268
5417	443334	0.01761828588730239
5417	462283	0.018539993243543496
5417	264659	0.014662093123052312
5417	141782	0.039062188891411845
5417	487383	0.02641064827703818
5417	85980	0.04452783722956017
5417	392165	0.017043118056676285
5417	358379	0.00857219225745147
5417	420346	0.05454878276825553
5417	37884	0.019068450991327587
