5487	172032	0.022073167068128282
5487	332289	0.013528601452397784
5487	404054	0.03468533092549658
5487	244744	0.03173060907750171
5487	167945	0.022079752939864274
5487	502794	0.03167749939649631
5487	244747	0.03348025362175755
5487	244749	0.02830229333256293
5487	100366	0.03302185292119253
5487	525329	0.030479938814876633
5487	552367	0.02731843157234917
5487	28700	0.03472818216108937
5487	335901	0.014280751397525788
5487	299440	0.033988095399404485
5487	321571	0.022323661246157155
5487	145956	0.035276674299467785
5487	540717	0.035898926121964506
5487	376881	0.021226700428351352
5487	371250	0.028154676764262587
5487	292406	0.030725809030988597
5487	535096	0.035173644901822544
5487	213079	0.02814992398172306
5487	380997	0.015903772107813244
5487	213071	0.03531497810002678
5487	562774	0.027290488115619068
5487	542807	0.02870155974088679
5487	332380	0.025595221066814392
5487	542304	0.03277973809052907
5487	398949	0.03367323108378041
5487	457830	0.03621122094174968
5487	86545	0.02933901704002188
5487	430190	0.011940590887112756
5487	21693	0.0331275736846188
5487	77938	0.032426040194949074
5487	77940	0.04382231775078643
5487	190583	0.03146811556336357
5487	102524	0.03448707720191074
5487	581248	0.0285266020156925
5487	336514	0.026431652481930214
5487	552581	0.024197082444831333
5487	329363	0.026071493129424337
5487	16020	0.04539534223266601
5487	368283	0.031529646211235364
5487	368284	0.027416688143607773
5487	437406	0.023393202936773543
5487	368289	0.03623731405486892
5487	428715	0.025783361412062503
5487	472240	0.02101183042938133
5487	372922	0.03978708256553001
5487	238781	0.03600240255581181
5487	273953	0.03154631308309229
5487	18123	0.00783347868653787
5487	161998	0.026907368573288393
5487	147151	0.03719069130375373
5487	350928	0.0305957192490853
5487	243922	0.031244517251907057
5487	298711	0.01811226255440782
5487	375005	0.029795681459834644
5487	215278	0.01630779324965399
5487	28913	0.03959721306713689
5487	213758	0.03561728049163925
5487	306959	0.0308565562537956
5487	19217	0.032764029443939136
5487	465686	0.027500838030634533
5487	30492	0.030510312113087294
5487	30493	0.023344104283598954
5487	469800	0.02332665065554347
5487	265521	0.025475244676881757
5487	156978	0.0329654679084923
5487	69428	0.025492435351845453
5487	315703	0.02014855404301925
5487	410420	0.02468642596774322
5487	490814	0.023187061451578426
5487	568127	0.01754963662361799
5487	365384	0.02438797685713808
5487	138058	0.0314397331064644
5487	25434	0.023213650816926827
5487	320570	0.020659501470794643
5487	25956	0.02833278394079389
5487	168294	0.03415543415134968
5487	524141	0.03694628584180615
5487	382318	0.02878745255818341
5487	303983	0.039910462121376424
5487	79218	0.02962904866135338
5487	466291	0.02913454555068028
5487	552314	0.021829677182762457
5487	127078	0.028829313150282018
5487	382335	0.028381851741344343
5487	405486	0.031443784840075616
5487	268706	0.022616022664136395
5487	288411	0.024201672446139504
5487	345326	0.02328011183218117
5487	299438	0.024858027710195213
5487	299439	0.027996554990963266
5487	287152	0.037863883003885816
5487	558009	0.028405979062236828
5487	332742	0.006285453223075894
5487	552404	0.020319447546989514
5487	75855	0.027010538763453426
5487	138205	0.01872574780961411
5487	240559	0.034799786931544376
5487	537068	0.03189641632247648
5487	553454	0.025927430809325257
5487	360433	0.025766790064894945
5487	45557	0.03243945092003592
5487	100351	0.03734757513521035
