5536	314888	0.02555457483348425
5536	231433	0.024241508379036984
5536	417802	0.023183125240645325
5536	557588	0.03132980739641388
5536	81943	0.026837391956342948
5536	216091	0.024289262826668174
5536	328224	0.02447202089969111
5536	481830	0.07939386315488264
5536	236077	0.02739049092360855
5536	255537	0.0014031016334894938
5536	247357	0.02542688557488313
5536	290878	0.04826797368531985
5536	437315	0.02494261929583276
5536	106052	0.021039779003514426
5536	92230	0.02458765481352302
5536	323340	0.029116184948027014
5536	120918	0.02888397460990633
5536	87641	0.02347361060395316
5536	218718	0.0277471802541305
5536	305251	0.023046441323163604
5536	429675	0.025205129052715915
5536	560241	0.03268990719615567
5536	498802	0.019511837730384573
5536	393332	0.03975073016089788
5536	378493	0.02496167295536232
5536	412287	0.022402849753962003
5536	309897	0.02435960330061234
5536	146586	0.030283502984394806
5536	581788	0.0805472835623993
5536	10865	0.039863517718202644
5536	379564	0.01840153294130712
5536	13487	0.018838477267477192
5536	235698	0.0247482959866942
5536	157372	0.020331864378728963
5536	507069	0.02305770328304424
5536	157390	0.01930980914853812
5536	500437	0.023796914142072474
5536	308950	0.01776848308753723
5536	500440	0.021285626423645558
5536	293082	0.02083116775360021
5536	55006	0.02695965564415916
5536	439013	0.021095793926066062
5536	514791	0.08488310772037963
5536	499948	0.08637126139873509
5536	404718	0.023405039656911694
5536	41085	0.023678922300953437
5536	87679	0.023915263125021104
5536	556284	0.02121870935627028
5536	71947	0.02717469966478668
5536	275212	0.025772734150524737
5536	439055	0.02538476500289658
5536	190229	0.021316153119459343
5536	470809	0.02464985895064557
5536	226586	0.02388490010885244
5536	379675	0.026662848312853288
5536	7455	0.02405120251021024
5536	258848	0.029783578008174053
5536	209185	0.02143706828978776
5536	208677	0.024241427075681214
5536	233257	0.01657065959318636
5536	228141	0.024203940315919173
5536	539951	0.02255166890243086
5536	354620	0.02689938964068884
5536	273218	0.025817385585995754
5536	475459	0.024898065101844693
5536	164168	0.024015807544382355
5536	87343	0.025143366728194377
5536	247116	0.021182071155228348
5536	432464	0.02389150692397073
5536	581975	0.024357736916386007
5536	488282	0.02690808741381835
5536	451943	0.022949142041634764
5536	258920	0.01689069452304418
5536	221548	0.023991605711608154
5536	236916	0.02299905446937552
5536	143736	0.023028543248192535
5536	205186	0.026517207142894635
5536	438660	0.021976555673807067
5536	494472	0.025773327998905117
5536	141199	0.02898151396565964
5536	379630	0.024973349180494115
5536	392602	0.020682039706066493
5536	544676	0.018896958814660584
5536	262567	0.09197725875626314
5536	543661	0.024240277776249677
5536	470958	0.02162530054012663
5536	495025	0.020729732954645513
5536	32690	0.026648741168715125
5536	380340	0.02471284941159487
5536	380341	0.024161828845650386
5536	205239	0.01948747808483658
5536	262073	0.022940565635339923
5536	47571	0.027591267762034764
5536	328662	0.023555130496491987
5536	34271	0.026593518319837802
5536	130531	0.02792912045092865
5536	113125	0.029290508459058527
5536	363431	0.024418541504510106
5536	135152	0.02518829348482149
5536	379894	0.023990034346838204
5536	127481	0.020847873722655386
5536	195578	0.02081982433742
