5543	458240	0.03310211800497408
5543	374281	0.028281740793729093
5543	25614	0.07208096626793409
5543	481454	0.021773133669221977
5543	54808	0.03463663324218154
5543	314397	0.036722965758029545
5543	144419	0.021807247618001537
5543	177700	0.10535032615885832
5543	374321	0.024542187967866027
5543	370747	0.038979991373865215
5543	262732	0.022351246060451732
5543	480846	0.04903728464437668
5543	103352	0.025059912668972232
5543	263694	0.020423380502948757
5543	110679	0.04246372663900808
5543	198745	0.034505947387778714
5543	319582	0.03981632133571238
5543	575071	0.028564524061833713
5543	244832	0.024882046030126233
5543	227939	0.025816068410573597
5543	274535	0.007484208577218581
5543	521835	0.07455372269973164
5543	362605	0.039705276694020526
5543	575086	0.04063341692321185
5543	419957	0.0390988498114704
5543	139895	0.025866618940251253
5543	303225	0.03562137056777382
5543	537211	0.030096305419209334
5543	445802	0.06317963831071274
5543	218751	0.04029392453692322
5543	69227	0.042522538789194694
5543	348307	0.01755278884477024
5543	247406	0.03935165125867812
5543	455832	0.027337930470164223
5543	130201	0.029862974389065863
5543	245915	0.02597836962974345
5543	379674	0.03660776489572439
5543	289950	0.03641573466144109
5543	60584	0.02861975216737869
5543	162473	0.03219112998016464
5543	238766	0.016694162395594535
5543	395442	0.025774627345451273
5543	335035	0.03859323627567251
5543	431814	0.04461008375728757
5543	107207	0.029551892191979002
5543	245450	0.02891595093432558
5543	480974	0.03254823313340711
5543	56027	0.04275845843108969
5543	220385	0.03363285988775072
5543	374519	0.023710887159726683
5543	557818	0.033695570473052786
5543	372475	0.03971884951626434
5543	189910	0.04182367230611349
5543	154890	0.03641603912844768
5543	520120	0.04180576821371424
5543	193301	0.015286584576904658
5543	279830	0.040525871393096165
5543	277786	0.027404120036568252
5543	163611	0.0052180192129699125
5543	142623	0.14356760914180747
5543	445217	0.10146510958300947
5543	420646	0.10480795463416259
5543	402215	0.042405199832987
5543	142120	0.018089878851623088
5543	378671	0.03618452332660017
5543	292145	0.030914410418567656
5543	194873	0.03456923796660802
5543	142659	0.01907577872620071
5543	142662	0.017042787054573214
5543	319819	0.027999741976602713
5543	324941	0.02477337303083021
5543	507222	0.02481490280641265
5543	245092	0.02612395220145367
5543	126823	0.02704500950817852
5543	13162	0.045175061582435186
5543	462190	0.06181844334276894
5543	397679	0.03182799430035652
5543	431985	0.031334646419517866
5543	257400	0.0028167246577686755
5543	264061	0.026667870245557997
5543	457599	0.03946387151625634
5543	205190	0.03931725614639516
5543	108867	0.04393398382830692
5543	233370	0.010206080304623135
5543	495015	0.03927951338025274
5543	139179	0.025378257217677436
5543	543660	0.03525677135150822
5543	373680	0.040968574561698765
5543	390065	0.05896771309170829
5543	218270	0.03447694440044151
5543	358840	0.026463871131880295
5543	527290	0.03520287766113175
5543	189886	0.043048841800444354
5543	103359	0.08001737814420253
5543	221121	0.028977736940495585
5543	309699	0.03078042610056735
5543	343494	0.06203100296929965
5543	78798	0.03656746694957509
5543	78287	0.04023470878662631
5543	299473	0.04374325179647434
5543	355798	0.041956692044536045
5543	459223	0.033715412137262556
5543	18938	0.04421233409177034
