5664	188932	0.015975248561038602
5664	521234	0.0214304665388147
5664	268308	0.014703509433922088
5664	186901	0.01306217640354176
5664	87068	0.01656740751243001
5664	360479	0.027995571933590296
5664	198186	0.014697064314316406
5664	289837	0.010748884584252695
5664	143920	0.022561177969401276
5664	363061	0.017442672525690633
5664	137273	0.02314071627448007
5664	390752	0.012940797325849693
5664	469069	0.012115411659441794
5664	274004	0.026157787275171283
5664	412256	0.01685193152149507
5664	55906	0.014375374754682766
5664	73316	0.011732806144297099
5664	15973	0.015483050272434894
5664	154215	0.018228510490066456
5664	188527	0.02198565576059413
5664	34930	0.013458638537648466
5664	434298	0.011394442705921885
5664	410753	0.01922808504253624
5664	474245	0.011513406951466834
5664	108682	0.015915639734786134
5664	313623	0.018938544752362674
5664	429715	0.016432446941053117
5664	112789	0.015823927986367902
5664	467607	0.015352269415708516
5664	475800	0.017110181785875138
5664	389316	0.01863144526103002
5664	402586	0.03589714189909307
5664	446619	0.01676916433367263
5664	468129	0.015175589783220306
5664	387243	0.012449686128940481
5664	294573	0.011770393713512477
5664	399537	0.015294511565504055
5664	423091	0.0177454332118468
5664	147999	0.014994170979945168
5664	61631	0.01471195333630209
5664	79041	0.011103730234099383
5664	504516	0.04819099454088355
5664	35014	0.010459222504387987
5664	438983	0.017033329258798215
5664	108232	0.020446937325265205
5664	87246	0.012610729729008886
5664	36560	0.01391561030787133
5664	90318	0.01802240373185696
5664	108246	0.026576647899331604
5664	108251	0.019735325528780757
5664	333093	0.009525479027649955
5664	520928	0.015718613795499558
5664	211683	0.013600643243002105
5664	201960	0.013865755643450772
5664	216810	0.01196910874362353
5664	520939	0.019256782008495944
5664	216812	0.013160857160525275
5664	347891	0.019940169930191296
5664	37621	0.013164847944726875
5664	355063	0.012801321825349604
5664	561023	0.00897427951664584
5664	61692	0.01722843211778181
5664	383274	0.016132211387275153
5664	250116	0.012660927577119447
5664	153862	0.02328620699476256
5664	180353	0.012004780507121155
5664	154891	0.020036297816046135
5664	149777	0.012271051276823283
5664	126228	0.015539334993385468
5664	549654	0.019750108503860504
5664	222487	0.03132257713850747
5664	374050	0.016614278607682904
5664	222501	0.02700695368890038
5664	40746	0.013472762904075489
5664	309602	0.017310028600568628
5664	493906	0.025412272348634475
5664	54611	0.01789158093262274
5664	192855	0.015939838581466706
5664	268130	0.012490561729236639
5664	268134	0.019827410485843296
5664	154983	0.015623398899774312
5664	477930	0.00023150996964892194
5664	289662	0.013361880244567819
5664	156031	0.030338558037116423
5664	80777	0.01680494728751805
5664	154511	0.0201644989753709
5664	155536	0.041731086161417616
5664	453016	0.01587129981325876
5664	453017	0.015871304437997925
5664	453019	0.013138391001694678
5664	60570	0.018719704668533586
5664	12702	0.01679995856664074
5664	221103	0.01635265006220527
5664	175546	0.013795299185724847
5664	175551	0.018644950069807462
5664	252799	0.017865534016546177
5664	478664	0.017552450045148413
5664	165324	0.01434687939179824
5664	527309	0.020376091209336755
5664	488911	0.015592448287921612
5664	230871	0.0151912700064573
5664	407512	0.009026843760594691
5664	175585	0.017090571690604746
5664	230888	0.01269025406725085
5664	247805	0.010846134834821152
5664	311788	0.016198660290953872
5664	43503	0.011105049277528168
5664	77308	0.011769708132213256
5664	93181	0.01352617207668512
