5669	548353	0.01856716986789871
5669	491907	0.03603219918212106
5669	336516	0.017011237081386996
5669	525865	0.023621361977029777
5669	96902	0.07051680161968779
5669	122504	0.013628021807885618
5669	467593	0.01592589164836347
5669	307082	0.02733098860771771
5669	424331	0.012537286790588062
5669	385549	0.012751125493287947
5669	28558	0.010925294754577203
5669	34704	0.015421562795759614
5669	161810	0.01774754851509968
5669	225685	0.009957893477999202
5669	122134	0.01716428668334572
5669	493079	0.011252390502657382
5669	548376	0.016639424250919715
5669	548377	0.01664060724166161
5669	484271	0.021345118503518293
5669	60701	0.02223135911479421
5669	55805	0.015493163218966152
5669	535968	0.026402686597576584
5669	454179	0.10012093297551745
5669	395314	0.016842906753761717
5669	77350	0.014101861685875239
5669	444583	0.015092042610619858
5669	62760	0.006462714114007661
5669	393385	0.00877418918167906
5669	139946	0.012299935345931087
5669	268210	0.011866701454517506
5669	187182	0.009534744678503732
5669	61743	0.01954091128571466
5669	42902	0.011258416189844451
5669	429234	0.011237341263518476
5669	515635	0.013472966528042944
5669	114100	0.013191045190926166
5669	515381	0.015084357364931173
5669	157238	0.0004908727817912373
5669	559160	0.01057089112261059
5669	375738	0.0219051672464749
5669	267966	0.0185629911810355
5669	553791	0.0153013467986015
5669	109375	0.016037970378883198
5669	432651	0.014512440931079017
5669	517700	0.016274181978039638
5669	110149	0.01444974577786432
5669	427718	0.016890859217129774
5669	222788	0.014224268754782995
5669	233675	0.01758453523100068
5669	92110	0.014267856557843071
5669	534968	0.019786402944118733
5669	435794	0.01633662452544119
5669	319743	0.016078698576043316
5669	395349	0.012543442943622005
5669	72918	0.010771251459212034
5669	260311	0.012769687236441545
5669	378328	0.011063399872617511
5669	331481	0.018748768314966153
5669	200668	0.011522654684328584
5669	434785	0.014243180658111526
5669	422498	0.01954286918085546
5669	490790	0.013995963027717493
5669	485348	0.013529987750032158
5669	227941	0.0187614445227171
5669	484198	0.014006417033996243
5669	464849	0.01301739724557676
5669	82152	0.020787319808921664
5669	266092	0.014258471931462841
5669	222674	0.015741043578415933
5669	32366	0.015739568045064864
5669	143472	0.014343371770840075
5669	143473	0.014816302866339061
5669	437362	0.015474785262242325
5669	235049	0.013776839960891131
5669	389497	0.015041590161111415
5669	171050	0.043490017236109194
5669	310782	0.019355699808548846
