5737	236801	0.042515409965454214
5737	342406	0.07408698354677631
5737	513089	0.024628133010486917
5737	513419	0.028115562132931395
5737	334732	0.035926069638686484
5737	65423	0.032592952719687714
5737	238481	0.0669552531760767
5737	342803	0.047140956641137426
5737	540827	0.035365189937897216
5737	199831	0.04405303602918423
5737	540826	0.03726785878741389
5737	469147	0.0819726963986825
5737	8732	0.033844938280554876
5737	30877	0.054644703970890475
5737	129566	0.04201790969702547
5737	175045	0.07709582121956467
5737	17952	0.06392453091340299
5737	499489	0.020533587744553602
5737	415651	0.07507915052115557
5737	468900	0.043959229008735806
5737	204507	0.06212913551460364
5737	415655	0.06454521729057439
5737	145320	0.07591725490430631
5737	145330	0.06750009518364569
5737	145322	0.06087109353084643
5737	280085	0.002335752791444935
5737	89645	0.042750580285210935
5737	244654	0.05852772203432576
5737	207965	0.040175465186123686
5737	286000	0.03734069563662191
5737	22065	0.09469371152273341
5737	22066	0.09113567694537811
5737	49332	0.0005014315456117557
5737	22069	0.09567222365726177
5737	512054	0.046613693224624796
5737	307639	0.04181553860991721
5737	361400	0.07960686745322093
5737	22068	0.07221409399564568
5737	342203	0.03791035670126965
5737	128573	0.02724803320617374
5737	102590	0.04578492843539296
5737	415669	0.05288086710085131
5737	10811	0.0008747969561483324
5737	274371	0.06509502245004035
5737	361413	0.08407819851711773
5737	128382	0.023022611172948182
5737	238536	0.052198401293294665
5737	566107	0.034198503414895984
5737	431053	0.06335425579812223
5737	239696	0.05731752883578496
5737	505400	0.000837520776004565
5737	258131	0.08293151831814026
5737	7481	0.06418470232921253
5737	244186	0.03846778820060643
5737	63067	0.04459410922105599
5737	405183	0.05629283923189077
5737	480697	0.036003994890452265
5737	258531	0.05485969931547899
5737	518375	0.06147962895807793
5737	135273	0.013084837353501839
5737	343079	0.05779883034268006
5737	266988	0.0501084468390502
5737	448313	0.03851525895816157
5737	507888	0.04127488449697703
5737	149617	0.04877170024553712
5737	66933	0.03942158143631675
5737	236790	0.045311968500480124
5737	154729	0.0031546577129281748
5737	244775	0.044635343756007306
5737	236795	0.04169366673733906
5737	236798	0.0384659553063264
5737	236799	0.04087285316755644
