5768	46081	0.08892626266082267
5768	4108	0.0647594122738438
5768	111119	0.10860586959370672
5768	173077	0.12367810643755732
5768	3612	0.07017141865747427
5768	183841	0.07018058847018153
5768	111667	0.08252416357903865
5768	522804	0.09048046649100785
5768	522805	0.0912846700978862
5768	257719	0.08166810151137117
5768	460882	0.11169080595126836
5768	443988	0.10616473990308417
5768	443998	0.06572144814248929
5768	444000	0.0706471059252402
5768	14433	0.1138669108755997
5768	14434	0.11592496666191036
5768	453731	0.042320421646465496
5768	453732	0.03985815267070714
5768	453733	0.10181714282678939
5768	444015	0.07846538333662106
5768	173168	0.09066715906790532
5768	173169	0.09312014478151864
5768	416882	0.07714536553479913
5768	444020	0.0773457735090215
5768	424569	0.08354091057008096
5768	444028	0.0757155049997558
5768	157821	0.0765215238247406
5768	444032	0.09377753120783464
5768	4234	0.09904078778210038
5768	444043	0.07508378115561547
5768	444049	0.0542916577046556
5768	4244	0.05445280757894511
5768	183577	0.09358618347286361
5768	157852	0.12256856152960982
5768	444064	0.07091966715261172
5768	305316	0.09449134196772888
5768	2725	0.07705003919913972
5768	214694	0.09957589570879445
5768	444077	0.05526372106300564
5768	444078	0.04441854617561535
5768	3761	0.08301663775972712
5768	91314	0.13988754339689632
5768	435893	0.12441344392891689
5768	306359	0.08211765468294643
5768	371901	0.09839111155510537
5768	295108	0.10252983225912483
5768	277707	0.0651189450031259
5768	1229	0.09093788637371453
5768	184532	0.14386275796697537
5768	552661	0.0753741271534143
5768	340601	0.06665232908832232
5768	67812	0.07329397747077122
5768	231141	0.08470964317680259
5768	231142	0.08961639784889386
5768	424168	0.08325801335101896
5768	260841	0.048030216219399346
5768	4331	0.030028208877604927
5768	132844	0.14312945757255405
5768	78573	0.029779152667469878
5768	424184	0.04481500841897795
5768	184533	0.1028284831423126
5768	412928	0.08660841712167722
5768	341260	0.10377576509497044
5768	444178	0.16465750957597822
5768	444180	0.1177757098365297
5768	136983	0.0807524008609184
5768	136985	0.09057862479922163
5768	522020	0.09107371732328318
5768	183600	0.07102149257151599
5768	295218	0.09512530904032354
5768	183606	0.0346533843210193
5768	4375	0.0590892018935466
5768	307528	0.10018643567181697
5768	307529	0.09786217141146013
5768	368971	0.08085346949138521
5768	346968	0.05726014648409731
5768	231140	0.08559030125282457
5768	75617	0.09138352949869218
5768	277348	0.09484767910964223
5768	64869	0.06355558290338308
5768	172906	0.06156640244064023
5768	172907	0.10090375542528189
5768	11628	0.05727904448728233
5768	523120	0.11334694113290217
5768	523121	0.09943219243497803
5768	172930	0.053538318025350494
5768	277740	0.04933551068883868
5768	277899	0.10064687940381188
5768	349594	0.15423660825956567
5768	183528	0.03424713572909709
5768	447394	0.1813110890926371
5768	308137	0.13195829704490175
5768	5035	0.05703937586789082
5768	3500	0.10330554519853935
5768	5055	0.07968181747711253
5768	45986	0.07682499696512617
5768	554455	0.09612462664897396
5768	581593	0.09305514057814407
5768	424412	0.16485402043361919
5768	472030	0.10481182287951095
5768	377828	0.08822299176398697
5768	3068	0.07758480211572578
5768	183793	0.08304176724086287
5768	192502	0.10651522847429312
5768	428028	0.10737475441376794
5768	184317	0.10902845220350879
