5804	562432	0.005561999382226457
5804	312705	0.01890082539621459
5804	333955	0.03764845698655631
5804	145412	0.027463086611358066
5804	312709	0.01904646605515815
5804	372358	0.04748980984615758
5804	563208	0.01708702067047192
5804	118074	0.005519296015787617
5804	343564	0.032877812282328826
5804	214929	0.006727459748205855
5804	522899	0.1460862116478475
5804	20270	0.027479122710582806
5804	400665	0.00808798603337935
5804	400666	0.025755395829438987
5804	126831	0.005733779217663921
5804	400669	0.00823721199120301
5804	337950	0.01316868779296953
5804	75647	0.024118978228319883
5804	90404	0.007288137437038868
5804	8871	0.07521069354192478
5804	177960	0.07575777096864185
5804	563242	0.006943880315990889
5804	260922	0.07793745029016438
5804	390958	0.03747278517684827
5804	214838	0.004162790123613587
5804	176186	0.046309003668288655
5804	66923	0.028846926393319632
5804	445501	0.029355135219853473
5804	558526	0.2811782375094957
5804	48448	0.0015625774599402223
5804	338114	0.05034353559952573
5804	340675	0.05090015427912073
5804	46407	0.09550578763458552
5804	46408	0.08442877395263214
5804	93004	0.04074366854274092
5804	118090	0.007127071348610254
5804	335180	0.05879359006662201
5804	339938	0.007993058170009042
5804	349757	0.01946658326596929
5804	208079	0.0019886396523380737
5804	6357	0.011674901526016435
5804	340690	0.0046654128279839885
5804	126926	0.011639906849937022
5804	340644	0.03823475288882324
5804	559578	0.035266859919345854
5804	401117	0.0019108984998273235
5804	44005	0.00784737312734049
5804	214753	0.00997883414385645
5804	187490	0.00919281732688005
5804	214755	0.004681567942194434
5804	116836	0.0022939128961953037
5804	336485	0.003208048123422243
5804	334315	0.03686917697643815
5804	28782	0.017360750180164003
5804	558574	0.039940748481331924
5804	199151	0.0077738511026283425
5804	90738	0.019739836940846894
5804	445502	0.028397884149244306
5804	16652	0.07274794195744877
5804	437240	0.0008818860145487363
5804	565241	0.010809279864725178
5804	563194	0.01708702067047192
5804	339711	0.003931778374965756
5804	214781	0.012121812729779436
5804	214782	0.007066282858553283
5804	3199	0.002391005135468424
