582	461829	0.1878446666569385
582	496135	0.010581673986905427
582	147465	0.020975854514256993
582	62331	0.008825855127705588
582	544271	0.11105498915598741
582	578580	0.05429770250385008
582	87574	0.018866800964648368
582	315909	0.008948138883669786
582	245801	0.004352391661864929
582	477232	0.023776139533075683
582	387633	0.010977683270356614
582	446011	0.01203999721384032
582	198724	0.012197863694004805
582	40517	0.018915164670013557
582	158561	0.005893479857518558
582	452681	0.007610804435414449
582	31825	0.016917128610687063
582	59986	0.19076534541201753
582	139173	0.014031526876143615
582	59996	0.018980320183700192
582	245854	0.016897528150644173
582	176242	0.04888873246608764
582	304250	0.009584357356425358
582	118907	0.005745793810226427
582	233596	0.01751273924730101
582	410754	0.0127018565662667
582	206980	0.07270525591795066
582	459931	0.016423573229153228
582	188577	0.018743483257982477
582	348834	0.01087388971891186
582	450727	0.010373058432332142
582	529579	0.009536679620993806
582	453804	0.010158495461173605
582	422065	0.022339181997227984
582	324789	0.03581458076732011
582	270520	0.010820474928875053
582	529601	0.016058729491035557
582	237770	0.03475778196802294
582	303308	0.01719558848645936
582	428771	0.06841506493493939
582	451306	0.013110580613078647
582	461547	0.018309466579246775
582	191731	0.01987350017414168
582	51446	0.009863585122159499
582	306935	0.0183940483021136
582	400634	0.0057361955637824525
582	64253	0.06941230508125554
582	1791	0.01607398825766719
582	360715	0.014359447744263046
582	364300	0.02387939274962751
582	453401	0.031657056938591104
582	429853	0.008280228734084873
582	429854	0.008189025270770462
582	429855	0.011493750013291984
582	28454	0.012737991933968245
582	268072	0.008871505977008061
582	454442	0.026928623314899487
582	224050	0.004924727015588078
582	578879	0.00880828102078009
582	303936	0.010947711225947194
582	511813	0.013099590044608148
582	314186	0.006605266256263024
582	57678	0.013303870415546027
582	578901	0.01303209508669811
582	283996	0.01437342786489897
582	41309	0.020708488447902042
582	135518	0.019118930258964013
582	572255	0.01476143846912738
582	201569	0.014606354118803204
582	57708	0.012447845259140333
582	109422	0.017230293154360133
582	361332	0.03417925970670903
582	125759	0.01893951001879235
582	573214	0.020811194349161056
582	215439	0.022846118844637338
582	82325	0.02050113571312724
582	276375	0.0112348813812116
582	8602	0.013137016061781161
582	305052	0.00938605039507596
582	547738	0.014303071990578899
582	126879	0.01451622909117092
582	128421	0.022201938086586215
582	152489	0.007356227671186238
582	580019	0.009757304969933408
582	222026	0.01148290101988049
582	462783	0.01117133485698998
582	335300	0.024835600512998404
582	533959	0.009676556254826319
582	462792	0.013210986381627208
582	62410	0.02010205943610446
582	533973	0.012451627926895057
582	290777	0.011633607502226079
582	45306	0.022995236162180556
582	457637	0.025151798947241517
582	329197	0.011966681474279345
582	57839	0.016192933273979433
582	347120	0.012286131671068672
582	400887	0.01342718743013143
582	403967	0.01719936112415185
