585	297091	0.056549404408327925
585	313863	0.04262667421364796
585	22536	0.024241687621111136
585	111369	0.017604381015576126
585	227082	0.01532773436537875
585	137995	0.029250556956207235
585	313870	0.03101214922438186
585	109071	0.06062982211717382
585	67216	0.02874083614717359
585	10770	0.010762759388165186
585	128403	0.03751042686748788
585	113484	0.0024498521126800955
585	172869	0.03428723863974417
585	721	0.02996966983931826
585	563075	0.03184953997377266
585	458525	0.02893088244791908
585	163743	0.03230140224522125
585	71200	0.0008458755965727685
585	113825	0.0006847551441326755
585	508579	0.034317103493963046
585	689	0.0014412271491820521
585	47017	0.03715581423672772
585	266794	0.008758709292824969
585	13853	0.0015065122975547567
585	485681	0.03740842562468115
585	330546	0.08244777697405634
585	528371	0.03416139420615532
585	73692	0.000748253068713449
585	437558	0.04034082270861513
585	429001	0.03405014574049684
585	144312	0.016209713060558992
585	99899	0.05065018509752364
585	154812	0.03561482388209316
585	191806	0.023220627968980077
585	82367	0.0011385820720076188
585	478915	0.024259589593531042
585	365380	0.0022487155993239547
585	47557	0.01258353953799103
585	105672	0.030391648150182967
585	477257	0.03871282951559783
585	544076	0.020003588917412992
585	330683	0.029934168716191294
585	465358	0.031372374232948
585	269651	0.00035029032240842196
585	71892	0.041883668397327364
585	557454	0.005507787489652645
585	171607	0.03317946392224051
585	497112	0.03133172139569512
585	71459	0.044959583582267273
585	851	0.0024902538195666507
585	539068	0.017611469562226194
585	82396	0.010752929878593597
585	461661	0.028477755918999408
585	864	0.002805461539348675
585	114401	0.019360062468907237
585	125923	0.1185777461990476
585	46564	0.02409885554922942
585	57447	0.024508600483055115
585	87272	0.0012034280122723256
585	72937	0.028268704420786075
585	191980	0.04189585876020147
585	251507	0.060321849196202544
585	275262	0.03382440091367015
585	485622	0.03602568383657439
585	73676	0.0
585	415352	0.09986385511771866
585	90111	0.03314086946325277
585	106841	0.0003248927867036082
585	5822	0.01386717258567593
