5897	374274	0.061246793580959545
5897	367789	0.04029070047378785
5897	556052	0.07764168441052621
5897	87577	0.06238570628809122
5897	539181	0.0822349021179968
5897	383536	0.07510313124662434
5897	455732	0.0370238593722131
5897	30773	0.06763653645775296
5897	275511	0.05937161876258752
5897	47673	0.0251293140739344
5897	198722	0.061384649878617206
5897	218179	0.055296808844956184
5897	493124	0.040236562524775345
5897	300616	0.04360119372369639
5897	146700	0.08359082035094403
5897	480335	0.029861370819489644
5897	240720	0.05807910947580026
5897	202840	0.07050691256243015
5897	555609	0.08792580299079031
5897	7771	0.06372616100455791
5897	311388	0.08502052643147812
5897	553061	0.08638165449981425
5897	210027	0.002379811906286521
5897	258158	0.06337804777113568
5897	110617	0.07789317127455735
5897	267384	0.15459650702969657
5897	303227	0.07489788034056342
5897	246915	0.06125958411775367
5897	457352	0.07907937090269561
5897	54410	0.07570327159494183
5897	176780	0.10654017486332867
5897	403597	0.0766559305917633
5897	458894	0.06068246161362902
5897	443535	0.07103046346907568
5897	262800	0.08712462803524075
5897	417938	0.06844493756462705
5897	245911	0.05602953420352584
5897	456389	0.04164857706550165
5897	560299	0.08042634412618486
5897	247469	0.0872304932834714
5897	450734	0.06775043690887317
5897	144560	0.055771998976152946
5897	365757	0.05202033667673732
5897	493759	0.05079203373468463
5897	238786	0.10256944172231851
5897	446661	0.07518170011345018
5897	180423	0.06706488299945572
5897	440522	0.06059283668194646
5897	237777	0.046643798033838425
5897	138964	0.059375112246872606
5897	48849	0.08231510568799483
5897	240877	0.053003584364073895
5897	160125	0.07312207895932067
5897	464627	0.06552756609713531
5897	479989	0.034823312291468476
5897	372473	0.07047043361315275
5897	470271	0.07343419127221956
5897	249088	0.06054453022704561
5897	234242	0.049044485009239254
5897	493835	0.07147791284611824
5897	365324	0.05542679728610449
5897	574227	0.06560310301768715
5897	505119	0.0623893529703703
5897	443680	0.05334551376909975
5897	191783	0.06652085673285807
5897	361783	0.0705628066794205
5897	172939	0.07195757369162283
5897	240458	0.07823719966981363
5897	216396	0.0494131929144617
5897	249683	0.06332452909009269
5897	41301	0.07141469948660988
5897	38230	0.07053282134646068
5897	21337	0.06470012875936393
5897	190298	0.08104329989986847
5897	131932	0.11284357435671291
5897	17249	0.06674190889865815
5897	1890	0.07355020034802334
5897	462695	0.0871203588572503
5897	327538	0.09150934284377654
5897	547700	0.0552687284495042
5897	130421	0.0718682827952586
5897	347005	0.06925788119410446
5897	192387	0.07680993506018216
5897	527749	0.05997859543438606
5897	127878	0.0754360266670773
5897	58762	0.061440365710165167
5897	158091	0.06751057106448902
5897	243599	0.041017359099184636
5897	130452	0.039799241566976486
5897	191893	0.03260019843722352
5897	232854	0.04019536411118617
5897	137113	0.04835077851148114
5897	32211	0.0686132451308055
5897	280490	0.06999995157067651
5897	230830	0.057844785758257515
5897	285626	0.13076341032787533
5897	232891	0.05365408532860045
5897	104896	0.08018142553979762
5897	489411	0.06291436178239757
5897	279501	0.066143711671533
5897	501715	0.07980372926703636
5897	321492	0.07209038955925408
5897	199126	0.08246577626470473
5897	130024	0.07137261744371637
5897	314862	0.07241147811504081
5897	504817	0.07267608468517553
5897	191988	0.08136760197726481
