6148	94208	0.034502547683731524
6148	134401	0.024877371868754133
6148	28395	0.026228096013904658
6148	21508	0.05807081324839451
6148	92339	0.036817234978083
6148	385160	0.03721540075312792
6148	437897	0.04564290836512814
6148	565643	0.0049494956471832705
6148	115213	0.049156635334901166
6148	380430	0.035119021812079695
6148	113325	0.05384291245887609
6148	333841	0.06350256668229225
6148	422787	0.024521605695830985
6148	380311	0.015534699333054961
6148	475160	0.002818928558109892
6148	77209	0.015153769493828543
6148	518810	0.0730946586096522
6148	250523	0.04913402560433659
6148	250522	0.05401759188798332
6148	178719	0.0612744241336104
6148	282401	0.004764692768022199
6148	177573	0.046892215594918144
6148	113704	0.02799656679027288
6148	207401	0.001921389644978211
6148	382386	0.0073938357024004205
6148	227101	0.00600852407512059
6148	379736	0.05196945612568463
6148	332808	0.08598205464127306
6148	492722	0.046886497052552496
6148	519027	0.03393248373666846
6148	382388	0.08336732911911454
6148	382391	0.060470574726822775
6148	382394	0.08438235879671724
6148	569788	0.018766799571431993
6148	378813	0.07003952591561986
6148	120254	0.05679011203214918
6148	309811	0.026335195549785785
6148	514245	0.02307528093708598
6148	535240	0.009238710922026949
6148	372734	0.021844322796373085
6148	66122	0.019422694414214008
6148	21815	0.038779884209686005
6148	26061	0.013550584197109103
6148	111501	0.03847257423651497
6148	380753	0.061767267086761446
6148	157010	0.08636750394331612
6148	322275	0.021909810438838568
6148	446083	0.017175217452067442
6148	457102	0.030356756207531657
6148	527831	0.02914165055305936
6148	276056	0.06755914211190564
6148	276057	0.07720510086634776
6148	25692	0.024012528795504192
6148	157023	0.08636962915158816
6148	124641	0.035667025836964995
6148	314851	0.031280237824239956
6148	148964	0.029275828764177524
6148	41701	0.026222411311310496
6148	342118	0.07019158354008972
6148	15697	0.02166269096502407
6148	479336	0.008716290523980902
6148	46436	0.029265827937993084
6148	309867	0.040510699802720804
6148	478660	0.012521407867925695
6148	537070	0.044149601456345514
6148	314735	0.045022735918162214
6148	298736	0.005111679111437163
6148	475097	0.02967078570320896
6148	75251	0.0257090155748334
6148	315252	0.07763700285082076
6148	64702	0.048627787174241335
6148	88566	0.1172098879544255
6148	107113	0.0
6148	147960	0.03656846227750696
6148	379257	0.05911318423585852
6148	382586	0.0682142240131526
6148	378875	0.024716603080736085
6148	578302	0.019000268700170436
6148	466133	0.004603890785933042
