637	317952	0.023833011420529765
637	248320	0.03593628125158397
637	1922	0.044617153162121136
637	359045	0.04540691578425927
637	463110	0.024667022896711525
637	516999	0.016257401784402905
637	488812	0.0
637	514571	0.016613144018229786
637	210316	0.033598155246954066
637	502274	0.0029634716461191934
637	165518	0.01658663423567736
637	518544	0.02788717462623378
637	530691	0.03243695549007358
637	485151	0.0359468769175665
637	43168	0.03392402048661373
637	407472	0.0341158492850723
637	498467	0.03498255890313695
637	52004	0.028566443847517893
637	163124	0.03350290205594991
637	195879	0.003933372869634165
637	128040	0.025662941787393322
637	484906	0.033322134303594556
637	26411	0.05385409433453009
637	428592	0.030083401298025683
637	187747	0.033201598825324447
637	570418	0.03592371977787889
637	42675	0.033539223205358536
637	471092	0.023704657086351603
637	442881	0.03336199293758049
637	106294	0.036306614854270065
637	14264	0.009148193970058728
637	259001	0.04911757552932214
637	10043	0.024628530870373776
637	116156	0.033497554995369494
637	549310	0.03007241243790254
637	43839	0.017999934352169046
637	513758	0.04805622381197423
637	313872	0.03935986292738158
637	46402	0.04043239607319479
637	195894	0.020372110079201228
637	171717	0.035220943451274495
637	269767	0.03398313472980551
637	549301	0.03804432733833428
637	10059	0.040417510231351934
637	221396	0.04451762552129589
637	163151	0.03166023363157569
637	435960	0.03529220426959418
637	225491	0.036385377464661445
637	445012	0.02639890411484857
637	529751	0.025806236357596657
637	71908	0.04145881512571773
637	210654	0.03368572573602557
637	128607	0.028853505516896225
637	462689	0.038528232683735585
637	57211	0.02874322428268637
637	523236	0.024277518417441843
637	96613	0.022185079729423143
637	47847	0.01489473262328091
637	530537	0.02816060831969154
637	40827	0.04030402419065954
637	41580	0.028654856644550118
637	264430	0.025314570680488032
637	269679	0.022919098202475893
637	363176	0.04272201258528581
637	407282	0.03413410667491288
637	471029	0.03628279394449397
637	540408	0.013398620669799645
637	506199	0.033146479074073795
637	579835	0.020503486470356887
637	123005	0.035514400510978504
637	562942	0.02260290937136997
637	364671	0.04601381548574324
