639	262657	0.04373918052109552
639	257367	0.026698165065836308
639	397837	0.027141353587837085
639	425998	0.03762042133159654
639	185363	0.04129512384391092
639	426004	0.03018241360006898
639	170417	0.01718066188929392
639	517672	0.036397722350800875
639	401756	0.031449586784207124
639	295978	0.033092708725056943
639	130606	0.03010654331916781
639	158767	0.051334412022984874
639	482353	0.05286456062310502
639	443956	0.022106835687283707
639	75830	0.029572000293170003
639	446007	0.023182047831853556
639	345659	0.04089953251727963
639	345660	0.04667609540884516
639	123458	0.029919781067381673
639	209989	0.028461948578016767
639	342099	0.0814141226898886
639	257113	0.009503207061621772
639	512093	0.10440470563567804
639	512094	0.07355865934025838
639	424545	0.03518920360017878
639	407142	0.0446619692993898
639	178792	0.08493786836947291
639	366185	0.0238946269685557
639	115731	0.02469224961799082
639	523881	0.0441301284161529
639	242303	0.0334266149848104
639	133254	0.04347051142550445
639	449673	0.03970867254211406
639	550541	0.020804076074963377
639	346773	0.023454842439862608
639	424600	0.04093833052517097
639	520863	0.025288363538519865
639	281543	0.035601948278112
639	33907	0.03733802415168247
639	569019	0.03296688248121377
639	499394	0.033453760861719625
639	245962	0.043294118938108354
639	424655	0.05785061435683971
639	81104	0.028730003703637468
639	221918	0.02745765890182027
639	386271	0.053106975618252554
639	52961	0.025032367967011682
639	413416	0.034815767051554446
639	218861	0.0389734541197442
639	404207	0.02333591633944344
639	458481	0.031554371574442575
639	526718	0.051003011817159896
639	285431	0.02731082382610726
639	462072	0.02545186141505783
639	132565	0.06552561192975288
639	391937	0.04418287851613409
639	548099	0.04325020481580411
639	59657	0.02191274927546896
639	552727	0.0545244146100602
639	126749	0.059098409840126265
639	511777	0.05732823641718682
639	173353	0.030211188589282945
639	4916	0.04754186136787694
639	139063	0.046103515234182234
639	389953	0.04207998304301586
639	61766	0.043975207751444555
639	161847	0.040246894943254063
639	388439	0.02781171715433777
639	480092	0.035692460132985576
639	53090	0.05158987060169557
639	345445	0.04144396811766186
639	528233	0.03221453378984094
639	161131	0.05305680695835688
639	207216	0.01658769592177501
639	307571	0.05648736156537649
639	333176	0.025823564638989077
639	262014	0.05175761096372657
639	160129	0.029293979996979847
639	307591	0.021350441162639257
639	169868	0.018028826555004127
639	528109	0.04521377791280309
639	314768	0.02492216594787235
639	423313	0.030154690626266814
639	258450	0.033089398988261735
639	387993	0.020988206729385554
639	296864	0.022563661974819793
639	185769	0.03605782246395468
639	185772	0.04834728056861485
639	185774	0.04204172390379815
639	27055	0.06625420727512579
639	462257	0.04543172402377882
639	522678	0.04127712114755033
639	423355	0.06010427939014626
639	143294	0.028494637836149216
639	10690	0.01846470106207646
639	219587	0.026975869211305698
639	80327	0.08937260169124282
639	246007	0.06732988860133468
639	39374	0.04015363227846185
639	141775	0.06781552790359276
639	511440	0.024992397610580946
639	298961	0.04535932065511369
639	147413	0.03475465764057674
639	358358	0.035601457329568396
639	324058	0.018114761669423315
639	387548	0.02997689771617436
639	298987	0.03409279682914418
639	115196	0.050161585684215595
