703	567680	0.05721322586782159
703	529573	0.026669908155025155
703	204551	0.0342784652543174
703	498348	0.03977784039802315
703	434199	0.051248924003952
703	195598	0.02351216735833549
703	568365	0.014935331464635737
703	451984	0.03154093343396871
703	468696	0.03451014346646406
703	383762	0.027075446666630622
703	143253	0.022263687252079358
703	143254	0.02879753819546627
703	542681	0.07475030182946352
703	68376	0.05550247990900447
703	174191	0.04799781368625959
703	67996	0.040634857366057084
703	281562	0.015389157140359202
703	498757	0.020485417561638488
703	263712	0.018802834648783132
703	124833	0.03733512826450527
703	124835	0.041694035908075924
703	560421	0.026119469851882297
703	384038	0.01409955905333307
703	478887	0.0855727942502223
703	369324	0.02986469836210147
703	497965	0.02327224509214452
703	384047	0.017507853742483395
703	569009	0.048542936955088545
703	534706	0.06802012595211922
703	534707	0.0629056315415796
703	174137	0.025684440671083147
703	173791	0.031588129188386015
703	133043	0.060179879803633284
703	20416	0.022380139957429136
703	474699	0.010577105623490561
703	173636	0.032993856406225215
703	581366	0.03490552279147479
703	436551	0.025957809713148903
703	436553	0.027709626695817217
703	276939	0.02613920050213049
703	533965	0.023704806789154678
703	184013	0.04314188147129852
703	173521	0.026170324689553767
703	978	0.04604552379664393
703	383827	0.024125274369530852
703	183892	0.041976507891848744
703	173784	0.027305442919883145
703	577113	0.041669342616291266
703	85210	0.03267446904731614
703	549135	0.014350916387676722
703	173825	0.02429928634173203
703	263261	0.033994598853787694
703	173970	0.017465979112783366
703	183903	0.05843515526580046
703	249697	0.03076277267762474
703	269794	0.02587356511526813
703	174162	0.035548543101375785
703	174181	0.060449209363271195
703	84966	0.026244251709393603
703	173929	0.02514980726163417
703	173674	0.03816813658066206
703	303826	0.01213792937116401
703	147951	0.037723546386157596
703	544240	0.04808906927400631
703	344822	0.03728942717526198
703	294321	0.032002390928618896
703	173812	0.03553541330783806
703	174197	0.03427269655601801
703	73974	0.08042836369941159
703	213880	0.005471903885316222
703	579961	0.06968598917701992
703	561581	0.01941532537387927
703	392062	0.036487031522181815
