73	358400	0.015081483103038869
73	358409	0.026602965212510956
73	25104	0.028335980721093737
73	462366	0.009152536810109862
73	567330	0.013301324110394723
73	331819	0.011368007905422842
73	517164	0.013826394889030149
73	62518	0.007756072073409981
73	396871	0.010333951345295222
73	142408	0.014734148100668577
73	50250	0.0052727878742444174
73	68691	0.0070290642493160225
73	52308	0.006995719328143221
73	415829	0.029510991066430507
73	368734	0.030252893032543925
73	333437	0.015502755335319458
73	412798	0.012921106461005964
73	412799	0.013099054681375389
73	412800	0.01709215845288394
73	73346	0.01739638905538674
73	475267	0.01831373197886834
73	471688	0.0375765976465463
73	27786	0.020401528752890467
73	438926	0.01527173183470722
73	28306	0.032169128392379544
73	157843	0.008815841255729795
73	471700	0.013010254125688446
73	100509	0.010490100340293263
73	471710	0.012425176739362873
73	338117	0.009723355730415896
73	91811	0.01377607552989773
73	469674	0.0028408035603040005
73	106354	0.0027842071129320083
73	371377	0.02043893854045432
73	99515	0.010026172787869133
73	499164	0.020332322479145598
73	27845	0.016624819439818934
73	178888	0.016164255103747242
73	56012	0.018237074511616314
73	56013	0.019801276044714163
73	27853	0.043540813945893486
73	27865	0.02133746588202039
73	10971	0.014239476983261511
73	73443	0.017584357703580564
73	413415	0.009859253949004743
73	99562	0.01548164879983127
73	55422	0.00729896017145996
73	27917	0.04017235675889713
73	464150	0.01145362162516627
73	88870	0.02282809416419328
73	256296	0.015470949872890005
73	256297	0.017223279344252662
73	112942	0.03265678709632136
73	66351	0.012311009510466311
73	336690	0.016182670110541142
73	63795	0.012323461984262752
73	556348	0.00015294543787729484
73	98622	0.028017819227538706
73	354115	0.024297738248989936
73	354116	0.021267454457654534
73	354120	0.024843518431390366
73	354121	0.014606148301031836
73	111434	0.01741907137738673
73	354123	0.02921321165478971
73	354124	0.008071333576813474
73	266063	0.011710716092486728
73	27479	0.007022862640725242
73	28007	0.030702060361080405
73	66416	0.0046000280844382836
73	28018	0.003911715128049472
73	28019	0.043234167745352964
73	28020	0.04235361921490081
73	31638	0.0270876453243793
73	50551	0.01038573660220415
73	106361	0.0021578206310625043
73	106362	0.007673375677866535
73	87424	0.016974259196177118
73	87425	0.007265735475606942
73	87429	0.015429699285641873
73	106377	0.012459075837886045
73	248717	0.007421461066262747
73	106385	0.006746720598383875
73	106386	0.007912799990181095
73	106390	0.01263441842945728
73	333209	0.005632006369431158
73	106398	0.010801165465705137
73	106407	0.01011000893835523
73	457137	0.009570002977581229
73	90037	0.015352574719099718
73	106426	0.014826340011461473
73	371644	0.008451126679880544
73	99773	0.010986950609892788
73	546759	0.009492959542201904
73	546760	0.009492959542201904
73	546761	0.01585231434949728
73	290250	0.015436475963957105
73	27598	0.010449235757132056
73	290255	0.013812115986722388
73	167890	0.023572967025650066
73	339420	0.012955203531127137
73	573927	0.013311621172994925
73	354122	0.0032640908511494897
73	67571	0.00722038053212665
73	267253	0.008464580301240969
