76	171008	0.012765042158806575
76	569857	0.07455782996713084
76	141325	0.03064115320526323
76	118290	0.11359785927527406
76	141331	0.027153515509287532
76	516128	0.029973823570760106
76	141346	0.023258716027346665
76	487972	0.02131055457558869
76	483877	0.04438552114140507
76	113190	0.030736056245298113
76	70704	0.03898603371333171
76	572466	0.0509828545493184
76	578099	0.10581070469060151
76	115553	0.016557383982875346
76	575049	0.05195491008200141
76	69200	0.022804972316593945
76	562268	0.02893030752533759
76	567389	0.040558389034180076
76	91745	0.012732492111840871
76	381544	0.01901615784211408
76	565683	0.1446840835635998
76	40052	0.035950690483303724
76	567932	0.028576867960498072
76	114983	0.023325439028372138
76	565411	0.026980869550250735
76	81581	0.019977670109717644
76	69296	0.023381355084211526
76	69297	0.03844136100870411
76	48306	0.03488279095391773
76	79541	0.018411174120387244
76	507068	0.026301656858826954
76	568864	0.0204669624553687
76	573636	0.018592774480568588
76	575177	0.027789569176571768
76	578252	0.023976545913823626
76	1741	0.017830363099038207
76	572622	0.04518502352403084
76	578253	0.02902932210598629
76	575706	0.03735850675889241
76	566495	0.03161369280574419
76	432362	0.0352927732764095
76	48875	0.07000781600473088
76	555250	0.04428116438027871
76	440563	0.054506725066129205
76	12020	0.025840402707586092
76	517898	0.09172405819976946
76	210699	0.018715274571364522
76	114959	0.03267082851743185
76	566547	0.07811504275400565
76	54039	0.018505203454708914
76	114982	0.020116154389289542
76	575271	0.024261338143484593
76	574254	0.0307715249095151
76	101177	0.10223683316388389
76	565567	0.02435189729104769
76	254272	0.03724347473702908
76	575297	0.06468238763467278
76	93507	0.03231079300994056
76	53060	0.02376166098674055
76	320327	0.00636686168261861
76	209229	0.01803302793585714
76	16218	0.020644520033094534
76	126813	0.024669873126267016
76	111457	0.012806889341816655
76	108403	0.022935967392101284
76	443768	0.019481462313873463
76	91517	0.01743995694308742
76	91522	0.05072148222291025
76	58755	0.011191309854572966
76	88456	0.021061478848561313
76	88457	0.019365787994180948
76	307083	0.0728480427793913
76	48016	0.04063132171021644
76	501656	0.027700943308720957
76	141204	0.02422492439858442
76	13720	0.01819987493309728
76	575901	0.028964328521621754
76	566195	0.07131540086552861
76	570294	0.013705473442670212
76	97208	0.02481300013810177
76	568763	0.020195857999211392
76	576452	0.039538662280115586
76	576453	0.027034195127917375
76	97224	0.018812040110626888
76	52681	0.024327918879643636
76	354763	0.015461622912225394
76	573904	0.05023277403994259
76	140754	0.01458460597717655
76	487902	0.02395414938610864
76	484846	0.033922565375611474
76	114671	0.019722525451090177
76	211442	0.04457051689025488
76	210932	0.018096225880127593
76	570869	0.021645782973748924
