767	391041	0.02238279863153791
767	286850	0.05677739457810621
767	235523	0.042758221900936276
767	125316	0.016315312433837173
767	25222	0.025268555309497478
767	536583	0.013901344250968742
767	395784	0.018663091990186897
767	514825	0.016200456168616838
767	298123	0.01844395351830397
767	71340	8.836376682792789e-05
767	452752	0.014295048651631495
767	287126	0.12012889318487975
767	211298	0.015964342437343893
767	129014	0.012539326234429785
767	5274	0.014190954411061281
767	197787	0.007590983230010505
767	103452	0.03159164504381912
767	151197	0.012560116242124171
767	489374	0.024233622934421755
767	410309	0.022701796641893934
767	219042	0.018708666917452602
767	569764	0.0991064506595567
767	512885	0.014868136941317521
767	395689	0.02239378909605597
767	441315	0.025239056637436676
767	443064	0.013085411295586446
767	344620	0.018418189636965038
767	259501	0.007713808928674462
767	27822	0.019896922088278483
767	76463	0.014421689081405007
767	514868	0.013022649163152433
767	503221	0.040390675242271454
767	91830	0.04668192052160032
767	363831	0.023746058763839947
767	556728	0.02017288837561514
767	439612	0.02412319649873293
767	276669	0.02374324630398396
767	17982	0.11781515596922996
767	523967	0.018435318397087928
767	527296	0.019754998456484596
767	459969	0.11010687497495496
767	21835	0.012664551512580094
767	191301	0.01353095657211772
767	20030	0.021129345505567804
767	371662	0.019406926678501656
767	258128	0.0974065853112767
767	384849	0.02179868811617782
767	121170	0.02886200317421409
767	195796	0.0240250847549996
767	221582	0.020856349723627945
767	44247	0.015026442334318987
767	14180	0.0002227367078837944
767	82133	0.01737273107737484
767	503005	0.024387858429733303
767	325986	0.021612196502082452
767	109028	0.013719445344645958
767	184366	0.017111452199380737
767	145106	0.02020695567772457
767	361645	0.011950328718420835
767	507605	0.013346809854388353
767	425075	0.018429232462465386
767	129013	0.014679328718824748
767	152950	0.02873592171110775
767	153463	0.028148432484119603
767	386172	0.020847110907704268
