93	414722	0.06744232125653574
93	105608	0.06061896931273439
93	158092	0.06316984878885784
93	332432	0.04168208338321114
93	332433	0.05277369772256651
93	343190	0.044785489329028726
93	502555	0.11332385411397528
93	438048	0.07279222546437365
93	429476	0.06497606930936857
93	119214	0.09902064549588332
93	140344	0.0762891833489974
93	479161	0.08815186852498316
93	288059	0.10806819359467774
93	568128	0.0608712478947731
93	148033	0.06078424145681807
93	408647	0.044963526993716356
93	527562	0.07966981200634697
93	30797	0.06684300162146367
93	186680	0.04847109825751414
93	252763	0.10044121981372106
93	278109	0.07249869618876947
93	416400	0.03596044865703517
93	78183	0.09255867437649817
93	119784	0.01319446341079947
93	119793	0.047715535533934275
93	235637	0.03972751253779391
93	352631	0.10870463812663538
93	100092	0.036553450938315586
93	432381	0.025230598405962815
