971	474116	0.07781608720335362
971	492041	0.09054504185711654
971	83983	0.051311473459439254
971	79619	0.1022870357538913
971	520728	0.0813691043307523
971	40	0.022245232130515772
971	305734	0.11437265272858939
971	546887	0.18225030378781865
971	162384	0.06949976082239949
971	224339	0.06000009296871436
971	427095	0.041500023647072934
971	225368	0.08499371638459197
971	86106	0.10526243752011949
971	485468	0.06140358911056129
971	111197	0.03605458756666894
971	305760	0.09011106205208479
971	141410	0.08564807138874385
971	492142	0.10292494969630707
971	289811	0.05545269443899407
971	449653	0.08080742904501921
971	492151	0.09669639092097695
971	110442	0.06807420384528803
971	119934	0.07159528593332555
971	571528	0.04569104695348682
971	392843	0.050626393787144765
971	440982	0.0671543278365914
971	19611	0.14093087179877348
971	246640	0.09384871879364766
971	436391	0.1217434673247153
971	554156	0.05371411680305382
971	567994	0.06840940242027307
971	354421	0.09433421092097867
971	534725	0.11437446877439467
971	242375	0.08234116002351015
971	443598	0.046718310419271464
971	449243	0.08648380170977746
971	257244	0.07701394305596584
971	363748	0.08144388363341643
971	423141	0.06848819097847694
971	484583	0.08027252305765616
971	378092	0.0902735823075371
971	431345	0.13594350459745178
971	475890	0.11806653743134923
971	132341	0.11831199012352485
971	45826	0.08826546495792535
971	473347	0.20263331658138423
971	306442	0.06198487338902002
971	423691	0.06779766182886211
971	439575	0.054076349387791385
971	438557	0.07160875154032434
971	219422	0.10571926528355047
971	479011	0.06773130181749482
971	306471	0.0864868838916647
971	212265	0.07981185189432109
971	224042	0.08927117215353289
971	438576	0.07749893653847417
971	486194	0.10186202133257126
971	404278	0.07057157879266676
971	487735	0.12172791425622746
971	39227	0.09612237963523945
971	132935	0.09645447754121127
971	116048	0.14962711904363687
971	579922	0.04517586025330377
971	306013	0.11451830345677215
971	451422	0.09042016043868362
971	442207	0.14800065179602728
971	105825	0.029605518039270577
971	395632	0.10489115322582816
971	115572	0.040410592334665284
971	109941	0.06943398838585384
971	449918	0.07875408554549568
971	441215	0.0957013916035286
971	170646	0.08603594361578125
971	425864	0.07843698236914537
971	367504	0.05809060748951029
971	572124	0.04426260202750259
971	255909	0.10522759901567325
971	367556	0.06817749855716819
971	308169	0.06636025415915475
971	491979	0.08925803984189998
971	370137	0.09363405935957726
971	305634	0.10461580212199258
971	370148	0.103419761234917
971	370157	0.09594951275387964
971	257528	0.04958607888472116
971	163326	0.053076331147974755
971	483327	0.09273883530589334
