196097	0.06900840252637863
26627	0.08814458549022675
295431	0.0478070005774498
81944	0.17087000608444214
383513	0.044058289378881454
539	-0.003737242892384529
290855	0.41854384541511536
290857	0.19291609525680542
423471	0.06076895073056221
521267	0.061861906200647354
201275	0.5815806984901428
78406	0.11639703810214996
314448	0.25546178221702576
546391	0.03588466718792915
523355	0.18358036875724792
448092	0.0916307270526886
434784	0.41854384541511536
20587	0.05764986574649811
107794	0.05264221504330635
504954	0.09341074526309967
499842	0.1630912721157074
429675	0.0872156023979187
383627	0.04793642461299896
515740	0.18265093863010406
149155	0.045154158025979996
359591	0.1420368254184723
76973	0.16256652772426605
368817	0.17112044990062714
180404	0.11527396738529205
487096	0.38527560234069824
425657	0.0796157568693161
14528	0.02557472512125969
486595	0.08863375335931778
375500	0.1363147497177124
219344	0.2373877614736557
158930	0.13173571228981018
486612	0.04168123006820679
104153	0.044733863323926926
109276	0.06588926166296005
93918	0.09316936880350113
319199	0.05909416079521179
392933	0.0986841544508934
260840	0.03613393381237984
392939	0.21969977021217346
382706	0.3026806712150574
234229	-0.04121014103293419
269559	0.0919654592871666
425720	0.023050177842378616
241876	0.17245185375213623
298244	0.11229037493467331
30471	-0.009821672923862934
253194	0.01888328418135643
378638	0.1030893325805664
425743	0.05726998299360275
210193	0.11401893943548203
513810	0.25254470109939575
278	0.05198083072900772
219419	0.262564092874527
562461	0.055146221071481705
12062	0.15707848966121674
146211	0.026431789621710777
146213	-0.033217042684555054
348979	0.021533779799938202
219359	0.19995275139808655
403774	0.09923330694437027
268099	0.22103488445281982
431429	0.19433097541332245
186698	0.08757687360048294
279371	0.3196640610694885
403788	0.055279575288295746
550221	0.26652562618255615
389461	0.13653357326984406
164184	0.020861633121967316
403802	0.16863366961479187
108386	0.04201435297727585
100200	-0.10740631818771362
533357	0.3221549391746521
235375	0.4756687879562378
175985	0.1777600347995758
215941	0.22892458736896515
432523	-0.03280888497829437
533388	0.24185682833194733
568718	0.5273894667625427
474520	0.1972152143716812
423321	0.20163924992084503
80709	0.1432395875453949
256951	0.010974655859172344
311233	0.0997629463672638
423363	0.1380101591348648
122701	-0.0721062645316124
404437	0.48465603590011597
314341	0.054202478379011154
