138242	0.37777969241142273
34310	0.12850016355514526
216074	0.16865316033363342
223746	0.16182373464107513
379919	0.04270434379577637
357392	0.03736364096403122
430611	0.24366362392902374
383511	0.04379938542842865
114204	0.169335275888443
400928	0.2557429373264313
59428	0.1620599925518036
197670	0.2109656184911728
311849	0.00012054765102220699
384555	0.14750702679157257
472114	0.14174818992614746
490846	0.0659671351313591
437303	0.19328169524669647
467004	0.1317838728427887
441407	0.27185845375061035
422982	0.5636628866195679
165447	0.11003079265356064
24138	0.2506689131259918
195662	0.07762391120195389
388187	-0.056548163294792175
34908	0.17205755412578583
334942	0.5760723948478699
313443	-0.12330713868141174
135270	0.21001729369163513
241772	0.0975087508559227
311933	0.08506537973880768
327299	0.056212592869997025
413316	-0.0373593308031559
531590	0.3303461968898773
55439	0.03835698589682579
446608	0.08347178250551224
557713	0.09380939602851868
362644	0.18217803537845612
535202	0.1720009446144104
24234	0.131424218416214
561334	0.1578785926103592
308681	0.070071741938591
289	0.0980416089296341
318164	-0.09183995425701141
429784	0.07390241324901581
189152	0.06109744310379028
474849	0.1280798763036728
202466	0.2045816034078598
485094	0.09681861847639084
308971	0.13407038152217865
289521	0.07959575951099396
535787	0.07154227048158646
396024	0.15739527344703674
441594	0.18127691745758057
313597	-0.0548858679831028
133374	0.11095041036605835
230151	0.17368455231189728
550160	-0.029864223673939705
201944	0.1284893900156021
402709	0.17734654247760773
246041	0.5454072952270508
109342	0.07678750902414322
363808	0.09581553936004639
117025	0.5709800124168396
24873	0.19164875149726868
194346	0.14582492411136627
54581	0.1255417764186859
379195	0.11568383872509003
305985	0.1187678873538971
444227	0.14429894089698792
211681	0.190993532538414
271181	0.12462280690670013
223054	0.23642508685588837
33619	0.08513732254505157
215896	0.10560580343008041
312975	0.10126339644193649
233310	0.014297437854111195
327313	0.0460108183324337
126313	0.1414816528558731
202090	0.23465174436569214
362350	0.06740325689315796
131442	0.018517494201660156
420726	0.1419205516576767
189306	0.1141824722290039
416639	0.05155034735798836
418691	0.19467031955718994
446363	0.5249090194702148
168348	0.17283731698989868
33182	0.0811372697353363
311753	0.11074966937303543
113571	0.12896022200584412
146340	0.20214241743087769
23978	0.07341397553682327
430509	0.13489241898059845
403393	0.2326909750699997
82888	0.2045907825231552
406473	0.06196407601237297
113572	0.12926606833934784
556458	0.290524423122406
49121	0.09633657336235046
425958	0.28114885091781616
319464	0.03821662440896034
497645	0.18978719413280487
35314	0.06556612253189087
115708	0.17976166307926178
436394	0.11294015496969223
89086	0.08594891428947449
