166912	-0.009938729926943779
402436	0.17327876389026642
492556	0.6056236028671265
542739	0.3844030499458313
273437	0.05335212126374245
482848	-0.04148620739579201
166435	0.015562470071017742
380452	-0.011980006471276283
166951	-0.009938729926943779
87606	0.11156302690505981
362555	0.02983696013689041
13379	0.09071949869394302
348747	0.014102485962212086
159825	0.05706954374909401
120408	0.008247878402471542
14425	0.07096116244792938
143450	-0.05101536959409714
15965	0.034467488527297974
372334	0.080154187977314
87151	0.10994713753461838
363634	0.066801056265831
132212	0.15454861521720886
383098	0.06556785851716995
247939	0.16007237136363983
94856	0.006882904097437859
247945	0.03275591880083084
271502	0.1422344446182251
61586	0.04189377278089523
61590	0.10952967405319214
386205	-0.0004122344253119081
15522	0.19475804269313812
367780	0.11792809516191483
554663	0.1619785577058792
432298	0.07008248567581177
235706	-0.04375477507710457
389820	0.013936844654381275
190660	0.5685341954231262
115398	0.0073911286890506744
429773	0.052217964082956314
132305	0.03150311857461929
240163	0.0774122029542923
508630	0.061898089945316315
311001	0.07981163263320923
566492	0.058148376643657684
489253	0.05170851945877075
402214	-0.04511750862002373
408529	0.027776431292295456
151784	0.5333092212677002
410345	0.008095156401395798
318705	0.01072604488581419
205555	0.07461182773113251
327928	-0.025546951219439507
448762	-0.014681392349302769
259330	-0.013090713880956173
326921	-0.06123872473835945
379659	0.042583175003528595
330515	0.035615112632513046
319767	-0.005700110923498869
166181	-0.009938729926943779
326950	-0.022062381729483604
489259	0.05170851945877075
7472	0.1520845592021942
474929	0.6987208724021912
240437	-0.0216387826949358
316215	0.248554989695549
1848	0.09361567348241806
74041	0.02592387981712818
247610	0.018079238012433052
166203	-0.009938729926943779
572744	0.10164514183998108
389453	-0.04516870528459549
219473	0.11899352818727493
16722	0.32094836235046387
99158	0.07445056736469269
366426	0.024933207780122757
139615	-0.0017161828000098467
137569	-0.09863108396530151
488290	0.0016099329805001616
457573	-0.006900775246322155
358759	0.05413400009274483
355180	0.004466036334633827
271732	0.11313510686159134
431479	0.20135760307312012
146307	0.161887064576149
185221	0.04402501508593559
300422	-0.09610244631767273
13194	0.12057192623615265
166138	-0.009938729926943779
379113	0.05624764785170555
439201	0.0017529238248243928
221108	0.0030761691741645336
264633	0.11038601398468018
166849	-0.009938729926943779
378785	0.052911799401044846
373192	0.024451162666082382
424906	0.10997457057237625
291275	-0.03193230181932449
312268	0.04154639318585396
311761	0.0593925416469574
374740	0.016675934195518494
189690	0.14074653387069702
115166	0.039326198399066925
432098	0.08685421198606491
127461	0.05595552921295166
402429	0.14643484354019165
374782	-0.09815210849046707
