507913	0.12971678376197815
485387	0.09559635818004608
394252	0.030949145555496216
460312	0.08895080536603928
459315	0.6343879103660583
313920	-0.04438212141394615
371267	0.06127578765153885
532556	0.0862974002957344
422479	0.08042148500680923
146519	0.05636389181017876
181850	0.14434176683425903
33374	0.06127578765153885
119907	0.041018176823854446
560229	-0.01002438087016344
244334	0.061494164168834686
452723	0.25804147124290466
222100	-0.018403831869363785
76929	0.12407997250556946
457352	0.0058418987318873405
567946	0.15307767689228058
40589	0.10428591072559357
538766	0.022450193762779236
175765	0.026003152132034302
77471	-0.055914923548698425
382625	0.1392933428287506
71342	0.07662178575992584
511158	0.15039417147636414
437140	0.1705496609210968
113341	0.12932275235652924
363714	0.12246552109718323
425667	0.11829251796007156
160981	0.07988834381103516
164064	-0.027009502053260803
37603	-0.028984660282731056
402150	-0.004719656426459551
384744	0.09834792464971542
453074	0.07610096782445908
276722	0.4864521324634552
241907	0.15723027288913727
38649	0.034557413309812546
133377	0.21771562099456787
249616	0.033133383840322495
487188	0.10928097367286682
77092	0.06279736012220383
241449	0.06027441471815109
474421	0.11681127548217773
278855	0.092613585293293
213340	0.1651512086391449
313182	-0.061969395726919174
451431	0.08140388876199722
150904	-0.030973762273788452
224121	0.032075777649879456
97147	-0.02023238129913807
545670	0.017426347360014915
490376	0.05130309984087944
219530	0.039749521762132645
373648	0.13580408692359924
396692	0.025368837639689445
396703	0.03851448744535446
524192	0.06286673992872238
88994	0.04650969058275223
331177	0.01726393960416317
474029	0.006036453414708376
452019	0.05910326540470123
209334	0.0908365249633789
299960	0.07611143589019775
219295	0.04121239483356476
560061	0.009883821941912174
380352	0.025871995836496353
402369	0.043746694922447205
193988	0.06447695940732956
406994	0.22354945540428162
393683	0.02378612756729126
73685	0.02524620294570923
369115	0.15888231992721558
446940	0.19707733392715454
189407	-0.0214490108191967
125939	0.20409612357616425
548342	0.02713048830628395
39932	0.17099139094352722
