292355	0.012718670070171356
158724	0.14090514183044434
196866	0.031133046373724937
140308	0.13143858313560486
526869	0.021937154233455658
140311	0.14295867085456848
54297	0.16983221471309662
328219	0.02483898587524891
391887	0.0017708446830511093
29216	0.09394853562116623
205346	-0.1240844875574112
267813	-0.01951134391129017
144954	0.023388301953673363
520764	-0.048496063798666
157253	-0.010105177760124207
543307	0.19468864798545837
437324	0.08364164084196091
389710	0.1374363899230957
457741	0.05077289789915085
24658	0.22413581609725952
567379	0.11998041719198227
161878	0.08845650404691696
352857	0.07295417040586472
319066	0.03141990676522255
100446	0.1582958996295929
211552	0.010249834507703781
552040	0.10426905751228333
541803	-0.02694292925298214
261480	0.02355232648551464
222327	0.03777683153748512
554110	0.0769403800368309
305289	-0.03464798629283905
159376	0.2053709179162979
211604	0.13754482567310333
329366	0.43331828713417053
164208	0.03124023787677288
42153	0.02483639121055603
298667	0.12332068383693695
374447	0.09886191785335541
431650	-0.04189198091626167
375753	0.356212317943573
543423	0.030850760638713837
193218	-0.04215911403298378
544970	0.0671951174736023
186146	-0.07668045908212662
338126	0.3521328270435333
251085	0.3080447018146515
247508	0.12361069768667221
119515	0.014601095579564571
92388	0.09251896291971207
61674	0.016724010929465294
374507	0.07226158678531647
551148	0.01666906103491783
362735	0.09058210253715515
62193	0.041015248745679855
581878	0.19275592267513275
566526	0.06029055640101433
418562	-0.007575072813779116
384266	0.10452703386545181
537357	0.03235016390681267
407324	0.02057775855064392
209698	0.061635278165340424
544038	0.11533626168966293
557351	0.1989283710718155
284982	0.11887312680482864
221321	0.029947958886623383
301887	-0.026878586038947105
131905	-0.010570403188467026
91458	0.12596681714057922
411459	0.0638585165143013
142154	0.14944769442081451
212811	0.07533695548772812
22867	0.02032085508108139
160611	0.3771708011627197
160612	0.16501717269420624
349542	0.14222201704978943
397672	0.28897199034690857
129904	0.0878344401717186
493939	0.022080199792981148
290677	0.03265715390443802
170361	-0.015991557389497757
353599	0.039601922035217285
94076	0.012481490150094032
85903	0.12247192859649658
170392	0.07865352183580399
437664	0.12036077678203583
348585	0.06421364098787308
281004	0.077093206346035
196938	0.2020227313041687
457669	0.09973891824483871
402376	0.03679000213742256
523209	0.1620686948299408
137167	0.04171338677406311
354770	0.14706666767597198
393175	0.04058067128062248
268250	0.025989361107349396
393194	0.057496026158332825
116718	0.03536758944392204
77054	0.09455951303243637
528381	0.14587807655334473
