233472	0.3085595369338989
104448	0.18948855996131897
450054	0.11235959827899933
457739	0.10820440948009491
332812	0.1811581403017044
114702	0.16003744304180145
453135	0.18407319486141205
111123	0.20810040831565857
19490	0.23668406903743744
259622	0.024476608261466026
181288	0.21390393376350403
291886	0.025325968861579895
2607	0.30518922209739685
395614	0.08122164011001587
24329	0.18857474625110626
212029	0.1664525419473648
307786	0.11544623970985413
488524	0.17603839933872223
441422	0.16137659549713135
453199	0.1804160475730896
27216	0.09594013541936874
432211	0.17405208945274353
557653	0.2073192596435547
380431	0.09159503132104874
488030	0.2301405966281891
93280	0.18385493755340576
401518	0.16512207686901093
428170	0.13221606612205505
308882	0.0479794442653656
110227	0.34120458364486694
78489	0.07307521998882294
341658	0.2511933743953705
357021	0.16768744587898254
33450	0.15610498189926147
79021	0.1678304523229599
523954	0.1277938038110733
442550	0.27939194440841675
509115	0.1334448903799057
440509	0.22194543480873108
190146	0.10719022899866104
96973	0.08496925234794617
369358	0.15863922238349915
120551	0.0955958366394043
59624	0.012628362514078617
37097	0.12412697076797485
130282	0.15168102085590363
439032	0.10652266442775726
12026	0.3346404433250427
108296	-0.02315673790872097
313609	0.13994677364826202
470795	0.1866798996925354
265996	0.16326448321342468
452910	0.06630215048789978
439075	0.116997629404068
392998	0.12351896613836288
408878	0.2510688304901123
254767	0.07387520372867584
393016	0.18533851206302643
509247	0.09109535813331604
21326	0.21793794631958008
486223	0.20927758514881134
393043	0.20459140837192535
315220	0.14618059992790222
114012	0.034097325056791306
400222	0.2050611525774002
452963	0.16439242660999298
89461	0.12076765298843384
452982	0.18578486144542694
394111	0.15938599407672882
477059	0.07417424768209457
241540	0.11134573072195053
482184	0.12295127660036087
151438	0.12766329944133759
146319	0.11651172488927841
241556	0.104881152510643
561566	-0.00014942613779567182
465313	0.16594497859477997
216049	0.15406273305416107
285098	0.19166281819343567
485807	0.11602453142404556
36273	0.12412697076797485
487863	0.05536595359444618
20920	0.28084102272987366
100426	-0.036962054669857025
285120	-0.06980583071708679
211914	0.10353396087884903
41932	0.12153756618499756
155469	0.1665169596672058
102136	0.07800310105085373
448472	0.08519180119037628
270809	0.23406364023685455
354782	-0.039417751133441925
113119	0.289341002702713
110055	0.22537311911582947
162281	0.1256243884563446
453615	0.09983018040657043
276465	0.01764272153377533
418803	0.07604096084833145
163828	0.049998197704553604
109049	0.14197729527950287
308732	0.2691449522972107
140799	0.2989964187145233
