423937	0.09987853467464447
579073	0.19912105798721313
306187	0.23668037354946136
3598	0.2005741000175476
218135	0.07145680487155914
72221	0.12503433227539062
440357	0.2348831295967102
23590	0.05277194827795029
507057	0.11622456461191177
563519	0.21957597136497498
46131	0.23658035695552826
495668	0.042878132313489914
554549	0.2745649814605713
495673	0.07238778471946716
449088	0.2808752954006195
306245	0.307531476020813
507462	0.21871307492256165
229959	0.5900269150733948
461386	0.03488939255475998
461387	0.03488939255475998
306258	0.32947838306427
406619	0.25833719968795776
293983	0.47232696413993835
433251	0.24706020951271057
503398	0.1085045263171196
92777	0.1695277839899063
401524	0.19792553782463074
76926	0.2535254657268524
108167	0.20709708333015442
106632	0.2185981422662735
489099	0.24267244338989258
507020	0.32511740922927856
656	0.11072033643722534
316050	0.2369099110364914
6295	0.1584286093711853
297118	0.18496869504451752
330420	0.0923546776175499
6331	0.19713282585144043
577212	0.10594885796308517
385216	0.5129572153091431
576711	0.061009589582681656
149708	0.07468105107545853
110804	0.10056290030479431
513752	0.14050590991973877
507609	0.2945389747619629
217823	0.02704133279621601
350438	0.18185865879058838
389865	0.28328046202659607
451822	0.264474481344223
481535	0.22981740534305573
261377	0.23000861704349518
443651	0.0865776315331459
260882	0.14446724951267242
302362	0.23050560057163239
492844	0.1043546125292778
38280	-0.021982045844197273
276791	0.22343982756137848
85306	0.07223665714263916
554811	0.309844434261322
449343	0.17128916084766388
181073	-0.051522236317396164
267605	0.5046981573104858
221016	0.1854298710823059
147689	0.15991389751434326
576826	0.06197121739387512
563550	0.26873108744621277
20835	-0.0537370890378952
236388	0.2138115018606186
71525	0.0026951979380100965
283499	0.15191900730133057
402285	0.13428995013237
503151	0.23587074875831604
140148	0.12325491011142731
33143	0.17988158762454987
18296	0.2145845890045166
423803	0.07684669643640518
373629	0.10904303193092346
236418	0.08658843487501144
546692	0.11934398859739304
151430	0.17260806262493134
423816	0.2442597597837448
581519	-0.012265686877071857
576931	0.06310401856899261
489972	-0.03877973183989525
37819	0.17988158762454987
343492	0.7071657776832581
14792	0.0647975355386734
362958	0.03480363264679909
150991	0.11685501039028168
577496	-0.01588590070605278
37850	0.052266187965869904
423681	0.2705514430999756
424927	0.20640183985233307
538601	0.47278913855552673
208367	0.03449752926826477
271348	0.16485494375228882
383989	0.29507672786712646
10747	0.19296219944953918
230399	0.5226468443870544
