31744	0.8135005235671997
12291	0.5956910848617554
108548	0.7631224989891052
407958	0.5835737586021423
276999	0.31513723731040955
367113	0.6757058501243591
88970	0.5094889998435974
63502	0.5101953744888306
213647	0.5692747831344604
68113	0.8239291906356812
553364	0.6556763052940369
524437	0.772984504699707
531094	0.6091537475585938
531057	0.43060511350631714
534616	0.779947817325592
42010	0.5814895033836365
559771	0.7126591801643372
118610	0.8574337363243103
541469	0.8050751686096191
75934	0.7512075304985046
340384	0.8677957653999329
332592	0.4766598343849182
408611	0.5655336380004883
181669	0.607928454875946
495217	0.7035931348800659
551209	0.8569398522377014
64683	0.5737915635108948
291451	0.5346055030822754
553330	0.6491543650627136
553134	0.8569398522377014
333359	0.7323228716850281
542512	0.772984504699707
542769	0.6895617842674255
361912	0.4199035167694092
271139	0.5911056995391846
7101	0.6187931895256042
224574	0.5610376596450806
309702	0.7096885442733765
538824	0.6637668013572693
371018	0.6493727564811707
261164	0.28246361017227173
142413	0.725089967250824
259918	0.5818297266960144
334418	0.8858233094215393
287059	0.7868871688842773
455213	0.8091491460800171
238414	0.772984504699707
439865	0.7317662835121155
371032	0.5895955562591553
86705	0.8281774520874023
480918	0.4404875934123993
144093	0.6871897578239441
338784	0.7548256516456604
77153	0.7378190159797668
79715	0.7750539183616638
407909	0.6112912893295288
172461	0.7303938269615173
4478	0.8504750728607178
531048	0.811912477016449
106475	0.5049139857292175
286674	0.7350738048553467
516189	0.7405163645744324
270193	0.6279723644256592
524274	0.931223452091217
405971	0.6775997877120972
411582	0.5285769701004028
261241	0.6702686548233032
288251	0.6818154454231262
431229	0.8569398522377014
386686	0.7256752848625183
371071	0.6937551498413086
