195592	0.22848506271839142
146446	0.08184146881103516
450064	0.11501937359571457
240657	0.1120319589972496
418335	0.2519682049751282
418336	0.21854789555072784
102491	0.20162168145179749
150057	0.19150245189666748
98346	0.08936569094657898
526891	0.14488866925239563
559149	0.19310502707958221
486451	0.1645054966211319
240700	0.1522635519504547
222783	0.11633510142564774
451648	0.04897847771644592
223328	0.1990967094898224
126021	0.23436495661735535
259151	0.08172284066677094
560211	0.06722068041563034
321807	0.13179877400398254
185103	0.13551096618175507
98405	0.1496615707874298
455791	0.2405407875776291
452260	0.12605193257331848
308863	0.13289092481136322
141441	0.13431422412395477
417410	0.17231068015098572
432265	0.0705854743719101
448655	0.1371416598558426
410770	0.0738016664981842
42139	0.05247838795185089
302244	0.215234637260437
308909	0.1851876825094223
540848	0.1716020256280899
489653	0.0542038232088089
563383	0.22428080439567566
104647	0.0405929759144783
181452	0.09437533468008041
77004	0.09242146462202072
362708	0.0862598568201065
157476	0.2288157343864441
456924	0.08011630922555923
107744	0.0902722105383873
248034	0.09921780228614807
313580	0.149645134806633
194807	0.14631083607673645
470273	0.036955852061510086
77571	-0.01548675075173378
561935	0.26057446002960205
530194	0.22926056385040283
543511	0.2988951504230499
269274	0.205540731549263
414494	0.002243298338726163
507679	0.11649521440267563
543524	0.16354124248027802
247516	0.22804635763168335
118571	0.13047584891319275
526124	0.25086089968681335
58670	0.21345210075378418
295220	0.12603572010993958
446773	0.0008957719546742737
402232	0.13633042573928833
248126	0.13559997081756592
250698	0.1972215324640274
112461	0.15861214697360992
438616	0.11018997430801392
159578	0.17334364354610443
203612	0.17631950974464417
98141	0.10425074398517609
227682	0.08003494888544083
114021	-0.056208934634923935
454006	0.2588268518447876
374135	0.11568140238523483
98172	0.11573509126901627
376193	0.0018416383536532521
187270	0.15094690024852753
150928	0.049519237130880356
334235	0.28253552317619324
112541	0.17679165303707123
112543	0.17679165303707123
92571	0.1752004772424698
115776	0.12154760956764221
211374	0.16739682853221893
447920	0.09772676229476929
212917	0.24606813490390778
492474	0.03325674682855606
423369	0.2492198944091797
469962	0.2256484031677246
311763	0.2721417248249054
417753	0.23694679141044617
154586	0.14846087992191315
484317	0.01370722521096468
457700	0.1047922819852829
188912	0.24673722684383392
