111625	0.18269623816013336
424463	0.14484775066375732
300062	0.24808071553707123
251935	0.6589038372039795
74288	0.17176401615142822
462897	0.31384292244911194
74292	0.5157128572463989
74293	0.25242379307746887
74249	0.05062690004706383
391738	0.1686600148677826
74299	0.6618858575820923
37957	0.18781688809394836
163402	0.25847741961479187
273995	0.27225199341773987
502349	0.2993919551372528
576598	0.029997535049915314
77404	0.12973958253860474
360546	0.2715063989162445
384612	0.2459774762392044
74349	0.4707644581794739
132718	0.7201157212257385
177265	0.740475594997406
103539	0.7873092889785767
35447	0.18781688809394836
114809	0.23117828369140625
74367	0.465862512588501
74371	0.36765575408935547
74372	0.3153948187828064
288901	0.2455117255449295
138886	0.26330453157424927
551533	0.2079952508211136
394900	0.29588139057159424
226968	0.1480855494737625
226970	0.1480855494737625
182946	0.14764893054962158
224932	0.1112818792462349
428709	0.06189817935228348
74415	0.1745833307504654
532148	0.20112141966819763
428746	0.12706144154071808
253140	0.27270179986953735
144601	0.2537286877632141
497889	0.24720421433448792
552678	0.2354155033826828
126184	0.16875776648521423
411882	0.2038731575012207
132478	0.21884556114673615
132343	0.1716165840625763
75527	0.10032890737056732
417041	0.019062627106904984
412948	0.10395032167434692
32022	0.24796338379383087
285465	0.17769764363765717
182048	0.22159074246883392
446512	0.27909529209136963
411940	0.38053834438323975
276778	0.06662236899137497
283015	0.19724003970623016
91954	0.11722620576620102
208694	0.250976026058197
32057	0.16750073432922363
132413	0.4642733931541443
291652	0.30002570152282715
177484	0.18906675279140472
551764	0.6296723484992981
152917	0.32542097568511963
423472	0.29292717576026917
444249	0.27204760909080505
367968	0.24772344529628754
474465	0.2792276442050934
533866	0.3111686110496521
549229	0.3027181625366211
400764	0.10430904477834702
132477	0.22366510331630707
123262	0.1334787756204605
132479	0.2310558408498764
152967	0.4733677804470062
452488	0.046037983149290085
132503	0.12275317311286926
505752	0.1581101417541504
444319	0.19578151404857635
476067	0.26345017552375793
169892	0.24878133833408356
444327	0.16700997948646545
476073	0.3244127035140991
188356	-0.007055014371871948
407494	0.3370019793510437
479687	0.2510489225387573
410071	0.037390582263469696
196570	0.15734314918518066
182751	0.14191433787345886
74215	0.0788545086979866
77800	0.24613501131534576
406515	0.28803080320358276
125941	0.17392058670520782
420346	0.2685217559337616
183804	0.38705065846443176
