55811	0.10503827035427094
320010	0.07683450728654861
323597	0.12896451354026794
331282	0.09605059772729874
479768	0.07075995206832886
235552	0.06646557152271271
349730	0.5249080061912537
22563	0.6905428171157837
457766	0.0361495204269886
47146	0.1613193154335022
431659	0.09993457794189453
320045	0.09415386617183685
501813	-0.034914400428533554
316987	0.06359971314668655
407106	0.0744079202413559
54339	0.1355169117450714
322635	0.04129481688141823
414803	0.010685327462852001
42582	0.03790901228785515
417386	0.2397591471672058
316525	0.06359971314668655
61557	0.03315351530909538
267385	0.30716875195503235
311932	0.11344458907842636
12931	0.09960570186376572
414857	0.370065301656723
404619	0.07356847077608109
480408	0.07768727093935013
94873	0.11710644513368607
433307	0.12539497017860413
374428	0.02138364501297474
359070	-0.005776054225862026
179359	0.1465664952993393
383142	0.23760995268821716
322417	0.09590712189674377
26792	0.24965913593769073
389803	0.12583661079406738
451765	0.292512446641922
321719	0.0029564101714640856
320189	0.08276207745075226
324290	0.02929447777569294
318157	0.06359971314668655
63699	0.07058963179588318
362209	0.14522866904735565
374310	0.02138364501297474
231153	0.006446016486734152
500466	0.11270115524530411
430902	0.11746140569448471
315640	0.0044212983921170235
536318	0.04250916466116905
404737	0.28063836693763733
373175	0.10716935992240906
372488	0.0987590029835701
500493	-0.023846540600061417
322843	-0.04883880168199539
372510	0.02618347853422165
448799	0.1921110898256302
152354	0.09426136314868927
228143	-0.05275217816233635
95541	0.27353107929229736
537910	0.536683201789856
379708	0.025599325075745583
525632	0.08180838078260422
495429	0.6954708695411682
211783	0.4655595123767853
320849	0.06359971314668655
258908	0.01110654603689909
117093	0.1318425089120865
92476	0.09165533632040024
521581	0.31884488463401794
319855	0.04029266908764839
117617	0.05635307356715202
205174	0.10241921991109848
139639	0.1419861912727356
94073	0.11966589838266373
536954	0.0025999287609010935
239489	0.2814330756664276
247682	0.17510876059532166
320906	0.19936814904212952
424340	0.22596485912799835
378788	0.06191789358854294
370598	0.30682051181793213
215465	0.06320846080780029
290119	-0.02925688587129116
231154	-0.04132981225848198
316855	0.002388295251876116
373181	-0.07947111874818802
440777	0.024029817432165146
362442	0.10486453026533127
553419	0.3463958501815796
331213	0.32981833815574646
488401	0.13559146225452423
459218	0.10904236882925034
538068	0.04769080504775047
304603	0.5806909799575806
325597	0.08790958672761917
189919	0.02641133964061737
489297	0.20559920370578766
451752	0.07412389665842056
15349	-0.024434803053736687
46074	0.5534744262695312
511997	0.6706883907318115
509439	0.46504050493240356
