564739	0.39152151346206665
248718	0.1903030425310135
492935	0.32945477962493896
224649	0.3371332287788391
255115	0.2792360782623291
72462	0.34057697653770447
438040	0.5592131018638611
340762	0.35571184754371643
286255	0.6651486158370972
356378	0.14417678117752075
395166	0.43756401538848877
263842	0.3289315700531006
263843	0.3289315700531006
261190	0.18789207935333252
493648	0.6059773564338684
312106	0.3258264660835266
304427	0.6301048994064331
286253	0.7335320115089417
80093	0.07284821569919586
541488	0.6263612508773804
286257	0.6889336705207825
238516	0.4292358458042145
29879	0.5006505250930786
541492	0.35138240456581116
101434	0.4236809015274048
138174	0.3201390504837036
336939	0.7401283383369446
182465	0.48000916838645935
439819	0.2903430163860321
274373	0.7633933424949646
29510	0.44831210374832153
493639	0.6059773564338684
391628	0.47628629207611084
252748	0.277286171913147
252706	0.277286171913147
15310	0.4287405014038086
302160	0.36082151532173157
333370	0.6405069828033447
340822	0.48879510164260864
354653	0.432536244392395
288992	0.7179399132728577
553313	0.1430731564760208
553318	0.33760741353034973
553319	0.38116270303726196
103098	0.42494386434555054
235369	0.44831210374832153
388076	0.4660870432853699
407919	0.19684933125972748
291444	0.39152151346206665
178932	0.6856124997138977
304118	0.3402324914932251
287081	0.6908046007156372
435192	0.4236809015274048
272251	0.20631159842014313
