233985	0.12742958962917328
153093	0.15686532855033875
62484	0.5409457087516785
466459	0.25167402625083923
110622	0.014652051031589508
501795	0.031062614172697067
184356	0.061515770852565765
267827	0.15773527324199677
370742	0.0633929967880249
382519	0.5977474451065063
517177	0.07895343005657196
548415	0.10140842199325562
433248	0.05763767287135124
493835	0.010812296532094479
246858	0.09165699034929276
371787	0.0705384910106659
256589	0.32137060165405273
418899	0.10082240402698517
192602	0.13963750004768372
125024	0.7009533643722534
548451	0.16586458683013916
520643	0.153550386428833
490095	0.12381038069725037
419443	0.08829675614833832
231034	0.7704634666442871
387195	0.058398641645908356
182407	0.11150624603033066
170130	0.093438059091568
536211	0.11091553419828415
308375	0.19777987897396088
512665	0.07673946768045425
501275	0.5600714087486267
314040	-0.04299149662256241
181949	0.0990777239203453
189633	0.0968559980392456
308939	0.07482045143842697
155001	0.16195698082447052
45272	0.15703514218330383
164059	0.16032345592975616
5344	0.2324376106262207
130274	0.045075781643390656
53999	0.036422524601221085
372464	0.00035111643956042826
448763	0.04335491731762886
314118	-0.04280215501785278
358155	0.13347113132476807
346897	0.13987618684768677
372499	0.13705646991729736
525605	0.06680159270763397
326950	0.12094493955373764
308359	0.009230053052306175
503085	-7.89012192399241e-05
522544	0.07087939232587814
233778	0.04851440340280533
181043	0.0184943787753582
146755	0.047461725771427155
12100	0.01579476334154606
221238	0.05143829807639122
279878	0.1472400575876236
411703	0.02153143845498562
161100	0.05460476875305176
379225	0.09776648879051208
409960	0.15391570329666138
312183	-0.005315572954714298
162169	0.06674185395240784
49026	0.11565575748682022
116101	0.05818131938576698
250251	0.08758991956710815
243603	0.0873415395617485
364697	0.04264472424983978
190362	0.15470458567142487
384412	0.08874797075986862
457632	0.017020724713802338
150434	-0.02790210396051407
397225	-0.07339155673980713
125361	0.12466347217559814
543666	0.11331502348184586
581963	0.19070160388946533
310222	0.0962834358215332
284627	0.10662432014942169
283129	0.14043311774730682
218078	0.13743361830711365
216547	0.036177847534418106
511463	0.09429141134023666
511466	0.053121209144592285
144886	0.12042035162448883
405497	0.13388238847255707
548351	0.022600797936320305
