124424	0.2155284732580185
262665	0.34185850620269775
281099	-0.030481357127428055
94734	0.18006916344165802
477202	0.13087798655033112
93870	0.25364887714385986
17458	0.2415805608034134
392244	0.39107751846313477
20033	0.2066328376531601
358466	0.3487163782119751
480836	0.23300227522850037
389217	0.2366570234298706
20040	0.08624178171157837
553545	0.0992560163140297
64586	0.5022014379501343
553550	0.14043110609054565
199259	0.1351495236158371
45149	0.2444823831319809
201825	0.23753294348716736
263779	0.10847661644220352
263780	0.24624644219875336
263782	0.2598138153553009
65649	0.22494444251060486
395381	0.2031874805688858
426102	0.1301303207874298
458089	0.24212148785591125
461944	0.031246500089764595
321150	0.03612308204174042
138879	0.3652137815952301
271489	0.1594795137643814
321155	0.07823170721530914
335492	0.2596310079097748
127626	0.11652357131242752
385167	0.19482524693012238
66196	0.07383837550878525
553109	0.12801127135753632
415940	0.2858516275882721
371875	0.06112700328230858
477350	0.14884646236896515
335529	0.2574795186519623
2218	0.2954999804496765
530094	0.4709395468235016
2226	0.07472462207078934
347832	0.3857240080833435
151232	0.2907417118549347
8900	0.7535601854324341
421578	0.2339559942483902
435403	0.38220924139022827
556238	0.10363667458295822
347768	0.33573615550994873
64722	0.0753917247056961
464089	-0.046799566596746445
434909	0.18961083889007568
403408	0.44609400629997253
67300	0.10941825062036514
421606	0.21468785405158997
574184	0.10701963305473328
256383	0.2519669234752655
118061	0.06881314516067505
17662	0.1806410551071167
98062	0.2741379141807556
548653	0.22922123968601227
403735	0.2085912823677063
562979	0.0915156677365303
48424	0.19619829952716827
259885	0.018728245049715042
532360	0.36579665541648865
124726	0.3514155149459839
403257	0.1748235523700714
73026	0.6836080551147461
164141	-0.0003829390916507691
310619	0.28973454236984253
258918	0.1398281306028366
31591	0.16498906910419464
532841	0.1412709653377533
552815	0.1317720264196396
310643	0.30784356594085693
62328	0.16330678761005402
51577	0.17004764080047607
266106	0.032398078590631485
201595	0.2577759325504303
409471	0.41841304302215576
526728	0.20934684574604034
63881	0.47287723422050476
401292	0.12775258719921112
411536	0.29876789450645447
422292	0.38803553581237793
178583	0.6836080551147461
40862	0.016291415318846703
457641	0.09035420417785645
502704	0.1727844923734665
335284	0.6612885594367981
109493	0.3029385805130005
197055	0.19592733681201935
498116	0.18276281654834747
17869	0.13828717172145844
507344	0.2379312664270401
201683	0.1306300312280655
260054	0.23495587706565857
93862	0.1513041853904724
334822	0.1783948689699173
109548	0.13955777883529663
403957	0.39573508501052856
388094	0.2425222247838974
