259076	0.11925484240055084
95244	0.2678980827331543
66063	0.2563836872577667
212502	0.008754462003707886
457756	0.15842388570308685
47133	0.18536432087421417
181796	0.12206444144248962
389671	0.11895851045846939
349226	0.06966143101453781
193584	0.029319429770112038
392761	0.17230132222175598
120380	0.025300337001681328
575556	0.2000856250524521
433227	0.2236582636833191
87116	0.0807931199669838
87138	0.09271689504384995
441953	0.15766118466854095
548450	0.1402234584093094
167523	0.04050533473491669
509544	0.10283415019512177
308843	-0.020042799413204193
441461	0.02744988352060318
344511	0.10687748342752457
381564	0.12322349101305008
537213	0.0786447823047638
131215	0.1521066278219223
458385	0.12929318845272064
517779	0.026204468682408333
35480	0.06766194850206375
80033	0.23715712130069733
364198	0.11063378304243088
90281	0.13439802825450897
136362	0.05900438874959946
108205	0.0034709947649389505
109230	0.06569819897413254
246454	0.1076802983880043
317136	0.04933726787567139
162084	0.056144148111343384
284112	0.20657096803188324
387813	0.17629949748516083
529645	0.15958888828754425
193269	0.10539037734270096
32502	0.14078491926193237
107771	0.01797199621796608
172796	0.12396547943353653
79639	0.1657477766275406
74529	0.045587193220853806
111395	-0.06302651017904282
281380	0.007233231794089079
191783	0.0857318788766861
128136	-0.02268976904451847
360756	0.14580269157886505
74206	0.05434947833418846
201019	0.23914599418640137
201034	0.29256772994995117
271691	0.1419297158718109
12622	0.01646408438682556
129368	0.07478515803813934
39055	0.29838284850120544
97118	0.05278932675719261
191843	0.09948010742664337
103294	0.005268585402518511
524945	0.04224960878491402
77675	0.036892544478178024
8567	0.07735691964626312
476030	0.1773468554019928
17282	0.021774746477603912
94083	0.16150812804698944
473994	0.13094548881053925
72587	0.18512170016765594
36762	0.09813665598630905
490396	0.16517986357212067
539037	0.16759003698825836
59301	0.079026959836483
171436	0.2290678769350052
166318	0.0764833316206932
576431	0.20969367027282715
208312	0.2593681514263153
344510	0.23647096753120422
399295	-0.113689124584198
344512	0.037453312426805496
517569	0.10133925080299377
334788	0.06709246337413788
121590	0.026767028495669365
354295	0.10240618139505386
544208	0.05571092292666435
42962	-0.0224434994161129
573609	-0.002124771010130644
424922	0.09995418787002563
540638	0.029301701113581657
74726	0.16191783547401428
527347	0.1488526165485382
441846	0.14897984266281128
179703	0.05474543944001198
46250	0.20265448093414307
