81937	0.03942371532320976
389650	0.12519092857837677
35354	0.06954410672187805
37919	0.06954410672187805
501793	0.2299920916557312
121384	0.23576536774635315
365614	0.08881637454032898
303692	0.1024492084980011
259153	0.07533957809209824
144988	0.18297241628170013
36027	0.06954410672187805
534639	0.2771117091178894
205246	0.05242601037025452
204920	0.14773844182491302
453247	0.0266755148768425
555970	0.08044268935918808
143508	0.07790004462003708
409239	0.07663562148809433
94873	-0.05904446914792061
392861	0.1653336137533188
457887	0.0780913457274437
16547	0.09344456344842911
197802	0.13013841211795807
5298	-0.011808540672063828
330425	0.08876282721757889
345787	0.17928756773471832
180413	0.044138405472040176
320190	0.08035456389188766
538059	0.06003151834011078
149705	0.0191964078694582
114892	0.15186217427253723
203725	-0.0390961654484272
310998	0.05926972255110741
114903	0.15672482550144196
316122	0.12919628620147705
359132	0.5028618574142456
37599	0.08536963909864426
255204	0.07475263625383377
149737	0.05729510262608528
398060	0.19920113682746887
362450	0.06633685529232025
329969	0.00891257543116808
311032	0.27887895703315735
501485	0.502246081829071
463107	0.17497432231903076
312068	0.26028579473495483
490758	0.11704973131418228
509197	-0.028565261512994766
189712	0.12539689242839813
37422	0.041645217686891556
269018	0.32814663648605347
376101	0.14179034531116486
314664	0.12676072120666504
228146	0.24222524464130402
373557	0.15418072044849396
494391	0.06954410672187805
273208	0.1932002305984497
59201	0.15373434126377106
103749	0.25414031744003296
32070	-0.046598196029663086
484681	0.1302739530801773
104270	0.09208008646965027
533839	0.02344440296292305
457528	0.18756304681301117
415063	0.20448143780231476
425820	0.0024676986504346132
219491	0.193478062748909
313701	0.17726469039916992
570222	0.12587064504623413
39281	0.5526502728462219
116082	0.15295377373695374
561012	0.020745951682329178
32120	0.1608492136001587
228212	0.17772729694843292
444282	0.052391167730093
501630	0.2358926236629486
371585	0.11242715269327164
146831	0.07908836752176285
252820	0.5208483338356018
240535	0.11141786724328995
453031	0.12213755398988724
507305	0.193683460354805
293802	0.1266418844461441
526763	0.25264883041381836
473521	0.12922632694244385
453042	0.15657268464565277
73652	0.37308597564697266
159161	0.14200742542743683
34463	0.06954410672187805
435645	0.573971152305603
106430	0.3016287088394165
538047	0.1262417882680893
103361	0.21442216634750366
195522	0.07417401671409607
452039	-0.003990611527115107
127435	0.12371508777141571
276429	0.1970527321100235
276434	0.15987713634967804
52181	0.062209438532590866
312791	0.12880659103393555
191449	0.18874680995941162
184282	-0.051476579159498215
154588	0.1182781308889389
276449	0.06716460734605789
447469	0.06901158392429352
118270	0.1256781369447708
