119680	-0.07301478832960129
572336	0.05178162083029747
377860	0.18029040098190308
243977	0.41359567642211914
27403	0.4598824679851532
20621	-0.04783954098820686
477840	0.16499246656894684
400280	0.15961681306362152
289318	0.2186020314693451
80019	-0.00960222166031599
274478	0.11557916551828384
131128	0.09505923837423325
246296	0.04889397323131561
572057	0.02230365388095379
212762	0.032072849571704865
428702	0.056526243686676025
545696	0.10132718086242676
418480	0.4689939320087433
465186	0.6018442511558533
388259	0.09602469950914383
222628	0.05288496986031532
483312	0.1484588086605072
118694	0.1978958398103714
475559	0.3771526515483856
130600	0.1029767096042633
402603	0.26761841773986816
162988	0.000768377329222858
100023	0.07021842151880264
81966	0.09194014221429825
538798	-0.03842636197805405
288176	0.3660372793674469
200136	0.14373300969600677
142898	0.24099528789520264
371509	0.07349220663309097
156937	0.19216258823871613
179128	0.11640157550573349
567668	0.08558694273233414
202975	-0.06498264521360397
86417	0.029190165922045708
453194	0.08873598277568817
215998	0.06379145383834839
571467	0.15583820641040802
532678	0.011164026334881783
352963	0.11832363903522491
496580	0.12430023401975632
265542	0.42192214727401733
177864	0.4028260111808777
208634	0.009555164724588394
221642	0.20107771456241608
454731	0.25718268752098083
221004	0.08651707321405411
268109	0.0830196812748909
131662	0.0911792442202568
529616	0.028071604669094086
244024	0.5284930467605591
172242	0.06673746556043625
312788	0.12704776227474213
505149	0.274503231048584
44739	0.08605822920799255
528984	0.08694050461053848
222937	0.0003809583140537143
408794	0.0595698319375515
181399	-0.0005012290785089135
452014	-0.022191843017935753
258014	0.20657595992088318
197087	0.04571167007088661
192848	0.15871469676494598
344891	0.16702277958393097
14417	0.11851748079061508
91368	0.14688153564929962
483311	0.13381896913051605
243952	0.0998869389295578
98291	0.02072998695075512
565712	0.07558274269104004
442618	0.08701696246862411
48409	-0.00785673689097166
577789	0.042848940938711166
