125955	0.37756219506263733
192006	0.25368475914001465
19468	0.16257981956005096
47120	0.43970245122909546
485394	0.33241894841194153
311328	0.40801694989204407
69666	0.500805675983429
233514	0.451029896736145
310834	0.31412532925605774
81589	0.4479333162307739
440897	0.27303406596183777
448581	0.21041196584701538
364615	0.25146904587745667
432713	0.3794112503528595
389306	0.3415127396583557
458854	0.3051101267337799
443496	0.44409018754959106
219666	0.2898312509059906
119918	0.3875671327114105
188605	0.3323369324207306
310900	0.3890504240989685
168447	0.42319637537002563
122490	0.37046000361442566
497283	0.2576240003108978
419972	0.4375283718109131
266888	0.12858335673809052
383281	0.3615136742591858
488082	0.17717602849006653
393838	0.5089152455329895
314518	0.23727792501449585
520346	0.4008697271347046
188063	0.37176981568336487
262818	0.3066771924495697
375469	0.4705312252044678
140982	0.36252376437187195
389818	0.3032298684120178
393933	0.485932856798172
396751	0.3076634407043457
497885	0.3459527790546417
25319	0.4240034818649292
363762	0.20334985852241516
556281	0.39915284514427185
497404	0.2084053009748459
59645	0.15194152295589447
122627	0.43803656101226807
348932	0.4427327811717987
308918	0.4014858305454254
487697	0.28410962224006653
224899	0.30757343769073486
152341	0.19156204164028168
77590	0.10191698372364044
226585	0.27296215295791626
172321	0.17434605956077576
573733	0.2247667908668518
275238	0.5456455945968628
121137	0.34930893778800964
326446	0.22743694484233856
438592	0.2640078365802765
146758	0.26346850395202637
218962	0.34153488278388977
21849	0.4707674980163574
535388	0.4046283960342407
408926	0.33910322189331055
409952	0.44339075684547424
432786	0.2758844792842865
82804	0.40858617424964905
170872	0.4795282185077667
324987	0.36851662397384644
355710	0.4267771244049072
507264	0.33839860558509827
37441	0.16778042912483215
122252	0.36886921525001526
375182	0.437208354473114
487838	0.33020201325416565
423327	0.18417897820472717
526240	0.374430775642395
117744	0.3754386305809021
374181	0.17371469736099243
422825	0.49158409237861633
354735	0.26750999689102173
486322	0.24492454528808594
262072	0.3401181101799011
122319	0.1930173635482788
291909	0.2504647970199585
512469	0.24929599463939667
420831	0.31960195302963257
225275	0.4731166362762451
254442	0.4764762818813324
310763	0.4099709689617157
460272	0.42533740401268005
245753	0.1742342710494995
464891	0.3331943154335022
196095	0.3112466037273407
