363013	0.12177997082471848
19464	0.06311950087547302
189449	0.010907107032835484
214542	0.14102229475975037
510488	0.09993410110473633
409113	0.1425585150718689
520221	0.14270305633544922
185891	0.09096387773752213
34737	0.12915492057800293
520243	0.26250651478767395
510006	0.13011696934700012
302005	0.18692940473556519
355908	-0.003348005237057805
54865	0.15858471393585205
33366	0.12915492057800293
235617	0.04191768169403076
424035	0.09666440635919571
198249	0.06608660519123077
130160	0.11336609721183777
157827	0.07896166294813156
185110	0.09210092574357986
450584	0.11174824833869934
288406	0.3918679654598236
474137	0.04336749017238617
435874	0.2104150801897049
290994	0.19308426976203918
504499	0.07315526902675629
353984	0.2065315991640091
272577	0.05349579453468323
107203	0.14954884350299835
197833	0.09719432890415192
532173	0.13985934853553772
11998	0.16186708211898804
459492	0.2399762123823166
532710	0.10558509826660156
511730	0.057753030210733414
267003	0.2239772081375122
323327	-0.04646415263414383
130319	0.023461677134037018
91921	0.1274552047252655
165138	0.1247195228934288
522006	0.2613098919391632
447255	0.0009965533390641212
181018	0.168998122215271
522528	0.14524351060390472
407843	0.03182006999850273
505128	0.07593056559562683
314669	-0.007653748616576195
210222	0.15733754634857178
274736	0.02449655532836914
336191	0.5827015042304993
218508	-0.011258098296821117
257356	0.058325689285993576
457555	0.042334605008363724
365913	0.06643769890069962
401755	0.11401243507862091
135516	0.15957975387573242
525156	0.15106584131717682
491368	0.09254764765501022
426857	0.1649969518184662
107888	0.13793867826461792
560497	-0.07674435526132584
377720	0.23170632123947144
550777	-0.027556022629141808
45434	0.13283246755599976
57724	0.073105089366436
487295	-0.003839535405859351
35722	0.12915492057800293
174487	0.2409314215183258
400780	0.3730354309082031
148877	0.12240391224622726
369555	0.12479175627231598
551318	0.12915492057800293
412571	0.10685176402330399
221615	0.09904439747333527
470344	-0.04346136003732681
475064	0.03366566449403763
284089	0.1753993034362793
147898	0.1260836124420166
118206	-0.027844764292240143
302016	0.03891651704907417
183233	0.06962326914072037
240200	-0.004451957996934652
135500	0.07190986722707748
195542	0.17528186738491058
581595	0.17583373188972473
136678	0.2588713467121124
224233	0.23052000999450684
196079	-0.013326124288141727
33778	0.12915492057800293
327672	0.07440488785505295
46079	0.23571482300758362
