456448	0.5784375667572021
314369	0.4985922574996948
93995	0.4963243305683136
385798	0.5951113104820251
440583	0.5136337280273438
347948	0.4207269251346588
233994	0.5527604818344116
355851	0.5048637986183167
169741	0.5980927348136902
475278	0.5860258340835571
300049	0.6774877905845642
228291	0.6452578902244568
76437	0.6002758145332336
197766	0.5090087652206421
12825	0.17469145357608795
94106	0.5498242378234863
156187	0.659193754196167
524060	0.5381940007209778
457373	0.34964683651924133
549662	0.6020068526268005
390048	0.360444039106369
402209	0.6534479856491089
411419	0.6023597717285156
532900	0.5576615929603577
544805	0.6465378999710083
87591	0.44650372862815857
399580	0.6172522902488708
216619	0.6315937638282776
302764	0.5854983925819397
580978	0.5925011038780212
407496	0.5870043039321899
169783	0.6464239358901978
548408	0.48208653926849365
272697	0.41447213292121887
502655	0.4128592312335968
550460	0.724149227142334
133322	0.7039198279380798
153667	0.6366803646087646
437316	0.6896116137504578
506693	0.5969142913818359
26102	0.5827056169509888
152264	0.816291868686676
375882	0.23302829265594482
474401	0.5612148642539978
476366	0.4863303303718567
209999	0.4628787338733673
33104	0.4825986921787262
257361	0.6020683646202087
289362	0.5496372580528259
418899	0.6147533059120178
132564	0.6378823518753052
309134	0.5518795847892761
422742	0.6296344995498657
383363	0.5812385082244873
392153	0.5504748225212097
257115	0.6386910676956177
383324	0.4616486132144928
192990	0.2860580384731293
373855	0.3972990810871124
189361	0.38345566391944885
356707	0.4419441521167755
373907	0.40148618817329407
392017	0.5342649817466736
297449	0.5295524597167969
220918	0.5170193910598755
409967	0.3281526565551758
367984	0.6104292869567871
35883	0.4525008499622345
413170	0.5281732678413391
551155	0.5913744568824768
26101	0.5827056169509888
135926	0.5800780057907104
488696	0.6462897658348083
131065	0.5010055899620056
189434	0.49536213278770447
547839	0.6550170183181763
213500	0.6262860894203186
512882	0.5869390368461609
87679	0.5465202331542969
