117259	0.4540555775165558
108564	0.07156021893024445
239136	0.5841103792190552
30244	0.3269154727458954
141368	0.14949263632297516
523334	0.13444672524929047
146511	0.02076704055070877
505431	0.1865605264902115
386149	0.21753618121147156
171111	0.04416278377175331
465002	0.38955870270729065
266350	0.4016096591949463
125554	0.11762642860412598
538245	-0.02124030888080597
495755	0.11176208406686783
198800	0.1218806803226471
403109	0.43589356541633606
538280	0.10134346038103104
270507	0.03715933486819267
280008	0.48449501395225525
484535	0.0384439080953598
386234	0.11230053752660751
141013	0.22554676234722137
556580	0.15397800505161285
48348	0.34633201360702515
485605	-0.06799443811178207
364272	0.1583041399717331
103669	0.37134262919425964
433365	0.12120294570922852
238848	0.6556858420372009
413454	0.031881049275398254
485848	-0.05392978712916374
48345	0.15886537730693817
91417	0.15613220632076263
119069	0.16401192545890808
386851	0.0671764463186264
363330	0.18927139043807983
108363	0.1439254730939865
482639	0.06568661332130432
400215	0.15834863483905792
180063	0.08591309934854507
468322	0.13893015682697296
417133	0.21742044389247894
370038	0.16338075697422028
534912	0.20602965354919434
121221	0.13944652676582336
232328	0.09460461139678955
232337	0.1761510670185089
42914	0.16583240032196045
438713	0.023062093183398247
484286	0.0970550999045372
402369	-0.029691249132156372
172483	0.4178926944732666
362451	0.16010738909244537
581080	0.09053482860326767
23008	0.21810539066791534
146401	0.20397864282131195
231394	0.14775528013706207
110061	0.10020525753498077
558063	0.1488805115222931
107513	-0.030685001984238625
70650	0.44585415720939636
146939	0.14419060945510864
