175620	0.10068482160568237
451589	0.23327681422233582
72198	0.059976425021886826
219667	0.29493197798728943
162333	0.10741682350635529
279582	0.026336614042520523
422943	0.2874566912651062
299042	0.08201228827238083
463913	0.215524822473526
271454	0.28185704350471497
169014	0.17727811634540558
169529	0.23847804963588715
421434	0.6114726066589355
244795	0.3965608775615692
169397	0.19544266164302826
444488	0.22892048954963684
446546	0.3965257406234741
189014	0.1321755349636078
189015	0.20108725130558014
189016	0.04722842201590538
444502	0.44488078355789185
581214	0.13063190877437592
444517	0.2625908851623535
118897	0.35387206077575684
178807	0.5654721856117249
402556	0.10575895756483078
447109	0.3272054195404053
377992	0.41270187497138977
470157	0.04097864776849747
440467	0.09217975288629532
547495	0.16649889945983887
280747	0.15236392617225647
122028	0.4768519997596741
427693	0.04511065408587456
82606	0.19247332215309143
138931	0.06279950588941574
563389	0.1679372936487198
83135	0.5004457235336304
478405	0.06762952357530594
530139	0.15811659395694733
41186	0.03764309361577034
533735	0.14953705668449402
507687	0.15659497678279877
158077	0.18805775046348572
291070	0.4513413608074188
478463	0.033608220517635345
428803	0.2812963128089905
520970	0.13324198126792908
148750	0.24833513796329498
169747	0.16470180451869965
404775	0.36673590540885925
7304	0.49163204431533813
497976	0.4294396638870239
580411	0.05192197114229202
30013	0.2712029814720154
497983	0.4150071144104004
250696	0.029927896335721016
553802	0.05177857354283333
360162	0.1607866883277893
442196	0.2711127996444702
240983	0.4375557601451874
509784	0.37084734439849854
152932	0.20518098771572113
169318	0.21217243373394012
168819	0.21302902698516846
523124	0.28316906094551086
578935	0.20852530002593994
444282	0.16335995495319366
429948	0.22250701487064362
429949	0.27976658940315247
444288	0.2590515613555908
444290	0.3810979127883911
109455	0.3251831829547882
350300	0.17412474751472473
168849	0.32809674739837646
169884	0.17006193101406097
18334	0.4710676968097687
452513	0.4973214566707611
138146	0.37636542320251465
20899	0.03878781571984291
387493	0.2733265459537506
221612	0.3374839723110199
201138	0.1259419173002243
144821	0.21060048043727875
298938	0.41917410492897034
495042	0.07499359548091888
210885	0.14824821054935455
490438	0.11668873578310013
13217	0.14771214127540588
263627	0.1781812608242035
557010	0.11762015521526337
446939	0.26149246096611023
188071	0.23706088960170746
521197	0.3866257667541504
248819	0.008720452897250652
168948	0.2648024559020996
394746	0.17438118159770966
228349	0.24374176561832428
255999	0.0484691746532917
