488193	0.7627802491188049
16321	0.42830967903137207
405128	0.7005409598350525
227595	0.26667267084121704
231438	0.2778368592262268
390543	0.7478417158126831
495376	0.7387490272521973
287633	0.3048338294029236
565394	0.477495014667511
76569	0.7960505485534668
379418	0.6821293830871582
347164	0.1139712706208229
287006	0.2924474775791168
443175	0.23168089985847473
433960	0.23478229343891144
273052	0.8492247462272644
575791	0.7003228068351746
575304	0.19709435105323792
4232	0.5309973955154419
430478	0.6132057309150696
488119	0.6747616529464722
473530	0.2100587636232376
473531	0.2100587636232376
419262	0.297439843416214
265791	0.24800162017345428
378304	0.30161333084106445
365633	0.19789786636829376
261826	0.19434091448783875
544581	0.28697046637535095
287560	0.839743971824646
188491	0.7322365641593933
188492	0.7322365641593933
337873	0.8337399363517761
581077	0.5885134339332581
430479	0.6213820576667786
295263	0.6135773062705994
225063	0.23525886237621307
481902	0.32981187105178833
562671	0.9028695225715637
31862	0.16572421789169312
433961	0.2971361577510834
20344	0.8094777464866638
365690	0.19789786636829376
39677	0.5274387001991272
