385541	0.14160116016864777
320009	0.21103879809379578
266252	0.2005770057439804
161807	0.07961197942495346
107548	0.3324306905269623
319024	0.18932248651981354
320049	0.1796337068080902
181306	0.025652561336755753
182337	0.3256487548351288
318030	0.3443366587162018
318032	0.3443366587162018
274001	0.1657702624797821
540757	0.14751988649368286
295510	0.10916770994663239
363281	0.18904046714305878
284263	0.5445638298988342
317033	0.2554711699485779
31335	0.5776727795600891
322679	0.2332867980003357
276103	0.3018570840358734
17041	0.23189879953861237
200860	0.32117632031440735
461470	0.4564014971256256
405664	0.33309856057167053
278691	0.26094067096710205
204964	0.34028446674346924
105638	0.5252143144607544
87720	0.07661189138889313
362153	0.14001865684986115
202410	-0.02793106995522976
414895	0.6276969313621521
13488	0.05546754598617554
46263	0.17024101316928864
376508	0.2798335552215576
465600	0.2348090261220932
241858	0.15123170614242554
319172	0.2039884626865387
319173	0.2039884626865387
389319	0.08004219084978104
440009	0.34178829193115234
453327	0.27710339426994324
321745	0.09031443297863007
311001	0.11349932849407196
320731	0.23514655232429504
261852	0.10985870659351349
230116	0.10780657082796097
300773	0.2935127913951874
241897	0.19346930086612701
261870	0.10985870659351349
448751	0.19499912858009338
515313	0.33405593037605286
150263	0.1170736774802208
198403	0.40462377667427063
51462	0.0964958667755127
284424	0.12673461437225342
237328	0.0202381182461977
142097	0.5334126949310303
179474	0.28693753480911255
167191	0.030751125887036324
444700	0.07427898049354553
444706	0.1823151856660843
322346	0.18932248651981354
161595	0.4978410303592682
95041	0.11683117598295212
166283	0.030751125887036324
170311	0.6139909029006958
425806	0.22934117913246155
327504	0.272182822227478
396113	0.01206943392753601
425814	0.18609896302223206
159632	0.2153312861919403
348475	0.16217653453350067
232804	0.046576566994190216
457576	0.12452787160873413
364905	0.08686629682779312
323947	0.2321881353855133
293232	-0.039837900549173355
480115	0.19122087955474854
537469	0.1555953025817871
211842	0.6298131346702576
435082	0.40502387285232544
381323	0.16246353089809418
465806	0.1786205768585205
539024	0.3858455717563629
435603	0.4475997984409332
918	0.01970065012574196
348060	0.25635552406311035
284593	0.4259684383869171
228786	0.10390692949295044
494003	0.2786945104598999
494004	0.2786945104598999
325564	0.19911107420921326
348605	0.1094268262386322
494016	0.355503648519516
54432	0.23666495084762573
520645	0.3380264639854431
166343	0.030751125887036324
241613	0.19860106706619263
41428	0.038151711225509644
492501	0.273140013217926
199640	0.3392821252346039
405467	0.1399465948343277
297956	0.6867493391036987
179878	0.1533292979001999
71662	0.17385955154895782
318965	0.223432257771492
457209	0.20566301047801971
250876	0.21744701266288757
219135	0.09805146604776382
