358413	0.3974953889846802
81433	0.3169476091861725
49690	0.4080120921134949
380955	0.41871705651283264
540193	0.33522576093673706
145954	0.31503909826278687
352347	0.5597882270812988
240561	0.28266045451164246
553019	0.5183788537979126
24638	0.4377928376197815
201279	0.3897741138935089
521799	0.2585846781730652
412235	0.43993160128593445
439887	0.36678534746170044
248912	0.2998831570148468
548707	0.40928399562835693
205913	0.4006558954715729
205914	0.4040384590625763
205915	0.40449732542037964
131173	0.3782668113708496
381040	0.4141499698162079
455443	0.3314664363861084
491129	0.5291438102722168
105602	0.3139648735523224
255123	0.4078657031059265
255124	0.4078657031059265
529557	0.4580226242542267
529560	0.4748310148715973
529561	0.551934003829956
529564	0.46961864829063416
529565	0.4159471392631531
108706	0.38425710797309875
118440	0.5233681201934814
41658	0.1935797482728958
41659	0.3125280737876892
548029	0.391801655292511
288962	0.5768709778785706
540194	0.33522576093673706
103118	0.5271355509757996
423124	0.4152134656906128
423125	0.4152134656906128
572708	0.5756916999816895
570597	0.3416237235069275
78054	0.4133133590221405
314089	0.29530420899391174
418027	0.5385941863059998
74479	0.3919970989227295
353012	0.5033634901046753
15618	0.3635910153388977
334090	0.5201675891876221
418064	0.5440813899040222
160531	0.4666527807712555
343828	0.5046699643135071
86805	0.40668997168540955
213785	0.34342455863952637
572706	0.35562193393707275
27428	0.5220759510993958
418090	0.4936729073524475
174892	0.3919970989227295
265517	0.43838223814964294
49532	0.3054191470146179
177458	0.4587278664112091
64824	0.5347883105278015
140089	0.4154423773288727
140090	0.4534451365470886
140091	0.4268380105495453
527166	0.3003934323787689
343876	0.38928937911987305
174918	0.35840603709220886
372193	0.49080178141593933
239075	0.49044546484947205
71000	0.35778552293777466
9570	0.37859365344047546
9571	0.37532833218574524
435563	0.5410694479942322
359795	0.6257194876670837
314747	0.43645238876342773
314748	0.43645238876342773
299908	0.5410694479942322
552342	0.4306439161300659
79753	0.39364928007125854
316309	0.43645238876342773
470934	0.31396710872650146
552862	0.4194330871105194
202737	0.44443732500076294
427950	0.4998364746570587
157105	0.36328357458114624
245170	0.45770636200904846
561631	0.443623423576355
182864	0.3824470043182373
372194	0.49080178141593933
372195	0.49080178141593933
372196	0.49080178141593933
542705	0.5183788537979126
