407241	0.0832253023982048
407744	0.07200753688812256
415147	0.1726841777563095
201732	0.08130943030118942
128393	-0.055521659553050995
564362	0.06493430584669113
27532	0.09058164060115814
150589	0.17356185615062714
451181	0.0698513612151146
28048	0.05587815120816231
81298	0.12197243422269821
27539	0.030586468055844307
62101	0.0515802763402462
5270	0.02833983115851879
314136	0.034701745957136154
86148	0.12930551171302795
288282	0.4747838079929352
235419	0.08627424389123917
579228	0.1454567015171051
198557	0.01937626115977764
107639	0.1359858512878418
5279	0.04940852150321007
413600	0.10947246104478836
87841	0.015299960970878601
838	0.07383038848638535
5284	0.006680124904960394
91718	0.0891822874546051
387494	0.06100893393158913
51879	0.034956835210323334
399016	-0.015472437255084515
68905	0.037086211144924164
248813	0.13106860220432281
502451	0.024555593729019165
563252	0.041534386575222015
27573	0.09080004692077637
75062	-0.04547795280814171
502455	0.009175987914204597
398521	-0.005143602844327688
53818	0.10257723182439804
68925	-0.023444171994924545
59559	0.1359921097755432
392511	0.008705951273441315
127936	0.03482615575194359
12101	0.055096451193094254
14534	0.021919546648859978
839	0.07383038848638535
51148	0.050641268491744995
436298	-0.10279203951358795
84683	0.033488932996988297
68812	-0.05543830245733261
51662	0.11829984188079834
6863	-0.006516375113278627
178768	0.019460981711745262
333134	0.036024875938892365
344405	0.2936640977859497
60537	0.021906381472945213
129114	0.02120637148618698
68828	-0.03527618944644928
91706	0.06146003678441048
415125	0.08622973412275314
570721	0.05543581768870354
31202	0.10780758410692215
211173	0.037631623446941376
563815	0.17256620526313782
295272	0.03336520120501518
762	0.03678495064377785
87402	0.20096556842327118
63851	0.014027887023985386
88685	0.01614464446902275
398447	0.07399923354387283
6897	0.041534386575222015
207605	0.07321169972419739
258551	0.02986445464193821
56057	0.07146475464105606
564218	0.07175497710704803
127935	0.017027495428919792
414399	0.08102087676525116
113022	0.08958100527524948
529407	0.16964052617549896
