398849	0.16891740262508392
267269	0.1089564710855484
306709	0.15890158712863922
389143	-0.037459369748830795
91672	0.36011940240859985
268319	0.1567257046699524
503842	0.3054184317588806
469546	0.08363641798496246
438835	-0.04501451179385185
429109	0.3368598520755768
438840	0.006350481417030096
163906	0.4940979480743408
508494	0.23340138792991638
19537	0.18239924311637878
227936	-0.018652109429240227
371299	0.44627222418785095
517732	0.3244435489177704
217201	0.13836586475372314
217202	0.13615204393863678
350331	0.2577062249183655
216195	0.3760203719139099
216710	0.055891986936330795
216711	0.055891986936330795
498314	0.25133436918258667
188560	0.37531572580337524
188562	0.5880134701728821
269463	0.18083491921424866
539289	0.21005138754844666
478882	0.19257302582263947
236195	0.06809622794389725
188585	0.4847361147403717
26283	0.3038053512573242
465073	0.16402140259742737
503474	0.3821372091770172
193212	0.07369007170200348
417982	0.1389300674200058
510657	0.2394283562898636
388300	0.2109570950269699
504525	0.12136191129684448
572110	0.9540767669677734
546517	0.30031001567840576
504100	0.2606152892112732
366299	0.20862381160259247
366300	0.20862381160259247
392927	0.12117555737495422
217314	0.10172256082296371
154851	0.40404263138771057
188649	0.13873115181922913
504042	0.2402123063802719
193259	0.00957663357257843
511726	-0.15938392281532288
537845	0.18349361419677734
154360	0.325406014919281
254713	0.12217430770397186
504315	0.287950336933136
381184	0.3769908547401428
184578	0.259663462638855
283399	0.13092249631881714
283400	0.16783690452575684
458507	0.2611635625362396
184588	0.25884711742401123
458509	0.24251863360404968
153363	0.3027832806110382
292129	0.09712617844343185
292132	0.08483543246984482
216873	0.5315505266189575
104749	0.18321579694747925
184622	0.3395417332649231
418100	0.16783024370670319
185652	0.09075666964054108
536379	0.014704716391861439
402751	0.09593307226896286
187717	0.19915442168712616
331590	0.15088008344173431
155977	0.43641093373298645
430413	0.5499256253242493
155987	0.23568053543567657
500569	0.3020254373550415
389990	0.10366876423358917
10091	0.20865166187286377
156016	0.12079456448554993
390002	0.07760436087846756
576885	0.3238140046596527
376694	0.36431649327278137
543612	0.2341529279947281
374655	0.3441578149795532
220045	0.0699806958436966
153494	-0.01849667727947235
439711	0.11868173629045486
107936	0.5811184644699097
475554	0.29357191920280457
395179	0.09599792957305908
2477	0.2075638473033905
383928	0.1591106355190277
531897	0.1906503587961197
374717	0.3597911298274994
133577	0.23437681794166565
236194	0.15989962220191956
217044	0.40440165996551514
396246	0.1145557314157486
154361	0.6621819138526917
379361	0.26074472069740295
190435	0.800362229347229
182245	0.13621613383293152
562151	0.5875962376594543
50152	0.13960939645767212
577009	0.2878738045692444
208885	0.014790785498917103
156155	0.21122559905052185
