296966	0.05587932467460632
411655	0.08585207164287567
547337	0.13200309872627258
288268	0.4406024217605591
310804	0.050797782838344574
381615	0.12689246237277985
158755	0.11027829349040985
328744	0.1094527393579483
303708	0.17611384391784668
453681	0.05117519572377205
181302	0.11636339873075485
275511	-0.05158388242125511
215306	0.06200578063726425
70719	0.1784512847661972
548420	-0.06445824354887009
294472	0.05600424110889435
130638	0.18370898067951202
222805	0.14293912053108215
356439	0.12466032058000565
236634	0.14413662254810333
468572	0.11792271584272385
209504	0.10478682816028595
507323	0.020612388849258423
463470	0.3412545323371887
462450	0.24431177973747253
310902	0.11225344240665436
386168	0.058164339512586594
220796	0.13148227334022522
206464	0.1857026368379593
383629	-0.004614157136529684
175766	0.24089619517326355
325402	0.22648796439170837
206496	0.17330606281757355
399010	0.07779877632856369
448173	0.049676563590765
479407	0.10373954474925995
429747	0.05380835011601448
392889	0.15372033417224884
553664	0.24250780045986176
180424	0.10422252863645554
112847	0.0437939278781414
267493	0.09974981844425201
164071	0.10737081617116928
171756	0.21506817638874054
190195	0.12374786287546158
396023	0.17378970980644226
372478	0.08548112958669662
176390	0.39846593141555786
486666	0.13022460043430328
146702	0.19166003167629242
222999	0.012956495396792889
326938	0.10842444747686386
213796	0.15803882479667664
89894	0.1230914369225502
386353	0.1561557650566101
94015	0.2020520567893982
547180	0.1571158766746521
16238	0.11452843248844147
97143	0.16249901056289673
456057	0.1499929428100586
190335	0.1284206658601761
460170	0.20033225417137146
114583	0.20258237421512604
308621	0.036976635456085205
480144	0.08151613175868988
487826	0.02326418273150921
355734	0.13560935854911804
404375	0.1077304482460022
358808	0.1665165275335312
455588	0.18155087530612946
30365	0.056260157376527786
285113	0.009646373800933361
372667	0.1728627234697342
551871	0.037521351128816605
373920	0.08877343684434891
417218	0.12710222601890564
363464	0.17270620167255402
171470	0.20848213136196136
93148	0.055403608828783035
219614	0.4543963670730591
202209	0.12727996706962585
431600	0.08329690992832184
73201	0.39846593141555786
521204	0.17742803692817688
161279	0.1912481188774109
