156416	0.12059556692838669
215559	0.06895986944437027
47638	0.031297169625759125
217117	0.10938335210084915
503326	0.16885264217853546
155679	0.10898628830909729
114219	-0.053650833666324615
214066	0.14396801590919495
163894	0.16256648302078247
217144	0.05056966468691826
559166	0.09913995116949081
155713	0.029486453160643578
33860	0.1076757088303566
139191	0.10508294403553009
31316	-0.030385645106434822
536150	0.09226594120264053
469079	0.10862797498703003
93280	0.13315391540527344
81506	0.10213984549045563
156266	0.20375151932239532
175211	0.5730574131011963
575596	0.11442432552576065
57967	0.05587666854262352
577139	0.16346484422683716
363009	0.15934009850025177
410230	0.03750095143914223
221972	0.10868636518716812
216186	0.21449095010757446
75388	0.17340445518493652
154218	-0.01760714314877987
60543	0.1739240437746048
35459	0.06833621114492416
462992	0.1378249228000641
13460	0.04947567731142044
152728	-0.013057224452495575
136860	0.10582127422094345
106654	0.05886198580265045
1187	0.3054432272911072
266919	0.048810720443725586
467119	0.014717652462422848
429245	0.16874073445796967
452291	0.12245068699121475
576713	0.14822427928447723
388299	0.12251287698745728
328403	0.03732199966907501
510167	-0.06407388299703598
37080	0.06833621114492416
137437	0.17400306463241577
15484	0.09521274268627167
372972	0.08894328773021698
169427	0.1666242778301239
156405	0.06501908600330353
169215	0.14163483679294586
175360	0.5960938334465027
3845	0.0890960842370987
35591	0.007432295009493828
223496	0.12048839032649994
2314	0.07651831209659576
169373	0.18197552859783173
175379	0.08700741827487946
175380	0.5221585035324097
189720	0.04521671310067177
150299	0.14220337569713593
169246	0.14200106263160706
558379	0.05570210516452789
84780	0.013522140681743622
410333	0.06754998862743378
40754	0.06991848349571228
470325	0.09653431922197342
216903	0.4582323729991913
315208	-0.0178062841296196
186185	0.11855432391166687
154443	0.08087252080440521
111974	0.011649752967059612
156013	0.5600225329399109
168823	0.18466418981552124
153470	0.1170407310128212
488324	0.011215179227292538
576748	0.1720564216375351
419216	0.013864888809621334
153495	0.1719028502702713
153501	0.13900429010391235
503711	0.18011489510536194
407457	0.1295803189277649
2978	0.1633974313735962
575911	0.42812448740005493
35757	-0.05503726378083229
285597	0.1076757088303566
144304	0.15309929847717285
154036	0.17965006828308105
57271	0.036760635673999786
412601	0.06660357862710953
573882	0.21987169981002808
282557	0.03057100623846054
169416	0.1919870376586914
473551	0.17514657974243164
488912	0.01691383495926857
307667	0.004329363349825144
33759	0.06833621114492416
92129	0.11051063984632492
33765	0.06833621114492416
154023	0.16654883325099945
353260	0.03169496729969978
108018	0.15504135191440582
57336	0.04012584686279297
218708	0.08551458269357681
