106496	0.9299879670143127
499720	0.9475239515304565
67086	0.9390999674797058
237229	0.4739133417606354
490992	0.9596467614173889
236292	0.9673256278038025
253979	0.6466805934906006
195108	0.8195160627365112
533030	0.9473258852958679
261671	0.9582717418670654
178732	0.8896809220314026
471085	0.9617500901222229
269873	0.9234263300895691
269874	0.9364224076271057
512056	0.6513676047325134
508475	0.7656598687171936
512060	0.830432653427124
105543	0.899624764919281
238665	0.9001471996307373
49227	0.9836475253105164
25684	0.8178523778915405
529493	0.9449958205223083
529502	0.9186858534812927
471135	0.7243485450744629
49248	0.810544490814209
49250	0.7454719543457031
2147	0.8245726823806763
504425	0.6105192303657532
88176	0.571190357208252
342131	0.9414944052696228
506998	0.9241230487823486
297088	0.9313436150550842
229010	0.8854973316192627
52373	0.8728172183036804
229014	0.7974276542663574
215192	0.8474391102790833
341145	0.9265280365943909
215196	0.5415286421775818
139421	0.94169020652771
523423	0.7844669222831726
8865	0.9509512782096863
340647	0.9215154051780701
177834	0.9999999403953552
237228	0.9999999403953552
52397	0.9221182465553284
286895	0.861467182636261
473776	0.915349543094635
205505	0.8637189865112305
80068	0.7703403830528259
80069	0.7843024134635925
435952	0.9033129811286926
236789	0.8266941905021667
236791	0.8591233491897583
451321	0.7726293206214905
309499	0.6343528628349304
2812	0.921966552734375
7423	0.9158963561058044
67332	0.8671238422393799
272133	0.7034225463867188
31499	0.8686320781707764
266005	0.9371775984764099
463133	0.8808030486106873
86823	0.9018557667732239
462122	0.7574734091758728
540465	0.9673256278038025
239924	0.9617500901222229
529725	0.8860092163085938
280394	0.9836475253105164
147789	0.7383338212966919
343374	0.9384312033653259
265101	0.8109598755836487
540498	0.7544541954994202
461651	0.9223237633705139
515412	0.883074164390564
286553	0.9166417121887207
444762	0.916948139667511
73051	0.9999999403953552
572767	0.6747955083847046
264389	0.6292694211006165
435064	0.5558930039405823
200057	0.850031316280365
353659	0.9561988115310669
120193	0.9102138876914978
104330	0.9617500901222229
495501	0.8939446210861206
265103	0.9595174789428711
468881	0.883180558681488
145300	0.7472307682037354
474006	0.8287509679794312
19355	0.9080836772918701
415648	0.8647682070732117
205217	0.8637189865112305
382148	0.9836475253105164
436133	0.8455911874771118
90034	0.8015879988670349
495946	0.9999999403953552
145345	0.878990888595581
177604	0.9222756624221802
410958	0.8388972282409668
89566	0.5193079710006714
435167	0.5558930039405823
258530	0.7454974055290222
565222	0.9999999403953552
435692	0.9249352216720581
472560	0.9798477292060852
125267	0.6750666499137878
99830	0.7861347794532776
454653	0.914341151714325
275454	0.828721284866333
