332804	0.1348867118358612
312328	0.10783669352531433
165898	-0.004758225753903389
386571	0.16220150887966156
505873	-0.03087528981268406
475158	0.10330241918563843
33309	-0.07329924404621124
273438	0.13222096860408783
293919	0.08437871187925339
127009	0.03932062163949013
242220	-0.16550005972385406
386615	0.0659089982509613
242235	0.1174999475479126
327228	0.07652683556079865
167491	-0.004758225753903389
157255	0.006954284850507975
308809	0.05401439964771271
149585	0.0950012058019638
107611	0.08236782252788544
341602	0.26449453830718994
241765	0.07935797423124313
279655	0.07853811979293823
426613	0.053041815757751465
76410	0.03486405685544014
197243	0.08157531917095184
145030	-0.03560246527194977
92306	0.09160192310810089
404631	0.3041311204433441
6809	0.037858057767152786
56986	0.06442076712846756
560802	0.13499654829502106
13489	0.11503401398658752
36533	-0.016343478113412857
179898	0.10479003936052322
21183	-0.049730900675058365
89280	0.1226605698466301
205508	0.05325813591480255
406726	0.18110795319080353
33995	0.03947698324918747
308940	-0.002715618349611759
7890	0.24013422429561615
70871	0.13094215095043182
394465	0.028622088953852654
128738	0.11481084674596786
98533	0.15722879767417908
512750	-0.04794728383421898
293615	0.022426042705774307
228595	0.11541418731212616
434421	0.1300671547651291
164086	0.050478823482990265
179447	0.009443709626793861
97531	0.12145978957414627
258811	0.08624529838562012
305421	-0.03706672042608261
440601	0.08306027948856354
36123	-0.07329924404621124
327452	0.10723448544740677
54567	0.08882718533277512
119090	0.10818685591220856
392672	0.037244077771902084
558915	-0.03969617187976837
373576	0.0439981184899807
19807	0.1778373122215271
373602	0.1407998651266098
446822	0.07650590687990189
164725	0.14231963455677032
13203	0.050674114376306534
42910	0.05515460669994354
242089	0.09989223629236221
490055	0.15475109219551086
441779	0.050849318504333496
440773	0.011576758697628975
293833	-0.053276050835847855
117196	-0.08560804277658463
327121	0.021732719615101814
327122	0.03279012441635132
328158	0.16345983743667603
7136	0.08437877893447876
501731	0.09197378903627396
363492	0.09182853996753693
284137	0.10344462096691132
142314	0.16691552102565765
98801	0.02271859161555767
332790	0.25739845633506775
292857	0.1748281717300415
59899	0.044486839324235916
