56578	0.3193528354167938
99858	0.528667688369751
570115	0.4304578900337219
63510	0.7216160893440247
106009	0.777411162853241
106010	0.777411162853241
338971	0.7176036238670349
540707	0.4901830554008484
5157	0.34246742725372314
415782	0.6878758072853088
469034	0.6041615009307861
337967	0.7316265106201172
30772	0.7699913382530212
288323	0.8137905597686768
428619	0.7859817147254944
395854	0.47408658266067505
64084	0.47305983304977417
273365	0.5437719225883484
93792	0.7534222602844238
415330	0.777411162853241
91749	0.3689119815826416
89200	0.7929925918579102
4211	0.3202859163284302
554612	0.7266899347305298
249470	0.7124925255775452
263300	0.5759828686714172
223882	0.6209549903869629
203403	0.25613099336624146
101518	0.8861934542655945
435350	0.8861934542655945
176294	0.9505169987678528
278199	0.7315109372138977
80058	0.15235017240047455
80067	0.7598596215248108
512787	0.38797760009765625
67291	0.5031291842460632
471772	0.6834213137626648
3298	0.27918705344200134
270064	0.36829718947410583
238839	0.8360064029693604
546552	0.3454526364803314
344318	0.74062579870224
63957	0.34442371129989624
578304	0.41390252113342285
578305	0.45647695660591125
578306	0.3362402319908142
56579	0.49296000599861145
178959	0.7249321341514587
84243	0.5128713250160217
512788	0.6552104949951172
351705	0.7025821805000305
79142	0.29617205262184143
454445	0.6552790999412537
16175	0.38810786604881287
335153	0.7209876775741577
91447	0.3941100239753723
465212	0.6693819761276245
139914	0.5698761940002441
115041	0.6869450211524963
163687	0.6936535239219666
359276	0.5519730448722839
64373	0.6909644603729248
288124	0.6867152452468872
273793	0.8628998398780823
302468	0.33592894673347473
118150	0.21131554245948792
302483	0.6434550881385803
554389	0.8624647855758667
426224	0.3144479990005493
337327	0.7674464583396912
63932	0.7019788026809692
81483	0.7030407786369324
285636	0.777411162853241
102856	0.15697693824768066
358346	0.384647935628891
538572	0.4124669134616852
538573	0.43116942048072815
538574	0.4507230818271637
538575	0.4507230818271637
538577	0.4507230818271637
538578	0.30519232153892517
538579	0.30519232153892517
95701	0.7206625938415527
538584	0.14734506607055664
538585	0.2567331790924072
538586	0.2567331790924072
538588	0.2943391501903534
538590	0.275272399187088
538591	0.2984476685523987
131554	0.43681782484054565
68068	0.6818270087242126
288233	0.8406090140342712
408044	0.46855857968330383
408046	0.6416123509407043
408047	0.5140080451965332
408048	0.520704984664917
408049	0.5162140727043152
408050	0.5458710193634033
408051	0.20516584813594818
472567	0.777411162853241
