481280	0.39265114068984985
212994	0.4836951792240143
405512	0.43474987149238586
444940	0.23920395970344543
112655	0.4224402904510498
222225	0.29577916860580444
405522	0.4529319703578949
428059	0.5465362668037415
36900	0.29895684123039246
195122	0.2648613452911377
480819	0.46887442469596863
390196	0.26007160544395447
21566	0.4245542883872986
230465	0.3170127868652344
209992	0.193683460354805
519241	0.18465737998485565
458827	0.4467969238758087
507469	0.3484260141849518
185869	0.14139385521411896
496730	0.49749764800071716
347229	0.386785626411438
449893	0.249036505818367
412770	0.4846644997596741
386662	0.14955729246139526
269939	0.1878509819507599
23164	0.2183041274547577
301183	0.34118300676345825
395906	0.46048882603645325
409233	0.3542245924472809
329877	0.29704174399375916
385175	0.5379987955093384
532127	0.4321266710758209
382625	0.3764473497867584
294050	0.19440802931785583
580260	0.5212027430534363
420517	0.40883031487464905
109225	0.3069916367530823
369848	0.2753605246543884
201401	0.5277872085571289
480960	0.2946341335773468
123595	0.20968906581401825
280791	0.34473779797554016
109272	0.23837679624557495
299739	0.2432602345943451
423644	0.3133286237716675
289502	0.3618633449077606
554720	0.19204959273338318
76004	0.0790216252207756
476902	0.257589727640152
256465	0.24782969057559967
538857	0.5605891942977905
36819	0.16711220145225525
281334	0.2093847393989563
281337	0.3533448576927185
184060	0.6498773694038391
36113	0.14906083047389984
417554	0.2837338447570801
535316	0.4808311462402344
348438	0.2101619988679886
38685	0.15024027228355408
11551	0.5421079993247986
255776	0.6589410305023193
568613	0.1479799449443817
450343	0.42858967185020447
410939	0.2394728809595108
500042	0.7636491656303406
481101	0.38976141810417175
207205	0.13287444412708282
290154	0.18839144706726074
570734	0.16447052359580994
535409	0.12486132234334946
509810	0.4341879189014435
409459	0.39362236857414246
136053	0.21969208121299744
149653	0.15412966907024384
423815	0.13054712116718292
500108	0.2642732262611389
216467	0.5462978482246399
569236	0.08781910687685013
132509	0.40590617060661316
132510	0.40204688906669617
575907	0.013445748947560787
252327	0.2146950215101242
22996	0.1203196719288826
353352	0.21965281665325165
131506	0.10091404616832733
212915	0.2191138118505478
287160	0.710168182849884
212921	0.5382782220840454
491972	0.08955584466457367
101837	0.5616346001625061
13777	0.6080461144447327
298451	0.5272129774093628
420516	0.3637581467628479
480847	0.8588215112686157
25564	0.5698292255401611
480741	0.46219369769096375
571371	-0.04781476780772209
426993	0.6229091286659241
136179	0.21699769794940948
112628	0.3056766092777252
50684	-0.01080516166985035
