133632	0.12402034550905228
87049	0.13789233565330505
59406	0.125084787607193
431021	0.7799179553985596
558098	0.10702686011791229
194307	0.3103702664375305
452639	0.08944233506917953
210978	0.07143893092870712
286250	0.19211779534816742
304649	0.26844659447669983
214074	0.6055567860603333
300604	0.18762539327144623
88673	0.8311396241188049
2120	0.10951712727546692
197710	0.0915437787771225
446033	0.7087387442588806
537179	0.16272006928920746
111205	0.1188490092754364
492641	0.23642654716968536
509541	-0.005349668208509684
21265	0.015310898423194885
90221	0.2684326171875
581743	0.1066679134964943
347258	0.1640649288892746
454281	0.22753864526748657
30860	0.08739485591650009
573074	0.049819957464933395
294511	0.28171268105506897
161437	0.12942835688591003
115872	-0.10419809073209763
50855	0.21516114473342896
58027	0.1390359103679657
213769	0.20679394900798798
127151	0.258452832698822
458929	0.4997331202030182
58036	0.13739562034606934
320696	0.33457711338996887
110779	0.032236889004707336
295616	0.43096157908439636
46278	0.1497819423675537
573600	0.07684213668107986
552140	0.3081200122833252
483536	0.061645977199077606
315606	0.16003131866455078
1239	0.05618801712989807
307417	0.4571845829486847
552154	0.6657994985580444
493787	0.9170730113983154
207582	0.2678143084049225
323827	0.18030302226543427
60151	0.1557341068983078
23289	0.07358254492282867
25852	0.01779690384864807
38954	0.1064562201499939
366851	0.7479932904243469
115926	0.1607382893562317
294188	0.0401255264878273
364305	0.1783372014760971
286511	0.4367317855358124
247074	0.12423761934041977
203052	0.045048125088214874
159023	0.16491201519966125
579386	0.12259546667337418
56126	0.06886443495750427
375103	0.5341446995735168
316738	0.12771272659301758
322374	0.1482096016407013
576332	0.10384655743837357
281935	0.27902188897132874
196944	0.3708459436893463
255314	0.20331379771232605
9065	0.2056734412908554
494453	0.2879595160484314
267136	0.1361655741930008
6039	0.15559978783130646
200600	0.16712415218353271
23961	0.20270459353923798
108443	0.1146327555179596
88485	0.09083924442529678
254893	0.19765950739383698
425544	0.4909541606903076
175027	0.10823763161897659
337847	0.5148834586143494
223161	0.45314347743988037
46014	0.6162301898002625
536512	0.5200528502464294
236481	0.3715117573738098
409548	-0.05950373783707619
338384	0.5039833188056946
231889	0.508549153804779
532438	0.21067912876605988
261592	0.29313406348228455
561061	0.13156335055828094
494563	0.17447704076766968
159726	0.07727024704217911
569332	0.25455474853515625
309752	0.19998274743556976
