333312	0.77921462059021
288259	0.8036070466041565
269318	0.8054667711257935
229393	0.8494745492935181
229398	0.9067848920822144
287255	0.8425342440605164
370352	0.3268939256668091
265772	0.8063849806785583
342077	0.9154064655303955
334412	0.7394292950630188
361564	0.789111316204071
239711	0.7571372985839844
52323	0.9157703518867493
340580	0.9081756472587585
353899	0.7391284108161926
8813	0.8089261651039124
382575	0.7704852819442749
370290	0.657700777053833
370295	0.6195313334465027
26233	0.8346253633499146
499324	0.7426437735557556
370303	0.6419152617454529
370307	0.667315661907196
287254	0.7240968942642212
376967	0.48635539412498474
100375	0.6074147820472717
370316	0.496083527803421
574093	0.7470948100090027
574095	0.5513268709182739
574097	0.6499550938606262
574098	0.6499550938606262
29334	0.6560028195381165
574104	0.48729005455970764
29339	0.8120302557945251
29341	0.8667643666267395
499360	0.8494745492935181
370340	0.6698583960533142
370343	0.4316630959510803
370349	0.6889722943305969
80560	0.8291659951210022
29876	0.7653990983963013
370357	0.6523053646087646
561349	0.8146806359291077
268486	0.8494745492935181
343927	0.9039714932441711
370388	0.4345964193344116
370390	0.4345964193344116
370396	0.6935328841209412
370398	0.7244132161140442
95696	0.758296012878418
286435	0.6573953628540039
287460	0.8200264573097229
463077	0.7885850667953491
258279	0.6700184941291809
333545	0.7763604521751404
472303	0.7322729229927063
8948	0.8089261651039124
546552	0.5215808749198914
361684	0.8909837007522583
370437	0.662526547908783
370441	0.6732509136199951
499470	0.9443552494049072
574085	0.5450169444084167
462119	0.8494745492935181
66348	0.7363836169242859
370478	0.8353553414344788
370487	0.7833317518234253
572219	0.852705180644989
572220	0.7502691149711609
174405	0.7756479978561401
39750	0.8434789776802063
370515	0.7340646386146545
370517	0.8163246512413025
566639	0.7017406821250916
115063	0.8118693232536316
288633	0.8993455171585083
3967	0.634547770023346
3968	0.718083381652832
3969	0.48466163873672485
236055	0.7765651941299438
30603	0.7454793453216553
268684	0.7772725820541382
178071	0.852705180644989
338333	0.7839195728302002
330655	0.8494745492935181
574107	0.697018027305603
565161	0.8494745492935181
435628	0.6184034943580627
339374	0.6895682215690613
164786	0.779241681098938
8947	0.8089261651039124
497588	0.8504065275192261
42425	0.8003793954849243
370336	0.568939745426178
237510	0.8237911462783813
497616	0.7967169880867004
181714	0.7554436326026917
247764	0.6823830008506775
361430	0.7482467293739319
31718	0.6283221244812012
125416	0.8496123552322388
238701	0.8677166104316711
31742	0.7331917881965637
573434	0.7509868741035461
544765	0.8494745492935181
343550	0.6269094944000244
