472578	0.9076172709465027
336387	0.9371306300163269
148310	0.7395886182785034
419846	0.850540280342102
398858	0.8293547034263611
494604	0.8470329642295837
580621	0.4854959547519684
580622	0.9143743515014648
476710	0.9624927639961243
49197	0.7507349252700806
279087	0.9392588138580322
476727	0.8480303883552551
163397	0.9076172709465027
577606	0.7648537158966064
264264	0.30656397342681885
105551	0.9682983756065369
481123	0.828168511390686
347221	0.5976951718330383
45657	0.7383764386177063
474714	0.7673094272613525
494695	0.8092154860496521
200296	0.9515252113342285
382570	0.6717356443405151
45681	0.8292409777641296
45682	0.8669660687446594
99958	0.6513471603393555
11626	0.74905925989151
368255	0.7444997429847717
498305	0.8925853371620178
307846	0.8658241033554077
48778	0.6994867324829102
532113	0.8430728912353516
532115	0.7409912943840027
99480	0.8665792942047119
495259	0.8453289270401001
45726	0.997357189655304
213663	0.7254074215888977
73890	0.9177318215370178
481455	0.853963315486908
570033	0.8658241033554077
481459	0.8495149612426758
171701	0.87298583984375
39606	0.856284499168396
559800	0.7429291605949402
106687	0.7395060062408447
148161	0.7215142846107483
581315	0.3953130543231964
581316	0.3953130543231964
148165	0.7870213389396667
479443	0.777132511138916
9428	0.7030083537101746
9429	0.8839526176452637
301272	0.8370785117149353
365276	0.9381158351898193
580320	0.8280985951423645
148193	0.8770453333854675
480998	0.8001260161399841
14572	0.7547411322593689
534254	0.8612298965454102
368253	0.937893271446228
284456	0.761735200881958
388339	0.8207995891571045
526078	0.8083912134170532
327939	0.8040070533752441
286988	0.9524500966072083
272666	0.6623384952545166
341278	0.9401803612709045
420644	0.8827652931213379
178984	0.9762956500053406
98616	0.7928320169448853
190778	0.9076172709465027
418110	0.9374638795852661
289612	0.7378978729248047
255830	0.7051239013671875
43862	0.9216750860214233
148311	0.7792963981628418
347489	0.6602983474731445
290147	0.7429607510566711
468710	0.7042214274406433
11622	0.7670984268188477
481130	0.880499541759491
481131	0.6433546543121338
73069	0.9762956500053406
184188	0.7190198302268982
184189	0.7835937738418579
184190	0.8489582538604736
67970	0.8658484816551208
203143	0.6900461912155151
38892	0.9321140050888062
569496	0.9788287281990051
519272	0.8545437455177307
184221	0.7484648823738098
236960	0.8202412724494934
258989	0.7938036322593689
481205	0.7511889338493347
133052	0.7734977602958679
519620	0.8172224164009094
454597	0.768621563911438
154567	0.8513298034667969
103376	0.828168511390686
267730	0.7735363245010376
213466	0.8117820620536804
355812	0.8838516473770142
532970	0.7485470175743103
535020	0.6915836334228516
535021	0.7956833243370056
239599	0.9624927639961243
426994	0.852391242980957
519159	0.7241374850273132
