540909	0.6718101501464844
343990	0.7669535875320435
468228	0.5943396687507629
281989	0.7400782108306885
243974	0.5534963607788086
194567	0.6304060220718384
541158	0.6086301803588867
202762	0.6560207605361938
435287	0.8470890522003174
238988	0.6981856822967529
464653	0.6476908326148987
243949	0.6010425686836243
568465	0.7532529830932617
571814	0.6569753885269165
63507	0.7359806299209595
304110	0.5156057476997375
342044	0.7117429971694946
571250	0.6941545605659485
340126	0.7951126098632812
336545	0.6925115585327148
515106	0.6492481827735901
541190	0.5839399099349976
288934	0.6860507726669312
299817	0.5572022199630737
91178	0.5705894231796265
167851	0.6062392592430115
541170	0.6696711778640747
269358	0.5007386207580566
472482	0.501257598400116
239152	0.5880632996559143
65779	0.6860024333000183
332597	0.5046200752258301
229558	1.0
359796	0.7524216771125793
541242	0.5680434703826904
246111	0.8803026676177979
255804	0.6016356348991394
232522	0.6833498477935791
279615	0.6076018214225769
244032	0.6785668134689331
333378	0.7337315082550049
558021	0.7750375866889954
174753	0.6683581471443176
63052	0.7273541688919067
11148	0.6413350105285645
542540	1.0
284365	0.5569756627082825
205775	1.0
451665	0.8204857110977173
50003	0.3563011586666107
375339	0.5234836339950562
360405	0.7042350172996521
142905	0.6797966957092285
148324	0.6489648222923279
512079	0.7659984827041626
103134	0.76107257604599
332639	0.8152359127998352
173281	0.565568208694458
62562	0.4249457120895386
288355	0.6481125354766846
541156	0.7128815054893494
541157	0.5909582376480103
278374	0.6027481555938721
382951	0.6576223373413086
552297	0.5633311867713928
541162	0.6272374987602234
351079	0.7605571150779724
419309	0.7020622491836548
338030	0.704782247543335
96753	0.5614144802093506
537586	0.7415279150009155
284147	0.8108224868774414
205684	0.7706073522567749
541174	0.6657372713088989
359802	0.685234785079956
285819	0.4970317482948303
359804	0.9608432054519653
541179	0.6744549870491028
