213504	0.08289293199777603
302423	0.014636708423495293
348686	0.09824484586715698
374290	0.19457288086414337
143901	0.16608215868473053
522782	-0.016515206545591354
479776	0.13520470261573792
193057	-0.0748157873749733
183339	0.20678505301475525
143916	0.0873260498046875
29749	0.2718323767185211
309302	0.12076109647750854
243769	0.11395140737295151
529466	0.01789918914437294
29757	0.2658872604370117
290742	0.10528063029050827
313931	0.01037452183663845
213583	0.07321488112211227
16978	0.1662796288728714
16979	0.1573590636253357
498278	0.28899523615837097
348264	0.09572995454072952
506985	0.09785262495279312
222314	0.1463790386915207
340075	0.4206467568874359
109171	0.12127433717250824
495740	0.058326900005340576
154731	0.1346760094165802
348304	0.10222984105348587
222353	0.13358861207962036
129684	0.14966550469398499
259736	0.0723794624209404
108698	0.10261504352092743
58014	0.11228711903095245
349346	0.09337658435106277
176813	0.2020695060491562
54960	0.13615897297859192
245941	0.06364786624908447
230070	0.13318298757076263
564418	0.22301827371120453
204492	0.1698710173368454
423121	0.07418142259120941
476373	0.0663209855556488
366305	0.1226913332939148
500457	0.3852604627609253
376567	0.13264162838459015
258816	0.1627899706363678
505096	0.033786285668611526
57097	0.08926117420196533
492812	0.1835227757692337
290063	0.1996489316225052
45336	0.14812104403972626
321313	0.16299310326576233
232744	0.059702105820178986
219950	0.09432951360940933
245043	0.26768046617507935
185141	0.2783215343952179
150409	0.08379119634628296
220474	-0.048839081078767776
163643	-0.09521698951721191
417601	0.16588512063026428
500549	0.2195740044116974
292168	0.08107571303844452
292170	-0.03547957167029381
550736	0.08397813141345978
186711	0.11952807009220123
235919	0.233141228556633
171872	0.22841016948223114
289637	0.2030245065689087
235894	-0.013844099827110767
196472	0.1996489316225052
44935	0.4780980944633484
305544	0.08153105527162552
566665	0.23486773669719696
403342	0.16425065696239471
139663	0.23758964240550995
464272	0.11020676791667938
24984	0.16840359568595886
61850	0.11245937645435333
235937	0.436554878950119
334765	0.2400721311569214
333742	0.406047523021698
303029	0.13435545563697815
468918	0.23652172088623047
147897	0.22340568900108337
224190	0.09181255847215652
193473	0.11465907096862793
451522	0.3074442148208618
193477	0.20003008842468262
156616	0.18004019558429718
132047	0.16010484099388123
429526	0.31785503029823303
11740	0.04515635222196579
188896	0.09214556962251663
235497	0.11091651022434235
374763	0.010951649397611618
128498	0.08260775357484818
191988	0.16181738674640656
130039	0.19531239569187164
