540844	0.10152320563793182
296972	0.12879012525081635
291348	0.29837867617607117
136215	-0.0003178491606377065
311348	0.29199734330177307
414261	0.017817387357354164
256075	0.07186933606863022
514128	0.1541251540184021
575574	0.16586633026599884
22623	0.18663807213306427
546922	0.05796496197581291
35954	0.09811989963054657
289812	0.16431953012943268
383098	0.12999612092971802
429691	0.0866822749376297
575100	0.20897658169269562
408705	0.3268989622592926
369089	0.022551149129867554
370841	0.10838543623685837
421536	0.2526668608188629
414369	0.0984145924448967
97959	0.1615166813135147
364204	-0.006565120071172714
405185	0.13054309785366058
30404	0.1157636046409607
575689	0.11126802116632462
6885	0.14414061605930328
74471	0.02908281236886978
413945	0.10334727168083191
311594	0.04453891143202782
155902	0.11565442383289337
375558	0.18954850733280182
285459	0.22265847027301788
402198	0.05296516790986061
355289	0.237137570977211
428317	0.18634247779846191
333604	0.40436649322509766
271657	0.1018451377749443
40746	-0.021772008389234543
414531	0.098170205950737
505169	0.09475881606340408
391506	0.10171231627464294
483668	0.0702807828783989
227670	-0.04740246385335922
203097	-0.01944635435938835
403292	0.03506074100732803
285536	0.12065394967794418
228194	0.05008989945054054
137571	0.07055983692407608
402279	0.07489119470119476
279913	0.10051296651363373
439157	0.1404973864555359
483206	0.032338593155145645
449430	0.07984940707683563
118687	0.21076621115207672
71073	0.04376997426152229
486823	0.24333833158016205
149930	0.08870410919189453
141233	0.09091170132160187
284084	0.09189508110284805
102840	0.26859456300735474
77753	-0.04385531693696976
256955	0.4682545065879822
457661	0.1278645247220993
33217	0.10203347355127335
97732	0.03103075735270977
372690	0.19525475800037384
363989	0.15960822999477386
509913	0.040984395891427994
443359	0.0827324241399765
334304	0.4781787693500519
457187	-0.0490749329328537
36328	0.10085482150316238
180714	0.18827223777770996
441835	0.155898317694664
501742	-0.026098033413290977
441841	0.027030475437641144
369652	0.07889498025178909
517109	0.023285062983632088
116218	-0.04761374741792679
368636	0.11450411379337311
