491008	0.2988079786300659
221702	0.33111298084259033
480780	0.3594598174095154
377359	0.4000784754753113
281620	0.35448846220970154
267285	0.10870715975761414
143386	0.1953207105398178
220189	0.33923861384391785
481313	0.3345763385295868
149538	0.38730260729789734
323619	0.3219517171382904
551462	0.3589760661125183
173097	0.02214733511209488
521259	0.5073937773704529
82269	0.35719698667526245
481328	0.41261017322540283
510514	0.5637052059173584
281462	0.30751916766166687
510520	0.46491384506225586
510521	0.3467969596385956
325183	0.16723695397377014
200780	0.4348584711551666
491091	0.1715380698442459
391764	0.6388779878616333
198232	0.6249606013298035
320605	0.27383288741111755
561250	0.3665134608745575
267372	0.3031309247016907
524051	0.17393362522125244
282744	0.1953207105398178
548885	0.45444342494010925
309384	0.28280961513519287
321685	0.2432260513305664
250007	0.27049073576927185
45720	0.5306507349014282
45721	0.476215660572052
413851	0.24498699605464935
26268	0.8103086948394775
460961	0.18434490263462067
155811	0.41184601187705994
103591	0.9793540835380554
56490	0.4814867079257965
185288	0.43569931387901306
420531	0.4267641603946686
420532	0.32244551181793213
480949	-0.0012825422454625368
518840	0.4659999907016754
420537	0.5723262429237366
394938	0.23554040491580963
420540	0.09108898043632507
282998	0.08910436183214188
62151	0.20010395348072052
123593	0.5894315838813782
213194	0.19565191864967346
445133	0.5457404255867004
364067	0.16971455514431
199390	0.25062015652656555
384223	0.4727761149406433
289506	0.7699156403541565
51430	0.14537367224693298
199399	0.18266335129737854
376041	0.0657740905880928
481007	0.6143105030059814
19185	-0.02506440505385399
332956	0.30839458107948303
428841	0.20437398552894592
495355	0.8696203827857971
451333	0.4366666078567505
327951	0.558274507522583
365328	0.2932423949241638
102673	0.16976314783096313
543507	0.5039945244789124
500009	0.47792762517929077
106292	0.9145792126655579
508726	0.44010311365127563
321341	0.24306300282478333
500037	0.5811309814453125
445274	0.48418858647346497
445276	0.6753547191619873
203613	0.25840023159980774
321377	0.4101787805557251
314722	0.3649683892726898
235367	0.47487714886665344
315254	0.13706406950950623
547703	0.19754432141780853
529274	0.562925398349762
112517	0.2863806486129761
505229	0.2741088569164276
304015	0.31267648935317993
316822	0.28072410821914673
31135	0.9145792126655579
145824	0.38685786724090576
525218	0.17121459543704987
481193	0.8195209503173828
131505	0.12419693917036057
552863	0.4658736288547516
43424	0.5135918259620667
324547	0.219072625041008
316872	0.2444865107536316
405468	0.15016497671604156
449717	0.02961524948477745
181728	0.6758217215538025
296418	0.3823200762271881
139810	0.4351981580257416
264698	0.2819027602672577
198652	0.34665337204933167
