336896	0.9010130763053894
107905	0.8098217248916626
118566	0.7938451170921326
580103	0.8842904567718506
126856	0.8767744898796082
104770	0.8852958679199219
83213	0.8757006525993347
145297	0.8545495271682739
558355	0.8508156538009644
271252	0.8563972115516663
565397	0.8193947076797485
99097	0.8579626679420471
507802	0.8695353269577026
476444	0.8299410939216614
564890	0.9036640524864197
7583	0.8611323833465576
176544	0.8648276329040527
474719	0.8402935862541199
358565	0.8636500239372253
496051	0.8374203443527222
249640	0.8718391060829163
272041	0.7660114169120789
244658	0.8339591026306152
529324	0.9021143913269043
411378	0.7837032675743103
64942	0.891257107257843
103983	0.9004242420196533
103601	0.8758816123008728
95282	0.8450392484664917
95283	0.8415659070014954
559157	0.8745471835136414
376889	0.8200193047523499
385850	0.8395050764083862
101947	0.882562518119812
291260	0.8604674339294434
416061	0.8859434723854065
286014	0.8747140169143677
94911	0.8097610473632812
251456	0.8678932189941406
271200	0.8518688082695007
46618	0.8776426911354065
100939	0.8675857782363892
361441	0.8702054023742676
576200	0.8757244348526001
567245	0.8758366703987122
107979	0.8587306141853333
110048	0.4676465094089508
44110	0.8557982444763184
251727	0.8692139387130737
251730	0.8654075860977173
107091	0.8789260387420654
94933	0.7683269381523132
565451	0.838263213634491
104023	0.7266446948051453
402392	0.8678191304206848
360281	0.8635625243186951
101594	0.846610963344574
552923	0.8891162276268005
104031	0.8435810804367065
474720	0.8551066517829895
371169	0.8784452080726624
251795	0.8781737089157104
107904	0.7929621934890747
215013	0.8224208354949951
8681	0.8536114692687988
112090	0.7824949026107788
186475	0.830970287322998
536786	0.8702054023742676
104769	0.8868671655654907
107197	0.8104811310768127
101744	0.874406099319458
279153	0.8729382157325745
279154	0.8794932961463928
251731	0.8498907685279846
540532	0.868604838848114
46910	0.8913513422012329
540534	0.8544949889183044
68343	0.8791792988777161
19154	0.8549439907073975
101370	0.8639207482337952
125778	0.8663755655288696
