408704	0.19557791948318481
444163	0.23492981493473053
241797	0.20475859940052032
355591	0.16137683391571045
15496	0.18380236625671387
400906	0.07715817540884018
455052	0.15941359102725983
262288	0.20951351523399353
180248	0.12499881535768509
77204	0.0037425870541483164
559893	0.06534162163734436
400918	0.1391274482011795
35353	0.14156991243362427
299032	0.2381841391324997
115737	0.22475740313529968
385191	0.16016806662082672
580638	0.29803532361984253
188229	0.1121516153216362
383136	0.19839568436145782
476057	-0.0893009752035141
392177	0.08559007197618484
32293	0.14156991243362427
475687	0.2513807415962219
377643	0.2925395369529724
191404	0.22718587517738342
276594	0.17434750497341156
451118	0.07354556769132614
299952	0.10100509971380234
33672	0.14156991243362427
392626	0.14620624482631683
31923	0.6370008587837219
469218	0.15223261713981628
157283	0.08263687789440155
169914	0.18427978456020355
364475	0.16124458611011505
284992	0.08068850636482239
258472	0.27047717571258545
507460	0.2362312525510788
169800	0.24821513891220093
364616	0.17329056560993195
522185	0.48438626527786255
172236	0.149226114153862
299085	0.3485444486141205
32718	0.14156991243362427
207439	0.6576153635978699
350332	0.1704391986131668
510546	0.5102764964103699
6099	0.5961505770683289
507506	0.17197176814079285
413913	0.21705196797847748
431066	0.0659538134932518
367183	0.155880406498909
274140	0.14804893732070923
39781	0.14700829982757568
301349	0.06190498173236847
49378	0.2707597613334656
33211	0.14156991243362427
200165	0.15385442972183228
425959	0.21011385321617126
237033	0.24188505113124847
230098	0.12095926702022552
37486	0.1468808352947235
475505	0.13691584765911102
169970	0.18198812007904053
414579	0.1554161161184311
127476	0.12920136749744415
169973	0.09528473764657974
392169	0.08559007197618484
241657	0.21986237168312073
387813	0.22797752916812897
302332	0.07264354079961777
168958	0.23826630413532257
202623	0.12864969670772552
