576000	0.42839816212654114
543749	0.13446485996246338
158227	-0.029384834691882133
418222	0.7606858611106873
172580	-0.01592526026070118
73253	-0.006676319055259228
60979	0.0748201310634613
319547	0.26061680912971497
475723	0.004972378723323345
325712	0.32105666399002075
52820	0.1455962061882019
51815	0.11445125937461853
317040	0.24991393089294434
128630	-0.026004213839769363
319098	0.22235606610774994
205441	0.060997191816568375
400515	0.08470053970813751
576134	0.1772409975528717
347784	0.374849408864975
187529	0.061178456991910934
205458	0.049742650240659714
47401	0.23876595497131348
347809	0.26211386919021606
464034	0.01272640097886324
576168	0.5920721888542175
397994	0.13851867616176605
62123	0.009289958514273167
214814	0.15217892825603485
185031	-0.011414858512580395
74440	0.08087325096130371
205534	0.12220460921525955
71392	0.045096635818481445
358113	0.30099236965179443
17639	0.240759938955307
572652	0.2242787927389145
125169	0.011149713769555092
14067	0.04533618316054344
167156	0.10811664909124374
325879	0.18901650607585907
92920	0.1564321219921112
51451	-0.03082016110420227
167170	0.03229077532887459
334596	0.04552704468369484
55559	0.05717957764863968
55582	0.13575005531311035
95526	0.16126583516597748
95528	0.40556585788726807
50473	-0.055694714188575745
318767	0.3026580512523651
314676	0.27764883637428284
177466	0.525044322013855
575808	0.2931903898715973
488772	0.09623494744300842
55629	0.0632801204919815
5978	0.08553677797317505
185743	0.08053819090127945
45918	0.08150018751621246
502114	0.10557790100574493
20325	0.026751983910799026
52076	0.14485184848308563
128380	0.07567451149225235
428927	0.07462049275636673
30083	-0.05751835182309151
255878	0.3483242094516754
466825	0.3520398437976837
255887	0.25664234161376953
74153	-0.007007245440036058
249031	0.28054726123809814
127915	0.002053204458206892
51628	0.11061462759971619
48046	-0.00693089934065938
461755	0.07671261578798294
247229	-0.048944491893053055
52158	0.14861367642879486
174529	0.00661202147603035
396875	0.39202335476875305
524961	0.014290902763605118
205256	-0.00280482554808259
278987	0.0876220166683197
60365	0.17688867449760437
577489	0.0885310024023056
265683	0.11902939528226852
490964	-0.00452097924426198
529369	0.016063321381807327
578015	0.047172170132398605
102882	0.017015952616930008
407523	0.04130266606807709
399338	0.13169504702091217
564204	-0.01479123905301094
579569	0.23588328063488007
129534	0.027969656512141228
145400	0.22178268432617188
111100	0.2802346348762512
111102	0.2533794343471527
