365824	0.01650877669453621
317697	-0.03392338752746582
306177	-0.0052285389974713326
208520	-0.005845711100846529
365833	0.022967662662267685
43509	0.052304498851299286
65677	0.2436092644929886
359438	0.19164425134658813
130448	-0.0324801504611969
279057	-0.01390780694782734
75029	0.2725774943828583
102040	0.042121633887290955
32537	0.061015814542770386
551450	-0.008411431685090065
149359	0.049577534198760986
94876	-0.03528974577784538
468125	0.04125775396823883
181406	-0.019861675798892975
508575	0.02981339395046234
130977	0.11726707965135574
42530	-0.0427301824092865
449827	-0.000458047550637275
463872	0.01062370091676712
231839	0.02208055555820465
120233	0.057741742581129074
467600	0.06677220016717911
172333	0.011315136216580868
307886	0.09486746788024902
210525	0.0982743576169014
406832	-0.0028264152351766825
511537	0.10148055851459503
440755	-0.00024189765099436045
525236	0.1782275289297104
157897	0.23485392332077026
431501	-0.023125195875763893
152507	0.035291291773319244
49112	0.06659013032913208
278846	0.12875054776668549
223658	0.0982004776597023
11968	0.1159011498093605
278849	0.15985673666000366
162116	0.04065641388297081
38213	0.037271447479724884
225479	-0.0013015157310292125
278857	0.16557669639587402
443468	0.006102113984525204
313423	-0.03051326610147953
150736	0.24359609186649323
425553	0.21911191940307617
157908	0.2427581399679184
222037	-0.06744811683893204
402262	0.023066828027367592
457048	0.09657550603151321
116444	0.2663399577140808
547194	-0.0006764067802578211
467678	0.17721226811408997
544609	0.1536233127117157
384482	0.054877907037734985
509499	0.07438048720359802
452376	0.06002521514892578
168833	-0.014460233971476555
200806	-0.008821314200758934
465639	0.05254442244768143
500072	-0.1672964096069336
240201	0.08417458087205887
195532	-0.028117181733250618
384748	0.07981179654598236
384493	-0.010947336442768574
203374	-0.007683431729674339
549743	0.01911179907619953
438429	0.030937643721699715
232652	0.04931795597076416
153460	0.08678389340639114
282558	0.034289244562387466
465655	0.050672587007284164
387576	0.09422588348388672
420730	0.05068520829081535
369565	0.11167452484369278
244605	0.09087128937244415
157909	0.14867925643920898
