272385	0.8181764483451843
62477	0.8378190994262695
108580	0.6461348533630371
65068	0.9055777788162231
567347	0.7719879746437073
66120	0.7024207711219788
414794	0.7788304686546326
480339	0.6869613528251648
267961	0.8023220896720886
239196	0.5286641120910645
88160	0.603272020816803
359523	0.7163950204849243
145509	0.8220711350440979
264821	0.7069916725158691
43639	0.8777578473091125
23160	0.6544433832168579
564345	0.6889480352401733
558204	0.8790505528450012
239741	0.4652611315250397
414850	0.7863041162490845
577668	0.7907600998878479
219781	0.3962012529373169
297951	0.827413022518158
219784	0.6994971036911011
219790	0.603272020816803
461466	0.7530657649040222
414875	0.7286160588264465
414879	0.9463497996330261
574625	0.8588586449623108
265900	0.7544375658035278
24749	0.8563612699508667
490867	0.603272020816803
543415	0.5992786288261414
543417	0.604525625705719
576907	0.6908515095710754
19648	0.7732785940170288
249037	0.5431079268455505
7887	0.8321302533149719
539344	0.6420061588287354
504532	0.8411885499954224
127192	0.6926712989807129
465615	0.642578125
254172	0.847649335861206
427229	0.7422197461128235
383711	0.8300098180770874
215787	0.8357167840003967
177909	0.8530031442642212
519415	0.6593883633613586
318202	0.7938179969787598
231682	0.5922044515609741
237832	0.7754862904548645
271127	0.9169259071350098
271128	0.9457188844680786
207580	0.7718831896781921
10041	0.7831915616989136
533819	0.7208513021469116
533820	0.6551320552825928
327489	0.8920370936393738
341315	0.77958083152771
509764	0.173704594373703
65349	0.5416808128356934
495438	0.6768659949302673
240465	0.759562075138092
177499	0.9206196665763855
345960	0.7501264214515686
297959	0.7921283841133118
50545	0.4465616047382355
427923	0.7774267196655273
73079	0.8217688798904419
526713	0.8708062171936035
397182	0.6224498748779297
457093	0.7452821135520935
237958	0.4244643747806549
420231	0.6994971036911011
184201	0.5690643787384033
427915	0.736849308013916
184206	0.45650142431259155
427919	0.8029795289039612
360336	0.6297624111175537
201112	0.810086190700531
184211	0.8454511165618896
184212	0.6405577659606934
323992	0.6495473980903625
201113	0.8518279790878296
62365	0.8863122463226318
543134	0.5794472098350525
388005	0.5383346676826477
580518	0.8596271276473999
346536	0.8473354578018188
461250	0.6851426362991333
461259	0.7149553894996643
461260	0.6896628141403198
376272	0.9201275110244751
199642	0.7033422589302063
177116	0.8217688798904419
297949	0.4737209677696228
580517	0.874724268913269
297958	0.7763175964355469
31057	0.719856321811676
297963	0.5828368663787842
160753	0.644416332244873
542708	0.7501264214515686
464377	0.5874887108802795
497663	0.8942928314208984
