314882	0.20718730986118317
40968	0.03547045588493347
264725	0.2879358232021332
267288	0.2388293445110321
399394	0.23331978917121887
122918	0.4335046410560608
121902	0.38986364006996155
350767	0.44708457589149475
246832	0.2529419958591461
316466	0.18389849364757538
322106	0.1436196118593216
47701	0.04346158728003502
198230	0.15020360052585602
348760	0.30372872948646545
392286	0.17123283445835114
107105	0.424547016620636
480354	0.3374612331390381
436335	0.2633334696292877
145520	0.1680646538734436
392305	0.286565363407135
324212	0.09150788933038712
39548	0.23553435504436493
418430	0.22454425692558289
78357	0.28392308950424194
418432	0.19501250982284546
417411	0.19198814034461975
414853	0.2914329469203949
176262	0.7306331992149353
512135	0.19134654104709625
508040	0.29528898000717163
318653	0.3036426603794098
457367	0.11025511473417282
348828	0.3669920265674591
126109	0.10044188052415848
542893	0.16867989301681519
459438	0.19878844916820526
315055	0.15681719779968262
171696	0.3843378722667694
323254	0.19817379117012024
451773	0.279668927192688
348356	0.3186382055282593
317637	0.17728830873966217
451797	0.2178071141242981
46300	0.09458731859922409
358625	0.2800446152687073
348113	0.2863832712173462
255209	0.19050079584121704
323819	0.19226154685020447
558838	0.026836544275283813
536532	0.3905210793018341
322812	0.15812405943870544
404736	0.22844190895557404
377100	0.21877911686897278
317713	0.29316025972366333
404764	0.40605396032333374
66345	0.2780672609806061
54570	-0.026878926903009415
182060	0.2697280943393707
124725	0.3480624854564667
303927	0.18316517770290375
543037	0.30109065771102905
461118	0.3651397228240967
461119	0.31734925508499146
529226	0.2941127121448517
332113	0.22029413282871246
361302	0.33194783329963684
468314	0.3486160933971405
315236	0.24154457449913025
457088	0.23233138024806976
424834	0.2242020219564438
323973	0.20023614168167114
47495	0.04494358226656914
479627	0.35454168915748596
427916	0.41194435954093933
465807	0.1614750474691391
541073	0.17313963174819946
538005	0.35043424367904663
502682	0.31731268763542175
455580	0.33414649963378906
154530	0.13901005685329437
499111	0.29108208417892456
154540	0.22322218120098114
161203	0.25350266695022583
315319	0.20860294997692108
522682	0.726793646812439
462271	0.25334805250167847
325068	0.14225167036056519
507345	0.3279390037059784
346578	0.25914183259010315
465876	0.22855179011821747
465877	0.267856240272522
320249	0.23988234996795654
471513	0.10817990452051163
348638	0.3577832579612732
323568	0.09146140515804291
345587	0.3855562210083008
219130	0.2174690067768097
294397	0.4657246172428131
