413698	0.5561423301696777
162987	0.08510682731866837
163842	0.053193312138319016
306191	0.1657795011997223
104471	0.08861097693443298
531480	0.12460245192050934
189480	0.11676183342933655
224814	0.025935718789696693
5982	0.10001875460147858
406583	0.2537742257118225
146496	0.1909010112285614
481346	0.10328174382448196
208967	0.14132288098335266
144909	0.07954556494951248
315988	0.01868816837668419
266329	0.17401252686977386
218202	0.02044425718486309
54366	0.07630595564842224
192099	0.02490617148578167
225899	0.13513866066932678
320627	0.21546971797943115
545910	0.15431919693946838
139895	0.07703189551830292
128633	0.09159403294324875
347264	0.004002265632152557
129666	0.13116833567619324
339563	0.6420129537582397
318088	0.05756291747093201
481932	0.1665937304496765
55441	0.10986289381980896
7843	0.3351946473121643
92840	0.03984033316373825
446123	0.14240379631519318
324271	0.0588335245847702
318131	0.05014600604772568
336567	0.5846366882324219
236217	-0.0008875629864633083
313021	0.06439317017793655
465269	0.10772568732500076
157380	0.2683202922344208
363211	0.00741657754406333
118988	0.07087153196334839
150229	0.10332874208688736
404694	-0.043726783245801926
297779	-0.016705989837646484
325858	0.03672298789024353
486119	0.06304706633090973
553710	0.1022614985704422
339184	0.3887067437171936
120057	0.13158543407917023
208147	0.14175710082054138
256279	-0.006314448546618223
290584	0.20884893834590912
314138	0.059888806194067
236324	0.19230259954929352
550694	0.03809554502367973
20265	0.027860281988978386
90419	0.015610940754413605
443191	0.13287410140037537
98110	0.05304424837231636
231746	0.08590596169233322
143689	0.08022155612707138
483159	-0.036261409521102905
527710	0.12690915167331696
266079	-0.028610683977603912
467298	0.014511771500110626
432487	0.47743141651153564
110952	0.096524678170681
562029	0.10697341710329056
57200	-0.1446877270936966
58882	0.16322891414165497
473979	0.1402621865272522
323964	0.09832634776830673
219005	0.020754659548401833
484226	0.05110769346356392
285067	0.0928916335105896
551823	0.11744803190231323
445338	0.2495008409023285
302492	0.14123831689357758
483749	0.100591279566288
446376	0.07595083862543106
539057	0.044401418417692184
429491	0.08398580551147461
130492	0.02150207944214344
286144	0.6675915122032166
443330	0.14867016673088074
203723	0.05041114613413811
427984	-0.039697565138339996
325595	0.029215246438980103
164321	-0.09045081585645676
301542	0.1389182060956955
209383	0.004001016728579998
287740	0.4402449131011963
332790	0.17397817969322205
460796	0.031042426824569702
303614	0.1272628903388977
109055	0.10217925906181335
