254470	0.8139635920524597
462423	0.5045598745346069
411155	0.7708302736282349
277026	0.7028079032897949
174627	0.8480880856513977
388699	0.812269389629364
151080	0.7428147196769714
283180	0.722261369228363
426033	0.779473602771759
426034	0.6177740097045898
426035	0.416485458612442
176180	1.0
435256	0.7726185321807861
178745	0.7404452562332153
566337	0.7012852430343628
8971	0.9049471020698547
342600	0.7359791398048401
344652	0.4994424283504486
344654	0.7478981614112854
262224	0.6940588355064392
462421	0.6251811981201172
125526	0.6894094347953796
125527	0.4898582994937897
388698	0.812269389629364
125531	0.5851621031761169
125532	0.48283183574676514
125535	0.5465359091758728
125536	0.5669023990631104
21091	0.7071135640144348
516719	0.7018961906433105
46713	0.6973432302474976
80508	0.7084237337112427
349823	0.771945059299469
187527	0.6518762111663818
229000	0.7742028832435608
115853	0.6051246523857117
382094	0.7148224115371704
133268	0.8273468613624573
512156	0.6558034420013428
563875	0.2595142126083374
111794	0.538785457611084
111795	0.538785457611084
229051	0.7742028832435608
546498	0.5202239751815796
336075	0.6058408617973328
579797	0.6151721477508545
463076	0.7850154042243958
579711	0.526289701461792
191235	0.8343990445137024
95495	0.6935628652572632
95497	0.6935455203056335
95498	0.7555767893791199
95499	0.7593066692352295
476034	0.6953859925270081
249103	0.6830264925956726
565010	0.6157345175743103
565011	0.6748495697975159
422677	0.5755960941314697
467227	0.9336942434310913
422687	0.6186441779136658
285745	0.8764780759811401
566058	0.6157345175743103
43822	0.16722190380096436
266551	0.5158698558807373
91457	0.6889009475708008
430917	0.9336942434310913
401223	0.6923987865447998
409935	0.7114750146865845
277333	0.6899047493934631
102743	0.709023654460907
103257	0.7256228923797607
102747	0.6542516350746155
102748	0.6542516350746155
410977	0.9336942434310913
544610	0.46339306235313416
277349	0.7706879377365112
277350	0.543131947517395
277351	0.571560800075531
305000	0.8480880856513977
515438	0.5907917618751526
337265	0.7158247828483582
286585	0.7729429602622986
286589	0.6745700240135193
375170	0.5747997164726257
337313	0.6468924283981323
92067	0.9336942434310913
538537	0.6166064739227295
388528	0.2690027058124542
287668	0.7269285917282104
138679	0.7243453860282898
121272	0.7742028832435608
101312	0.6515910029411316
8641	0.6879854202270508
275397	0.7585771679878235
437196	0.734565019607544
291277	0.6894094347953796
308175	0.9065364599227905
45527	0.8092148303985596
45528	0.8092148303985596
45529	0.9336942434310913
386013	0.6967698931694031
287201	0.7349762916564941
507876	0.5006307363510132
273894	0.5721478462219238
436713	0.5534130930900574
333802	0.5666950345039368
443887	0.7815348505973816
17904	0.713310956954956
263158	0.9336942434310913
