156759	0.5781678557395935
153622	0.6260564923286438
193047	0.45427826046943665
368153	0.6526392698287964
153627	0.6331312656402588
153632	0.38090139627456665
153633	0.714280903339386
540712	0.5814902186393738
216629	0.6231192946434021
153658	0.7569993734359741
465473	0.355200856924057
343109	0.6456874012947083
496727	0.5777590274810791
496825	0.6021777391433716
469082	0.4812847673892975
422671	0.5613942742347717
512108	0.46945276856422424
18033	0.355365127325058
447094	0.6564323902130127
438906	0.49475935101509094
149134	0.5217048525810242
217234	0.548531174659729
7317	0.8144872188568115
217455	0.6818726062774658
91589	0.6832000613212585
168609	0.5876684784889221
217762	0.6009189486503601
510634	0.6365625858306885
217773	0.6390212178230286
217544	0.7008811235427856
261303	0.6247300505638123
217785	0.6894646883010864
417980	0.45248398184776306
302782	0.5471624732017517
429247	0.5653674602508545
374816	0.46274781227111816
206540	0.4595431685447693
549069	0.5330754518508911
217808	0.6008741855621338
217815	0.7031458616256714
366296	0.5144109129905701
510757	0.27558523416519165
217830	0.6820817589759827
217831	0.686380922794342
303854	0.8329266309738159
217843	0.6214485168457031
271092	0.5942968726158142
520437	0.6886501908302307
19706	0.4758234918117523
222971	0.46107402443885803
217855	0.6104255318641663
84236	0.4001893401145935
544525	0.47244057059288025
217359	0.6664168834686279
303832	0.4062740206718445
222491	0.5234584808349609
504094	0.5230711102485657
338211	0.576796293258667
50469	0.6640514135360718
503601	0.5508268475532532
358706	0.637020468711853
310581	0.6382284760475159
124731	0.622188925743103
216894	0.6241940259933472
357191	0.5948054194450378
61326	0.6210894584655762
114006	0.6799232959747314
156004	0.532369077205658
60773	0.6332181692123413
163693	0.5352545976638794
163695	0.5352545976638794
299379	0.26898282766342163
193402	0.6119730472564697
153578	0.569480299949646
200585	0.6763993501663208
421262	0.5645095705986023
434073	0.45516952872276306
357274	0.5989121794700623
91631	0.6148912310600281
262044	0.3705246150493622
262045	0.5737711191177368
2469	0.5362306237220764
154536	0.6062475442886353
310628	0.6037842631340027
139183	0.4663483202457428
154545	0.6706691980361938
217522	0.6500375270843506
217844	0.6952909231185913
178621	0.7171111702919006
289221	0.5720541477203369
289222	0.5679810643196106
388040	0.4445429742336273
217548	0.7327596545219421
186321	0.5786950588226318
153554	0.5733792781829834
123350	0.6863061785697937
347045	0.5506641268730164
504291	0.5956396460533142
573930	0.6498059034347534
153579	0.5932226777076721
302063	0.6434105634689331
186353	0.44914522767066956
91635	0.5254549980163574
579572	0.40835249423980713
579574	0.50050288438797
507898	0.4339557886123657
504317	0.6086258292198181
