450560	0.15407614409923553
111105	0.3598151206970215
450561	0.17100755870342255
379402	0.08627095818519592
394772	0.196353942155838
379927	0.12395505607128143
199710	0.5461210608482361
183328	0.13064692914485931
275493	0.12261807918548584
37416	0.03876017779111862
511529	0.2786426842212677
179242	0.4705294072628021
234541	0.13928163051605225
203316	0.037602540105581284
303162	0.18738633394241333
175677	0.16373217105865479
525888	0.5508054494857788
294977	0.1295643150806427
539203	0.1650329977273941
550471	0.09369063377380371
144969	0.03546757251024246
452713	0.0928679034113884
139886	-0.016584470868110657
112752	0.22239886224269867
363649	0.10887527465820312
560264	0.11321967840194702
395287	0.7208385467529297
545946	-0.036194149404764175
307356	0.11204475164413452
60575	0.38997960090637207
33441	0.2131061553955078
421538	0.42651113867759705
454308	0.16155031323432922
387245	0.13798370957374573
294580	0.0523565448820591
242870	0.11191613972187042
38079	0.03876017779111862
337607	0.29208946228027344
394956	0.006510898936539888
464597	0.6064430475234985
562908	0.15199334919452667
580831	0.0198845025151968
528766	0.6425070762634277
358134	0.6124782562255859
290555	0.11534283310174942
136234	0.14287348091602325
478462	0.18116235733032227
390876	0.05117390304803848
47878	0.7009812593460083
17164	0.49234819412231445
276237	0.19816525280475616
219920	0.03071119636297226
232209	0.2046206295490265
221970	0.31694266200065613
54035	0.1285124570131302
122645	0.2471589893102646
536343	0.11817336827516556
570649	0.5691507458686829
497946	0.20301131904125214
504617	0.23974470794200897
90412	0.44463101029396057
53039	0.21390801668167114
399665	0.0339248888194561
298293	0.20843693614006042
122177	0.18222488462924957
356679	0.4931807816028595
319304	0.23807568848133087
526667	0.24291576445102692
106317	0.8233997225761414
432463	0.13881665468215942
262997	0.044904518872499466
195416	0.17005906999111176
153487	0.189846932888031
526172	0.1731274276971817
347999	-0.03645119443535805
110947	0.1017192155122757
82278	0.13028214871883392
230254	0.650054931640625
526206	0.2434791624546051
550272	0.875809907913208
276032	0.9108603000640869
37250	0.1718868762254715
411524	0.23311291635036469
555397	0.18798460066318512
496009	0.15307794511318207
454029	-0.028043445199728012
356239	0.30258846282958984
466840	0.14222753047943115
217667	0.8004520535469055
291224	0.5762362480163574
163738	0.22546450793743134
491674	0.06784206628799438
209839	0.030263032764196396
465332	0.20605529844760895
57270	0.09722807258367538
554938	0.24307768046855927
560067	0.16362264752388
288201	0.66855388879776
184268	0.6335880160331726
336852	0.2874128818511963
209878	0.2177402824163437
472	0.11213503032922745
218590	0.15489253401756287
331232	0.06236279755830765
57313	0.11005937308073044
397295	0.29437631368637085
520691	0.09525138884782791
227316	0.46735331416130066
533502	0.5799082517623901
