291337	0.5338304042816162
88077	0.1360969990491867
485392	0.09307338297367096
479769	0.15904638171195984
195625	0.06870099157094955
551090	0.1707397997379303
196146	0.14318741858005524
196150	0.14665590226650238
196153	0.13799096643924713
407610	0.07235793024301529
512572	0.22224901616573334
291912	-0.08928390592336655
213579	0.1952149122953415
349262	0.1665343940258026
349263	0.1665343940258026
581206	0.19109895825386047
5207	0.28159019351005554
520297	0.18132707476615906
130158	0.19484823942184448
557843	0.23277078568935394
234106	0.16980403661727905
371837	0.34669607877731323
160392	0.20974938571453094
180369	0.1455053836107254
38551	0.10278046131134033
428701	0.17425593733787537
226975	0.12388869374990463
457500	0.11023008823394775
146606	0.12094061821699142
290994	0.22557148337364197
194235	0.16910262405872345
355523	0.12076538056135178
192374	0.3223462700843811
502986	0.13917891681194305
34508	0.11299984157085419
91853	0.2612471580505371
209110	-0.02143660932779312
424160	0.12458878010511398
405738	0.12182070314884186
497387	0.2524038553237915
532717	0.056599751114845276
220911	0.2253192514181137
493296	0.14545148611068726
438518	0.20762598514556885
424183	0.23489612340927124
478973	0.10341984778642654
11520	0.4937259256839752
256769	0.4604479670524597
227588	-0.012293078936636448
424712	0.35149484872817993
311049	0.13076238334178925
419083	0.11299984157085419
405262	0.06290217489004135
232719	0.1041613444685936
402707	0.2601962089538574
282391	0.2037077695131302
436508	0.1221543624997139
106279	0.4148032069206238
443694	0.21369555592536926
438064	0.19844357669353485
551732	0.581015408039093
274229	0.1011713370680809
420153	0.08508838713169098
257760	0.4125196635723114
137033	0.23047076165676117
233813	0.1612624078989029
492887	0.26772910356521606
263001	0.0650392696261406
262202	0.06603103131055832
204644	0.15234223008155823
204652	0.37817415595054626
390880	0.14615528285503387
451446	0.033854465931653976
277884	0.1541929841041565
350599	-0.0006537919980473816
465288	0.011217436753213406
477065	0.041164714843034744
210317	0.09940611571073532
488341	0.14602389931678772
434585	0.2529354691505432
555425	0.2068118155002594
485286	0.2195112407207489
34729	0.11299984157085419
160191	0.2773508131504059
250822	0.0002288279210915789
233930	0.10116656869649887
143825	0.16063179075717926
206803	0.13834942877292633
368600	0.10502661019563675
114663	0.3625900447368622
422890	0.16669470071792603
545771	0.13369929790496826
106989	-0.037972528487443924
106992	0.05658040940761566
226291	0.41129177808761597
284661	0.16213004291057587
291320	0.44604215025901794
285183	0.4639814496040344
476157	0.16075733304023743
492885	0.3080439269542694
