479234	0.3162265717983246
125965	0.5638375282287598
217622	0.6008285880088806
156183	0.5952475666999817
360483	0.6571526527404785
418853	0.3723605275154114
217638	0.6092408299446106
550446	0.48051875829696655
446521	0.44266462326049805
550458	0.5501308441162109
50236	0.6408491134643555
38974	0.4831029772758484
155711	0.4828759431838989
132673	0.6256939172744751
533058	0.6556748151779175
38979	0.5743103623390198
435785	0.5216466188430786
176725	0.7991878986358643
216662	0.44407919049263
280673	0.7991878986358643
239203	0.40942618250846863
156006	0.660275936126709
339570	0.6569857001304626
465524	0.6055433750152588
165493	0.5264433026313782
532091	0.430290162563324
496772	0.6190946102142334
547973	0.6260256171226501
339597	0.622585654258728
490776	0.7197538018226624
295571	0.4576510787010193
156316	0.6133530139923096
513189	0.5316236019134521
159402	0.7224345803260803
288948	0.46934273838996887
217791	0.594227135181427
424130	0.5423424243927002
388897	0.5258103013038635
331980	0.5575131773948669
373455	0.6096479892730713
185048	0.8838932514190674
331995	0.586114227771759
132829	0.5887068510055542
188640	0.5017147660255432
53489	0.5065082907676697
411385	0.5958033204078674
401146	0.47680872678756714
427260	0.6484187841415405
535301	0.686806321144104
131850	0.6571955680847168
411411	0.4288577139377594
411416	0.5609283447265625
437024	0.5735644102096558
300321	0.6237512826919556
388898	0.7081556916236877
339846	0.6702842712402344
123198	0.6853612661361694
123200	0.44775664806365967
551233	0.6141394972801208
514370	0.6724473237991333
513350	0.7173896431922913
29512	0.35776984691619873
580425	0.5598264336585999
453454	0.3429422378540039
159058	0.6066035032272339
332115	0.5337464809417725
53087	0.692173957824707
156005	0.47667279839515686
273254	0.5839081406593323
156007	0.48276373744010925
177028	0.6321448683738708
132998	0.6829526424407959
73100	0.7991878986358643
525709	0.7166234850883484
216974	0.4997328519821167
525711	0.371967613697052
556432	0.5388932228088379
168342	0.6024782657623291
155546	0.6078909635543823
155547	0.48596319556236267
343964	0.6107499003410339
422813	0.5485984683036804
281505	0.4955873191356659
2470	0.5648165345191956
347065	0.630516767501831
241091	0.5190923810005188
186320	0.7312626242637634
64986	0.8646960258483887
581797	0.3096163868904114
348128	0.5558667778968811
252084	0.5552552938461304
214501	0.6061368584632874
156648	0.33835190534591675
503273	0.43780457973480225
153770	0.7072896957397461
