445954	0.5521569848060608
395351	0.44062668085098267
534018	0.3739761710166931
421902	0.6291107535362244
283153	0.6651039719581604
515605	0.654517650604248
99353	0.5327996611595154
515610	0.714004635810852
515611	0.5036178827285767
57251	0.015205957926809788
119844	0.43115660548210144
335400	0.6364023685455322
389213	0.565244197845459
461884	0.7235627174377441
52800	0.7506317496299744
370241	0.7789949178695679
480834	0.6849400401115417
480838	0.719862163066864
496204	0.7166524529457092
421965	0.6393882036209106
18189	0.4923023283481598
135255	0.2596015930175781
103005	0.5040658712387085
245345	0.12998516857624054
462948	0.6124988794326782
536182	0.44038453698158264
90750	0.6826789975166321
505471	0.42182987928390503
268416	0.5868176221847534
178823	0.6945087313652039
422536	0.46444573998451233
427155	0.5012564063072205
371863	0.4987061321735382
400538	0.5642619132995605
400541	0.6779314279556274
403616	0.6987696886062622
45217	0.6457697153091431
53923	0.7290591597557068
127140	0.6139954924583435
422056	0.6965659260749817
548125	0.5132489800453186
45233	0.47436070442199707
52925	0.6233947277069092
422080	0.683211088180542
283845	0.21916434168815613
57030	-0.030230961740016937
63688	0.6194754242897034
443256	0.7349521517753601
488677	0.5832717418670654
457958	0.6227179765701294
421608	0.8260576128959656
52974	0.6022214293479919
308776	0.28983765840530396
559059	0.47378984093666077
422014	0.6692476868629456
421622	0.7164349555969238
331006	0.41060006618499756
548106	0.4644993543624878
376589	0.6281762719154358
579345	0.5434713959693909
258839	0.7295244932174683
258841	0.5370914936065674
335645	0.628550112247467
518947	0.3224189579486847
384811	0.6232038140296936
421681	0.6509304642677307
99122	0.5426443219184875
529206	0.23034219443798065
125755	0.4518814980983734
562498	0.6852583289146423
534342	0.6140159368515015
460104	0.6914718747138977
460120	0.6222536563873291
53084	0.28584787249565125
26973	0.7412183284759521
94573	0.333918035030365
139638	0.6243938207626343
247672	0.6176648736000061
201594	0.43493688106536865
473469	0.5513578653335571
469890	0.42550861835479736
144962	0.5003465414047241
403354	0.696152925491333
101792	0.5898598432540894
247715	0.6782859563827515
247716	0.49438831210136414
52133	0.7164933085441589
421811	0.6677708625793457
303008	0.7042576670646667
457160	0.6400806307792664
457163	0.5845857858657837
426958	0.37170037627220154
426959	0.5668350458145142
357841	0.48127657175064087
445906	0.736284077167511
426147	0.7125321626663208
384984	0.723341166973114
10714	0.5950520634651184
62949	0.3456842005252838
68588	0.7182793021202087
57841	0.10832081735134125
421879	0.6848241686820984
468476	0.36118876934051514
