36354	0.06860635429620743
135685	0.20474742352962494
234505	0.16122859716415405
353295	0.17192283272743225
97296	0.04014206305146217
147988	0.22085708379745483
353302	0.23923766613006592
175131	0.1857321709394455
161308	0.08767352998256683
560160	0.16644644737243652
104283	0.10307873785495758
36910	0.06860635429620743
508975	0.30971840023994446
380977	0.282927930355072
191554	0.24409018456935883
355681	0.40194758772850037
453709	0.303459495306015
37560	0.06860635429620743
213075	0.26181820034980774
151133	0.179085373878479
557151	0.11790871620178223
473704	0.1675269901752472
521660	0.21614789962768555
405597	0.09014425426721573
411762	0.24668200314044952
281716	0.3333832323551178
419449	0.08089584857225418
381053	0.555429995059967
557188	0.2770284116268158
304782	0.2562471032142639
304783	0.1459936797618866
208027	0.3903188407421112
318622	0.158833310008049
256173	0.15655088424682617
430776	0.1340128779411316
208057	0.3558824360370636
345793	0.10540112853050232
485571	-0.00044178965617902577
344772	0.029315130785107613
401608	0.4029516577720642
567498	0.6175715923309326
157368	0.1499801129102707
436942	0.2587002217769623
198863	0.21798288822174072
363746	0.09223103523254395
372458	0.19261063635349274
297710	0.7423432469367981
103156	0.4817427396774292
122103	0.26799440383911133
300792	0.2040240615606308
351482	0.2603013515472412
265472	0.04249900206923485
19207	0.5407551527023315
546059	0.21703681349754333
170766	0.28326940536499023
321325	0.3184419870376587
138036	0.17170247435569763
193851	0.24839869141578674
279356	0.377662718296051
284989	0.16877329349517822
275265	0.07908730208873749
275267	0.06223803386092186
485191	0.08877895027399063
385355	0.09859919548034668
420176	0.1955629289150238
531287	-0.0711006447672844
54107	0.17736615240573883
89953	0.025351086631417274
507235	0.2686414122581482
503142	0.2569359242916107
441705	0.2599714696407318
428407	0.3005138635635376
157571	0.14382925629615784
335756	0.37514904141426086
531854	0.373484343290329
492436	0.21098516881465912
444310	0.16241753101348877
382373	0.45901283621788025
502694	0.18980909883975983
400295	0.27581560611724854
302506	0.22639237344264984
385970	0.10550008714199066
235678	-0.024713704362511635
490143	0.04018731787800789
368271	0.11806868016719818
158027	0.8994210362434387
129478	0.06584606319665909
28615	0.2450677752494812
350153	0.07908085733652115
469751	0.14268040657043457
365006	0.29490238428115845
525263	0.2517368793487549
363478	0.19050107896327972
441822	0.14760850369930267
228833	0.1994699239730835
556518	0.1908564567565918
76781	0.17490015923976898
199162	0.11382932215929031
10748	0.19131293892860413
459773	0.22083516418933868
