345601	0.04540596902370453
345602	0.22775784134864807
567638	0.260599821805954
222730	0.08663354814052582
93711	0.08863446861505508
325137	0.4331582188606262
5138	0.11892477422952652
530457	0.13830773532390594
121892	0.20362170040607452
402982	0.10236608982086182
192551	0.19855891168117523
121900	0.1833881437778473
379439	0.22205618023872375
98867	0.22447343170642853
159288	0.23545625805854797
358581	0.15049806237220764
143944	0.16153614223003387
340042	0.05845436453819275
289355	0.13178011775016785
352540	0.1594032496213913
400475	0.19744235277175903
82529	0.048715900629758835
125538	-0.025609146803617477
325747	0.17297245562076569
105600	0.20091965794563293
437391	0.5334929823875427
182932	0.18917672336101532
502422	0.05436422675848007
230041	0.10569486021995544
5284	-0.05687590688467026
408743	0.2717905640602112
149673	0.024992700666189194
43693	0.17527776956558228
15538	-0.037099841982126236
479411	0.09523610770702362
556724	0.1761355847120285
317109	0.15665143728256226
216759	-0.015592221170663834
539320	0.10142680257558823
51387	0.1851886808872223
382653	0.10662098228931427
391871	0.17742906510829926
355016	0.16428489983081818
210637	0.16861432790756226
327890	0.064686119556427
343252	0.11967625468969345
353495	0.1697925478219986
397531	0.19991712272167206
466653	0.29136207699775696
148702	0.10406041145324707
736	0.09233680367469788
392424	0.051106736063957214
284370	0.2008610963821411
39664	-0.012174496427178383
159478	0.23627249896526337
14600	0.6075842976570129
249611	0.02798915095627308
20355	0.0785897821187973
456476	0.2129417508840561
418079	0.052754320204257965
126242	0.045935094356536865
126245	0.045935094356536865
552230	0.10389696061611176
69418	0.13710740208625793
396596	0.07395762950181961
415029	0.1528967320919037
152377	0.17992757260799408
59711	0.26414188742637634
281921	0.6451692581176758
45395	0.11360087245702744
578390	0.13310055434703827
487268	0.131949320435524
391021	0.17367517948150635
543087	0.48749715089797974
468712	-0.018196118995547295
142706	0.1602189987897873
352118	0.15087398886680603
161146	0.24615995585918427
465790	0.13275599479675293
554880	0.11759839206933975
486787	0.12032892554998398
126346	0.11137555539608002
331659	0.1761423647403717
321420	0.15665143728256226
373654	-0.022377995774149895
15767	0.12548622488975525
276889	0.17762400209903717
56733	-0.019931737333536148
60831	0.05380668491125107
240545	0.5728664398193359
88486	0.13105858862400055
146857	0.113592728972435
159667	0.18621468544006348
524212	0.18254248797893524
49607	0.17304736375808716
315849	0.2058001011610031
240593	0.2077476680278778
179161	0.10316234827041626
531431	0.12745942175388336
193006	0.24828405678272247
310258	0.24259823560714722
198132	0.33896729350090027
542377	0.5938405990600586
121336	0.1094004362821579
415742	0.12035040557384491
