270854	0.20500507950782776
105995	0.3782765567302704
226317	0.1450868397951126
364561	0.145018070936203
81940	0.06650485843420029
346648	0.13385209441184998
457759	0.0888228490948677
440366	0.4776076078414917
123958	0.22249522805213928
266307	0.15611496567726135
312907	-0.04381350800395012
506444	0.23845627903938293
560210	0.1167905405163765
482389	0.16997401416301727
459359	0.2263106256723404
213097	0.060025013983249664
252529	0.13925132155418396
487539	0.17250458896160126
259188	0.1973513960838318
431733	-0.018950507044792175
147574	0.09227925539016724
396921	0.23395732045173645
521341	0.19028398394584656
179840	0.18634027242660522
432769	0.17620182037353516
30343	0.1135612279176712
569993	0.2240075320005417
41098	0.21708963811397552
499882	0.38837549090385437
141486	0.26333606243133545
311984	0.7070636749267578
82610	0.1902157962322235
442035	0.15901707112789154
437950	0.10654893517494202
437951	0.01570121757686138
364744	0.17155076563358307
96975	0.19350892305374146
409299	0.36914822459220886
219356	0.17217068374156952
452836	0.25513756275177
503014	0.18240857124328613
376553	0.42164286971092224
282872	0.1285780519247055
381698	0.3358437716960907
89859	0.7686462998390198
58913	0.08645333349704742
163095	0.10616963356733322
413469	0.14380908012390137
452906	0.07225370407104492
44332	0.24182751774787903
282413	0.06953629851341248
219438	0.04089587181806564
157500	0.13880273699760437
259394	0.5757830739021301
492367	-0.0605999119579792
449370	0.2720877528190613
219483	0.2735004127025604
446816	0.28363481163978577
373603	0.13945096731185913
402153	0.14576055109500885
379265	0.28511786460876465
375694	0.06720124185085297
255381	0.761786162853241
311195	0.149939626455307
146339	0.1273210048675537
70053	0.2537318170070648
263592	0.1215437799692154
263597	0.1523723155260086
263599	0.20996439456939697
399286	0.11940847337245941
402364	0.20684672892093658
253885	0.17387288808822632
452041	0.07468601316213608
447436	0.1564670354127884
153549	0.11087363958358765
363991	0.143246129155159
441765	0.2673093378543854
162273	0.2090318650007248
423396	0.22282648086547852
558063	0.10039430111646652
442872	0.2123257964849472
