75776	0.1696804314851761
429741	0.181072399020195
526869	0.22776201367378235
90147	0.20557431876659393
311849	0.2671264111995697
94767	0.5868805050849915
219696	0.44374799728393555
487992	0.19359275698661804
114758	0.7838156223297119
153165	0.19039227068424225
147578	0.27925586700439453
327255	0.07440432906150818
515429	0.21539270877838135
373856	0.12752915918827057
474210	0.356128454208374
322148	0.2439761459827423
130663	0.2744080722332001
360552	0.15939529240131378
70256	0.3344838619232178
436853	0.25422805547714233
442999	0.43081480264663696
534138	0.1876848042011261
448645	0.29515114426612854
374925	0.18324333429336548
448660	0.35526925325393677
508570	0.44774091243743896
120988	0.37421342730522156
380067	0.19457432627677917
21159	0.18037718534469604
535210	0.01735420525074005
141485	0.26699477434158325
374962	0.38168102502822876
349886	0.3841615319252014
70849	0.2871994078159332
312005	0.41500988602638245
266438	0.35154300928115845
486609	0.2036183923482895
313554	0.22040052711963654
141021	0.19853293895721436
417160	0.23004131019115448
534755	0.4441280663013458
381673	0.2755623757839203
484077	0.29187971353530884
80626	0.4709726870059967
80629	0.28463268280029297
175863	0.48749488592147827
91901	0.1418784111738205
441095	0.3796590268611908
228620	0.15122641623020172
123494	0.19670765101909637
219411	0.24397407472133636
172311	0.21422642469406128
206624	0.31251946091651917
254241	0.30536431074142456
210729	0.3676607310771942
334216	0.242918461561203
311090	0.1626976728439331
157496	0.2826279401779175
77640	0.1459890753030777
449358	0.35001999139785767
215891	0.2985900640487671
80213	0.7514885663986206
37727	0.061290889978408813
197472	0.9170910716056824
90467	0.2726183533668518
164197	0.1454179435968399
419174	0.2147047221660614
97653	0.5620875954627991
441213	0.30939021706581116
354689	0.17623469233512878
463747	0.19589775800704956
486279	0.3245009779930115
342408	0.35320064425468445
370574	0.39680150151252747
308624	0.22379781305789948
441755	0.3292151391506195
285093	0.08095722645521164
375719	0.1481449007987976
327084	0.05057042837142944
365042	0.22212134301662445
486830	0.22671106457710266
403377	0.245945543050766
449466	0.35524576902389526
219078	0.35404354333877563
363473	0.1450880914926529
293842	0.07272214442491531
549332	0.25209277868270874
432106	0.29717016220092773
447468	0.21474550664424896
92142	0.2349647581577301
483314	0.13868847489356995
474100	0.24636541306972504
327161	0.16684210300445557
