554501	0.1845494657754898
560135	0.011900736019015312
482825	-0.04091479256749153
482827	0.2286881059408188
172046	0.6968944668769836
560144	0.07977220416069031
80404	0.033952292054891586
236576	0.09982792288064957
556579	0.2843809425830841
565300	0.13099665939807892
322615	0.03479770943522453
554554	0.14188723266124725
556614	0.14104531705379486
211725	0.23231403529644012
488016	0.11581233888864517
389719	0.19484421610832214
70239	0.47940993309020996
231530	0.0023716639261692762
502119	0.03651037812232971
557166	0.0573832131922245
252527	0.11759696900844574
130161	0.20081369578838348
458867	0.03644351661205292
70774	0.7226699590682983
87162	0.08933251351118088
473706	0.12931998074054718
433279	0.11322645097970963
443525	0.052833132445812225
488075	0.2673882246017456
271504	0.13624686002731323
5265	0.02899734303355217
171666	0.03906743600964546
468118	0.1931651383638382
198807	0.16358326375484467
457374	-0.08574783056974411
443039	0.1448439359664917
440992	0.25305095314979553
197281	0.17727960646152496
157351	0.16260981559753418
474227	-0.012140482664108276
119996	0.1852542906999588
471761	-0.021408068016171455
467154	0.14267364144325256
325331	0.09883619844913483
501978	0.14193472266197205
483071	0.16839788854122162
210151	-0.0320708192884922
220398	0.1390429139137268
418544	0.21164941787719727
173303	0.007107268553227186
441084	0.061692990362644196
271105	-0.027759935706853867
436482	0.22921118140220642
442667	0.30639389157295227
556812	0.14986161887645721
141581	-0.027838796377182007
129294	0.03668740764260292
485647	0.1445891410112381
485650	0.009235366247594357
457493	0.13590557873249054
211674	0.2175069898366928
115998	0.08563974499702454
239391	0.26174286007881165
441120	0.03420882672071457
78635	0.23428964614868164
378167	0.14483192563056946
484669	0.09034913033246994
505663	0.08153985440731049
402253	0.2568296790122986
181583	0.04899542033672333
138064	0.12977363169193268
203092	0.07980401813983917
80214	0.30584219098091125
439648	0.029659325256943703
18279	-0.0023900270462036133
202610	0.0408952459692955
485240	0.09230723977088928
440185	-0.024983948096632957
574330	0.05020684376358986
186756	0.020071830600500107
122249	0.1394747793674469
556442	0.12830430269241333
434075	0.06608577072620392
379804	-0.0019156484631821513
465309	0.1167396530508995
177568	0.8525869846343994
222124	0.10573707520961761
544173	0.22597336769104004
108475	-0.0022969634737819433
89760	0.6266505718231201
280002	0.11624549329280853
55747	0.10988248884677887
164294	0.3339765965938568
572875	0.1413549929857254
59353	0.07787447422742844
332769	0.24037103354930878
208358	0.03311258181929588
81393	0.18264196813106537
483317	0.0635029673576355
357371	0.11056003719568253
