15882	0.23979920148849487
484184	0.11843785643577576
111648	0.100359708070755
75809	0.09006180614233017
354856	0.06342902034521103
519213	0.006269762292504311
332438	0.5465015172958374
98866	0.2148130089044571
482363	0.02531723864376545
244293	0.04921899363398552
523340	0.15546725690364838
6223	-0.022518377751111984
236624	0.17742681503295898
400469	0.19921758770942688
482908	0.20079682767391205
246884	0.012663845904171467
147047	0.05872948095202446
84605	0.1261424720287323
112782	-0.00802544504404068
474768	0.0632762759923935
571030	0.45369476079940796
323224	0.11645586788654327
442521	0.19413214921951294
389317	0.15106581151485443
350370	0.0689643993973732
19142	0.46314194798469543
76969	0.2514037489891052
323251	0.10582978278398514
560320	0.5384684205055237
19140	0.4438343048095703
326859	0.10854116827249527
96985	0.100075863301754
483547	0.19747108221054077
436957	0.1266402155160904
139487	0.16691437363624573
365280	0.08312743157148361
179940	0.03643346205353737
123630	0.5439675450325012
566513	-0.09534584730863571
352499	0.39016738533973694
352501	0.11070586740970612
340215	0.6469677090644836
25855	0.057984866201877594
429316	0.33161696791648865
18198	0.04321524128317833
493529	0.1578940749168396
481050	0.37491586804389954
116521	0.5816339254379272
326969	0.01533670723438263
522975	0.12708324193954468
102717	0.10412925481796265
101188	0.020518191158771515
444230	0.05518350750207901
484176	0.05773205682635307
414545	0.11648587882518768
578386	0.03988967463374138
441176	0.5010082721710205
242014	0.23045581579208374
315757	0.1148030161857605
292723	0.06140991672873497
42868	0.1705724596977234
524150	0.12081295996904373
461181	0.03442980721592903
515456	0.01293356902897358
526725	0.6344619393348694
225172	0.188054159283638
559521	-0.03295814245939255
77224	0.07423143088817596
449449	0.13685475289821625
26034	0.1550273597240448
378291	0.17855504155158997
378292	0.17855504155158997
26037	0.3433409333229065
14265	0.45954465866088867
242630	0.24058927595615387
237901	0.1294303983449936
124369	0.07391975820064545
158163	0.09300658106803894
541144	0.24076679348945618
2012	0.09113804996013641
71845	0.03867717459797859
27114	0.3087425231933594
505325	0.062161143869161606
486385	0.007310526445508003
505	0.19632497429847717
556541	0.08720222860574722
