70532	0.40614086389541626
69642	0.10073312371969223
514827	0.20555329322814941
462868	0.5509112477302551
360857	0.8726246356964111
14746	0.09763415902853012
143006	0.4063621461391449
117791	0.37740227580070496
297504	0.3522873818874359
462881	0.46298691630363464
377275	0.35732796788215637
344135	0.7125871181488037
576589	0.8472345471382141
123981	0.29742300510406494
69970	0.731573224067688
349396	0.5497552156448364
339414	0.8729296922683716
266591	0.4060116708278656
30185	0.5226109623908997
221678	0.5509112477302551
521586	-0.01346320379525423
340980	0.4815996587276459
70005	0.731573224067688
221673	0.5509112477302551
381690	0.5226109623908997
339325	0.8709139823913574
