480768	0.32627883553504944
221185	0.27088913321495056
272900	0.289354145526886
305161	0.40365293622016907
494603	0.38303229212760925
305164	0.2902507483959198
507405	0.16664309799671173
202413	0.14815504848957062
190480	0.2885603606700897
113681	0.25884732604026794
149527	0.17465318739414215
22555	0.42636623978614807
311845	0.21233448386192322
123437	0.3293362855911255
480816	0.5653608441352844
535090	0.3271283209323883
60474	0.22608964145183563
343607	0.19755418598651886
222266	0.24697576463222504
328268	0.29074209928512573
574036	0.1866474747657776
519257	0.16868765652179718
211547	0.19500376284122467
579166	0.34385037422180176
31840	0.7142084240913391
445027	0.3666044771671295
489575	0.27641019225120544
55399	0.23518431186676025
521330	0.1800217181444168
301687	0.34297269582748413
349818	0.2630879878997803
225407	0.2944999635219574
445057	0.25663626194000244
189572	0.15454977750778198
450693	0.20501352846622467
419978	0.3462420701980591
400528	0.3538500964641571
51865	0.11193038523197174
483486	0.09613357484340668
203935	0.216787189245224
429728	0.342847615480423
540835	0.1605917066335678
174253	0.2937800884246826
160435	0.3267273008823395
378042	0.23144936561584473
336582	0.2865391671657562
286408	0.33866533637046814
355537	0.3375394940376282
452311	0.1853093057870865
280797	0.42695561051368713
280800	0.37948933243751526
480995	0.35985612869262695
161661	0.39378514885902405
536304	0.10028054565191269
428274	0.3306039273738861
386098	0.20788511633872986
375558	0.3656670153141022
420627	0.778335690498352
439061	0.24465693533420563
180503	0.2864433228969574
499993	0.29954323172569275
234270	0.1716284304857254
142630	0.778335690498352
235305	0.24523121118545532
481067	0.4680902361869812
430893	0.3431145250797272
544047	0.10094661265611649
268599	0.11977943778038025
348474	0.30184879899024963
449162	0.23271845281124115
182591	0.5221422910690308
406337	0.4982750713825226
324933	0.17574816942214966
419143	0.623563826084137
164680	0.2712743282318115
444746	0.43067124485969543
428367	0.3306039273738861
420688	0.533551812171936
399332	0.3457779586315155
357211	0.23579804599285126
270684	0.4387774169445038
320349	0.1915738433599472
328030	0.3037060797214508
149353	0.11244342476129532
428404	0.3306039273738861
445305	0.6829727292060852
259962	0.1214010939002037
442748	0.28878289461135864
365437	0.29082897305488586
300415	0.2501012980937958
445313	0.5816261768341064
135147	0.08582574129104614
396166	0.3956930339336395
366984	0.354249507188797
445326	0.3008993864059448
444829	0.5910264849662781
525233	0.4651549160480499
303034	0.41714584827423096
442815	0.1827401965856552
313804	0.194597065448761
260561	0.2488158941268921
414675	0.3104725182056427
216541	0.31364136934280396
292323	0.2722427546977997
133092	0.24806323647499084
481259	0.32200321555137634
453616	0.23375532031059265
232445	0.4645548164844513
478718	0.15307176113128662
