409620	0.24034786224365234
450587	0.33127862215042114
69159	0.03583728149533272
450606	0.21671807765960693
151087	0.5193188190460205
509493	0.3341772258281708
224826	0.3619886040687561
431170	0.4212484359741211
130118	0.2605125308036804
262737	0.3338042199611664
550482	0.3586803674697876
265817	0.2831040024757385
535642	0.36985960602760315
137308	0.2929348945617676
497253	0.37277933955192566
492134	0.10756196081638336
539238	0.11088425666093826
522858	0.505254864692688
141420	0.2704096734523773
120950	0.2807352840900421
512532	0.13171762228012085
301708	0.2925480902194977
443541	0.1757177710533142
118934	0.2195921689271927
445597	0.2692883312702179
394910	0.3154934346675873
120993	0.27628278732299805
476699	0.34921950101852417
365738	0.2830077111721039
512695	0.05740296095609665
443584	0.36298125982284546
175810	0.2249998152256012
202954	0.39123284816741943
299725	0.34312117099761963
418525	0.3522689938545227
40671	0.32335057854652405
162016	0.05180194228887558
207073	0.2516886293888092
120555	0.25713911652565
384236	0.38309699296951294
266484	0.17798224091529846
112169	0.22260025143623352
149753	0.19177840650081635
504590	0.30160051584243774
135951	0.27083709836006165
341282	0.6195393800735474
354637	0.2879963219165802
294371	0.35234808921813965
288228	0.4684859812259674
492897	0.2909078001976013
207078	0.3289157748222351
510822	0.2373134195804596
395632	0.25119099020957947
307063	0.3022972643375397
242806	0.3363617956638336
193927	0.32037901878356934
491404	0.1712430715560913
174989	0.3439709544181824
297364	0.2494451254606247
279459	0.5091520547866821
340902	0.4013570547103882
460203	0.32378852367401123
499633	0.280319482088089
465331	0.3091447949409485
367540	0.31303471326828003
375735	0.15273277461528778
488380	0.16921333968639374
102845	0.2948110103607178
367554	0.30802997946739197
296389	0.3658575117588043
486857	0.18230822682380676
380875	0.3794802725315094
368590	0.013941453769803047
223183	0.2333880066871643
289745	0.35600653290748596
368600	0.1922568529844284
396762	0.0930982306599617
289761	0.345490038394928
122339	0.22841255366802216
294372	0.35045745968818665
575996	0.11931063234806061
368563	0.2773950397968292
384231	0.24805611371994019
