194565	0.8254169821739197
27143	0.7567152976989746
506893	0.8346477150917053
39950	0.7475289106369019
506895	0.7245953679084778
298008	0.8940562009811401
164377	0.7639405131340027
298010	0.7808584570884705
138779	0.832594096660614
298012	0.8472934365272522
179232	0.7169628143310547
5153	0.5847893953323364
111653	0.7615336179733276
494118	0.5286179780960083
415789	0.8963807225227356
415797	0.724693238735199
268343	0.8785791397094727
2104	0.914311408996582
337983	0.8932486176490784
415815	0.8584527373313904
121869	0.68022620677948
545877	0.7007651329040527
542316	0.8655734062194824
342643	0.6587753295898438
74873	0.79366534948349
284294	0.8697558641433716
78985	0.9227851629257202
201870	0.89247065782547
95382	0.9419978857040405
298009	0.7143555283546448
360096	0.807087242603302
553123	0.8655734062194824
553129	0.9419978857040405
52408	0.9110648036003113
265917	0.8047146201133728
517311	0.7608341574668884
342720	0.9248160123825073
304836	0.838813304901123
553157	0.719340980052948
318664	0.6590758562088013
103628	0.7776466012001038
488653	0.8393555283546448
504531	0.9500162601470947
463063	0.7410392165184021
553176	0.8148884177207947
41695	0.713147759437561
265956	0.8677722811698914
206061	0.8600798845291138
265968	0.9581834077835083
265971	0.9602686166763306
182517	0.7614063620567322
237817	0.8315868973731995
265978	0.8915022611618042
304511	0.8424213528633118
239356	0.8664229512214661
171787	0.8596804738044739
249612	0.7669148445129395
533813	0.8114824295043945
524605	0.5882807970046997
170309	0.8951660990715027
178508	0.9411227703094482
260621	0.6959807276725769
331613	0.7331495881080627
498526	0.7360490560531616
512864	0.7615336179733276
364901	0.8176640868186951
374637	0.7668415904045105
327537	0.8764117956161499
361845	0.7642147541046143
541050	0.8690075874328613
397180	0.8234007954597473
304510	0.8683763146400452
334207	0.8859841227531433
288648	0.8867650032043457
361866	0.7546111941337585
361871	0.7809396386146545
251287	0.9826787114143372
395165	0.92973393201828
309665	0.7399857044219971
359842	0.8837409019470215
10155	0.7591021656990051
314804	0.6624301075935364
520650	0.8242272734642029
520651	0.8316687941551208
288207	0.910576343536377
507862	0.8599333167076111
199639	0.8984751105308533
375769	0.6992349028587341
416738	0.7781939506530762
375784	0.7197104096412659
400373	0.778242290019989
537595	0.7149525880813599
