90882	0.7517191767692566
140211	0.9379972219467163
553097	0.840358316898346
161034	0.7147248983383179
575383	0.5658090114593506
542220	0.6651061177253723
7053	0.8337579369544983
159118	0.8397521376609802
139665	1.0
10642	0.8133466243743896
90901	0.6775431632995605
330263	0.7517191767692566
359748	0.8037373423576355
368154	0.7517191767692566
29979	0.7517191767692566
478879	0.682361900806427
10269	0.6860978007316589
304670	0.677062451839447
542623	0.7517191767692566
541104	0.7156978249549866
331819	0.23017244040966034
333593	0.631782054901123
375984	0.7295613288879395
409651	0.67105633020401
342964	0.8688934445381165
201272	0.8915756344795227
367284	0.6394465565681458
329375	0.6577622890472412
91196	0.758787214756012
91197	0.5496030449867249
342463	0.7478705644607544
307140	0.9572862386703491
182945	0.6718820333480835
359754	0.788796603679657
568139	0.6775431632995605
256653	0.7842878699302673
341816	0.6361469626426697
159929	0.5753394961357117
190808	0.7517191767692566
238993	0.7473071813583374
425167	0.686191737651825
264796	0.6550289392471313
103901	0.882965087890625
359775	0.8645157217979431
345313	0.7697571516036987
264802	0.9756963849067688
91195	0.625203549861908
448415	0.37250080704689026
470757	1.0
158695	0.6166771054267883
337897	0.6709936857223511
345066	0.8530914187431335
345067	0.8530914187431335
546418	0.7835443019866943
463094	0.7108848094940186
248330	0.5988053679466248
332154	0.6615613698959351
336106	0.8480672836303711
84350	0.9176811575889587
238591	0.7517191767692566
