294417	0.018321426585316658
162331	0.04345926642417908
490017	0.03406083211302757
409639	0.09601485729217529
513580	0.0013567066052928567
392754	0.21358321607112885
182328	0.1746002733707428
99448	0.09697219729423523
560186	0.17265386879444122
522309	0.07782093435525894
249415	0.035828396677970886
246864	0.07433327287435532
560211	0.06969359517097473
419941	0.03890667110681534
240233	0.0832657590508461
314477	0.17800919711589813
103023	0.19972831010818481
292466	-0.07157079875469208
213619	0.09103076159954071
54389	0.1519843339920044
273016	0.08183619379997253
92793	0.03213456645607948
42112	0.07775157690048218
37505	0.09222204238176346
390789	0.10850824415683746
311946	-0.019205870106816292
94868	0.024160657078027725
71323	0.09988471120595932
562846	0.1415611356496811
536228	0.10990571230649948
497834	0.09291105717420578
418988	0.03378491476178169
412845	0.007976308465003967
279733	0.019423071295022964
432322	0.2140013575553894
149710	0.16371354460716248
107729	0.07350945472717285
157396	0.03217266872525215
367831	0.045832544565200806
218330	-0.005501158069819212
112865	0.05152492970228195
496874	0.13016000390052795
405743	0.11248990893363953
247044	0.10212576389312744
219909	-0.0023919944651424885
496905	0.1826014369726181
578829	0.001842003082856536
465698	-0.01615242473781109
98599	0.04251523315906525
40751	0.002030586590990424
215358	-0.02355467714369297
384319	0.0482676699757576
103760	0.1626443862915039
403793	0.052619773894548416
488276	0.02894861251115799
59224	0.08600521832704544
492384	0.03736639395356178
307565	-0.014350159093737602
389492	0.038808394223451614
125302	0.0018687775591388345
35710	0.03378491476178169
192387	0.1227414608001709
103301	0.12594985961914062
507271	0.08092102408409119
477065	0.13195142149925232
195474	0.24966004490852356
362389	0.1087469756603241
392101	0.11985167860984802
195497	0.24063290655612946
195501	0.2807517349720001
302525	0.13524483144283295
434114	0.15932311117649078
394180	0.11662650108337402
75206	0.1848321110010147
477641	0.17659497261047363
122827	-0.0029753355775028467
404428	0.006923353299498558
222671	0.07121384888887405
154580	0.06785262376070023
37335	-0.017247222363948822
389595	0.11825702339410782
557535	0.16841387748718262
262624	0.07764480262994766
135138	0.05514280125498772
87545	0.09721335023641586
353257	0.059849925339221954
88042	-0.03182195872068405
457707	-0.04440457001328468
87535	-0.07030724734067917
256496	0.14826175570487976
204791	0.15065348148345947
392185	0.030638685449957848
170494	0.10736832022666931
