94212	0.588241457939148
454670	0.5437965989112854
402964	0.5464426875114441
455701	0.6039215922355652
359961	0.5329980254173279
239134	0.5419079661369324
408096	0.7765138745307922
494633	0.5904170274734497
76331	0.7357648611068726
404012	0.7001588940620422
560698	0.6674730777740479
273472	0.7001588940620422
337475	0.6124272346496582
238670	0.4808172285556793
118867	0.6935234069824219
19028	0.6796441078186035
399447	0.7079923748970032
44640	0.5945664644241333
79982	0.6916703581809998
44655	0.6704161763191223
377968	0.6347077488899231
262771	0.5360931158065796
238197	0.7242079973220825
176759	0.7029930949211121
538745	0.46795547008514404
379004	0.6165333986282349
542847	0.7001588940620422
329347	0.6673365235328674
288900	0.8836482167243958
19083	0.7169708609580994
156813	0.6823799014091492
337006	0.5511512160301208
81047	0.682757556438446
378010	0.7185208797454834
378011	0.7185208797454834
46760	0.6201815009117126
178859	0.9243581295013428
73918	0.6174795031547546
73919	0.6581006050109863
165068	0.8036832213401794
12497	0.798222541809082
12498	0.7289884686470032
213727	0.5758932828903198
252368	0.7001588940620422
256739	0.6828964948654175
200401	0.5760480165481567
337640	0.7165122628211975
401644	0.663135826587677
252370	0.727398157119751
81137	0.5092313289642334
567123	0.7230105996131897
385275	0.688833475112915
304385	0.8477452993392944
248069	0.4091776907444
239884	0.648278534412384
552723	0.6315039396286011
291605	0.6879005432128906
397086	0.7600770592689514
168226	0.5051113367080688
200483	0.82105952501297
131877	0.5936344265937805
298792	0.7910475134849548
185129	0.5722561478614807
185130	0.7135963439941406
339243	0.7106850743293762
397100	0.5406244397163391
430384	0.6853652596473694
552754	0.5978710651397705
203577	0.5562110543251038
462047	0.7208690643310547
455502	0.7544376850128174
464719	0.5586171746253967
206047	0.5399441719055176
253265	0.6288753151893616
308051	0.5893865823745728
253268	0.6008228063583374
455519	0.7296509146690369
455524	0.33984503149986267
472933	0.6140775680541992
456046	0.7378599047660828
456047	0.7378599047660828
303482	0.6554721593856812
534257	0.7459611892700195
493438	0.6625606417655945
493439	0.6622937321662903
262540	0.7006846070289612
455567	0.5847468376159668
455569	0.7427903413772583
493477	0.7404446005821228
239015	0.8007519245147705
492974	0.6547933220863342
492985	0.46212896704673767
379836	0.33973702788352966
455619	0.6505958437919617
416197	0.7206103801727295
542671	0.7600770592689514
56272	0.7307893633842468
495058	0.7254941463470459
252381	0.5758932828903198
577506	0.31055381894111633
502252	0.3768244981765747
240627	0.8268285989761353
536565	0.7946590781211853
419318	0.7642753720283508
542713	0.5226836204528809
137723	0.823936402797699
207357	0.7001588940620422
399358	0.45642557740211487
