49158	0.023903751745820045
444939	0.28512775897979736
232973	0.02929721772670746
364717	0.17495223879814148
413715	0.28547587990760803
97301	0.013182597234845161
334902	0.1179504245519638
469051	0.021396946161985397
62013	0.13358211517333984
458080	0.13508161902427673
545858	0.11666908115148544
312390	-0.03207871690392494
383564	0.05036875233054161
223821	0.34900856018066406
9828	0.12253160029649734
547940	0.16062034666538239
315499	0.2772529125213623
44653	0.3630494475364685
18655	0.13206754624843597
75377	0.09667015820741653
554112	0.08633948117494583
397441	0.1181190088391304
397961	0.009408802725374699
397962	-0.027406280860304832
6289	0.09622249752283096
397975	0.09036554396152496
397977	-0.0022590006701648235
467613	0.16547082364559174
13986	0.3810632526874542
316582	0.14170128107070923
397991	0.03981854021549225
397992	0.07064855098724365
398023	0.0827576071023941
50861	0.5571103692054749
397998	-0.0038256957195699215
492209	0.14622968435287476
527538	0.35728344321250916
398006	0.036766864359378815
51895	0.02676713466644287
308506	0.20969149470329285
398021	0.028224756941199303
259271	0.058474570512771606
8914	0.7063212990760803
244948	0.07377725094556808
280796	0.1802172213792801
490719	-0.0015195285668596625
221421	0.12904000282287598
462067	0.22164040803909302
399097	0.08180642873048782
71421	0.1596459299325943
49918	0.07098720967769623
414469	0.15984876453876495
262	0.2576947808265686
18708	0.04044272005558014
499989	0.13414129614830017
499994	0.12015850841999054
240927	0.19828471541404724
315180	0.10486597567796707
55599	0.04730715975165367
177456	0.205855593085289
193329	0.30033549666404724
308023	0.3391452431678772
248121	0.022472262382507324
86331	-0.012837009504437447
40278	0.05257955566048622
419165	0.42440861463546753
250720	0.0941692665219307
398181	0.1181190088391304
398182	0.1181190088391304
398183	0.1181190088391304
529768	0.3286983072757721
398187	0.009416959248483181
398188	0.008122595027089119
463726	0.005486133508384228
542576	0.5486475229263306
521828	0.13774333894252777
431474	0.19557256996631622
547699	0.5659772157669067
378231	0.5486475229263306
342904	0.08354716747999191
305018	0.08009383082389832
572797	0.18787896633148193
34185	-0.04650253430008888
477680	0.18157058954238892
466864	0.059519633650779724
397750	0.5057529211044312
490938	0.5057529211044312
56275	0.33451923727989197
421335	0.1389300376176834
114141	0.14950254559516907
50660	0.0307672917842865
415727	0.6122531294822693
292336	-0.03642221912741661
92661	0.05764293298125267
