457230	0.21553361415863037
38415	-0.04861149564385414
407569	0.3538225591182709
179732	0.08862874656915665
480281	0.1541048288345337
554011	0.43962562084198
530973	0.13529284298419952
271390	0.03581332787871361
240161	0.15278106927871704
202276	0.14322908222675323
245800	0.1443520486354828
218154	0.05293819680809975
480299	0.1319154053926468
216113	0.12760621309280396
484918	0.15771719813346863
429623	0.21360599994659424
231485	0.06790948659181595
9792	0.5194666385650635
412749	0.09948160499334335
447928	0.18785138428211212
78935	0.024729441851377487
240222	0.12972839176654816
551527	0.05959241837263107
263279	0.08820687234401703
91765	-0.001206182991154492
456822	0.18415234982967377
432253	0.24306178092956543
220802	0.1384122371673584
91781	0.28097769618034363
308417	0.13957983255386353
11402	0.11601484566926956
220299	0.11988498270511627
202390	0.03035588748753071
177825	0.45218464732170105
290979	0.14975322782993317
308389	0.16832853853702545
240812	0.09831695258617401
122029	0.6442228555679321
157363	0.1577933132648468
315580	0.4601832330226898
188094	-0.0378289557993412
494271	0.18190070986747742
14529	-0.005811008159071207
313036	0.13959752023220062
580814	0.22328858077526093
108752	0.0024986506905406713
24790	-0.000729532795958221
77775	0.08450141549110413
104165	0.1280442178249359
452326	0.06686580926179886
208105	0.12774258852005005
467695	0.042031463235616684
225008	0.118626169860363
55848	0.12802286446094513
308979	0.016927378252148628
374004	0.0878947377204895
97028	0.08839783072471619
54574	0.20964163541793823
191766	0.06083140894770622
294176	0.08422059565782547
189457	0.1070673018693924
140587	0.06257282197475433
165678	-0.05378725752234459
166705	-0.05378725752234459
159544	0.10778200626373291
59211	0.10291963070631027
525652	0.2872118651866913
181077	0.12275437265634537
514906	0.17599551379680634
201052	0.18469274044036865
355169	0.22494274377822876
35174	0.08820687234401703
324969	0.1083633229136467
204138	0.1278131604194641
112493	0.12078675627708435
373105	0.421110063791275
515444	0.05517760291695595
50549	0.6817017793655396
349568	0.0907590389251709
113728	0.18605884909629822
234987	0.68370521068573
232839	0.04042474925518036
458634	0.007448757998645306
77709	0.11604844033718109
310681	0.19210506975650787
92399	-0.0045895688235759735
410012	0.062329381704330444
489893	0.062130484730005264
492455	0.07053740322589874
381359	0.1140328124165535
125872	0.09571641683578491
125361	0.16684243083000183
459704	0.10455932468175888
9668	0.06149084493517876
349638	0.0901443287730217
323774	0.13415132462978363
75216	0.34734538197517395
126417	0.1603875607252121
75218	0.3119715452194214
149972	0.08492880314588547
475605	0.0932130366563797
399838	-0.00486034108325839
361951	0.05122975632548332
213585	0.14744886755943298
423335	0.0490436777472496
528366	0.15117648243904114
55806	0.12517882883548737
