306688	0.12509337067604065
392193	0.1474120020866394
196611	0.27083733677864075
487436	0.17458119988441467
560141	0.2062358558177948
81934	0.21958079934120178
97808	0.17073844373226166
34835	0.06840649992227554
550421	0.518244206905365
363552	0.18405060470104218
41002	0.008381681516766548
390700	0.21756020188331604
58928	0.6381662487983704
526387	-0.014484245330095291
257078	0.32630470395088196
37952	0.20087547600269318
449110	0.2156601846218109
35424	0.20087547600269318
363111	0.13022178411483765
261479	0.21780027449131012
283761	0.19813132286071777
454260	0.21888013184070587
488724	0.3051953911781311
176763	0.7437344193458557
384638	0.23611310124397278
526468	0.2803877592086792
106629	0.09659434854984283
211590	0.16917434334754944
456342	0.13267533481121063
419991	0.2789820432662964
106650	0.087919220328331
359071	0.17942599952220917
34980	0.20087547600269318
112809	0.2257823795080185
262828	0.14542727172374725
442543	0.20899175107479095
389305	0.273391991853714
450765	0.1799488216638565
169180	0.26641321182250977
41184	0.18588465452194214
302306	0.29060229659080505
27369	0.4388669729232788
465656	0.2663779854774475
4348	0.5412219762802124
373501	0.2822854816913605
506112	0.10567114502191544
524034	0.19128860533237457
526087	-0.03218124806880951
525578	0.28482481837272644
108306	0.10012315958738327
10516	0.5324388146400452
361238	0.1021522730588913
35460	0.2905522584915161
110875	0.17812305688858032
237340	0.13832171261310577
497438	0.17704561352729797
380191	0.2930279076099396
132897	0.17800459265708923
34597	0.09157988429069519
3368	0.10925793647766113
388393	0.5467929244041443
59692	0.04049300402402878
120111	0.16339673101902008
58672	0.19383439421653748
36147	0.20087547600269318
274741	0.16053852438926697
356664	0.16805361211299896
97601	0.10123580694198608
150354	0.04544902220368385
299348	0.21805492043495178
13141	0.24312783777713776
279901	0.2777121663093567
132446	0.1812070608139038
373088	0.09024754166603088
565095	0.6892505288124084
132968	0.805579662322998
442220	0.2836275100708008
22382	0.5957213640213013
137077	0.18784523010253906
395639	0.09510535001754761
3472	0.7082392573356628
369564	0.15432243049144745
412076	0.48763272166252136
192435	0.24736393988132477
274380	0.28384560346603394
243152	0.11476011574268341
72665	0.11073213070631027
2010	0.15533483028411865
504796	0.13015997409820557
137199	0.2566961944103241
444400	0.23574820160865784
71673	0.2069379985332489
466938	0.31617850065231323
423421	0.29107579588890076
