374274	0.044421952217817307
181771	0.14002414047718048
129036	0.023708518594503403
461341	0.14409884810447693
313382	0.08362887799739838
46631	-0.003801466664299369
144939	0.13237276673316956
261685	0.34140458703041077
110136	-0.03543924167752266
430658	0.24742215871810913
457287	0.10281258821487427
312844	0.004288309719413519
59468	0.13980910181999207
445006	0.6518236994743347
184912	0.15623898804187775
414295	0.40323784947395325
506129	0.0681418776512146
443499	0.19474412500858307
536711	0.12001772969961166
13466	0.16423162817955017
455323	0.3100234270095825
450717	0.004258125554770231
563870	0.2495213747024536
243229	0.04088896885514259
254131	0.014287729747593403
184506	0.01571187563240528
489660	0.1352517157793045
239303	0.769731879234314
579785	0.10063417255878448
456404	0.17620156705379486
223356	0.15470756590366364
34540	0.17048606276512146
128750	0.11702041327953339
467696	-0.01542901061475277
173298	0.06837828457355499
407298	0.12071683257818222
277259	0.10422123968601227
502029	0.3357263505458832
559889	0.19597503542900085
416019	0.1452479064464569
112926	0.19161532819271088
567585	0.18972283601760864
44336	0.6141220927238464
87093	0.09917398542165756
165700	-0.03330454230308533
432970	0.09079749882221222
233295	0.042675502598285675
457046	0.22660130262374878
425871	0.11723938584327698
266079	0.14495672285556793
261473	0.15906931459903717
266082	0.09806698560714722
34659	0.04123856499791145
5476	0.15316364169120789
356198	0.09977605938911438
414567	0.12305118143558502
266095	0.16642078757286072
473456	0.03537949547171593
437617	0.03088195249438286
125817	-0.00853000022470951
116090	-0.0707201138138771
36226	0.17048606276512146
26500	0.5549359321594238
200073	0.20726290345191956
45965	0.11175718903541565
555407	0.18752911686897278
355738	0.10496530681848526
166042	-0.03330454230308533
242080	0.18371498584747314
280481	0.21668006479740143
277413	0.1609955132007599
280488	0.23465308547019958
271790	0.07247953861951828
191919	-0.05992763862013817
312248	0.1417752504348755
134075	0.7624586820602417
462268	0.09151198714971542
257984	0.15382204949855804
373698	0.05882033705711365
435652	0.21829558908939362
189388	0.13016517460346222
191949	0.16993293166160583
36818	0.22857096791267395
129505	0.009713447652757168
60391	0.1378679722547531
358377	0.6518236994743347
294380	0.21830351650714874
65010	0.6258563995361328
57343	-0.03737557306885719
