165888	0.20722903311252594
371717	0.33800411224365234
11280	0.3630081117153168
28179	0.42624056339263916
128533	0.08508220314979553
51740	0.21786625683307648
55330	0.11923601478338242
224604	0.5102917551994324
204381	0.19383035600185394
437808	0.09698531031608582
28211	0.42872658371925354
28212	0.36503785848617554
28213	0.3687250018119812
456249	0.28459495306015015
167492	0.10940577834844589
521286	0.007852809503674507
129607	0.23433826863765717
296520	0.30362439155578613
325193	0.31532910466194153
390219	0.044174086302518845
518903	0.3948212265968323
172625	0.14261725544929504
22611	0.062294747680425644
17492	0.3547474145889282
506454	0.064808689057827
204379	0.6973742246627808
30813	0.3829805552959442
250981	0.31625184416770935
444522	0.38596779108047485
2157	0.30218419432640076
64112	0.586176335811615
65146	0.4772498905658722
166526	0.14171957969665527
371338	0.276272714138031
215490	0.34156596660614014
28303	0.35535839200019836
563651	0.4190578758716583
185497	0.12150833755731583
370855	0.2033589631319046
112297	0.4905754625797272
44202	0.4072582423686981
528559	0.17437958717346191
362171	0.2537536323070526
96444	0.7808294892311096
30403	0.2900193929672241
207734	0.38582977652549744
166087	0.16894344985485077
205516	0.16091285645961761
135887	0.26510167121887207
325337	0.29488757252693176
152797	0.09717792272567749
188127	0.7670959234237671
21238	0.22496217489242554
414967	0.10778979957103729
172286	0.43447595834732056
535593	0.19612964987754822
165666	0.055384278297424316
139556	0.5181362628936768
234789	0.17100106179714203
302890	0.1551153063774109
294699	0.14266684651374817
344367	0.35016733407974243
401200	0.4765932559967041
62769	0.586176335811615
63295	0.5415701270103455
27968	0.43979471921920776
537057	0.11224444210529327
112975	0.5668952465057373
27989	0.4492407441139221
118620	0.3981252610683441
55133	0.11923601478338242
28002	0.3393332064151764
516451	0.5464522838592529
337767	0.5703843832015991
417641	0.30222904682159424
102262	0.4435167908668518
118676	0.10645020008087158
209788	0.1137789636850357
326525	0.6516827344894409
161159	0.10677849501371384
50056	0.20987939834594727
399763	0.20426055788993835
390548	0.18240121006965637
167320	0.007420846726745367
271428	0.1836642026901245
51614	0.14067448675632477
391072	0.7519131302833557
501156	0.25309792160987854
64434	0.2032591700553894
166323	0.007420846726745367
392265	0.38963598012924194
128450	0.11599165201187134
326595	0.3603495657444
312265	0.15491530299186707
499147	0.25819453597068787
28109	0.4550336003303528
28110	0.4404512941837311
326608	0.7808294892311096
293334	0.0626530796289444
349143	0.22470614314079285
25052	0.3214486539363861
20448	0.1916925013065338
80845	0.17693227529525757
28130	0.4330914616584778
438762	0.20081940293312073
364015	0.1822376251220703
438774	0.15262889862060547
