114603	0.591314435005188
43530	0.5329848527908325
16909	0.2689976990222931
79891	0.2896009087562561
43548	0.1473134458065033
43549	0.02458418719470501
39456	0.42758211493492126
39458	0.43319714069366455
89129	0.2513759732246399
114733	0.20680458843708038
107057	0.32609131932258606
100920	0.5379763841629028
14858	0.09702637791633606
74592	0.24528561532497406
69186	0.36387398838996887
548939	0.4984525442123413
105036	0.1953745186328888
419917	0.3470092713832855
14861	0.2483815997838974
25177	0.1699300855398178
25178	0.3480477035045624
25179	0.01504654809832573
564316	0.4625691771507263
27741	0.33606886863708496
564318	0.528445839881897
46700	0.11856168508529663
42105	-0.05840834975242615
76142	0.1688462793827057
91806	0.4137273132801056
91807	0.3826332986354828
91808	0.41023969650268555
104102	0.27525338530540466
60079	0.04796640947461128
492227	-0.03668145090341568
28410	0.18418648838996887
101072	0.31855908036231995
62162	0.11273327469825745
62165	0.14226803183555603
580828	0.40318113565444946
19683	0.3968272805213928
30442	0.32303309440612793
564464	0.5048825144767761
28409	0.13733947277069092
18170	0.3418866991996765
18176	0.33286646008491516
101128	0.40367892384529114
101137	0.312139630317688
101138	0.37950941920280457
101139	0.2735907733440399
101141	0.023862039670348167
399128	0.16405104100704193
564513	0.10533730685710907
581924	0.3278490900993347
581925	0.17688998579978943
581932	0.3637150824069977
581933	0.3727389872074127
41774	0.27985838055610657
29487	0.15323035418987274
581937	0.4850257933139801
88416	0.33112359046936035
38766	0.17893384397029877
76143	0.11001640558242798
38768	0.19762438535690308
38772	0.2719801068305969
25462	0.1780238002538681
9083	0.06676667183637619
38782	0.22023552656173706
60288	-0.009140096604824066
38789	0.09795231372117996
110480	0.3416006565093994
38801	0.5052075386047363
46994	0.22244638204574585
545685	0.37910157442092896
420246	0.33112359046936035
113048	0.10179910063743591
38809	0.2756711542606354
113052	0.18936936557292938
23453	0.11589603871107101
113056	0.5389724373817444
113057	0.13684770464897156
113058	0.14290405809879303
38819	0.19483837485313416
113061	0.23239511251449585
113063	0.5933912396430969
113066	0.46816104650497437
113067	0.20481696724891663
103853	0.2611956298351288
113070	0.22579596936702728
38835	0.16398827731609344
113078	0.1435289829969406
90558	0.28845471143722534
420256	0.2565693259239197
563656	0.21077686548233032
101841	0.22592292726039886
111866	0.598529040813446
79343	0.3152216374874115
14840	0.28545239567756653
