466433	0.1642369031906128
359944	0.22403165698051453
537097	0.3061580955982208
453132	0.12190452218055725
410125	0.0766942948102951
290834	-0.020016532391309738
290835	-0.020016532391309738
520223	0.20570111274719238
150563	0.6189281344413757
469032	0.13914982974529266
461872	0.2436608225107193
402994	0.18167033791542053
256052	-0.020016532391309738
28728	0.020826714113354683
274490	0.23286740481853485
228421	0.28491589426994324
242758	0.17487794160842896
355913	0.354997843503952
495180	0.3499749004840851
123473	0.10522036254405975
33379	0.3090008795261383
465493	0.3116011917591095
434777	0.426199346780777
300124	0.374396413564682
185955	0.15689755976200104
392550	0.11533065885305405
146026	0.33863595128059387
132720	0.3338920772075653
305777	0.1619691252708435
399477	0.3811509609222412
11383	0.24812670052051544
233593	0.11107029020786285
203386	0.22623150050640106
300160	0.23161141574382782
243335	0.04826555773615837
387032	0.38299378752708435
523925	0.2986729145050049
300182	0.30576056241989136
183448	0.14083231985569
176793	0.47960248589515686
204446	0.2190852016210556
424608	0.5124809145927429
544439	0.39615824818611145
307901	0.1097196638584137
300226	0.3431251645088196
405707	0.38921648263931274
550607	0.13557057082653046
491729	0.4204457402229309
123091	0.13131363689899445
198360	0.2974526882171631
573660	0.13385255634784698
392928	0.28820785880088806
162533	0.21271666884422302
300263	0.3650020956993103
377590	0.06590820848941803
377595	0.08281593769788742
426748	0.26952990889549255
250111	0.03539055213332176
426756	0.26990264654159546
416529	0.24690116941928864
156535	0.27327024936676025
299295	0.11908082664012909
550693	0.13949985802173615
198449	0.7364619970321655
218932	-0.020016532391309738
275765	-0.020016532391309738
408377	0.12493029236793518
255292	0.5983765125274658
224067	0.17550425231456757
408395	-0.020016532391309738
845	0.12943023443222046
847	0.05945391580462456
34872	0.24247992038726807
475991	0.25432977080345154
459110	0.6783730387687683
523623	0.26629140973091125
53101	0.3496595323085785
459631	-0.020016532391309738
459127	0.5855879187583923
124796	0.24646319448947906
230277	0.45523568987846375
133001	0.8470998406410217
450452	0.27012503147125244
456605	0.3995051085948944
410015	0.12532611191272736
202656	0.3997562825679779
206241	0.34538498520851135
443298	0.21153360605239868
532901	0.31701424717903137
431015	0.13237382471561432
162728	0.6177969574928284
11699	0.37332648038864136
530870	0.2934465706348419
462268	0.06872469931840897
443296	0.15852566063404083
512455	0.08704584091901779
570314	0.05178343504667282
229835	0.2276618331670761
508364	0.377556174993515
301015	0.36640262603759766
260568	0.10374195128679276
223193	0.33374834060668945
5088	0.2802204191684723
148477	0.11629145592451096
524790	-0.020016532391309738
279545	0.24363499879837036
426751	0.27332377433776855
245244	0.420749694108963
96765	0.47422367334365845
