266754	0.005170818418264389
424364	0.17135079205036163
79886	0.0787210762500763
189969	0.09256336092948914
508436	0.23181229829788208
60952	0.20854996144771576
354842	0.0717342272400856
325039	0.25973010063171387
462369	0.20597904920578003
528434	0.1247250959277153
163379	0.25538143515586853
87614	0.12508682906627655
215616	0.0680413767695427
250948	0.24765607714653015
504906	0.13645868003368378
500814	0.4242236316204071
17489	0.32263511419296265
110678	0.22579477727413177
544698	0.032874707132577896
81000	0.06520247459411621
557678	0.19768676161766052
142447	0.1396787315607071
557680	0.18795648217201233
73335	0.2854548692703247
110200	0.252228707075119
431737	0.24758541584014893
9857	0.2319985032081604
71301	0.17429040372371674
170128	0.10975810885429382
28321	0.3731759786605835
235696	0.17014697194099426
344246	0.07571271061897278
487612	0.11441776156425476
165565	0.0672076940536499
237264	0.18586865067481995
94328	0.2437233179807663
444630	0.23708575963974
99547	0.36781829595565796
219357	0.240144282579422
75472	0.10476162284612656
312036	0.08964711427688599
166629	0.033820345997810364
364265	0.186706081032753
400618	0.29949697852134705
27889	0.17642514407634735
372474	0.26797452569007874
371453	0.2914367914199829
13056	0.24431006610393524
218753	0.13899162411689758
99714	0.21798546612262726
501532	0.11715877801179886
448798	0.1851978451013565
557857	0.10413014143705368
190253	0.09283013641834259
181038	0.0300117339938879
113464	0.15269646048545837
87866	0.29859980940818787
53563	0.20066139101982117
88898	0.3036175072193146
108874	0.15460388362407684
354125	0.2628331780433655
88399	0.28437739610671997
247640	0.030704904347658157
354140	0.37461063265800476
53088	0.32636168599128723
22844	0.13039489090442657
15210	0.24899260699748993
28014	0.23805387318134308
116079	0.3086056709289551
103799	0.1948164701461792
27768	0.34733515977859497
205178	-0.04198422282934189
27518	0.35790902376174927
27519	0.28601258993148804
73602	0.3301171362400055
73603	0.3687455952167511
73605	0.3267449140548706
31630	0.29235243797302246
95632	0.28458869457244873
75666	0.18234722316265106
355731	0.1669621616601944
28228	0.2820410132408142
95642	0.3027171194553375
310699	0.27245277166366577
310700	0.2292170226573944
95665	0.14554207026958466
189365	0.23493465781211853
313785	0.16401775181293488
170426	0.07743595540523529
412605	0.1342681497335434
499141	0.31645938754081726
499143	0.15504013001918793
99787	0.2026403397321701
575438	0.08951632678508759
135119	0.10791528224945068
302032	0.17047752439975739
499158	0.26418790221214294
518631	0.21805742383003235
259053	0.12566129863262177
371705	0.28899604082107544
371708	0.23471562564373016
