234496	0.17577874660491943
234501	0.24369002878665924
543247	0.17168307304382324
558680	0.06416403502225876
537106	0.1102864071726799
538132	0.25496000051498413
548886	0.23516589403152466
190487	0.04132911562919617
121368	0.20275509357452393
163354	0.28451377153396606
279580	0.2924627363681793
228896	0.24409393966197968
464421	0.14504718780517578
550951	0.0434933565557003
17456	0.0024091971572488546
25658	0.3149695098400116
495686	0.3596819341182709
179787	0.27231988310813904
79440	0.04607696086168289
260696	0.3559020161628723
87055	0.23715467751026154
338524	0.1263740509748459
111230	0.14361192286014557
346216	0.23071850836277008
296554	0.022387191653251648
44141	0.07269836217164993
544366	0.22194142639636993
230000	0.22927528619766235
44146	0.18064890801906586
247934	0.2105860859155655
413825	0.163539856672287
437381	0.580212414264679
4744	0.48748213052749634
77962	0.4097740352153778
433175	0.22854548692703247
213644	0.18506862223148346
17553	0.7060546278953552
115858	0.09729674458503723
408212	0.18142247200012207
260718	0.35005703568458557
525464	0.622012197971344
115877	0.14135746657848358
379566	0.27815335988998413
8371	0.21944524347782135
349366	0.15004998445510864
211135	0.2843766510486603
543433	0.5802413821220398
546231	0.18792589008808136
160465	0.21280497312545776
564439	0.1074870154261589
248024	0.17102870345115662
542942	0.02788248285651207
294636	0.19698114693164825
368878	0.29019489884376526
16114	0.08130812644958496
543476	0.27997514605522156
430837	0.18436549603939056
326910	0.1558336615562439
24831	-0.11162437498569489
58631	0.28925177454948425
93466	0.19858677685260773
316194	0.09721542149782181
579876	0.17368219792842865
101675	0.1694028079509735
28468	0.1764228194952011
11575	0.06540219485759735
251198	0.198248952627182
265024	0.17616255581378937
377160	0.0880860686302185
45905	0.10055496543645859
17240	-0.03101702407002449
299867	0.7376947999000549
48477	0.12722109258174896
374111	0.13435877859592438
14182	0.07883027195930481
528743	0.17135170102119446
18280	0.07429502159357071
119657	0.220815509557724
46226	0.10014797002077103
878	0.18505464494228363
879	0.18505464494228363
81789	0.44375327229499817
24966	0.10415840893983841
21895	0.13450849056243896
30600	0.1565958559513092
105353	0.11775151640176773
316298	0.09075186401605606
88466	0.18220791220664978
356370	0.1969931423664093
98374	0.1301773637533188
18860	0.36032432317733765
442287	0.24823755025863647
471475	0.30310678482055664
462260	0.2980624735355377
99767	0.14130902290344238
138228	0.3796963095664978
476093	0.1773247867822647
49739	-0.06331852823495865
18377	-0.00363992084749043
516047	0.2202702760696411
151513	0.3615795969963074
435683	0.18001481890678406
572391	0.08328311890363693
548330	0.044227104634046555
349163	0.17609748244285583
206836	0.22044560313224792
518649	0.1926930993795395
131070	0.2170674353837967
