210443	0.20120009779930115
490509	0.23391835391521454
36882	0.27940425276756287
390680	0.4118746221065521
207876	0.17819713056087494
438306	0.30807796120643616
493605	0.16860106587409973
463915	0.39525389671325684
203317	0.16439642012119293
476222	0.4171527326107025
418689	0.2246706485748291
185924	0.3649125099182129
430150	0.6652370691299438
310344	0.20910203456878662
449617	0.2960546016693115
306259	0.415285587310791
384603	0.33462202548980713
185949	0.24276341497898102
189034	0.5475783944129944
194155	0.41555094718933105
150641	0.6777414679527283
215155	0.635702908039093
350329	0.37058642506599426
548986	0.2929914891719818
409214	0.4094865918159485
409220	0.22937189042568207
257669	0.20321893692016602
386187	0.20120009779930115
487054	0.30393072962760925
263312	0.19846835732460022
215187	0.20033584535121918
346775	0.3124126195907593
210076	0.20120009779930115
523934	0.3512933850288391
149151	0.350993812084198
366764	0.4728766679763794
242364	0.21619173884391785
260469	0.615320086479187
507592	0.2809005379676819
299721	0.1994713544845581
297677	0.32356804609298706
469208	0.47812557220458984
136416	0.2182222604751587
522468	0.42909204959869385
122602	0.4430055320262909
227966	0.19459451735019684
320759	0.31287309527397156
349948	0.34508252143859863
551165	0.3866021931171417
182015	0.5364333391189575
148353	0.19612279534339905
422668	0.4286738634109497
246545	0.2556747496128082
411923	0.6630364060401917
411928	0.6417362093925476
257668	0.20321893692016602
327976	0.3114096224308014
121134	0.2858600318431854
368965	0.38308200240135193
177633	0.6639204621315002
129864	0.4919182360172272
136019	0.40338459610939026
411992	0.640249490737915
127330	0.4488271474838257
260963	0.398706316947937
274805	0.7083368301391602
512886	0.3804531991481781
232312	0.29170089960098267
367604	0.37060898542404175
294782	0.5439552068710327
481665	0.35148096084594727
119704	0.6359221339225769
434589	0.3188231885433197
536487	0.3992331027984619
392119	0.23754455149173737
441790	0.37872329354286194
516543	0.882176399230957
507840	0.38444021344184875
376258	0.24882261455059052
209862	0.1721349060535431
367048	0.5224510431289673
329675	0.38904210925102234
29137	0.7406736612319946
523775	0.003562264610081911
423898	0.25128400325775146
328161	0.29354676604270935
169448	0.26996779441833496
486893	0.20475561916828156
230739	0.5172813534736633
492020	0.26998114585876465
532469	0.33392080664634705
200183	0.882176399230957
255482	0.31419453024864197
77823	0.3980168402194977
367613	0.2160799503326416
169471	0.3774741590023041
