450062	0.21873562037944794
115215	0.04730666056275368
120336	0.20768387615680695
186798	0.20058506727218628
385568	-0.002800670452415943
311843	0.09492498636245728
457253	0.0700293704867363
395817	0.14480958878993988
486955	0.03612722456455231
354351	0.14520707726478577
512561	0.06181487813591957
240694	0.16008466482162476
463420	0.027238016948103905
323645	0.05699494481086731
485953	-0.008380993269383907
328777	0.10491342097520828
109139	0.16331353783607483
423439	0.24082325398921967
355425	0.22259677946567535
386147	0.019346104934811592
560229	0.10983379930257797
435819	-0.043059274554252625
462957	0.09793997555971146
274031	0.1719142347574234
219252	0.19981293380260468
216183	0.16308948397636414
98425	0.10628923028707504
124	0.14506018161773682
95358	0.02766997367143631
221319	0.11981894075870514
241261	0.02392623946070671
315537	0.07713674008846283
458390	0.09155160188674927
490649	0.148764505982399
5790	0.06537247449159622
55455	0.09430558234453201
143525	0.18620674312114716
60589	0.08554647117853165
11953	0.13929450511932373
487093	0.18785794079303741
157367	0.21349121630191803
155836	0.20196181535720825
100541	0.16281773149967194
442566	0.07805714756250381
165578	0.18761226534843445
35959	0.008124141953885555
397347	0.02182120271027088
108257	0.04640139266848564
451299	0.16475743055343628
21222	0.14074106514453888
347881	-0.045316167175769806
466669	0.15293800830841064
46318	0.10822169482707977
223472	0.06006079539656639
153726	0.08773460239171982
104183	0.17247964441776276
153336	0.12673838436603546
447742	-0.07286199927330017
417561	0.1989574134349823
250142	0.21796885132789612
23840	0.08266323059797287
254254	0.08092410117387772
109872	0.04366563260555267
364345	0.2074137032032013
67393	0.246139794588089
536387	0.059860676527023315
561990	0.1170363798737526
248139	0.12255403399467468
105293	0.017457811161875725
504778	-0.01979846879839897
1251	-0.015360286459326744
77710	0.05842521786689758
467287	0.1942290961742401
34146	0.009039156138896942
49509	0.7449289560317993
312684	0.03903030976653099
334706	0.10363182425498962
209783	0.012821471318602562
364412	0.09927613288164139
192899	0.04668121039867401
90504	0.09964268654584885
327051	0.01968676783144474
307086	0.10504473000764847
426389	0.19766874611377716
155032	0.15631017088890076
333727	0.12873905897140503
338849	0.11346427351236343
154019	0.6169521808624268
232358	0.10319622606039047
61867	0.08679112046957016
282029	0.09990669041872025
200622	0.103911392390728
424888	0.17313504219055176
153531	0.11389271914958954
21948	0.009787804447114468
356797	0.05250587686896324
14275	0.020435109734535217
137156	0.07340008020401001
410055	0.09360682219266891
388042	0.08258944004774094
42968	0.12900994718074799
217055	0.07469265162944794
193009	0.028526226058602333
458226	0.07389376312494278
27123	0.05897492915391922
230904	0.12576031684875488
