113259	0.7179214358329773
513160	0.2719133794307709
437484	0.47855159640312195
280973	0.7429066300392151
331819	0.3626311421394348
351345	0.7079229354858398
376595	0.7744420766830444
95380	0.9355976581573486
29982	0.7233158946037292
87364	0.4822756052017212
30618	0.7297232747077942
55963	0.6922208070755005
7066	0.6919029951095581
419358	1.0
360112	0.5189254283905029
165597	0.5576533675193787
543259	0.7326094508171082
406106	0.573833703994751
352933	0.3900454640388489
18215	0.6259657740592957
541397	0.608379602432251
194603	0.542938232421875
282333	0.5447472333908081
330032	0.7153432369232178
236594	0.6344069838523865
546228	0.7335384488105774
546224	0.7772793769836426
251041	0.5257129669189453
502584	0.7421553730964661
299834	0.4265005886554718
378202	0.6528846621513367
145981	0.6745380163192749
527934	0.7721713781356812
91840	0.42260241508483887
238304	0.598896861076355
176067	0.5933994054794312
440004	0.641532301902771
440005	0.7736716270446777
304673	0.5986760854721069
541629	0.5215577483177185
327626	0.7617154717445374
196173	0.5511885285377502
351183	0.5900312662124634
176568	0.9758846163749695
534680	0.03338524326682091
238291	0.7472906112670898
3925	1.0
264785	0.57951420545578
375768	0.495912104845047
341209	0.8366079926490784
542682	0.651170551776886
502586	0.4295431673526764
332254	0.46805599331855774
543071	0.520739734172821
534496	1.0
425185	0.673352062702179
158298	1.0
270054	0.8172836303710938
281190	0.5405814051628113
418663	0.8206780552864075
159905	0.5373502969741821
288234	0.673740029335022
375787	0.68083655834198
375788	0.4898567199707031
287165	0.6194947957992554
580749	0.5967429876327515
239345	0.7594599723815918
359791	0.5992987155914307
498548	0.6112123727798462
229365	1.0
7030	0.555871844291687
178851	0.7742017507553101
474020	0.3079797625541687
535165	0.7516856789588928
418558	0.3277159333229065
144127	0.5026163458824158
