18435	0.2480064481496811
370180	-0.03934193775057793
106501	0.10470020771026611
321033	0.11059547960758209
266765	0.15477627515792847
527378	0.0837513729929924
75779	-0.00372246652841568
71298	0.015428292565047741
167513	-0.012049177661538124
7194	0.14594164490699768
11781	0.06764983385801315
302632	0.19225730001926422
443434	0.0686028003692627
410164	0.05532025545835495
554043	0.08750274032354355
388161	0.25183093547821045
322120	0.12811794877052307
139339	0.15270140767097473
71248	0.13258785009384155
5715	0.08365175873041153
413028	-0.019256530329585075
74511	-0.07039614766836166
61033	0.018590033054351807
453231	0.10607206076383591
527635	0.0988122969865799
44669	0.8562399744987488
70785	0.14861735701560974
61058	0.05253850668668747
285122	0.14136633276939392
478356	0.06338538229465485
77463	0.09807172417640686
342680	0.3196597099304199
362651	0.04564938321709633
115870	-0.015557200647890568
175264	0.00022612921020481735
255150	0.2819236218929291
466607	0.005273201037198305
261813	0.12450435012578964
560131	-0.036978624761104584
570050	0.11184871941804886
291024	0.020676277577877045
269009	0.08637307584285736
378582	0.04293695464730263
372951	0.06255927681922913
219514	0.08930826932191849
138960	0.19057343900203705
311017	0.05624372884631157
97003	0.04033397510647774
366316	0.0518047995865345
46320	0.07846624404191971
259316	0.08485911786556244
185594	0.08678597211837769
35370	0.17114824056625366
502014	-0.025330405682325363
378111	0.11009572446346283
556288	0.2083234339952469
321666	0.1540398746728897
346895	0.03663448616862297
107795	0.10888026654720306
237334	0.09614129364490509
511270	0.10162611305713654
189737	0.09899929165840149
556333	0.26381155848503113
69939	0.43448755145072937
96570	0.288483202457428
237883	0.05109384283423424
59708	0.051901210099458694
181058	0.1680213212966919
186696	0.0786610022187233
414537	0.04823199287056923
482637	0.14723840355873108
239955	0.05171666666865349
33112	0.17114824056625366
189794	0.00019417113799136132
194403	0.10099264234304428
378724	0.105446457862854
134002	0.06457772105932236
134005	0.06457772105932236
493946	0.18795107305049896
383360	0.08320433646440506
457607	0.05907777324318886
77706	0.13397502899169922
115089	0.030869383364915848
396697	0.07795730233192444
266650	0.15641574561595917
579491	0.1635306030511856
116644	0.24058249592781067
285098	0.16152450442314148
27514	0.24948912858963013
350129	0.09278587996959686
516025	0.021923786029219627
467394	0.0337354876101017
520643	0.07827423512935638
364674	0.0030698548071086407
493517	0.007401094306260347
81358	0.06438843905925751
421332	0.14099036157131195
175573	0.07766485214233398
578468	0.08998479694128036
350173	0.10837426036596298
572384	0.12282915413379669
49125	0.12052049487829208
350189	0.07574637979269028
329710	0.12676961719989777
241140	0.15553316473960876
437237	0.11602120846509933
437238	0.047018203884363174
560124	0.11220071464776993
572414	0.015835195779800415
