570381	0.08715909719467163
305692	0.14594970643520355
192541	0.6103686094284058
104993	0.46664705872535706
556580	0.16259033977985382
440886	0.1113678514957428
124000	0.929843544960022
416834	0.11456973105669022
194634	0.0679454579949379
164960	0.49584105610847473
225380	0.16820792853832245
474730	0.04899073764681816
147576	0.14542408287525177
501882	0.12214598059654236
258182	0.3931348919868469
354440	0.08329731225967407
69777	0.5064083933830261
39022	0.11391432583332062
440984	0.1930065155029297
25882	0.10986646264791489
440990	0.0715164989233017
487877	0.34446197748184204
59048	0.11200433224439621
433321	0.01632513664662838
349868	0.49951693415641785
536756	0.10886791348457336
499893	0.929843544960022
500407	0.47313764691352844
575673	0.3432703912258148
441539	0.40010887384414673
441545	0.3842654526233673
441546	0.19066321849822998
163026	0.24976027011871338
441555	0.262582004070282
198875	0.030019083991646767
48348	0.3193087577819824
90857	0.10029630362987518
354541	0.41014400124549866
188668	0.1561274230480194
227075	0.31132715940475464
413458	0.03887544944882393
91418	0.05882960557937622
208163	0.15481799840927124
386340	0.1547682136297226
370981	0.7445032000541687
188734	0.10409833490848541
441155	0.32724741101264954
188744	-0.0520004965364933
207695	0.09307409077882767
510800	0.32864224910736084
69969	0.6128785610198975
336734	0.4056813716888428
417126	0.35589849948883057
111985	0.10390019416809082
91511	0.1157037541270256
124293	0.17132510244846344
482183	0.22105829417705536
417163	0.27332305908203125
77712	0.14814941585063934
107925	0.007445474620908499
345505	0.462166965007782
1970	0.326165109872818
484275	0.04207557439804077
442295	0.17626044154167175
70072	0.1545925885438919
485871	0.08678150177001953
546294	0.7949640154838562
