11900	0.29376277327537537
412676	0.6546211242675781
381959	0.30598166584968567
356873	0.22809956967830658
483338	0.13375739753246307
34830	0.03387554734945297
550415	0.26251456141471863
367121	0.20982833206653595
233497	0.22210997343063354
455713	0.11910515278577805
181796	0.24189715087413788
383013	0.47875291109085083
203310	0.08715185523033142
291385	0.35641467571258545
424507	0.5393416881561279
312893	0.2032472938299179
492099	0.32062584161758423
386641	0.5059722661972046
131158	0.3463539779186249
277081	0.26369449496269226
103518	0.7284623384475708
538218	0.24135026335716248
140915	0.2173757553100586
40571	0.29450738430023193
194172	0.26195043325424194
491645	0.1324617862701416
424062	0.23193126916885376
316547	0.2142961025238037
257166	0.1417284458875656
239247	0.6900012493133545
439449	0.1689571589231491
118938	0.803378164768219
283291	0.9466953873634338
466078	0.18513551354408264
509605	0.2177208960056305
445612	0.28191399574279785
302253	0.14893487095832825
236720	0.2605264484882355
489649	0.03174111247062683
198323	0.6290328502655029
132788	0.7884572148323059
136885	0.5883779525756836
132812	0.6859150528907776
253132	0.2507786154747009
30415	0.1993219554424286
231123	0.3745882213115692
419542	0.07698249816894531
529625	0.23991075158119202
149723	0.17105424404144287
306402	0.2948732376098633
243324	0.27962419390678406
539373	0.28075751662254333
539377	0.2910083532333374
266483	0.2552449405193329
320758	0.32075822353363037
361207	0.18634627759456635
532224	0.2408110350370407
283908	0.3022536337375641
74008	0.5020264983177185
511306	0.03507031500339508
137007	0.21918568015098572
34100	0.13834688067436218
485687	0.2708335518836975
505145	0.06489966809749603
458558	0.1482098400592804
282943	0.5444226861000061
511298	0.03507031500339508
469981	0.16930583119392395
425442	0.28201040625572205
382289	0.15180708467960358
481622	0.1753166913986206
283995	0.658029317855835
325980	0.3711260259151459
253286	0.03707226738333702
470891	0.3878096640110016
300909	0.6900012493133545
211311	0.2681790292263031
434549	0.17077650129795074
305528	0.09241412580013275
122245	0.3238239288330078
3467	0.2606280446052551
356504	0.2896628677845001
193939	0.35548803210258484
34205	0.25043925642967224
158623	0.41860947012901306
423849	0.33540698885917664
441789	0.3246515393257141
556996	0.22369448840618134
297424	0.12724480032920837
503249	0.05282521992921829
34260	0.13834688067436218
349654	0.2418345808982849
430557	0.2164401262998581
492001	0.20838172733783722
406498	0.1953342854976654
507364	0.16590432822704315
36839	0.08748582005500793
34794	0.12260439991950989
125931	0.48168864846229553
422894	0.3606911599636078
497651	-0.014016905799508095
507384	0.11452168971300125
446972	0.208235502243042
392703	0.19231443107128143
