79876	0.20717847347259521
394763	0.3940417766571045
375822	0.2250801920890808
144405	0.21032027900218964
476190	0.3133286237716675
383011	0.24780124425888062
394792	0.6277310252189636
509993	0.29508599638938904
284718	0.25355666875839233
430128	0.10714229196310043
194097	0.3951665163040161
520242	0.5538254380226135
249400	0.30894458293914795
382009	0.5073505640029907
132157	0.4184146225452423
156222	0.2423919439315796
550463	0.23003175854682922
183366	0.1849031150341034
236385	0.5858659148216248
394830	0.22747108340263367
497236	0.20367366075515747
104541	0.2325805276632309
428639	0.29314863681793213
39010	0.6802958250045776
402535	0.10098674148321152
130155	0.16603967547416687
389229	0.16634812951087952
44659	0.24990250170230865
548982	0.0830012783408165
262266	0.10104870051145554
191612	0.2103046476840973
256449	0.34869447350502014
455304	0.3660491108894348
266895	0.3047700524330139
206489	0.09904216974973679
288923	0.5752143859863281
204447	0.5340936779975891
428705	0.13386407494544983
491692	0.040867965668439865
96944	0.047561921179294586
252086	0.5249556303024292
203551	0.2132728397846222
413372	0.18866118788719177
455872	0.19534370303153992
214219	0.21453720331192017
196806	0.343487948179245
2763	0.21935734152793884
438050	0.1881609410047531
443600	0.4222448468208313
427735	0.23356172442436218
520922	0.17915165424346924
39654	0.6772168874740601
256552	0.2892531454563141
6921	0.2632584571838379
257301	0.20881053805351257
485337	0.16942134499549866
311514	0.6208705902099609
364830	0.030362004414200783
487711	0.34578460454940796
436512	0.15577387809753418
249793	0.2142293006181717
479014	0.24246948957443237
274730	0.2665371894836426
211246	0.19895821809768677
190771	0.38861095905303955
391988	0.2459494173526764
269114	0.2644588053226471
377153	0.04316866397857666
184133	0.13135428726673126
70993	0.31094080209732056
546138	0.2785571217536926
305505	0.2001587450504303
580971	0.4751264452934265
486768	0.2824801206588745
155507	0.3202148973941803
172921	0.3144945204257965
183184	0.24440066516399384
255379	0.1620035618543625
183192	0.15970754623413086
294809	0.20514097809791565
521627	0.2784886360168457
581536	0.6790139079093933
120750	0.16446509957313538
554927	0.4265842139720917
240048	0.3156397044658661
428466	0.19045457243919373
224193	0.2887284457683563
22997	0.19014428555965424
424408	0.2288951724767685
212953	0.2541210353374481
220636	0.16261382400989532
377823	0.6476076245307922
90594	0.1986641138792038
183272	0.6417675614356995
485884	0.13092656433582306
418795	0.06191282346844673
226286	0.2158205658197403
492015	0.2816809117794037
152566	0.3768923282623291
107000	0.26039862632751465
213498	0.17657478153705597
579068	0.16369029879570007
