515594	0.22298438847064972
250897	0.139592245221138
546328	0.12312399595975876
509190	0.05561970919370651
7224	0.07139717042446136
166689	0.06677200645208359
183870	0.008740264922380447
138817	0.11015395075082779
327235	0.12968672811985016
303174	0.010433296672999859
211016	0.08935094624757767
47699	0.25973230600357056
338008	0.6037817597389221
149595	0.03222963958978653
247900	-0.017111077904701233
166494	0.06677200645208359
166495	0.06677200645208359
379503	0.3410811722278595
54906	0.1251203566789627
364	-0.025729063898324966
27274	0.11893356591463089
58904	0.07273605465888977
362642	0.09018052369356155
457370	0.25090208649635315
331938	0.3218613862991333
476845	0.013126661069691181
563379	0.12976567447185516
41141	-0.03885762393474579
254137	0.030680544674396515
293051	0.21852374076843262
536766	0.21323931217193604
516804	0.2754097282886505
516805	0.2511973977088928
516385	0.15283851325511932
232137	0.17923615872859955
180431	0.08480824530124664
348368	0.1536048799753189
167633	0.06677200645208359
126676	0.14584344625473022
372440	0.22767183184623718
167631	0.06677200645208359
396038	0.2494695484638214
193573	0.21272890269756317
166625	0.06677200645208359
321250	0.20124073326587677
174823	0.04294983670115471
403695	0.0292411670088768
334579	0.5979523062705994
550185	0.05786604434251785
234745	0.06358727812767029
234747	-0.016051052138209343
321788	0.19503076374530792
579279	-0.022615602239966393
509185	0.07765837013721466
509189	0.020283319056034088
166662	0.06677200645208359
247061	0.14580272138118744
516376	0.026034262031316757
516383	0.22793538868427277
516384	0.23656892776489258
41761	0.25904691219329834
7975	0.04644978046417236
314665	0.08965344727039337
407338	0.16408053040504456
517425	0.3308963477611542
550715	0.06854820996522903
442687	0.15160775184631348
342343	0.44389596581459045
167242	0.06677200645208359
93519	0.08522048592567444
457552	0.12277247756719589
522578	0.008525551296770573
77139	0.09717242419719696
297814	0.027367403730750084
161113	0.04570186883211136
24412	0.027021458372473717
23902	-0.030756257474422455
472423	0.20564031600952148
150892	0.08304832875728607
293746	0.15723392367362976
9589	0.038628946989774704
439210	0.12829793989658356
563009	0.132383331656456
241544	0.013151210732758045
101263	0.22453926503658295
182682	0.22152286767959595
561562	0.20162466168403625
307105	0.13102978467941284
59300	-0.010288343764841557
118186	0.15036699175834656
166898	0.06677200645208359
57778	0.1163150891661644
40885	0.06134849041700363
503242	-0.010436898097395897
501708	0.07758669555187225
20442	0.10582772642374039
48122	0.06265337765216827
308475	0.10898447036743164
98286	0.11002697050571442
392178	0.11767083406448364
541685	0.21854475140571594
364026	0.14363211393356323
413180	-0.050144221633672714
41469	0.18781182169914246
