3072	0.5433057546615601
347652	0.5997825264930725
504329	0.6106334328651428
466446	0.581649124622345
302607	0.5110933780670166
436752	0.45773035287857056
236057	0.4401446580886841
131619	0.41340646147727966
404516	0.39408010244369507
577064	0.6084449291229248
130824	0.5461355447769165
480823	0.5415383577346802
182334	0.3980312645435333
300615	0.33574381470680237
503881	0.5217457413673401
434252	0.5289217233657837
354901	0.4853707551956177
481366	0.5615435242652893
575066	0.406938374042511
436751	0.5811946392059326
183901	0.5605829954147339
481125	0.23676982522010803
106342	0.6064717173576355
455287	0.4913218915462494
455288	0.5191422700881958
269946	0.5919830799102783
359038	0.515198826789856
168067	0.893318235874176
481413	0.6057754755020142
347270	0.5152814984321594
572696	0.37560415267944336
448146	0.5992220640182495
300698	0.34696727991104126
503963	0.6130487322807312
420512	0.4471636712551117
213666	0.46367672085762024
445297	0.5483185052871704
466102	0.6072559356689453
428728	0.6122921109199524
445121	0.6163927316665649
151249	0.5946267247200012
173603	0.600090503692627
476708	0.4317302405834198
296155	0.23081901669502258
296156	0.3379361033439636
296158	0.5693383812904358
357093	0.5254597067832947
439540	0.620803713798523
439541	0.6256939768791199
545014	0.5026086568832397
528639	0.5309531092643738
209668	0.30891698598861694
173830	0.5369110703468323
416520	0.5339866280555725
445196	0.4948089122772217
82701	0.5703142881393433
504084	0.5781646966934204
506158	0.1423760950565338
123672	0.5639742612838745
388378	0.4450589716434479
425760	0.5924760699272156
504097	0.5761703848838806
478939	0.5255139470100403
381736	0.40904316306114197
381738	0.40904316306114197
511789	0.5638116002082825
504110	0.573070764541626
503720	0.5334429144859314
123702	0.5306932330131531
123703	0.5656756162643433
365369	0.528374969959259
365370	0.6055067777633667
504232	0.5025970339775085
320324	0.14865200221538544
558408	0.6046633124351501
357193	0.618387758731842
429906	0.5236625075340271
504149	0.5762096047401428
2903	0.571842610836029
534362	0.5187395215034485
4410	0.5347423553466797
2910	0.6180295944213867
552799	0.5908920168876648
452453	0.47910651564598083
570726	0.46499207615852356
434151	0.4546799063682556
290161	0.4859989583492279
569833	0.3739641606807709
504228	0.5287072658538818
252328	0.44811365008354187
503722	0.6071122288703918
53171	0.36577844619750977
503732	0.6056005954742432
385973	0.35461050271987915
385979	0.37807708978652954
243136	0.20270408689975739
454083	0.4994901716709137
504273	0.558103621006012
430035	0.3548816740512848
444901	0.5811570286750793
174055	0.5146334767341614
434153	0.5215938687324524
366058	0.47987687587738037
20973	0.5955870747566223
430064	0.46356475353240967
467880	0.5044697523117065
577012	0.5481436848640442
173557	0.5474018454551697
38904	0.3484540283679962
