416257	0.13620871305465698
316419	0.09344024211168289
209413	0.00120901211630553
397830	0.07473508268594742
185356	0.7927980422973633
46095	-0.0039799269288778305
536080	0.13632681965827942
323601	0.0765390619635582
456211	0.06398875266313553
76308	0.13130353391170502
205848	0.17172732949256897
485917	0.13286784291267395
448544	0.09162040799856186
323110	0.07600880414247513
89130	0.10624389350414276
298541	0.17177018523216248
558131	0.1525360494852066
211509	0.10759467631578445
233014	0.0678693875670433
228925	0.48751410841941833
565310	0.1661074310541153
298508	0.1546628177165985
261203	0.10102576017379761
541273	0.00567942438647151
490074	0.12061568349599838
230498	0.06009022518992424
362602	0.1738639920949936
474731	0.03887229040265083
363691	0.1986929476261139
426614	0.11751236021518707
104070	0.08500843495130539
290443	0.20756416022777557
249486	0.5626029968261719
410258	0.006399143021553755
289939	0.10168860107660294
25236	0.07022540271282196
430744	0.17733627557754517
123547	0.3334019184112549
303776	0.10755395889282227
397995	0.1853455901145935
140972	0.19284993410110474
108208	0.1440093219280243
139955	0.18053670227527618
364728	0.14130212366580963
344249	0.5531892776489258
559391	0.31925711035728455
299197	0.09257657080888748
230080	0.1478050798177719
181444	0.141164168715477
420550	0.8462334871292114
558791	0.2189616858959198
571596	0.07257813960313797
461514	0.2436799854040146
461515	0.05893672630190849
389836	0.06851207464933395
340173	0.5492440462112427
51406	0.1796731948852539
304861	0.1529739499092102
254687	0.16817833483219147
149219	0.0004262385773472488
23272	0.36593177914619446
560377	0.31778472661972046
45819	0.230300173163414
571647	0.07257813960313797
316161	0.0702042505145073
506626	0.8462334871292114
178975	0.7927980422973633
303787	0.12495299428701401
161581	0.06575985997915268
230193	0.11116322129964828
506675	0.8462334871292114
336714	0.12863074243068695
317264	0.03726731240749359
430930	0.14816102385520935
321678	0.12191922962665558
467799	0.4949597120285034
186201	0.12998893857002258
349533	0.08535031229257584
151406	0.09285775572061539
250736	0.1464012861251831
110965	0.1927630603313446
91513	-0.0329967737197876
555412	0.09839151054620743
393624	0.07317860424518585
345501	0.17072148621082306
255926	0.1505405604839325
180664	0.15082146227359772
158652	0.08205404132604599
527295	0.07727339118719101
456130	0.10274220257997513
19911	0.08828059583902359
524747	0.07161712646484375
224722	0.13846972584724426
22488	0.12356624752283096
456155	0.07934709638357162
205797	0.07045315951108932
221671	-0.04924284294247627
139759	0.10730774700641632
97875	0.16664691269397736
490485	0.09016361832618713
11775	-0.005722423549741507
