560139	0.061215464025735855
78349	0.24494466185569763
252948	0.028710078448057175
181781	0.15080943703651428
412696	-0.005623805336654186
412698	0.0590539276599884
137758	0.12329231202602386
326699	0.07817167043685913
236078	0.067581906914711
242223	0.06930523365736008
189488	0.0850914940237999
560179	0.04012882336974144
22589	0.9699527025222778
449973	0.14055749773979187
476228	0.7058253884315491
511073	0.6982764601707458
189515	0.1427709311246872
418893	0.2599432170391083
36944	0.20231494307518005
41042	0.04077612981200218
560212	0.10898783802986145
530012	0.23838461935520172
463967	0.12001782655715942
289889	0.22247721254825592
441275	0.08169839531183243
35942	0.11884106695652008
312936	0.17366021871566772
290929	0.2230193167924881
94840	0.2479810118675232
453241	0.06507190316915512
246405	0.2042778879404068
511111	0.6982764601707458
179340	0.04556351527571678
92301	0.12945303320884705
489106	0.028971891850233078
86467	0.22962431609630585
247444	0.08858496695756912
76954	0.0433160662651062
262814	0.11265090107917786
414321	0.07396384328603745
414384	-0.007258534897118807
448692	-0.01961234211921692
17084	0.02870132401585579
564415	0.2461969256401062
453323	0.05031152442097664
49356	0.3851887881755829
78456	0.07284682244062424
549587	0.42710456252098083
247004	0.2356155812740326
211679	0.1509600281715393
157415	0.07368914783000946
561898	0.18481118977069855
284911	0.1667764037847519
112371	0.2687189280986786
503037	0.06516434997320175
560383	0.02422407642006874
299264	0.13218340277671814
408833	-0.003506724489852786
155912	0.07792787253856659
269066	0.044713180512189865
300812	0.1813659518957138
313613	0.1031036376953125
127249	0.10065123438835144
579356	0.2434128224849701
23841	0.16332338750362396
274212	0.2225717455148697
474405	0.03832215815782547
410409	-0.018135003745555878
417585	0.06693966686725616
289077	0.935553252696991
525629	0.2065093070268631
324418	0.06406804919242859
414021	0.015279313549399376
32586	0.05498737096786499
36176	0.05498737096786499
428383	0.18622829020023346
33634	0.05498737096786499
370533	0.15262630581855774
275827	0.18860474228858948
275828	0.2429984211921692
463733	0.0712297260761261
553849	0.16831177473068237
108921	0.19804878532886505
76677	0.06599647551774979
22921	0.12744782865047455
23946	0.025039099156856537
553867	0.16831177473068237
340878	0.6113641858100891
283025	0.09527233988046646
342421	0.3520755171775818
79770	0.2016107439994812
115866	0.08093420416116714
350118	0.05115533992648125
274590	0.07608629763126373
79798	0.2083757519721985
34232	0.14856359362602234
6075	0.11683935672044754
49603	0.10891351103782654
135115	0.007443214766681194
548814	0.03590867668390274
311759	-0.04972980543971062
11221	0.02010609395802021
35304	0.17818553745746613
579239	0.1509914994239807
156660	0.30480584502220154
372730	0.1595410853624344
58875	0.06644657999277115
521724	0.05035530775785446
