502811	0.26290473341941833
327724	0.3186521828174591
397875	0.7008156776428223
27189	0.03891317918896675
160311	0.20393086969852448
269370	0.27206993103027344
337979	0.6542973518371582
112710	0.7493472695350647
237130	0.2728542387485504
24657	0.023912465199828148
513106	0.7153037190437317
9299	0.6198307871818542
495193	0.7606527805328369
512954	0.24447742104530334
470459	0.24490490555763245
305255	0.36679941415786743
533610	0.7177837491035461
533611	0.5266947746276855
458349	0.7291661500930786
196209	0.5408121347427368
339573	0.8004136085510254
270459	0.24322062730789185
82930	0.4241913855075836
161410	0.8062714338302612
483984	0.18832498788833618
549526	0.2707492709159851
138394	0.31960785388946533
105118	0.33330783247947693
255142	0.7077310085296631
116905	0.3053252100944519
84144	0.74639493227005
570569	0.21606099605560303
335054	0.5809564590454102
413391	0.18683472275733948
351443	0.3484017848968506
149207	0.38862302899360657
340697	0.7780753970146179
176862	0.7064610123634338
541407	0.2570866644382477
437476	0.27235904335975647
437478	0.35723915696144104
160489	0.8162015080451965
338160	0.6472494602203369
158961	0.7488571405410767
251126	0.5397575497627258
352505	0.3944341540336609
312572	0.5662376284599304
96512	0.33668583631515503
72962	0.9235658645629883
81172	0.1950443685054779
148246	0.16565503180027008
404247	0.7286410331726074
366877	0.7518261671066284
284446	0.5762686729431152
502568	0.31278926134109497
410411	0.280127614736557
107311	0.9394410252571106
224048	0.8711495399475098
224051	0.7689617276191711
53663	0.3180362284183502
239838	0.7645794749259949
186678	0.30201202630996704
352055	0.5323586463928223
337210	0.6738728284835815
86850	0.8997556567192078
86851	0.6828024983406067
310598	0.23734329640865326
96596	0.35943830013275146
380761	0.18334828317165375
401243	0.8627761602401733
78178	0.33651047945022583
238439	0.6829367876052856
10612	0.6319535374641418
131959	0.7476051449775696
338812	0.6959763765335083
262525	0.35407018661499023
565118	0.2260846644639969
419712	0.6800922751426697
524680	0.8243603706359863
58764	0.26359233260154724
107917	0.3024231493473053
259982	0.6115014553070068
161174	0.6296266913414001
258970	1.0000001192092896
343455	0.5773171782493591
177057	0.8163974285125732
236453	0.34425100684165955
178674	1.0000001192092896
503215	0.7645794749259949
65466	0.7087887525558472
552351	0.7689617276191711
123466	0.33660414814949036
541631	0.22674031555652618
159178	0.22739140689373016
158669	0.745752215385437
352721	0.15908092260360718
386007	0.1963321715593338
553435	0.122995525598526
69599	0.34884369373321533
185318	0.33382782340049744
87015	0.6933935880661011
188392	0.20855920016765594
414706	0.3366377651691437
341161	0.6407046318054199
567800	0.19271233677864075
479739	0.6104698777198792
22526	0.4823087155818939
