352796	0.06525255739688873
132126	0.17972730100154877
437282	0.10112942010164261
384547	0.005635756999254227
195627	0.18217089772224426
26671	0.06818027049303055
151100	0.11507707089185715
403005	0.10039076954126358
81992	0.23499096930027008
211530	0.12038381397724152
490060	0.024683188647031784
362424	0.048867613077163696
211539	0.16694478690624237
579156	0.1246742233633995
579158	0.1246742233633995
83033	0.15151996910572052
579165	0.13037385046482086
55227	0.16504262387752533
407149	0.010763286612927914
440437	0.04304073005914688
182903	0.05731566622853279
16512	0.054677993059158325
474753	0.09059041738510132
193669	0.1030515655875206
552076	0.056401096284389496
528531	0.23499096930027008
40599	0.21893739700317383
305304	0.1420699805021286
507039	0.055018022656440735
528545	0.08943888545036316
469161	0.10276991873979568
399683	0.1224023774266243
182443	0.21419931948184967
209069	0.1063757985830307
365231	0.11071733385324478
171187	0.11505664139986038
119998	0.14534670114517212
81089	-0.02577395550906658
180932	0.06933122128248215
227532	0.02104460634291172
122063	0.12429659068584442
122064	0.04785783216357231
398554	0.33763042092323303
483550	0.09764779359102249
491743	0.2149478644132614
462055	0.31152215600013733
469743	-0.060217972844839096
115960	0.07629504799842834
427477	-0.0764930322766304
353539	0.04219479858875275
402201	0.000826566363684833
348443	0.12669837474822998
258846	0.03661280870437622
377119	0.20252306759357452
417578	0.05716777965426445
515373	0.13178755342960358
353075	0.10995786637067795
146744	0.14711853861808777
399674	0.039081644266843796
97091	0.11129898577928543
255300	0.14066387712955475
217927	0.14519239962100983
255305	0.09510992467403412
212810	0.15664301812648773
120652	0.1382419914007187
237389	0.03756740316748619
166225	0.07025753706693649
232786	-0.039165958762168884
13139	0.09765034168958664
545112	0.14683356881141663
465242	0.04736911877989769
522090	0.06912500411272049
561012	0.11304434388875961
150914	0.0038023912347853184
160644	0.1294727474451065
432023	0.11098381876945496
310668	0.20849840342998505
533907	0.04733157902956009
514455	0.018576323986053467
120644	0.1284944862127304
125344	0.0905635878443718
117665	0.057250283658504486
278434	0.06835966557264328
315303	0.007977524772286415
145836	-0.07666832208633423
398263	0.06990008801221848
409528	0.06887465715408325
513465	-0.03109872154891491
161210	0.0968797355890274
220091	0.21417313814163208
4034	0.3060080111026764
247855	0.1527227759361267
250826	0.1401737928390503
324514	-0.02336905524134636
473557	0.19462889432907104
205274	0.022223446518182755
264160	0.12126103043556213
430561	0.23199422657489777
482286	0.013047034852206707
531439	0.045583780854940414
13297	0.0864180475473404
434003	0.14481136202812195
266741	0.1687234789133072
10744	0.09657415747642517
