84481	0.9107927680015564
84482	0.8612257838249207
84489	0.8352037072181702
84493	0.9019365310668945
84494	0.9023115634918213
84495	0.9023115634918213
84496	0.8899670839309692
85526	0.7289468050003052
83290	0.8476488590240479
203297	0.2616637647151947
86050	0.820595920085907
86052	0.8544446229934692
86056	0.9020704627037048
86069	0.8412086367607117
430134	0.8607596158981323
85561	0.808364748954773
86075	0.9136378169059753
138306	0.8651876449584961
203331	0.79731684923172
178247	0.7698310017585754
86089	0.8674878478050232
268363	0.5330955982208252
103523	0.901695728302002
84572	0.8686610460281372
83550	0.7611644864082336
84411	0.8255997896194458
84075	0.8450122475624084
85103	0.873717188835144
84595	0.9198915362358093
84600	0.8458430171012878
85631	0.861513078212738
343147	0.937232255935669
84612	0.9284971356391907
85639	0.8755732774734497
84618	0.798811137676239
84619	0.8894855380058289
23407	0.8302580118179321
85663	0.8696632385253906
564393	0.880618155002594
176811	0.8290027976036072
86209	0.8395150303840637
83145	0.8722513914108276
84429	0.8757181763648987
83157	0.8254784941673279
83680	0.8405638337135315
85729	0.8125714063644409
83175	0.8183978796005249
84520	0.8495576977729797
85752	0.893019437789917
85754	0.6019371747970581
559365	0.8516697883605957
107783	0.8033126592636108
107784	0.841090977191925
83212	0.8099938631057739
83215	0.8099358677864075
82705	0.879061758518219
177428	0.8892988562583923
82718	0.853003203868866
524064	0.8886194825172424
411947	0.8672438263893127
82745	0.8339646458625793
83423	0.8460724949836731
83772	0.8736805319786072
560962	0.7347651124000549
83268	0.7044556140899658
86856	0.9199480414390564
83280	0.7867565751075745
83282	0.7867565751075745
83287	0.8237087726593018
85850	0.8666000366210938
83291	0.888945996761322
194911	0.9836291670799255
83297	0.9040352702140808
521573	0.8959180116653442
109418	0.8780505657196045
495469	0.9266225695610046
176495	0.8701812624931335
339321	0.9506356716156006
42364	0.8044411540031433
42365	0.8607269525527954
85388	0.806793212890625
82831	0.8956706523895264
5009	0.8787392973899841
103836	0.8809552788734436
103837	0.8978557586669922
84898	0.877065122127533
84899	0.7797055244445801
447729	0.7698494791984558
75698	0.9026897549629211
82874	0.8935618996620178
82875	0.8718737363815308
117180	0.8067618608474731
84413	0.8160229921340942
84928	0.8938015699386597
82893	0.8787967562675476
83920	0.8743748664855957
30677	0.8969334959983826
85978	0.8576995730400085
74207	0.9525405764579773
182753	0.8547146916389465
85478	0.9076098203659058
85487	0.8898006677627563
524785	0.8941747546195984
