256005	0.0499233715236187
69638	-0.102828249335289
269321	0.1495797485113144
303448	0.07104941457509995
128020	0.04693256691098213
487446	0.08213890343904495
462681	0.5346407294273376
143904	0.14293049275875092
172553	0.006052423268556595
198183	0.12661731243133545
370220	0.10636800527572632
75823	0.1413724571466446
353842	0.21887746453285217
128057	0.10386816412210464
325187	0.09124316275119781
59464	0.15858711302280426
192439	0.06756732612848282
237137	0.12406659871339798
425032	0.15817365050315857
178778	0.7272697687149048
247653	-0.0201724786311388
108640	0.03332405537366867
109675	0.1203639879822731
509548	0.14667125046253204
265325	0.6386277675628662
289915	0.17054647207260132
307844	0.16937385499477386
389484	0.09595329314470291
439436	0.20995566248893738
406685	0.11708876490592957
427678	0.12819187343120575
490152	0.07632112503051758
441515	0.08812900632619858
34988	0.10470698028802872
467642	0.07597606629133224
6843	0.0291622094810009
286935	0.5936716794967651
452313	0.1401948183774948
118495	-0.036246348172426224
441569	0.16591186821460724
214243	0.044420842081308365
212202	0.0008201041491702199
495851	0.030666835606098175
369389	0.1634604036808014
133871	0.015691542997956276
450292	0.008928229101002216
163064	0.1552935689687729
494841	0.10470698028802872
440059	0.16614505648612976
93949	0.05172893777489662
579328	0.14562703669071198
175369	0.08088190853595734
48402	0.11203086376190186
347923	0.16350890696048737
509209	0.04517272859811783
25372	0.11876584589481354
181022	0.05830025672912598
343336	0.5292009115219116
292653	0.135479137301445
374582	0.05724683031439781
219871	0.18455632030963898
79680	0.10970118641853333
217413	0.3121681213378906
39256	-0.025661122053861618
363353	0.1228293851017952
331098	0.12336030602455139
97632	0.07646488398313522
10597	0.011379878968000412
504681	0.09027086198329926
123244	0.06485658884048462
465265	0.09430631995201111
171383	0.09352004528045654
110457	0.08753977715969086
37754	0.10470698028802872
394108	0.07064245641231537
457601	-0.02440502680838108
497544	0.09504062682390213
49034	0.14869406819343567
24469	-0.04508203640580177
77213	-0.05990463122725487
400292	0.19051896035671234
129451	-0.0345575325191021
73135	0.7272697687149048
277425	0.10753410309553146
555959	0.12253212928771973
124857	-0.0005858106887899339
363966	0.06988800317049026
75201	0.19279344379901886
59467	0.15723927319049835
266692	0.03428487852215767
257490	0.11737804859876633
570327	0.19201917946338654
389080	0.05115867778658867
41958	0.1795603632926941
119272	0.13979709148406982
447466	0.027710143476724625
353771	0.1660017967224121
179704	0.09341375529766083
353788	0.22536468505859375
