266411	0.30039191246032715
432647	0.4327293038368225
341526	0.27504265308380127
363547	0.1713336557149887
449573	0.2981545329093933
227369	0.6380656957626343
311338	0.18418970704078674
464940	0.3494555354118347
410685	0.16676129400730133
227395	0.3104188144207001
229444	0.7240654826164246
443489	0.28378012776374817
506466	0.2760815918445587
355411	0.3218282163143158
70748	0.5154610872268677
255582	0.1591322422027588
78946	0.1469981074333191
465006	0.3693513870239258
425072	0.3054248094558716
442482	0.3761502206325531
425076	0.1837463676929474
474763	0.2573184072971344
440466	0.2637331783771515
69780	0.28352025151252747
536217	0.16044946014881134
349853	0.25421345233917236
488107	0.3244377076625824
125615	0.21016733348369598
287420	0.4599921703338623
540448	0.15139652788639069
198347	0.4073309302330017
208074	0.4574054777622223
486091	0.2219514399766922
487632	0.15411445498466492
349390	0.19634310901165009
544633	0.5632684230804443
362206	0.13993249833583832
349424	0.21402311325073242
194802	0.2864304482936859
442409	0.33479878306388855
335099	0.08890923857688904
468746	0.5823802351951599
391437	0.12630289793014526
188691	0.22690515220165253
69908	0.4619053304195404
545047	0.19957475364208221
480541	0.4583240747451782
386336	0.2360549122095108
532257	0.2880070209503174
176421	0.7240654826164246
554282	0.22043894231319427
508730	0.24178802967071533
340797	0.5340089201927185
486735	0.01647673174738884
197689	0.039115916937589645
440152	0.3142843246459961
206223	0.17365631461143494
205150	0.3981652557849884
482156	0.2616450786590576
124269	0.1738184541463852
364435	0.06303951144218445
280446	0.14693495631217957
250240	0.32869482040405273
249221	0.26661059260368347
353673	0.25193026661872864
209805	0.25270190834999084
325006	0.18806372582912445
503183	0.40170395374298096
363928	0.1718464195728302
295833	0.15078264474868774
157596	0.3635651469230652
70561	0.5180225372314453
473511	0.3092772364616394
315818	0.22429656982421875
549821	0.25425028800964355
432578	0.2351512312889099
432579	0.2785602807998657
12741	0.20923149585723877
500641	0.3222317397594452
259532	0.26111772656440735
481744	0.271980881690979
472530	0.7055284380912781
561117	0.16495835781097412
254943	0.4155295193195343
484091	0.15077607333660126
117747	0.49578380584716797
441854	0.33501848578453064
129401	0.10488075762987137
