338445	0.22269366681575775
61487	0.1201801598072052
496182	-0.015867985785007477
245825	0.03547642379999161
84	0.23227889835834503
171606	0.09725373238325119
510041	0.11577768623828888
210526	0.12668529152870178
199264	-0.011399699375033379
37473	0.017626594752073288
335461	0.48560404777526855
89192	0.13649162650108337
33903	-0.025635384023189545
544881	0.03200429305434227
530549	0.04523957520723343
5240	0.07966303080320358
198778	0.171996608376503
652	0.06355447322130203
337556	0.5112237334251404
327830	0.12649786472320557
298648	0.04030381888151169
11419	0.005141283851116896
79516	0.0018037357367575169
546466	0.030779339373111725
258744	0.1570858210325241
7354	0.056910134851932526
139964	0.07271452248096466
509118	0.022096270695328712
91330	0.004695396404713392
271556	0.06728925555944443
496232	0.03654530644416809
559820	0.0435456708073616
140493	0.03986941650509834
321748	0.07193836569786072
184102	0.11200874298810959
191207	0.10468494147062302
418537	0.029960457235574722
108865	0.0875389501452446
57078	-0.06673017889261246
1783	0.17317669093608856
498431	0.1232825517654419
471298	0.08943931758403778
295683	0.07677096873521805
221445	0.0370270274579525
272141	0.09698788076639175
391950	-0.025602547451853752
518421	0.03830890730023384
291097	0.017864884808659554
530207	0.09985986351966858
324901	0.03465258702635765
195366	0.08789807558059692
126248	0.10084275156259537
162603	0.006772770546376705
561965	0.05535225570201874
57135	-0.0005597373237833381
512304	-0.04803888127207756
35122	0.014406210742890835
71484	0.08157400786876678
172863	-0.0028342287987470627
267073	-0.016378208994865417
272196	0.13501901924610138
125254	-0.040573254227638245
113481	0.02886452153325081
435018	0.019221294671297073
195407	0.00579481665045023
61778	0.04090982675552368
450899	-0.023212280124425888
472404	-0.006116901058703661
435030	0.17124831676483154
258904	0.17239312827587128
103259	0.030454125255346298
128860	-0.00012683823297265917
208738	0.009748632088303566
52070	-0.005743046291172504
577895	0.021542048081755638
554867	0.0786575898528099
45432	-0.006241894792765379
473979	0.10527901351451874
40513	0.3954309821128845
569230	0.08910763263702393
121582	-0.01984119415283203
76698	0.0016061092028394341
128495	-0.040190305560827255
547747	0.15056121349334717
65960	-0.0385129339993
201129	-0.06224893778562546
264619	0.1865013986825943
30125	-0.05938708037137985
271792	0.03960387408733368
539059	0.13547973334789276
95157	0.023740414530038834
30134	0.4295617640018463
502211	0.031321436166763306
75207	0.07452492415904999
493513	0.12022897601127625
93141	-0.018210547044873238
43991	0.04102200269699097
67033	0.006939725950360298
258898	0.04041590541601181
271855	0.08853960782289505
11761	-0.10778095573186874
129526	-0.00012683823297265917
214356	0.019465014338493347
