465923	0.00826756376773119
40965	0.13406485319137573
52232	-0.0748821347951889
16396	0.20781734585762024
102915	-0.02764963172376156
461855	0.059959545731544495
461857	0.126553475856781
490030	0.07060729712247849
298504	0.06251087784767151
287286	0.17951050400733948
183864	-0.03397028148174286
122944	0.008077158592641354
17473	0.21914978325366974
296002	0.08887093514204025
373831	0.20519952476024628
259656	0.24162013828754425
172620	0.046502601355314255
328269	0.08139245957136154
17487	0.1901588886976242
1617	0.12416847795248032
40036	0.06557032465934753
223845	0.1231919378042221
180341	0.025545401498675346
446594	0.10224775969982147
411787	0.062406234443187714
373390	-0.012448093853890896
236397	-0.005072352942079306
360085	0.07165262848138809
185496	0.08596479147672653
113825	0.04922217130661011
383138	-0.00981086678802967
476324	-0.06602397561073303
113320	0.13443857431411743
97454	0.027823522686958313
348335	0.12305061519145966
215217	0.18762607872486115
323268	0.045201338827610016
326853	-0.05233116075396538
98512	0.07924683392047882
543953	0.013432961888611317
140456	0.5020619630813599
196837	-0.04295637086033821
579815	0.08894705027341843
522988	0.0944913700222969
411889	0.47520846128463745
96502	-0.05129671096801758
192005	-0.005940599367022514
402169	-0.030772509053349495
345864	-0.03936651349067688
42761	0.04462026059627533
470286	0.146568164229393
300815	0.14464238286018372
13073	0.0652075931429863
196377	0.07078292965888977
573726	0.04400075972080231
458533	0.07984510064125061
414506	0.09364501386880875
237873	0.007063554599881172
562997	-0.016472311690449715
248641	-0.04173972085118294
94031	0.08774344623088837
59730	-0.16044974327087402
110427	-0.10102110356092453
179044	-0.05415581911802292
161639	-0.022788245230913162
80359	0.05908586084842682
47469	0.029811983928084373
129905	0.043501224368810654
505720	0.12593969702720642
78215	0.03924593701958656
223468	0.006997439544647932
252811	-0.03040725365281105
238477	-0.045748479664325714
120208	0.201657235622406
94611	0.16623209416866302
31643	0.07152590900659561
363426	0.06401868909597397
88485	0.03254074975848198
269738	0.13579952716827393
21428	0.00534398527815938
77749	0.035430602729320526
94136	0.035656385123729706
464372	0.06145727261900902
252858	0.1594441533088684
242107	0.10056206583976746
456636	0.07011659443378448
76221	-0.011769691482186317
106451	0.11207546293735504
159700	0.06756632775068283
414696	0.10513802617788315
90582	0.13261349499225616
292318	0.05296190083026886
374757	0.025158897042274475
121425	-0.08258313685655594
520680	0.1882288008928299
394737	0.08331100642681122
562162	0.05357024818658829
23540	0.023090291768312454
545783	0.15120209753513336
