268291	0.09229306131601334
491016	0.024720635265111923
135695	0.19403962790966034
93714	0.17823347449302673
380435	0.6642643809318542
61358	0.1868094652891159
388637	0.1849188357591629
258606	0.5666300058364868
145967	0.1519058793783188
156723	0.15756672620773315
454197	0.16534371674060822
209470	0.15624135732650757
227397	0.2392749786376953
490414	0.15813285112380981
164428	0.39544248580932617
164429	0.44005024433135986
392273	0.29517364501953125
558677	0.2519689202308655
189018	0.10240035504102707
453729	0.3687935769557953
477377	0.1677001267671585
538642	0.20384497940540314
565872	0.23492078483104706
425832	0.24153856933116913
93717	0.22764421999454498
431234	0.3076080083847046
459398	0.36218446493148804
204935	0.1727817803621292
459402	0.41092848777770996
291987	0.1956133395433426
7328	0.485249787569046
459426	0.11843255162239075
517800	0.45527899265289307
202926	0.32234272360801697
39617	0.5072647333145142
514244	0.2512495219707489
497861	0.2445557713508606
167115	0.13272054493427277
131788	0.20737875998020172
257745	0.12731830775737762
313562	0.15761806070804596
96478	0.22763514518737793
120101	0.06451242417097092
361188	0.2604835629463196
472805	0.4652950167655945
562918	0.16053922474384308
32999	0.19403962790966034
28394	0.28608670830726624
531692	0.4520604610443115
29421	0.35780686140060425
32499	0.19403962790966034
46851	0.2390681952238083
193796	0.35745036602020264
294150	0.12935735285282135
575765	0.07214245945215225
159001	0.17379309237003326
493347	0.1254369169473648
289573	0.015714291483163834
518442	0.18489202857017517
566583	0.2900635600090027
391994	0.6542320847511292
33091	0.17883218824863434
35146	0.16117031872272491
138060	0.4077639877796173
19790	0.04873991385102272
56143	0.29306361079216003
36694	0.19403962790966034
222048	0.18190987408161163
257766	0.2995593249797821
142696	0.40616002678871155
14200	0.08200069516897202
78714	0.10001631081104279
237435	0.13667389750480652
346496	0.30970436334609985
301953	0.6220667362213135
424838	0.27729618549346924
200583	0.44001269340515137
152471	0.04683976620435715
205720	0.5187044143676758
275868	0.3086574077606201
415139	0.2714630961418152
38309	0.12123548239469528
573352	0.03225180506706238
569244	0.1990545690059662
25514	0.39851951599121094
99244	0.2825430631637573
465837	0.16739320755004883
391598	0.5070979595184326
490416	0.15813285112380981
507314	0.09507639706134796
388024	0.6594568490982056
383306	0.1800316721200943
50624	0.2670694589614868
318918	0.2688840329647064
573516	0.06433218717575073
271307	0.4677337110042572
36816	0.13334940373897552
99287	0.16053922474384308
572377	0.12070072442293167
410075	0.47012656927108765
475623	0.34306278824806213
505000	0.24075821042060852
99314	0.09619377553462982
507382	0.3204834461212158
401399	0.49518755078315735
241150	0.20316296815872192
564223	0.17359855771064758
