132608	0.9539865851402283
286721	0.8771283626556396
446468	0.8691039085388184
299015	0.8963822722434998
299018	0.9158296585083008
169483	0.8857927322387695
425997	0.8372946381568909
412691	0.8811367154121399
381462	0.8567681312561035
529947	0.8927031755447388
371743	0.35785478353500366
371747	0.6858124732971191
371750	0.7649305462837219
393256	0.8527529835700989
69164	0.907335638999939
289333	0.9003089666366577
568892	0.9538361430168152
283199	0.899976372718811
217664	0.946492612361908
276035	0.9536356925964355
550473	0.8820527791976929
474194	0.8630123138427734
283221	0.9378756880760193
175191	0.9465004205703735
283226	0.9194687604904175
500269	0.8548811674118042
133563	0.8693205714225769
355940	0.6886112093925476
355941	0.8583404421806335
421480	0.9580042958259583
196719	0.8725796341896057
196720	0.8758500814437866
532584	0.5542857050895691
444037	0.8960473537445068
531599	0.9043696522712708
105107	0.9019851088523865
132763	0.7112256288528442
444061	0.9523032307624817
444063	0.9180660247802734
567972	0.9203039407730103
106691	0.9080519080162048
169156	0.8797211050987244
473799	0.9373050332069397
473801	0.9373050332069397
399822	0.9027988910675049
132864	0.8704449534416199
337155	0.9285824298858643
580360	0.8874756693840027
511532	0.8498035073280334
358671	0.9201664924621582
131348	0.9076115489006042
131351	0.7176607251167297
107809	0.8812183737754822
475948	0.9054911732673645
508207	0.9145771265029907
508208	0.923364520072937
132915	0.9516893029212952
358718	0.9083152413368225
366916	0.9543331861495972
367431	0.9283789396286011
260425	0.8892484307289124
473438	0.9212844371795654
522084	0.8554403185844421
550249	0.919541597366333
458612	0.9618295431137085
566646	0.8634576201438904
3452	0.8436031937599182
550269	0.9287155866622925
550271	0.9467585682868958
361352	0.81856369972229
125840	0.8847983479499817
169875	0.9038451910018921
390038	0.9504145383834839
139168	0.8560592532157898
133025	0.9141595363616943
581551	0.9021016955375671
581552	0.9373050332069397
581555	0.7829811573028564
581557	0.7229735255241394
581561	0.9373050332069397
581563	0.8493938446044922
581564	0.7643055319786072
581567	0.8912834525108337
581568	0.6858124732971191
457795	0.9124443531036377
83501	0.9066638946533203
184261	0.9248349666595459
298950	0.8754028677940369
388513	0.8796051740646362
136139	0.8824772238731384
223181	0.8788480162620544
342478	0.9074376225471497
122854	0.7445241212844849
381418	0.899941086769104
424427	0.8995344042778015
371182	0.9065613150596619
381429	0.882901668548584
