261120	0.8250165581703186
343042	0.9665760397911072
427011	0.8759646415710449
178694	0.9667969346046448
261127	0.7973623275756836
227848	0.880595326423645
339469	0.9310582876205444
62991	0.7189865708351135
142595	0.771780788898468
341013	0.956695020198822
527897	0.9439390897750854
408090	0.9186623692512512
42025	0.8056920170783997
96815	0.8084893822669983
355376	0.925686240196228
339506	0.9665760397911072
142913	0.8613483309745789
279623	0.8459376692771912
493642	0.78618985414505
42066	0.8251650929450989
282708	0.8445420265197754
21599	0.9774535298347473
491111	0.9999999403953552
454761	0.7532428503036499
543340	0.8086563348770142
572527	0.8421301245689392
178809	0.986138641834259
389242	0.7426485419273376
39036	0.7862820625305176
420995	0.8000183701515198
144015	0.7720907330513
542865	0.9855478405952454
333458	0.9661569595336914
288451	0.7689516544342041
297620	0.7729398012161255
420889	0.825678288936615
165020	0.946441650390625
511646	0.7845144867897034
378018	0.9338744878768921
282276	0.7614630460739136
303282	0.7174392342567444
538809	0.8688466548919678
182467	0.7983396649360657
39033	0.7862820625305176
135897	0.5301956534385681
333530	0.9665760397911072
294266	0.8725206255912781
365278	0.6275714039802551
421091	0.8012761473655701
80103	0.7063540816307068
575722	0.8201062083244324
340204	0.9487080574035645
224503	0.8647711277008057
301821	0.9850805997848511
80126	0.6960451006889343
512259	0.9464972615242004
76036	0.7951199412345886
248581	0.7391905188560486
278791	0.6681400537490845
204044	0.998622477054596
538841	0.8877440690994263
541470	0.7560369372367859
284208	0.8428117632865906
577927	0.9065480828285217
464694	0.9089682698249817
407865	0.7895457148551941
252734	0.8245437145233154
238402	0.8547036051750183
415045	0.7381848692893982
341321	0.9441246390342712
268619	0.817399799823761
246101	0.8772321343421936
542521	0.9667969346046448
553309	0.7861731648445129
44894	0.9999999403953552
527726	0.8426316380500793
148335	0.7349274158477783
448880	0.9850805997848511
19314	0.9096656441688538
332660	0.8434126973152161
95098	0.8313015103340149
410493	0.7336609959602356
410494	0.7336609959602356
65408	0.682816207408905
435077	0.7640395760536194
553351	0.8537228107452393
417679	0.9123163223266602
246164	0.91237872838974
335766	0.9389484524726868
436637	0.8839565515518188
4513	0.998622477054596
235939	0.9113180041313171
288678	0.88913893699646
571822	0.8377674221992493
537527	0.7387754321098328
105404	0.7212182283401489
69194	0.9999999403953552
178110	0.9637829065322876
7106	0.8718897104263306
159030	0.8270414471626282
553417	0.7201268076896667
106958	0.6949542760848999
18897	0.7862820625305176
410590	0.9507356286048889
304714	0.7285633087158203
41963	0.8056920170783997
523244	0.9084374308586121
548857	0.998622477054596
236539	0.9454966187477112
