331819	0.06946197897195816
177157	0.6422455310821533
372105	0.6866579055786133
401099	0.4193810522556305
468364	1.0000001192092896
15757	0.33511286973953247
134424	0.12057186663150787
468419	0.4544801414012909
290708	-0.027654793113470078
46741	0.6463665962219238
562070	0.541235089302063
252824	0.3636661469936371
75489	0.09854532778263092
192284	0.49373897910118103
44062	0.5117156505584717
400966	0.4193810522556305
134955	0.8990064263343811
401079	0.4193810522556305
84920	0.7680596709251404
172988	0.7258193492889404
532042	0.6221228241920471
401091	0.4193810522556305
468421	0.4544801414012909
468374	0.897284746170044
293601	0.4868409335613251
134601	0.5531089305877686
182858	0.5711580514907837
581195	1.0000001192092896
134349	0.8990064263343811
394616	0.3031175136566162
400980	0.4193810522556305
548053	0.6748519539833069
468443	0.553996741771698
505821	0.6851914525032043
468447	0.553996741771698
468448	0.553996741771698
468577	0.7074711918830872
134501	0.8990064263343811
333286	0.47172147035598755
118375	0.4136490523815155
581618	0.4796435534954071
573427	0.17286424338817596
500980	0.5285894274711609
580597	0.33043211698532104
401016	0.4193810522556305
134268	0.8990064263343811
492925	0.17638851702213287
116565	0.42504075169563293
