338944	0.7716577053070068
198145	0.8821126222610474
198147	0.8166760802268982
514053	0.7431339025497437
421382	0.7713295221328735
525831	0.8248816728591919
358410	0.8141900300979614
138251	0.8524008989334106
416771	0.8022122383117676
50197	0.8758737444877625
14360	0.9413540363311768
275995	0.7552544474601746
269859	0.8100379109382629
514055	0.8017365336418152
14383	0.8426153659820557
101937	0.8142468333244324
330803	0.8073636889457703
256569	0.8777764439582825
78395	0.8375948071479797
254533	0.8935257792472839
330822	0.7954862117767334
330829	0.7940287590026855
464471	0.7985637187957764
561246	0.7421584725379944
545909	0.7921885848045349
124512	0.7951844930648804
438883	0.7982492446899414
105062	0.8025422096252441
563304	0.8735008239746094
91247	0.7071331739425659
478771	0.8483615517616272
158322	1.0000001192092896
567925	0.7916398644447327
431736	0.8744510412216187
472190	0.7040938138961792
133312	0.8844150304794312
478849	0.8095908761024475
9860	0.8068408370018005
412811	0.8618718385696411
412816	0.6979405879974365
471701	0.801194429397583
4247	0.7686535120010376
561818	0.8747000098228455
28320	0.7721730470657349
52897	0.7623685598373413
417446	0.8498412370681763
574119	0.6857373714447021
16043	0.7900821566581726
478779	0.8659606575965881
375998	0.8375592827796936
375999	0.8582673072814941
376000	0.853969931602478
421064	0.7605663537979126
118475	0.7592117786407471
118476	0.7592117786407471
142042	0.8536662459373474
423131	0.7343419790267944
106206	0.8451257348060608
142047	0.8571363687515259
106448	0.775180459022522
376558	0.876034677028656
437999	0.6369270086288452
229113	1.0000001192092896
190718	0.8716629147529602
105218	0.8352484107017517
345357	0.7764279842376709
79122	0.8060249090194702
332062	0.7580274939537048
121635	0.4959842264652252
64561	0.80573570728302
401203	0.7839276790618896
395061	0.7857325077056885
401495	0.7502483129501343
514368	0.7772017121315002
3906	0.9018713235855103
295758	0.5428115129470825
340818	0.8271533250808716
560987	0.8928200006484985
344417	0.9043263792991638
31803	0.6656286716461182
380777	0.8441988229751587
224620	1.0000001192092896
11117	0.7715234756469727
106363	0.7848480939865112
511870	0.7341130375862122
478598	0.7797549366950989
335762	0.7544767260551453
105454	0.8306554555892944
330821	0.8172805905342102
348066	0.7845633625984192
498605	1.0000001192092896
204211	0.8613269925117493
221625	0.8585857152938843
16317	0.8089947700500488
52161	0.7602041959762573
290242	0.8755612969398499
414149	1.0000001192092896
214579	0.8267314434051514
290254	0.8413056135177612
204240	0.8951666951179504
117211	0.7337885499000549
117214	0.7160764932632446
411630	0.7950736880302429
493553	0.8574179410934448
493557	0.7741590738296509
559094	0.8738890290260315
