130048	0.046732187271118164
440832	0.1300487369298935
351749	0.3006923496723175
417295	0.055504169315099716
182301	0.11631511896848679
573982	0.07977785915136337
91167	0.1342906653881073
374315	0.11891937255859375
262206	0.24329887330532074
285254	0.1102985069155693
374346	0.06581133604049683
170063	0.20983290672302246
200277	0.09020926058292389
148569	0.0554354190826416
134747	0.17908300459384918
269410	0.1454034149646759
134755	0.2568081319332123
207468	0.05388367548584938
268918	0.10269618779420853
134263	0.26141855120658875
315005	0.14301544427871704
27266	0.5585250854492188
306825	0.1937541514635086
278155	0.3373759090900421
324239	0.14301544427871704
369301	0.14206065237522125
439959	0.1698254644870758
345755	0.018333733081817627
148639	0.22699542343616486
145569	0.20083533227443695
153763	0.13852788507938385
203633	0.2934163510799408
209182	0.01055433414876461
120506	0.1617027074098587
237855	0.1806524246931076
386236	0.09054625034332275
351934	0.06266504526138306
404672	0.12466892600059509
419017	0.21445980668067932
397520	0.1495439112186432
51929	0.18581333756446838
275164	0.18206827342510223
292579	0.35575494170188904
386063	0.049931470304727554
291567	0.08893897384405136
233209	0.009608824737370014
258005	0.18338139355182648
134914	0.2455427348613739
255237	0.14459773898124695
134919	0.15666677057743073
25354	0.4737389087677002
374558	0.04313022643327713
134943	0.1670888513326645
134947	0.14267854392528534
207068	0.18281979858875275
316202	0.27276307344436646
398642	0.07355447113513947
490806	0.13110511004924774
429373	0.21230760216712952
396607	0.06213141232728958
398657	0.07355447113513947
134980	0.18171650171279907
307016	-0.011823856271803379
134994	0.03841230273246765
93524	0.05648959055542946
440862	0.0019469510298222303
483178	-0.0010917690815404058
543595	0.04206154868006706
483185	0.13982847332954407
237430	0.11055988818407059
141178	0.05242302641272545
13691	0.11681894212961197
481900	0.10745376348495483
203651	-0.002066477434709668
121759	0.10960980504751205
259974	0.07847346365451813
397199	0.05992019176483154
532881	0.1985294073820114
232345	0.02307308465242386
118174	0.08691877126693726
131999	0.09729091078042984
205729	0.10829445719718933
304042	0.47310566902160645
304043	0.33472540974617004
148397	0.36530882120132446
179129	0.07928786426782608
279967	0.23879842460155487
555084	0.01425925176590681
558546	0.12128692120313644
552405	0.5191193222999573
551384	0.13177524507045746
118749	-0.019606564193964005
374243	0.1390201449394226
299495	0.3305802345275879
150505	0.16522075235843658
2045	0.16175758838653564
382378	0.13847902417182922
