101763	0.7459666728973389
154500	0.8154732584953308
287493	0.4741053283214569
472583	0.5903965830802917
376329	0.5146023035049438
75146	0.4587923586368561
544267	0.3414144515991211
64652	0.506478488445282
250255	0.36279261112213135
339731	0.5738900303840637
2580	0.8195558190345764
154494	0.6211041808128357
574871	0.6975052356719971
287834	0.7384157180786133
395423	0.5598976612091064
153765	0.6770270466804504
134317	0.784793496131897
141870	0.5053771138191223
380720	0.17453622817993164
559794	-0.10570979118347168
559795	-0.10570979118347168
301112	0.8289673328399658
337980	0.47428449988365173
347069	1.0000001192092896
288757	0.7413889169692993
341696	0.6728421449661255
140865	0.9145269989967346
137544	0.4061729609966278
68425	0.7099010348320007
378698	0.7710309624671936
296653	0.4617822766304016
254543	0.7437101602554321
153552	0.4750857949256897
286801	0.8145473003387451
200660	0.33798879384994507
333658	0.6495088934898376
565595	0.5829592943191528
562653	0.5216764807701111
214496	0.6477817296981812
190690	0.890820324420929
273256	0.7079759836196899
273257	0.7079759836196899
340971	0.428738534450531
186221	0.7604727149009705
505341	0.07262227684259415
495464	0.7245962023735046
174739	0.3847671151161194
459509	0.4064892530441284
43210	0.6975052356719971
123220	0.8061611652374268
287482	0.7684831619262695
405885	0.8566979765892029
239742	0.8075335621833801
