378624	0.22488266229629517
69893	0.3766961097717285
506247	0.25557443499565125
358152	0.38478291034698486
89865	0.38501736521720886
395146	0.24776984751224518
161803	0.04581500589847565
107660	0.28829237818717957
46223	0.150822252035141
70416	0.21392086148262024
580754	0.33861374855041504
359750	0.24634499847888947
131682	0.1217815950512886
134792	0.13193586468696594
355993	-0.091612808406353
424601	0.4194605350494385
264924	0.16667920351028442
335902	0.34989407658576965
312837	0.3195970058441162
310692	0.49059322476387024
151973	0.2609924077987671
433488	0.054467808455228806
16935	0.17892460525035858
66729	0.08477304130792618
281500	0.20506492257118225
542897	0.1539425253868103
264925	0.16975069046020508
275120	0.27933624386787415
204808	0.4855177104473114
299689	0.2684383690357208
272435	0.171254962682724
338484	0.30225670337677
147102	0.4246213138103485
222622	0.5045289397239685
140233	0.24637804925441742
224824	0.12756752967834473
336953	0.39716580510139465
171066	0.3473369777202606
21692	0.14286836981773376
204861	-0.04292914643883705
353343	0.04013294726610184
154944	0.10908294469118118
541889	0.45171451568603516
541891	0.40838876366615295
540111	0.16253791749477386
535222	0.030414648354053497
123846	0.36868709325790405
113744	0.12259481847286224
176076	0.11031041294336319
194590	0.1884102076292038
470860	0.3368602395057678
454626	0.048353470861911774
190670	0.4396318197250366
24399	0.30132368206977844
147152	0.015795378014445305
338129	0.3400520384311676
556137	0.13696901500225067
379929	0.11947402358055115
70351	0.30912137031555176
337756	0.3223227560520172
146269	0.3731411397457123
275038	0.4029899835586548
67679	0.36698096990585327
258528	0.08425787091255188
541968	0.3362613320350647
68578	0.44564977288246155
562403	0.2335265874862671
522980	0.22295920550823212
575334	0.26449641585350037
17233	0.028398053720593452
127209	0.10382311046123505
333418	0.3098600208759308
69867	0.451284259557724
251087	0.43804773688316345
468492	0.1657545566558838
93112	0.04969833791255951
352372	0.01689278520643711
553077	0.47597751021385193
123945	0.45250576734542847
248340	0.12110543251037598
386044	0.11212819814682007
498941	0.45548513531684875
581118	0.04935667663812637
