384128	0.22097386419773102
384130	0.2200785130262375
163846	0.14933708310127258
203528	0.2239457666873932
579465	0.08382422477006912
430218	0.12131592631340027
573847	0.0794743224978447
96433	-0.06513598561286926
388098	0.10319399833679199
479377	0.1376010626554489
553746	0.09754594415426254
12179	0.026540247723460197
367764	0.2241271436214447
276630	0.2343078851699829
571161	0.5855390429496765
244505	0.22185087203979492
383898	0.1796945184469223
106780	0.0029168070759624243
109597	0.12630927562713623
76575	0.11392374336719513
207392	0.20593205094337463
87330	0.05948910862207413
426403	0.04681001603603363
14886	-0.06292016059160233
550823	0.162531778216362
244526	0.338158518075943
102319	0.12446963787078857
279472	0.5502044558525085
384136	0.14729394018650055
243762	0.17987263202667236
3379	0.22419321537017822
39478	0.28631678223609924
57530	-0.015682728961110115
118844	-0.07196206599473953
387018	0.2577976584434509
82238	0.16773611307144165
383807	0.21005839109420776
60096	0.4324667155742645
241803	0.14843691885471344
430024	0.2693239748477936
451273	0.3835202157497406
244554	0.25151321291923523
347467	0.2998090386390686
347342	0.5527936816215515
458320	0.4258421063423157
438739	0.18122953176498413
449748	0.02879307232797146
3193	0.13627858459949493
430043	0.2931045889854431
23645	0.05357997119426727
503775	0.21019817888736725
503776	0.16826720535755157
82128	0.12333286553621292
244451	0.23507186770439148
384105	0.3231261074542999
115562	0.15219053626060486
572011	0.13380572199821472
173898	0.14106357097625732
572013	0.11842688918113708
150845	0.1342974752187729
481395	0.2810964286327362
724	-0.09782273322343826
504255	0.2800566554069519
245494	0.1570923775434494
294136	0.27649474143981934
428025	0.08459225296974182
276474	0.019468434154987335
383935	0.28611424565315247
494205	0.2806186378002167
567038	0.09429581463336945
189695	0.04771272838115692
