49923	0.16096048057079315
315525	0.13540491461753845
490886	0.07105136662721634
315527	0.19734077155590057
490888	0.1264689564704895
315529	0.13540491461753845
315530	0.13540491461753845
332823	0.08810704946517944
315532	0.12094754725694656
51906	0.08519885689020157
580111	0.10862480849027634
42256	0.08845405280590057
316504	0.13979850709438324
52244	0.14496780931949615
316505	0.09997003525495529
216471	0.06917361170053482
98200	0.2906295359134674
98201	0.3121475875377655
51484	0.0456702895462513
71454	0.15440627932548523
97697	0.45448556542396545
315526	0.13540491461753845
231025	0.1760396957397461
16680	0.25311729311943054
6825	0.6028695702552795
179271	0.2028479278087616
51080	0.11282006651163101
53805	0.09499317407608032
374617	0.43162956833839417
89135	0.3984927535057068
315528	0.13540491461753845
309170	0.4150044023990631
51123	0.1609358936548233
326836	0.06870326399803162
52789	0.11538692563772202
577137	0.2120501846075058
101683	0.1409439891576767
92091	0.08778859674930573
92092	0.11282768100500107
78013	-0.024005180224776268
296127	0.43761491775512695
50498	0.1741393357515335
490887	-0.1147976890206337
574790	0.04194597899913788
55367	0.14050163328647614
42184	0.3807375729084015
303720	0.1299324929714203
319095	0.12004242092370987
319111	0.10157067328691483
326221	0.1998395174741745
51320	0.07025547325611115
23890	0.4703289866447449
124371	0.11886600404977798
158826	0.049570947885513306
50646	0.07145655900239944
316503	0.13351014256477356
100184	0.12835712730884552
50905	0.1909196674823761
189787	0.08753448724746704
480250	0.15057100355625153
479632	0.0602852962911129
42466	0.35010403394699097
313191	0.15982751548290253
580200	0.23690637946128845
48060	0.0791846290230751
53610	0.42935264110565186
566594	0.0676160454750061
327016	-0.00042336739716120064
145130	0.15832597017288208
480244	0.14687295258045197
335376	0.10370130836963654
216233	0.1724364012479782
6136	0.3694261610507965
327034	-0.035584986209869385
480253	0.14824438095092773
51839	0.14151395857334137
