180738	0.046896614134311676
219655	0.09606632590293884
385708	0.07507287710905075
295956	0.20859691500663757
57374	0.007804067339748144
432903	-0.07619916647672653
563260	0.063150554895401
463946	0.0783238410949707
529484	0.05920475721359253
78433	0.07048789411783218
41581	0.12828750908374786
89205	0.05986848846077919
114806	0.03253387287259102
104568	0.04691872373223305
317052	0.2691912055015564
318590	0.17293795943260193
228629	0.055132247507572174
245379	0.000713322835508734
126599	-0.0004495010362006724
508555	0.14095015823841095
17548	0.05719572305679321
199836	0.0902143344283104
538783	0.044976476579904556
210594	-0.1065298393368721
453799	0.0048804739490151405
514220	0.09882867336273193
30384	0.05543116107583046
320180	0.19559027254581451
276663	0.18562737107276917
323261	0.17293795943260193
154818	-0.05566277727484703
358596	-0.07563547790050507
154825	0.04256283491849899
403148	0.053343065083026886
170196	0.38525113463401794
403157	0.0005129624041728675
313046	0.1138334572315216
356055	0.044058505445718765
313052	0.11784513294696808
342248	0.3857230842113495
271601	0.029212206602096558
570612	0.1221221312880516
16629	0.18230214715003967
434939	0.08509708940982819
119036	0.04028845950961113
320725	0.15964198112487793
482561	-0.01740957424044609
483075	-0.030076950788497925
320726	0.07626709342002869
518407	0.17340822517871857
485130	0.04602232575416565
114450	-0.027699824422597885
272149	0.18813291192054749
14103	0.025939449667930603
5913	0.10807657241821289
191946	0.08665012568235397
8485	0.0879669338464737
476980	0.249301940202713
437558	0.039907198399305344
321332	0.17293795943260193
164666	0.10252632200717926
125246	0.05296657234430313
120134	0.12749400734901428
410952	0.22880768775939941
164687	0.033806007355451584
304981	0.4320957362651825
58716	0.10005225986242294
200032	0.20598220825195312
146273	0.07334022223949432
488807	0.14730136096477509
200046	-0.02714458666741848
188273	0.19444182515144348
202099	0.0446603000164032
488820	0.19610822200775146
390521	0.0465962216258049
136071	0.13122400641441345
339851	0.41225114464759827
26518	0.6203277707099915
272791	0.032406240701675415
153498	-0.007966856472194195
523678	0.11425671726465225
386469	-0.0771588608622551
290726	0.17084158957004547
339100	0.16561774909496307
116138	0.41986626386642456
313771	0.17095258831977844
129458	0.023255806416273117
180723	0.046896614134311676
112057	0.14440272748470306
129450	0.05793503299355507
195013	0.1325673758983612
477260	0.1329168975353241
529866	0.09888822585344315
109515	-0.12355470657348633
445901	0.02654028683900833
379359	0.03886209800839424
160226	0.23941069841384888
324070	0.2924197316169739
477166	0.006459621712565422
506352	0.017660729587078094
129523	0.008086210116744041
231927	-0.00028765961178578436
8447	0.030385809019207954
219645	0.04226238280534744
