134669	0.5653355717658997
244750	0.02727910876274109
456218	0.4236322343349457
566191	0.2908405661582947
71714	0.11773866415023804
237096	0.08195016533136368
567338	0.4996636211872101
31277	0.397701621055603
428080	0.12369568645954132
574515	0.160456120967865
25695	0.2538681924343109
12866	0.21920830011367798
563779	0.23740820586681366
10934	0.0329865962266922
114767	0.33889859914779663
521809	0.21144719421863556
521810	0.10823297500610352
12890	0.19868260622024536
391262	0.08277687430381775
456799	0.1427379697561264
16999	0.35177871584892273
569961	0.17508657276630402
387346	0.1689847856760025
574069	0.2846043109893799
18038	0.6176285147666931
6269	0.06003666669130325
125566	-0.04691055044531822
388230	0.07778888940811157
378503	0.17733721435070038
90764	0.12903985381126404
231569	0.3795381188392639
145044	0.34237492084503174
567964	0.17025026679039001
570525	-0.0333833172917366
221344	0.20093081891536713
570024	0.06606414914131165
444079	0.07067693769931793
469174	0.19601963460445404
469175	0.5448078513145447
572094	0.21856851875782013
87232	0.33188772201538086
505540	0.34054020047187805
12490	0.1301773190498352
87247	0.2847778797149658
41680	0.05782744660973549
59089	0.21448229253292084
12501	0.47451722621917725
270085	0.1480608731508255
87322	0.15032976865768433
387355	0.1715945154428482
31522	0.08327851444482803
47912	0.15644648671150208
571700	0.3573352098464966
404285	0.13751153647899628
148807	0.26057669520378113
111948	0.13038381934165955
503118	0.1982792466878891
301487	0.054128848016262054
94558	0.3618620038032532
312166	0.17184408009052277
562536	0.35112977027893066
24425	0.08646506816148758
565610	0.0520431287586689
104307	0.40075987577438354
575861	0.05514110252261162
74105	0.0906214490532875
324476	0.17443150281906128
53141	0.2899080514907837
200096	0.31678298115730286
56740	0.29270172119140625
418213	0.28865209221839905
31655	0.4293328821659088
379816	-0.0333833172917366
134575	0.3352844715118408
387511	0.29139816761016846
184762	0.14370296895503998
509385	0.19780126214027405
295889	0.5600194931030273
135641	0.09189373254776001
24997	0.01693461276590824
44000	0.18678711354732513
543714	0.37553197145462036
221158	0.11063464730978012
573943	0.09899824112653732
