54785	0.018787793815135956
85506	0.03460075706243515
208388	0.03373357281088829
83975	0.16300037503242493
247308	-0.058020226657390594
33815	0.08537287265062332
488474	0.07072389125823975
85533	0.11782795190811157
11806	-0.1250469833612442
261663	0.0054970383644104
52769	0.4891970157623291
453157	0.015456099063158035
84518	0.23414283990859985
35367	0.11472620069980621
37422	0.09607788920402527
134193	0.08498982340097427
208444	0.07017038762569427
411488	0.10224628448486328
85063	0.042758554220199585
85064	0.20872178673744202
32842	0.08537287265062332
83534	0.32093578577041626
56915	-0.024918368086218834
84564	0.3916424512863159
37470	0.09074242413043976
253542	0.12991788983345032
173163	0.12660031020641327
412788	0.16650068759918213
222326	0.16519790887832642
297604	0.07605087012052536
434311	0.07106735557317734
445590	0.08345986902713776
33444	0.06643632054328918
270006	0.5780618786811829
373439	0.11317005753517151
451274	0.13397599756717682
100043	0.05560573190450668
186074	0.15706856548786163
509667	0.08185432106256485
520937	0.10614201426506042
86258	0.08183692395687103
83700	0.1819433569908142
216311	0.061805739998817444
389880	0.2617214322090149
83194	0.4310257136821747
13569	0.017653053626418114
275735	0.017426872625947
125216	0.13507822155952454
79143	-0.012264452874660492
84776	0.4774218201637268
419127	-0.00206004292704165
84794	0.10170627385377884
84795	0.6193421483039856
84796	0.10170627385377884
84797	0.10170627385377884
419209	0.06581337004899979
83783	0.1698610484600067
494925	0.1581452339887619
496463	0.1233363151550293
84818	0.40656545758247375
37716	0.06643632054328918
37717	0.06643632054328918
82774	-0.0065330686047673225
449949	-0.020864680409431458
210269	0.026209799572825432
557920	0.1262224167585373
82785	0.07592248916625977
427876	0.09030328691005707
82792	0.248598113656044
348009	0.005170344840735197
84332	0.22981934249401093
83821	0.12258056551218033
271731	0.09941665828227997
34677	0.08537287265062332
84866	0.16152562201023102
84355	0.5011630058288574
84361	-0.014765940606594086
419212	-0.047342829406261444
266128	0.12472572922706604
43411	0.19750253856182098
419222	0.13545763492584229
10650	-0.000633019139058888
141213	0.06667624413967133
85922	0.031648989766836166
223133	0.08760731667280197
84905	0.09367416054010391
295343	0.03202153369784355
171957	0.16060230135917664
39176	0.09647631645202637
38647	0.07929126918315887
488908	0.015073241665959358
10202	0.16458949446678162
410592	0.43712398409843445
557544	0.11405234783887863
8170	0.032024916261434555
34286	-0.12330862134695053
35824	0.08537287265062332
84563	0.06526494026184082
269819	0.3797070384025574
83967	0.1250915676355362
