258053	0.16179215908050537
289288	0.10468282550573349
454153	0.488429993391037
125450	0.3250832259654999
10583	0.13197730481624603
355853	0.11287428438663483
35344	0.17365559935569763
37910	0.17365559935569763
562200	0.14321966469287872
168988	0.21849574148654938
445981	0.19038939476013184
357411	0.0451451912522316
169508	0.18005482852458954
15909	0.14556260406970978
50727	0.11583610624074936
74280	0.1723521202802658
385089	0.19363892078399658
371271	-0.0006436922703869641
181836	0.18307402729988098
122446	0.2558923363685608
319586	0.09585966914892197
447588	0.14489829540252686
292456	0.17432726919651031
377451	0.15347513556480408
520301	0.10367077589035034
417906	0.031501900404691696
362103	0.2573665976524353
106616	0.24402117729187012
391810	0.09811471402645111
507536	0.2561374008655548
210968	0.11660610139369965
169121	0.2787139415740967
260774	0.7606275677680969
122026	0.2798503041267395
432301	0.1371595412492752
429235	0.41970014572143555
163514	-0.012884908355772495
468668	0.17817570269107819
169150	0.5079166889190674
370880	0.08243222534656525
563406	0.23917217552661896
42197	0.11902519315481186
217304	0.04065076634287834
34537	0.17365559935569763
199503	-0.0029855133034288883
314607	0.11780927330255508
489000	0.09503896534442902
163582	0.17923612892627716
371456	0.1488417088985443
434439	-0.013020465150475502
88848	0.3608250916004181
413969	0.11031366139650345
180515	0.16746936738491058
171821	0.0873853862285614
382767	0.17365559935569763
439090	0.1046408861875534
457013	0.13155069947242737
497975	0.28106069564819336
224569	0.325772762298584
324416	0.17768551409244537
179523	0.13776732981204987
424774	0.2164842039346695
314185	0.11559402942657471
215884	0.18188132345676422
393039	0.1846587359905243
512850	0.1576930284500122
250681	0.14529727399349213
223065	0.5329229831695557
509786	0.15529097616672516
35678	0.17365559935569763
401894	0.09170553088188171
317800	0.1589096337556839
169323	0.1570596545934677
22892	0.10805784910917282
502637	0.07134700566530228
33659	0.17365559935569763
311164	0.1037745326757431
35716	0.14136138558387756
496005	0.2472952902317047
327233	0.02427566610276699
298892	0.22587662935256958
112528	0.13463622331619263
501141	0.10325278341770172
27542	0.36095353960990906
31642	0.3610091805458069
157602	0.19022071361541748
157603	0.20342889428138733
415140	0.23453202843666077
169894	0.22586765885353088
93095	0.13795390725135803
153519	0.15509572625160217
153520	0.15509572625160217
189875	0.20119334757328033
298936	0.41672658920288086
127426	0.17240679264068604
557001	0.08124495297670364
185802	0.32045289874076843
463822	0.13527633249759674
298963	0.3126952052116394
394714	0.18178103864192963
191451	0.10991019755601883
424926	0.19815221428871155
394726	0.10361135005950928
32243	0.16272710263729095
355832	0.35119494795799255
