227926	0.07979486882686615
423435	0.14852654933929443
437264	0.07346034795045853
390163	0.020338522270321846
169492	0.09744729101657867
249878	0.15695881843566895
12832	0.17946313321590424
83494	0.1316368281841278
458279	0.5959340333938599
493101	0.08712785691022873
363057	0.13678941130638123
111675	0.6162014603614807
528452	0.12899497151374817
522318	0.1603742092847824
546390	0.0010400760220363736
136282	0.0894566997885704
169074	0.22661198675632477
179322	0.16540084779262543
382826	0.01958845742046833
470654	0.0800304189324379
41409	0.12092307209968567
270475	0.04306183010339737
277137	0.2249755859375
474258	0.13202209770679474
313494	0.07299081236124039
490654	-0.10746665298938751
55457	0.03342693671584129
314541	0.0669938251376152
235191	-0.0073382435366511345
169147	0.16756081581115723
188093	0.1963781863451004
281293	0.03255137801170349
457422	0.06572908163070679
190164	0.023524682968854904
149205	0.7052414417266846
201437	0.008809872902929783
234211	0.06531793624162674
454887	0.10386550426483154
493095	0.02103264257311821
269048	0.0017640956211835146
367829	-0.03505531698465347
321285	0.06684526056051254
409864	-0.05220215395092964
266508	0.03719325736165047
312599	0.24506618082523346
221976	0.32022327184677124
217884	0.029576262459158897
266526	0.09007035940885544
149553	0.48662489652633667
308526	0.05035571753978729
354096	0.18111643195152283
474945	0.3035343289375305
77451	0.08155332505702972
419656	0.04572049528360367
555851	0.18853576481342316
173390	-0.04483133926987648
119634	0.1797390580177307
171863	0.1139262318611145
181080	0.07091514766216278
189290	0.027652094140648842
458105	0.08811136335134506
224128	0.7162242531776428
222604	0.006080800201743841
433043	0.12120505422353745
189335	0.1354968547821045
285082	0.05744888260960579
175007	0.2319726198911667
305064	-0.009189962409436703
78767	0.17415405809879303
522674	-0.02156575210392475
381427	0.22960799932479858
334778	0.3175427317619324
320443	0.06542837619781494
230844	0.027271972969174385
407485	0.15091796219348907
26561	-0.003003051271662116
92321	0.1850724071264267
387016	0.27962741255760193
440795	0.20525294542312622
555486	0.5256438255310059
109025	0.09135006368160248
260581	0.07731888443231583
91626	0.02215634100139141
223219	0.6219282150268555
