1065	281107	0.28203641287302944
1065	508439	0.27626729513978543
1065	328728	0.2597662207016504
1065	237084	0.20754310909854018
1065	541	0.30282556182519194
1065	567328	0.3000695738224094
1065	419877	0.25781374109158794
1065	499159	0.2963986741672314
1065	419386	0.2950012210703254
1065	501820	0.2905288424262352
1065	419389	0.2813890848597355
1065	256574	0.3168275308111228
1065	501318	0.24899919556699343
1065	237127	0.2674528649921826
1065	567894	0.2977199857724548
1065	24157	0.2955044201939021
1065	19555	0.273129486725913
1065	356976	0.2704119006826979
1065	142449	0.2896450416179677
1065	258676	0.2890632158771468
1065	312949	0.22908943772239393
1065	110206	0.23365288788532915
1065	561279	0.27622830918951125
1065	561282	0.26824078506370663
1065	110211	0.2896825712771613
1065	73349	0.2674848482832372
1065	91783	0.27762690557155434
1065	324631	0.2740963423839373
1065	368780	0.26286424231753597
1065	581777	0.26790991134595254
1065	319636	0.2844916656274169
1065	64666	0.1774609163798861
1065	541894	0.27512057722017413
1065	106440	0.19909442524351414
1065	325810	0.2690496018938118
1065	101563	0.22535344980284525
1065	101565	0.2788766587340894
1065	27839	0.33441787436098513
1065	83138	0.2801257921636735
1065	23236	0.2867882243225219
1065	243398	0.2803175808617831
1065	243399	0.2901266163160654
1065	27855	0.2947255276940167
1065	399572	0.28656504054597265
1065	472282	0.2810106515841779
1065	400603	0.27904843421311953
1065	73438	0.2646039999726818
1065	470754	0.28038570607907987
1065	88291	0.2480912951379348
1065	181286	0.2903756036612885
1065	447728	0.3008794988436431
1065	206071	0.28232893859170344
1065	52183	0.2879015158604862
1065	501004	0.2679755042863615
1065	522515	0.15442165107182934
1065	345876	0.2978301605165059
1065	182554	0.2736250591962021
1065	53036	0.2615604927941724
1065	65840	0.2433509705510693
1065	180422	0.2831993312557845
1065	207170	0.28771036972094133
1065	146563	0.27551308533365476
1065	366405	0.2941726656340435
1065	99663	0.3049599548987707
1065	81233	0.3221453808695172
1065	61797	0.26563073238975043
1065	207207	0.2586671345969979
1065	190314	0.26829964003305357
1065	375271	0.2855523287283672
1065	81261	0.28830857967464957
1065	447854	0.10546184674281284
1065	27513	0.3149181427409495
1065	73597	0.2837154596313089
1065	45954	0.27478597647568054
1065	88455	0.25814977793432625
1065	315275	0.27596297821976007
1065	305548	0.2915665139408033
1065	445331	0.23934982657897744
1065	189848	0.2743297001265672
1065	53153	0.26822998978534723
1065	419398	0.2805505451869969
1065	560561	0.2561327076409216
1065	20439	0.25575408242083175
1065	73657	0.19648309491661417
1065	99783	0.29371389498734213
1065	564680	0.22817199357118098
1065	385481	0.284710869938408
1065	471799	0.2686564490080819
1065	126412	0.2871706996183638
1065	322510	0.2751278554289795
1065	499151	0.24966260006791707
1065	552916	0.2723150157936641
1065	485847	0.2907734353061248
1065	271835	0.27797414969575385
1065	216031	0.27685391218583244
1065	499175	0.2901318481651231
1065	502776	0.27022629650381064
1065	548348	0.2874842356400716
1065	375294	0.2750703584331896
