1079	485380	0.3261257144270331
1079	26117	0.33622533241231983
1079	519178	0.3281578460413305
1079	332302	0.33716559807616087
1079	355855	0.33398036837347256
1079	171035	0.33167807445105
1079	367621	0.328867352361324
1079	255020	0.33069617797124573
1079	201262	0.3344703445329003
1079	164405	0.33330101207624857
1079	159290	0.3370723424487456
1079	223296	0.3248888153644709
1079	97864	0.32438167647866123
1079	204873	0.32852133914689313
1079	14411	0.33505820494661637
1079	181837	0.32800814353267155
1079	491086	0.3263006122500995
1079	556623	0.3297108391830689
1079	366162	0.33018486803903274
1079	356366	0.33969485297725355
1079	437851	0.32734767334991
1079	528482	0.3275428106878524
1079	487030	0.32769305684237576
1079	97916	0.33071209314906774
1079	211589	0.3201263196855772
1079	239751	0.3549850903404201
1079	557705	0.32682995243459767
1079	120464	0.32876719726877673
1079	552594	0.3307073576734987
1079	351891	0.320880712378976
1079	182432	0.33962142103258447
1079	114852	0.3235225572422374
1079	437422	0.3336201602354227
1079	107696	0.3304990941772342
1079	366261	0.3486157427404922
1079	485046	0.3216422681005557
1079	71865	0.32952010616374916
1079	377534	0.3289448563988454
1079	211649	0.3255468855506854
1079	409803	0.3485796313834328
1079	322251	0.33091790383319025
1079	560846	0.3271850501914421
1079	306897	0.34526171015604196
1079	182485	0.33362447743931883
1079	351965	0.3294503639183629
1079	212194	0.32775200124087833
1079	247528	0.316467280046202
1079	121070	0.34242301964373123
1079	86770	0.3354706033720828
1079	574712	0.3309064225602844
1079	527101	0.3299063158947036
1079	177408	0.37829285883632646
1079	515330	0.3294426638480113
1079	492293	0.34542163842372814
1079	554247	0.34267821262131776
1079	552203	0.33529010150059035
1079	509718	0.3287142757788749
1079	318257	0.331961847482234
1079	363817	0.3263760212805012
1079	257834	0.32544474586019456
1079	210734	0.32853644930451803
1079	97073	0.32641764941528845
1079	418618	0.328332618740308
1079	159549	0.33197794352025
1079	284998	0.32875152416318737
1079	255319	0.3278699157716936
1079	18264	0.3510715521820458
1079	8033	0.32796045597278267
1079	386408	0.3353156900003741
1079	483693	0.3276997368728126
1079	108436	0.3308041885746426
1079	342934	0.3504739950575296
1079	181147	0.2601864153335172
1079	462750	0.33879866070504416
1079	323490	0.33621475793974437
1079	379301	0.3266659516054039
1079	317356	0.33567985565084546
1079	185758	0.32172735869674735
1079	13752	0.3359563729341511
1079	13754	0.3335789441254473
1079	436156	0.3294463657204369
1079	552394	0.3394471270572103
1079	374220	0.3362424402615709
1079	213968	0.32974342995213934
1079	221432	0.3253416540744809
1079	572372	0.3241576682383534
1079	130014	0.3279572605020004
1079	81887	0.31891157397556424
1079	558563	0.3271021732170936
1079	330217	0.33592493243543164
1079	28650	0.34323440027297153
1079	232940	0.3221231387518346
1079	84974	0.32449632327154276
1079	530421	0.32816511603302806
1079	381950	0.33418658127195666
