1098	200836	0.5492332201513195
1098	406955	0.5482391196472852
1098	450902	0.5484659899990473
1098	168838	0.5404606355104555
1098	190273	0.5480766652723412
1098	169708	0.544164378822846
1098	448552	0.5498227650553591
1098	77707	0.5495283606439308
1098	311275	0.5508804152628907
1098	384401	0.5504264248231789
1098	346770	0.55028163682585
1098	550804	0.5454322018579861
1098	130457	0.5499796620518308
1098	517145	0.51928703730595
1098	313373	0.5466949564606717
1098	169630	0.544201977238206
1098	453023	0.5491810678710287
1098	285104	0.5472479110968854
1098	298914	0.5513646384494331
1098	346275	0.5375971959145271
1098	527907	0.493626083286259
1098	270245	0.5440358099512864
1098	169895	0.5482356226824483
1098	285096	0.5482331930913356
1098	431275	0.5406768976410553
1098	169388	0.5406024262479656
1098	169000	0.5386596219509326
1098	302256	0.5475453678511331
1098	285105	0.5502068523140112
1098	572724	0.5489843751974783
1098	357406	0.5476423876240415
1098	213483	0.5408444578168248
1098	33767	0.5500231271805167
1098	324664	0.5494065944559593
1098	279865	0.5500546935967568
1098	157370	0.5462895264610528
1098	119867	0.5444747778554627
1098	458561	0.542861272986269
1098	373579	0.5524129972930676
1098	34372	0.5482369612628117
1098	9639	0.5510116363047748
1098	209095	0.5512818046458746
1098	308680	0.556902170588472
1098	169511	0.5437587136328803
1098	452171	0.5487642214124734
1098	32332	0.5519649468449705
1098	446370	0.5472381165589717
1098	169362	0.5503415373911804
1098	143111	0.5283402027224997
1098	284753	0.5509245327395357
1098	428323	0.5465740168043939
1098	169174	0.5451100959754317
1098	294487	0.5572120714470292
1098	195591	0.5471154293442649
1098	427481	0.5441759371291922
1098	187226	0.5273031581463103
1098	458844	0.5519172494989906
1098	434397	0.5368982376845226
1098	377310	0.5481164845042299
1098	365791	0.5482486207134295
1098	25058	0.5433158576931516
1098	119908	0.5515102380449944
1098	298981	0.5455546035969814
1098	169190	0.5411500225064265
1098	35985	0.5507950413918603
1098	366699	0.5214110839293112
1098	444434	0.5470095612051347
1098	476144	0.545782632852864
1098	452977	0.534774189667765
1098	560243	0.5463260655007465
1098	132468	0.535125893614996
1098	482807	0.5473906416175398
1098	175097	0.5408129519717115
1098	310266	0.5560377463218122
1098	80764	0.5482430065948138
1098	169598	0.5458885583465075
1098	402175	0.5433668220844284
