1125	326659	0.3063042901117434
1125	328205	0.30938607348504443
1125	122897	0.30857450261870417
1125	511521	0.303546513769183
1125	338991	0.32200163552888456
1125	189491	0.30362610093298
1125	442422	0.2966902424268319
1125	485432	0.3047859273300142
1125	134718	0.29776852061548126
1125	30273	0.30228353088175813
1125	340551	0.3073895989142449
1125	432206	0.3085332413560317
1125	32335	0.30718652256198814
1125	473684	0.2995412147215253
1125	104533	0.3187384662291945
1125	467542	0.311076301809381
1125	209261	0.316928698184385
1125	312925	0.3083701041781321
1125	447584	0.30587226768043285
1125	232035	0.30401778829913817
1125	34924	0.30170636432210785
1125	486513	0.30732924057546446
1125	483954	0.30519593598288003
1125	393851	0.30699185853819716
1125	393853	0.306162577614059
1125	413314	0.304871599961094
1125	521347	0.3054273046456967
1125	521350	0.3108662116664823
1125	546157	0.3051310377326675
1125	340628	0.3191221433573137
1125	328856	0.30196852222753007
1125	197275	0.315760152299673
1125	311965	0.3131376577495579
1125	121511	0.29684772323273506
1125	122542	0.3078913222748803
1125	16048	0.30638811970503627
1125	374964	0.31255725887472696
1125	171714	0.31472153674262726
1125	403143	0.3001363780455088
1125	429771	0.30474674013185815
1125	311502	0.3254959205297325
1125	96974	0.3087109788897407
1125	393942	0.3057383939555735
1125	192731	0.3030142145481937
1125	413921	0.30505225124467983
1125	180966	0.30685055850010967
1125	451964	0.30674260346075843
1125	340722	0.31440930485828694
1125	314611	0.311391528870875
1125	175864	0.30673129396224985
1125	566011	0.3092629006905316
1125	513276	0.3212891644156091
1125	532221	0.3065745690170328
1125	363786	0.29809736374558876
1125	241932	0.3117866889200534
1125	423182	0.3019900202997661
1125	484111	0.31347648765740993
1125	150147	0.30609115022912836
1125	146717	0.30425234467447354
1125	563488	0.2778729050465123
1125	69922	0.3049346517435951
1125	98085	0.3053316526899194
1125	208681	0.31209233758765476
1125	36138	0.30785665307331117
1125	327468	0.3038557662407512
1125	297263	0.31775077883878355
1125	429873	0.3011179860142252
1125	5437	0.07955846948726535
1125	164163	0.3039163875899631
1125	180047	0.3045671870144616
1125	468817	0.31189288302963575
1125	215903	0.3067598339428842
1125	525671	0.30165718943148706
1125	212331	0.3072754637687642
1125	108397	0.30697484154426746
1125	507709	0.30801305285290054
1125	366451	0.3066134629020394
1125	366460	0.3048664917980895
1125	441214	0.31694685899137065
1125	418687	0.3024612146137007
1125	554368	0.30781598100790597
1125	355203	0.3080843987857817
1125	70536	0.3189924124155168
1125	38284	0.30731954587699484
1125	370576	0.314390369431641
1125	460181	0.3091259965379305
1125	212463	0.3098156609132666
1125	9628	0.3079276450270747
1125	478624	0.3143217971317622
1125	549800	0.3079484196036256
1125	34225	0.3017032508801968
1125	284599	0.30472257721922347
1125	422845	0.2981272079130355
1125	249952	0.3058772913391354
1125	314317	0.30849125394474125
1125	378109	0.30745741871447946
1125	200150	0.3085320655283221
1125	210909	0.31102761995927647
1125	249833	0.3110237616743013
1125	86403	0.2845383682432012
1125	103407	0.30370610467303616
1125	103924	0.30689623005691286
1125	464885	0.3126128143561353
1125	464886	0.3073825250751309
1125	354388	0.2985107696357359
