1179	73219	0.3921924775253633
1179	303113	0.3613681025613818
1179	492557	0.41850104977530483
1179	492559	0.437998301748344
1179	492560	0.4000380266612171
1179	497681	0.3731957148140268
1179	494099	0.35524480459407115
1179	172568	0.3436697460716369
1179	151577	0.3936714205927229
1179	44571	0.3692482845525665
1179	312862	0.3980441037282651
1179	373282	0.38113179378245055
1179	370215	0.37848560022284233
1179	469036	0.3835953056932042
1179	333871	0.3833290224824497
1179	319536	0.3889634499868005
1179	102972	0.44899331506868245
1179	492606	0.4007779850270942
1179	402272	0.3903549912340301
1179	374857	0.37645253358852165
1179	419403	0.38140596894313816
1179	106067	0.4119731476466665
1179	43612	0.39645529423774606
1179	48571	0.3741888139569297
1179	336484	0.3936458893283683
1179	480359	0.3964450779576737
1179	232558	0.3787017399915483
1179	362609	0.3761299926518628
1179	539776	0.414291117340181
1179	446597	0.3827436497508421
1179	311430	0.3878607688286656
1179	369289	0.34932930041967225
1179	232591	0.38397782203968045
1179	235665	0.3834292943593188
1179	453778	0.39922960334148927
1179	101525	0.3804702697296321
1179	191643	0.349345057208319
1179	479396	0.37831031228800693
1179	26790	0.38333384536359594
1179	107687	0.38070561057438057
1179	107688	0.37805574773596123
1179	330413	0.38923767173824614
1179	330415	0.39467572067772005
1179	414899	0.4100563371486047
1179	437822	0.38066789028785014
1179	236741	0.3330823871756855
1179	151842	0.16958057909857313
1179	327392	0.38652489897258474
1179	401645	0.41465119840389525
1179	312046	0.38163863397452547
1179	387829	0.3798833699792253
1179	578811	0.38698453062234756
1179	471805	0.37772752228809675
1179	294664	0.38015406393500856
1179	379153	0.37619656409711427
1179	319253	0.38686137841732154
1179	376600	0.4301048179966564
1179	206895	0.3469080749416369
1179	489758	0.38411220035223137
1179	100130	0.3683991193256778
1179	455462	0.39905190790928474
1179	76589	0.3764794701386084
1179	519983	0.3790758380497115
1179	383491	0.37450918449891085
1179	554803	0.3988522896695667
1179	441657	0.3806632498102301
1179	321851	0.3909768899087875
1179	376636	0.38491575908346076
1179	151366	0.3863781954039549
1179	151367	0.38136579104738605
1179	417617	0.3527576039654226
1179	16736	0.4230668592361632
1179	43068	0.3954858341554073
1179	541554	0.3762492119598685
1179	237630	0.38248164649613203
1179	291706	0.38226458798069984
1179	94078	0.38229286752796865
1179	128433	0.38171582649691227
1179	60481	0.37889342500388395
1179	4491	0.4192170206809002
1179	310671	0.3851815298738458
1179	4498	0.4290174653290811
1179	447386	0.4102588313624707
1179	417691	0.3802214497871856
1179	258975	0.37419678893992425
1179	536993	0.3843444337498542
1179	253858	0.37818009637999844
1179	213929	0.4080342221826079
1179	129966	0.374940903022822
1179	338865	0.39491092799631233
1179	285113	0.3811387819366907
1179	125882	0.388729688924039
1179	165279	0.38764723359642433
1179	412605	0.3808546921836989
1179	266177	0.45603840247227034
1179	335812	0.4014628980656845
1179	495562	0.4287026360840368
1179	152012	0.3843179382081182
1179	310223	0.3783928476931883
1179	87504	0.38271158043113374
1179	510935	0.38521381645044733
1179	327130	0.3886416068442077
1179	160219	0.38430319350444875
1179	269282	0.38825739005849197
1179	394731	0.3778829233170124
1179	373161	0.37233594058697056
1179	299516	0.3772275342170984
