1200	370178	0.5088290568949363
1200	450564	0.5095772583112537
1200	210181	0.48663492915352624
1200	242822	0.48225935976214057
1200	306314	0.4908100387127686
1200	509964	0.49063142114156494
1200	374028	0.49808920357218056
1200	234766	0.49805396496006876
1200	48783	0.5222586544587884
1200	346768	0.4851744226555313
1200	253208	0.5033690613699242
1200	449812	0.4918068169442941
1200	58389	0.5132854331041057
1200	58390	0.49126202154646925
1200	132697	0.4709709201705963
1200	142360	0.48380802864270855
1200	32409	0.49926957457911886
1200	59284	0.4963452526036801
1200	482843	0.5058547036438426
1200	373405	0.4946345031719934
1200	170270	0.49369370058150897
1200	143493	0.4913694730364794
1200	96944	0.4806201897245318
1200	182051	0.5004843340263467
1200	471382	0.4851990822019534
1200	246565	0.5030496367037174
1200	343718	0.4936349800669872
1200	311208	0.502035186068496
1200	560210	0.49933168382438686
1200	465452	0.4979993572792338
1200	308146	0.4968886648676787
1200	2094	0.4859831199413134
1200	182181	0.5014665510052163
1200	201904	0.4516548745341272
1200	422450	0.5093742473947306
1200	560051	0.4973835726010144
1200	474676	0.4949101583580673
1200	92407	0.5019350294532429
1200	528184	0.4812009763352313
1200	234804	0.5067324267918082
1200	189087	0.4997896068275973
1200	142781	0.5478604095683166
1200	292064	0.497247292033309
1200	132928	0.4701400423632369
1200	328928	0.5013955716585774
1200	509969	0.38500205112638586
1200	226631	0.4879463694742238
1200	150089	0.5081310670702163
1200	223178	0.4994348139768578
1200	492107	0.49719381523691397
1200	310988	0.5078137680107612
1200	233549	0.5127170746491525
1200	362448	0.5015310432779995
1200	471160	0.5049310150807106
1200	175698	0.49214587818475597
1200	394787	0.5135555569959953
1200	492117	0.485284389560972
1200	380886	0.49596827045946335
1200	473431	0.4693729892324392
1200	380889	0.47661236555990816
1200	183262	0.5058459971632074
1200	148516	0.4780414822936023
1200	360672	0.5130414812512671
1200	210192	0.4880839567114039
1200	77691	0.49934234986940107
1200	313572	0.5012277214968633
1200	491302	0.4876762120108774
1200	157457	0.4974065088525844
1200	457707	0.4994426160447909
1200	488685	0.49506042771266345
1200	389652	0.5080209850651866
1200	49021	0.4965296359884906
1200	444273	0.49518495358875053
1200	109939	0.5086565998810799
1200	284661	0.4888395544735508
1200	550519	0.49777176567286613
1200	551195	0.47955139341481234
1200	196116	0.5140109950560148
1200	55802	0.4982001197556816
1200	491391	0.5036372785724627
1200	303228	0.503262458357631
1200	291965	0.5029338084411077
1200	511614	0.49345450686713865
1200	417023	0.46441517757560347
