1268	172549	0.3208002453837452
1268	23	0.27469657392912694
1268	565274	0.24593411969041387
1268	9253	0.3043750321654721
1268	23593	0.32248021552437467
1268	450617	0.3212842868485733
1268	450618	0.33277632405144686
1268	126559	0.32154626277396686
1268	200257	0.33612131623456576
1268	558774	0.3155712560466477
1268	329287	0.32781145986568033
1268	501332	0.3157474411566015
1268	86	0.32873649626571755
1268	450742	0.3159431083491394
1268	19132	0.3259548862560656
1268	463978	0.33531743541738557
1268	176237	0.27612360994781937
1268	431217	0.2993939153784664
1268	201849	0.3397977445867009
1268	126588	0.33522712921312336
1268	90751	0.34332052793568024
1268	371845	0.3261109126028495
1268	24202	0.3313705884031015
1268	93845	0.3276400493214234
1268	427205	0.3092154003883024
1268	40902	0.31526685386073366
1268	264359	0.3232111575951546
1268	58024	0.31908574717167587
1268	450732	0.34547518719189185
1268	464052	0.3374109425251463
1268	514742	0.2883562176826182
1268	126652	0.30395141834404055
1268	558781	0.3385584846814436
1268	559298	0.3304684484607155
1268	458949	0.3329345658431726
1268	376007	0.3148159144367779
1268	323788	0.3106812683387607
1268	259790	0.33006271751501615
1268	536797	0.32342943168820404
1268	111328	0.2231820801399429
1268	309985	0.32392735403513023
1268	558819	0.30903508867986557
1268	1776	0.334999626891496
1268	102641	0.33222764359407364
1268	81140	0.3116899276785137
1268	267510	0.335617716677607
1268	464122	0.338246334619141
1268	29311	0.2832701861737689
1268	451842	0.32856554761086376
1268	54531	0.3312451072128424
1268	48390	0.29529267349661614
1268	558865	0.33849140346646267
1268	360727	0.34461667424244724
1268	198937	0.33674210058950366
1268	360733	0.33670454938266975
1268	804	0.25178825299945057
1268	5926	0.32972460969460693
1268	261943	0.32775693110534276
1268	364348	0.3267797161477343
1268	9030	0.3197259243342208
1268	290121	0.32348499375105816
1268	270051	0.3303467398793072
1268	61273	0.3311069905707189
1268	81759	0.33360973745836625
1268	6497	0.3358774430857999
1268	129891	0.329211814735642
1268	266092	0.32933112104870194
1268	17776	0.33705369171805055
1268	383346	0.3248920309895852
1268	502136	0.33206797705376795
1268	502137	0.3321944762322965
1268	6015	0.3344208853335778
1268	338821	0.3010125633534465
1268	69510	0.30230830952522336
1268	358465	0.2963579167500214
1268	258967	0.33574802697453965
1268	77199	0.27270372983201796
1268	251793	0.3222809735498583
1268	126868	0.3189451082429047
1268	211351	0.32436044127421243
1268	27035	0.348369967117282
1268	558495	0.33759943527669234
1268	26019	0.2421835949805051
1268	517031	0.316424768085036
1268	500144	0.33540627129363465
1268	427958	0.3283446487391133
1268	447415	0.31864853268183235
1268	500152	0.3407905058064825
1268	515013	0.29125167410465075
1268	127942	0.3257586307831101
1268	268231	0.3266262236308059
1268	359883	0.33087804294860057
1268	251857	0.3009057387901317
1268	89046	0.3213685088220727
1268	126938	0.327784350203778
1268	74212	0.32773547791681285
1268	126441	0.3269242876256818
1268	129524	0.3020108504634135
1268	278518	0.34142515925495986
1268	390135	0.3334163028884773
