1387	549891	0.29040567205965084
1387	286728	0.35653654621407455
1387	209934	0.30181579777961753
1387	286739	0.38172411705447173
1387	15380	0.2914320234801984
1387	405528	0.3107548049564362
1387	405529	0.3166782901440549
1387	127007	0.3317616659733411
1387	5666	0.2922151221979323
1387	276516	0.3412206748693971
1387	445983	0.3079570069121064
1387	499037	0.317102506286489
1387	229942	0.275121222595919
1387	229943	0.28569678530205117
1387	456763	0.34755917723886226
1387	491584	0.3313333856930526
1387	96839	0.31448109547363245
1387	317002	0.34181642284341024
1387	549451	0.39570774617000914
1387	344143	0.24517611567486022
1387	95834	0.1329927704622923
1387	286819	0.34951371394409475
1387	317029	0.33483035474599315
1387	563814	0.23965956280822331
1387	31849	0.28283286966271504
1387	46719	0.3181074553788361
1387	69057	0.3142430681917276
1387	232586	0.3065896337716082
1387	206989	0.2920610164768614
1387	330895	0.3126023606995829
1387	521883	0.530449235779939
1387	101533	0.330906962728393
1387	160421	0.2854385935521077
1387	568999	0.31332784254906676
1387	465067	0.3257049103989383
1387	240301	0.33620704420377306
1387	502446	0.29561318406219345
1387	420639	0.36603596040838704
1387	530621	0.3129723351863539
1387	301247	0.33449368508564814
1387	466118	0.28027342864730304
1387	128208	0.31393716520188325
1387	108759	0.32114685024825423
1387	195802	0.31918375336164106
1387	498909	0.29503558268027835
1387	185568	0.3002449957655376
1387	427752	0.2897726529226807
1387	199401	0.29079674841638997
1387	111344	0.29090108707233536
1387	481021	0.3239248974098156
1387	546558	0.31320096305370826
1387	316715	0.31687852025260876
1387	65288	0.3059733046989967
1387	440535	0.3172831571024574
1387	506927	0.2602159084599835
1387	290079	0.2525685276553744
1387	243488	0.3528863723383175
1387	497115	0.30786024457726024
1387	234276	0.271313743066433
1387	115498	0.3181274326179827
1387	1323	0.3128241728862435
1387	420654	0.3255629266788432
1387	543535	0.35316913395057886
1387	425264	0.2659184219312909
1387	110901	0.33320885728316185
1387	339774	0.28439263651776614
1387	259904	0.322153919871767
1387	87776	0.30802694893779003
1387	507714	0.3271863870069906
1387	504647	0.3118772602157908
1387	138568	0.28756799493220536
1387	130395	0.3175109092564406
1387	25948	0.33389101975405633
1387	324445	0.31713023018284275
1387	461151	0.34083231001418357
1387	461152	0.32344343397553726
1387	265064	0.2625159062426988
1387	487656	0.3321643633973935
1387	493956	0.33964059393388835
1387	267669	0.25012180691113695
1387	295325	0.2872088233720356
1387	295335	0.3186071231436413
1387	380841	0.32386383695291393
1387	404926	0.25840889522208077
1387	358849	0.30707233479764967
1387	347080	0.32548798895219366
1387	340425	0.3006512615856053
1387	141770	0.3202838588470054
1387	357323	0.31376438516368177
1387	347084	0.32572552078691974
1387	163037	0.31765949787097186
1387	255444	0.3234368749469998
1387	69199	0.309266591823273
1387	10209	0.12867549757987973
1387	302051	0.32025922620559366
1387	265712	0.30180382760888647
1387	72180	0.32330040825403583
1387	401914	0.2507617361714501
1387	319995	0.3265332069916568
1387	321021	0.3328043510265385
