148	246277	0.4243055761279999
148	249862	0.4345316648311225
148	420359	0.41125793420538553
148	143368	0.4143150362446988
148	168458	0.3837994601855482
148	37904	0.3865917053579366
148	362513	0.3696525282038073
148	392724	0.38397917187115893
148	149605	0.37222343491093746
148	430112	0.40882047312134573
148	474145	0.3793759177459467
148	169137	0.3919110103212846
148	20011	0.3897768196526423
148	393261	0.40628704841433555
148	214069	0.3971307787286413
148	35387	0.39407382867098145
148	523872	0.3805909242708642
148	302660	0.389567314825722
148	196166	0.42241491126169395
148	441954	0.3801110450435521
148	276562	0.37916078973155604
148	532566	0.3832939350637627
148	426071	0.4186687346421327
148	423516	0.3886518573239006
148	136286	0.37628940714084685
148	402533	0.38020502519442456
148	295008	0.3999791047349164
148	387682	0.45513390172721424
148	36451	0.3864432768967024
148	276581	0.3787719782330357
148	365163	0.39608293766987657
148	283764	0.38052280559745993
148	32379	0.3897663363780597
148	33927	0.3872214160525063
148	424096	0.39006683043325446
148	253091	0.39168116095856204
148	231080	0.374067491025971
148	263337	0.3933890078768322
148	169649	0.3954703465114517
148	173236	0.3840152211819624
148	223423	0.3878995743931551
148	32961	0.3927373033398271
148	545989	0.38967780182904743
148	203468	0.39050821147999504
148	465623	0.39455575945540006
148	91864	0.39181886730464177
148	365786	0.40447220857194705
148	218851	0.39103124245040377
148	446693	0.36329349457860344
148	176874	0.45134918360801823
148	394535	0.38498313654636135
148	411884	0.3919400269826043
148	549625	0.3855725723252086
148	551164	0.3820885748764213
148	369406	0.3808987130275228
148	267012	0.4023692691051753
148	383239	0.37518765425008305
148	169432	0.3922092030682698
148	257305	0.3720360372584556
148	545575	0.3732301133738222
148	424237	0.3845616810789252
148	257327	0.3712092260661958
148	284976	0.3912906277382888
148	452922	0.42138323145874385
148	579904	0.4360472235915324
148	579909	0.3954832926739358
148	116040	0.41388763658297717
148	33676	0.3857275290545868
148	20811	0.39456755478841476
148	550754	0.38430067959826836
148	406374	0.3929809481749022
148	494441	0.4323755329444151
148	214382	0.3868504237989587
148	181112	0.39019129460176927
148	215425	0.3810404634772523
148	527747	0.37746628762139833
148	35223	0.3863219718681632
148	168844	0.4003703755470529
148	386961	0.3813664050719212
148	311702	0.3742850280646479
148	502167	0.3844566548143313
148	192068	0.38908413839002687
148	245663	0.3954790979824644
148	453536	0.3858607592811573
148	136112	0.3850024793505815
148	426929	0.3973191914018499
148	190879	0.34032815645586145
148	285117	0.38213244088373594
148	185792	0.39080754064863565
148	387525	0.42174666982176495
148	261574	0.39451978146185723
148	135114	0.3670333097257469
148	38862	0.3839693973382418
148	520655	0.38483112540448444
148	169424	0.3998083307422457
148	390609	0.400108162603951
148	136659	0.3888529911864073
148	389080	0.39153809356602226
148	36829	0.39232008794297296
148	240608	0.378938022560883
148	143331	0.39909074037295705
148	185828	0.3897208021654883
148	176633	0.45443191919289116
148	208891	0.381324091566475
