1501	408068	0.23095894493310956
1501	7685	0.2102491247107411
1501	408070	0.2242960619100177
1501	355073	0.2311809291098051
1501	559114	0.19896715804309797
1501	355074	0.22467143813105095
1501	574478	0.23677249342412676
1501	105999	0.20279223216472594
1501	43540	0.22421636144699814
1501	19484	0.23406186111848762
1501	408069	0.2158959464513242
1501	140323	0.2367735171105159
1501	63015	0.18628489499939363
1501	510983	0.2163600033374154
1501	131329	0.2393761594185686
1501	385588	0.23778306344616768
1501	91703	0.2022764245795434
1501	350781	0.2333016224666636
1501	458814	0.2129475038779682
1501	149574	0.20451176074670277
1501	150101	0.2174637048567711
1501	448601	0.20697481373043797
1501	522330	0.2099237030982353
1501	522331	0.2134522461195363
1501	522332	0.20317948481185885
1501	143458	0.23889892872685412
1501	14950	0.2049540377556265
1501	9320	0.22123811585405168
1501	9323	0.23172886269970067
1501	312940	0.2200986951268963
1501	286317	0.23414256020283153
1501	307823	0.2133347448946205
1501	9330	0.240152915920069
1501	52343	0.18910615416366466
1501	172665	0.20267533926687262
1501	563849	0.25793019786307775
1501	95383	0.23772390235523982
1501	473242	0.22029587554511296
1501	17572	0.1873005671202317
1501	26793	0.19726515865705513
1501	476859	0.21578648050120214
1501	476860	0.2164153404558098
1501	19645	0.2479496880039754
1501	248517	0.19483592311345832
1501	328391	0.22312606752615152
1501	457420	0.23470138809303054
1501	402467	0.22005202392182452
1501	424665	0.22857245184284147
1501	498394	0.23920457792847932
1501	578794	0.23521962456785278
1501	564465	0.22654035506328526
1501	476406	0.21545112534482505
1501	468216	0.22723283683601428
1501	355069	0.23102798756254203
1501	49409	0.23637252007062162
1501	434946	0.259089602619583
1501	152323	0.22009809083023935
1501	101082	0.22729096570721752
1501	19232	0.21397318987137415
1501	19420	0.17686789394144214
1501	477485	0.2166994855794563
1501	44341	0.22906377768625957
1501	10210	0.2342671517717433
1501	94546	0.23112050202065315
1501	61287	0.2283897903238778
1501	38761	0.18884457949770442
1501	19306	0.22914177651439094
1501	181616	0.22340395579309963
1501	228225	0.23062515235004963
1501	45956	0.2184473545713392
1501	52616	0.2271802323593414
1501	8585	0.2359317753711079
1501	52618	0.2022249284195809
1501	46993	0.21671463632723864
1501	521620	0.18940384663738302
1501	154517	0.23351630180161406
1501	563608	0.22445154603766138
1501	45039	0.1987300322987137
1501	469574	0.2228541701964584
1501	384938	0.19430241663649095
1501	94640	0.23406391509889427
1501	38837	0.21819928894152255
1501	463297	0.2281397375913155
1501	129988	0.2076077784091546
1501	495862	0.20894617817981104
1501	269775	0.23630086166695616
1501	297938	0.1928277509969019
1501	451032	0.22340728518177166
1501	325594	0.22117749136239764
1501	463324	0.23356347036264938
1501	398842	0.22505746659264414
1501	273887	0.2155931839814343
1501	273890	0.2083835836094257
1501	564200	0.22932620539844795
1501	201193	0.2282305032843391
1501	15850	0.2306179048899247
1501	15851	0.21729856708323134
1501	101117	0.23091982062396776
1501	45040	0.20971855376992532
1501	464371	0.23636780237536367
1501	14842	0.2520444204632185
