1624	531459	0.2698776822700086
1624	62470	0.2935424488636712
1624	108041	0.34711180322714436
1624	19979	0.34600385084450014
1624	35347	0.3503400589018033
1624	477207	0.35075150805768274
1624	19974	0.35431079761987977
1624	21036	0.34896420663527056
1624	477741	0.34266365088430345
1624	72241	0.3491999013645646
1624	212532	0.32585641381786695
1624	248894	0.3487048250418979
1624	5704	0.3499724732604863
1624	273993	0.35916834260299874
1624	1610	0.3480263955058599
1624	74168	0.33965524225643
1624	358483	0.28482528766086335
1624	274020	0.34510388279703
1624	522346	0.19523991601680207
1624	327793	0.34696696020547685
1624	547347	0.2751978946078525
1624	63187	0.31385056081861695
1624	127625	0.32881494636359504
1624	495754	0.3493123443666948
1624	419988	0.3282592981324977
1624	128663	0.34516115517696627
1624	521880	0.34075649009629205
1624	91293	0.3581495580687721
1624	118953	0.3441818762371564
1624	260268	0.34858756625687054
1624	105650	0.3059343601969004
1624	464054	0.34241262364241504
1624	505530	0.34794307577748634
1624	64188	0.28707601348375883
1624	150207	0.35194141762376474
1624	127947	0.3517046162357443
1624	48846	0.30015455420274756
1624	335057	0.3214223825972675
1624	407762	0.3493998844290716
1624	384735	0.3553162962894512
1624	1764	0.3520428103227475
1624	40401	0.35027603675307983
1624	6893	0.35883137674640364
1624	215790	0.31765357711953274
1624	20776	0.3559887650818142
1624	525011	0.3494009984258484
1624	215796	0.1801441356740704
1624	41344	0.35315204630927555
1624	443676	0.32753186735349465
1624	367907	0.3454226566759363
1624	92456	0.35391889261501625
1624	379182	0.34508531218718036
1624	45360	0.2945148863452405
1624	505143	0.354166222703816
1624	22847	0.3351748823973794
1624	114500	0.34442838006499454
1624	57671	0.2698514986883517
1624	172855	0.34493582781618976
1624	207245	0.3538683103825171
1624	555872	0.36033710291379
1624	72047	0.3517037334481906
1624	6000	0.33576628626841354
1624	582007	0.3276486699861783
1624	35706	0.35021589149986593
1624	414075	0.358265677714982
1624	214910	0.34885906132328454
1624	31616	0.35097898118102344
1624	5508	0.3520489486316002
1624	476041	0.3467540515613765
1624	214925	0.3327624497072577
1624	99214	0.35466066617523384
1624	32656	0.3492635371616855
1624	258968	0.3397091158991756
1624	74141	0.3369973740128772
1624	104862	0.16941811230778298
1624	101791	0.357909010363175
1624	416161	0.3553614038101978
1624	512939	0.3208613401335604
1624	547826	0.3517912225421657
1624	163760	0.35025634458288873
1624	500148	0.35085257773634154
1624	94281	0.31386533465742317
1624	415160	0.33458296580665176
1624	172485	0.3488570993095668
1624	271814	0.3468712558002457
1624	74184	0.34515583195549504
1624	579019	0.3292414194435328
1624	191948	0.3532762693659358
1624	191953	0.3483571901757765
1624	548819	0.356963340441038
1624	441813	0.3284893301978641
1624	111063	0.17452512720786698
1624	552931	0.2964925384193118
1624	548836	0.36367570932435983
1624	331241	0.35793713817916456
1624	251474	0.3539834714235018
1624	181230	0.3529010303651775
