1644	68616	0.2275024864257279
1644	17	0.15016686726942224
1644	293910	0.25686985280971947
1644	16920	0.10387008770582198
1644	469529	0.16924807504570846
1644	97820	0.17728166805643947
1644	564258	0.16755047642536852
1644	564264	0.17541836962807844
1644	564265	0.1600135396568177
1644	564267	0.12325851706563863
1644	574000	0.11201851228449212
1644	508481	0.16456444605171588
1644	256583	0.2336000886493439
1644	64085	0.15377002050838373
1644	99415	0.2836827185181367
1644	99416	0.2964390852093099
1644	22033	0.19550953449056893
1644	98928	0.27914479387188007
1644	280936	0.09538443198377673
1644	98930	0.22407830251315555
1644	98931	0.2325571588206823
1644	98932	0.2868669476067282
1644	98933	0.22379401176406066
1644	6776	0.23153915127300292
1644	29307	0.10549158378381794
1644	563836	0.16261610619560576
1644	55424	0.15838329613804272
1644	488577	0.10928316270336916
1644	95883	0.20935586039265672
1644	471694	0.33566407143738175
1644	53905	0.24412436612924543
1644	73362	0.25563537508225626
1644	96413	0.22536521254980701
1644	98978	0.14295465536841145
1644	98979	0.14448595427210328
1644	178341	0.3177166566133731
1644	192680	0.14242942895174907
1644	94377	0.16687590053908571
1644	67246	0.26383026197200143
1644	192690	0.1659296728595574
1644	192692	0.07840882112421338
1644	114363	0.17550467968286218
1644	344271	0.2159724223522499
1644	461265	0.21230602049968608
1644	66264	0.317238323016914
1644	65754	0.10056256419849881
1644	563153	0.192527523281502
1644	563154	0.19771254405908245
1644	62196	0.23310144493757526
1644	21752	0.22125803145741332
1644	21753	0.22125803145741332
1644	62715	0.2510542987158284
1644	68358	0.35557542013188503
1644	96030	0.21888512936099652
1644	564512	0.229467299676204
1644	52008	0.28516640616076017
1644	267052	0.1969197392256347
1644	137523	0.18047528919249042
1644	19255	0.22293014827494165
1644	472385	0.28690266397569997
1644	6467	0.2132291411385951
1644	85318	0.2083943843130914
1644	85319	0.22870066065193256
1644	6994	0.20672251283267226
1644	6492	0.22335307337515872
1644	280928	0.2281359514515725
1644	280929	0.2617872753538891
1644	280930	0.23214755135393927
1644	280933	0.236640143446828
1644	65384	0.259794053420408
1644	56466	0.21944923632600052
1644	564627	0.09908162290472773
1644	106370	0.3357611041362061
1644	104323	0.2636833120213635
1644	98966	0.1786709324888902
1644	87949	0.26201926908046613
1644	74642	0.22335689005825587
1644	1427	0.16679717854392945
1644	564628	0.09676730974554737
1644	104342	0.19701575805230762
1644	87960	0.15189683263381062
1644	400794	0.2294809602552217
1644	568219	0.23100444792360084
1644	1441	0.17319653021606576
1644	6566	0.08632057658009439
1644	6567	0.10313231313993397
1644	6568	0.10945201788853874
1644	6569	0.1373245417446261
1644	6570	0.06959097831838117
1644	6571	0.13559847928883495
1644	106413	0.2666926565596355
1644	231862	0.21345933222348873
1644	239032	0.22435604809827883
1644	563140	0.1888157101481079
1644	6604	0.19647942268183802
1644	88527	0.2434548647437903
1644	6609	0.12969203177643743
1644	461266	0.2135798811663593
1644	110554	0.23330983405950875
1644	5598	0.16425691626569602
1644	67560	0.18591513133209542
1644	6643	0.2312251157756766
1644	2036	0.39133707765594644
1644	563703	0.1871540278179784
1644	2044	0.246597985077788
1644	455594	0.16121729541695087
