1650	55811	0.36511483897916197
1650	320010	0.35707233789930964
1650	323597	0.36414679853164217
1650	331282	0.3542623575389399
1650	479768	0.2899844750454359
1650	235552	0.3652083236590673
1650	349730	0.37630891156019214
1650	22563	0.39974372564833505
1650	457766	0.36729680188864333
1650	47146	0.3659074181451552
1650	431659	0.3659900679511465
1650	320045	0.3948189352164114
1650	501813	0.37307284327222623
1650	316987	0.3723782479573746
1650	407106	0.3601137185688209
1650	54339	0.36625258765201574
1650	322635	0.3648852763797941
1650	414803	0.3439448682409634
1650	42582	0.3724616285206206
1650	417386	0.367756817235888
1650	316525	0.39108013946128223
1650	61557	0.36458999049724977
1650	267385	0.381707101345887
1650	311932	0.3734684798207736
1650	12931	0.3590370200823847
1650	414857	0.19250893950260162
1650	404619	0.3717324428006517
1650	480408	0.3633244800963848
1650	94873	0.3714287697929045
1650	433307	0.36962490062943165
1650	374428	0.36215937906554113
1650	359070	0.36473775155721055
1650	179359	0.3657930874819215
1650	383142	0.36831206044922804
1650	322417	0.3792067934524571
1650	26792	0.3817471765632455
1650	389803	0.36012632604306644
1650	451765	0.38657623115107964
1650	321719	0.3727190753360884
1650	320189	0.35220023993172905
1650	324290	0.3636149025691343
1650	318157	0.379949260319908
1650	63699	0.2707284555253801
1650	362209	0.36315000843337064
1650	374310	0.36292017728803616
1650	231153	0.36642340975347243
1650	500466	0.3642053304800875
1650	430902	0.3653567304153887
1650	315640	0.3710817271437261
1650	536318	0.33994916989869955
1650	404737	0.3904879677819888
1650	373175	0.3653487583942738
1650	372488	0.36756584082604515
1650	500493	0.36371442229853934
1650	322843	0.37321045545519715
1650	372510	0.36616057977948824
1650	448799	0.36478330475700066
1650	152354	0.36429648428661715
1650	228143	0.3698901109509598
1650	95541	0.3772367679336549
1650	537910	0.4081775605301848
1650	379708	0.37034303812990127
1650	525632	0.36702291424144334
1650	495429	0.4046368306733604
1650	211783	0.406700944827584
1650	320849	0.3704543770990523
1650	258908	0.3667491678278905
1650	117093	0.354464195251226
1650	92476	0.3636233822849436
1650	521581	0.3878472826777922
1650	319855	0.3621295038550698
1650	117617	0.36613346472334496
1650	205174	0.36585630143052206
1650	139639	0.18952762623491096
1650	94073	0.36084740968331747
1650	536954	0.36842863795405667
1650	239489	0.3979536836041896
1650	247682	0.3674725883285903
1650	320906	0.3729007104651877
1650	424340	0.367338942598816
1650	378788	0.3695065576771309
1650	370598	0.3756933780597852
1650	215465	0.36752867744817447
1650	290119	0.3684862286494721
1650	231154	0.3644555649358878
1650	316855	0.36623038836759225
1650	373181	0.3683606821522443
1650	440777	0.36480778415784587
1650	362442	0.36931821188798
1650	553419	0.39755619008347176
1650	331213	0.3662216260932969
1650	488401	0.35234251930597
1650	459218	0.3715744242697182
1650	538068	0.36860143412546803
1650	304603	0.4111467112676017
1650	325597	0.36713292387392965
1650	189919	0.36766802846914154
1650	489297	0.3658170788021202
1650	451752	0.34915972560828146
1650	15349	0.3366176597268755
1650	46074	0.4111482160613437
1650	511997	0.3923926765655955
1650	509439	0.40602011920151476
