1714	456706	0.4403668295406214
1714	347222	0.4307289116907768
1714	459282	0.4639158265222
1714	58909	0.4510464458654657
1714	128543	0.37080106980273003
1714	536497	0.4804711909776669
1714	192552	0.42913185393453973
1714	223795	0.4292558664851029
1714	173626	0.435019389675825
1714	574524	0.4958974444390418
1714	286271	0.4378975855398205
1714	229952	0.4460744666290201
1714	72258	0.4347116473471044
1714	490565	0.39750581596760914
1714	406609	0.4402305846152406
1714	154198	0.4443495974618251
1714	360540	0.425137504345785
1714	25696	0.4290153242592814
1714	144995	0.47152227010383413
1714	445030	0.4324078327884721
1714	575591	0.41887288815288987
1714	132199	0.4192239495934226
1714	472690	0.46966238545284866
1714	264309	0.4737745352618059
1714	202874	0.43832223326512365
1714	109188	0.43709819031230435
1714	360584	0.4384054531598453
1714	66700	0.4784085009232915
1714	515216	0.4330870066653577
1714	451729	0.4532982491287519
1714	250002	0.43607756660017366
1714	478360	0.42952159722924566
1714	250009	0.43950933927135416
1714	463008	0.46715974939012295
1714	576162	0.454936985523879
1714	498852	0.4606104555946827
1714	525998	0.46731038200097336
1714	74269	0.45261323462916797
1714	363200	0.43896348033311827
1714	515266	0.439586179945801
1714	427204	0.4227554853466746
1714	559303	0.431469986524174
1714	508618	0.4110888548510895
1714	129229	0.3672122806418596
1714	547022	0.46429324293929986
1714	348891	0.4234650237205274
1714	426722	0.43087486285741416
1714	399592	0.4141032952953958
1714	553706	0.4648788088519774
1714	210676	0.4402684331577732
1714	36085	0.4404143951660815
1714	236279	0.4340746551783033
1714	494848	0.44906515968343086
1714	498949	0.4433605170566042
1714	553734	0.4379664031525177
1714	137479	0.4235014265868906
1714	268554	0.44925242854986713
1714	46347	0.47097813575376224
1714	455948	0.4571645330241924
1714	419605	0.4325004694081936
1714	445229	0.4725202526681514
1714	21385	0.4339710088132417
1714	22336	0.4390501046325211
1714	133956	0.434815313532692
1714	531782	0.4564395163115522
1714	89415	0.45545200430453187
1714	474952	0.4290431946378986
1714	331082	0.4305228492849243
1714	33762	0.441160899551994
1714	456528	0.4383128029571655
1714	145763	0.4282245606037181
1714	267622	0.4755546017927215
1714	506729	0.4590248807199586
1714	572270	0.43045918188095056
1714	321404	0.43126798328478094
1714	274307	0.44031656317948087
1714	300425	0.42874773124741555
1714	373143	0.4399006313549707
1714	65420	0.4367373171286077
1714	529812	0.4374666598161387
1714	294295	0.4497247986859214
1714	356770	0.3076657679832227
1714	351651	0.44927802931701005
1714	60837	0.41568575898045645
1714	445350	0.44820066507598333
1714	76711	0.43633874101494985
1714	310184	0.4363131350059024
1714	448071	0.32999416833257533
1714	294318	0.4631183388646615
1714	413103	0.41413388563887976
1714	243633	0.41665460299727275
1714	154442	0.42940998242454353
1714	267204	0.44215163749422715
1714	37878	0.4379751742235863
1714	410056	0.42133044458974483
1714	128759	0.4111510418521928
1714	100302	0.4173893913296265
1714	510423	0.4282168698090375
1714	216538	0.41119307404173294
1714	540642	0.45555331740759486
1714	268268	0.47257592565107376
1714	575984	0.3901391161486841
1714	575990	0.33590470878464335
1714	438776	0.4316806170826716
1714	579066	0.41738326433233525
1714	134143	0.41810738704064704
