1735	427013	0.522810833720562
1735	12294	0.5151460936783759
1735	80129	0.4539476344343106
1735	356360	0.49272831767744457
1735	277003	0.3727088660099382
1735	564748	0.5130808894120481
1735	418324	0.4921625426216032
1735	42008	0.48658626472532085
1735	524316	0.46092981526246096
1735	276999	0.3384055039235253
1735	12296	0.466436077613359
1735	239670	0.5014307206048054
1735	178930	0.5447481589351787
1735	62523	0.44275644697052347
1735	228944	0.5096752086836952
1735	291417	0.4799870496174118
1735	368732	0.47635922339750436
1735	261215	0.418188135704932
1735	342126	0.4909979527773405
1735	164982	0.49881926029323
1735	164984	0.5281384148636422
1735	497786	0.39875605470576225
1735	342139	0.49664714137371946
1735	213125	0.41774674388067035
1735	213126	0.41859652007438136
1735	176265	0.5551501791959316
1735	285837	0.5992556855424633
1735	531086	0.4250299461329692
1735	65686	0.41913384999059616
1735	524439	0.5030957997915482
1735	531097	0.4577583446759193
1735	291483	0.4856445304783966
1735	312990	0.449972696285889
1735	342176	0.5236186998818764
1735	297634	0.4694441685730547
1735	472740	0.4716088461479135
1735	66217	0.3986015598651906
1735	478384	0.44066561800364645
1735	64697	0.48368216752797494
1735	163004	0.49253418958094614
1735	103108	0.4690808417076777
1735	401609	0.49648278037778654
1735	144087	0.4760359543089908
1735	304356	0.47533921272229035
1735	165093	0.5129417841280606
1735	127721	0.4867454817405551
1735	268530	0.4835476804208958
1735	336641	0.5049982257514315
1735	331819	0.4088708221287838
1735	262614	0.5047349099079758
1735	537868	0.5011759103184965
1735	286478	0.4765335175516908
1735	472847	0.47534083965104024
1735	80144	0.4579445891367801
1735	336661	0.46707307261549075
1735	336662	0.4865058198057631
1735	543012	0.49116890960507453
1735	360326	0.48732949087713756
1735	238377	0.4831831079642482
1735	252729	0.4649414307648198
1735	64314	0.37540020095795607
1735	407876	0.4541517341883242
1735	175942	0.4686499805247542
1735	203597	0.4014412708425925
1735	371022	0.4933067681065239
1735	531085	0.43876494396357146
1735	550224	0.46951756039251896
1735	550227	0.4603702836260224
1735	338269	0.49727133307897164
1735	448876	0.5058921777034668
1735	224646	0.4725568246043223
1735	552335	0.5100209673876515
1735	343957	0.4871532357207422
1735	291481	0.4851308842607174
1735	407960	0.4512045424739983
1735	543149	0.4762277257603329
1735	92083	0.45386268955415454
1735	7099	0.4677201988201971
1735	262592	0.4585718538146833
1735	262593	0.4918402452707508
1735	262595	0.5108614480761878
1735	344005	0.5186153225813007
1735	262604	0.4830636749688586
1735	64462	0.41797502335709946
1735	465871	0.3534994863881522
1735	262613	0.5413122829885462
1735	537558	0.455618453510942
1735	502747	0.5225548758780115
1735	439772	0.4903885111645334
1735	318430	0.4431230126121958
1735	116704	0.4133355640849561
1735	400353	0.4990397514677883
1735	239587	0.5077131739661459
1735	79332	0.47112231393972726
1735	217573	0.4216839934319088
