1761	521728	0.3618991931150038
1761	146437	0.3640738055364641
1761	429584	0.36350700328720553
1761	240155	0.3643436682752692
1761	157212	0.36311704411960116
1761	373278	0.3686164574214115
1761	202279	0.34716545045138675
1761	332844	0.35965860036487624
1761	195633	0.3677997560605318
1761	13875	0.3663437537362757
1761	78903	0.36470413665796014
1761	560192	0.3651329284169673
1761	489026	0.34638108509241866
1761	87109	0.36517870601904645
1761	494161	0.3684304500057052
1761	570465	0.37787480469966445
1761	259198	0.3630358308087438
1761	440680	0.36606241146400653
1761	327286	0.36064360005841684
1761	112762	0.3545577188296927
1761	403582	0.3643335472882907
1761	33923	0.36220261997514547
1761	41100	0.368711204303221
1761	352917	0.37735662572783796
1761	15515	0.36811689210194476
1761	429730	0.3506002482905542
1761	174757	0.35829420526910616
1761	457382	0.3584486630727063
1761	97451	0.36469122923264846
1761	430771	0.3653109809787481
1761	302260	0.3632824912231296
1761	130742	0.3690814574426793
1761	201912	0.3478548489441223
1761	340166	0.34835879814851717
1761	1221	0.3748944295844708
1761	1222	0.37514837757583697
1761	219345	0.3509038572986159
1761	364774	0.36394160405323556
1761	441724	0.3585410572556687
1761	316656	0.36082858877944013
1761	211185	0.40135781150340133
1761	19187	0.36145963338391235
1761	311678	0.3673815689752945
1761	353534	0.36507815102209734
1761	561920	0.35986050086690446
1761	373632	0.3603592631410124
1761	259330	0.36209675948184367
1761	221452	0.3555486112199424
1761	97551	0.3695896436417285
1761	13084	0.3584520613310884
1761	110877	0.36669378903335414
1761	72488	0.3621073507870893
1761	234807	0.3483332112467517
1761	489787	0.3500654356960564
1761	97089	0.36577200794240183
1761	284574	0.3664836303762044
1761	363851	0.35276191076589
1761	555852	0.35722093620525325
1761	59215	0.3641596637940098
1761	480599	0.35316214557367903
1761	201064	0.362066207451635
1761	383345	0.3663762248800031
1761	416636	0.3598475296909107
1761	433021	0.3622981090031324
1761	144766	0.3625636208752464
1761	279424	0.35052601864982874
1761	61830	0.362811188448406
1761	14732	0.367432287773846
1761	185242	0.3633167297835822
1761	270235	0.3728791788340029
1761	120222	0.35879292353455833
1761	427425	0.36498735437407226
1761	182187	0.3610483765781085
1761	532908	0.37566191786061753
1761	318382	0.3732788517643404
1761	403377	0.365725180625812
1761	233909	0.364200349797018
1761	548279	0.3498313931905256
1761	1466	0.35987911739184525
1761	36597	0.364611647521316
1761	283587	0.36854389133588583
1761	148932	0.3632691179999064
1761	562123	0.3590544657225766
1761	257996	0.3592519944649649
1761	373712	0.3571208587056587
1761	208849	0.37063246616731227
1761	9683	0.3536328262684812
1761	148439	0.35212100048448136
1761	417752	0.36745670702502864
1761	350174	0.3529384023166429
1761	181216	0.36407470601192576
1761	407521	0.3678383584720153
1761	36006	0.3639679411908056
1761	216041	0.3551642357780361
1761	471533	0.36140354627496984
1761	418291	0.37009707229894584
1761	478197	0.3514009973576549
1761	236534	0.3668012657282704
