1882	438787	0.30543202464842867
1882	240654	0.2891261398567142
1882	541715	0.3042034419083666
1882	507414	0.30675067750578644
1882	25625	0.2959177867242616
1882	160286	0.30208562993979904
1882	160291	0.29203076061466016
1882	50726	0.30920711565350145
1882	233517	0.3068309968178947
1882	160304	0.30053616303763037
1882	61502	0.27608966225453874
1882	71743	0.3075268906563471
1882	383552	0.30706530017624406
1882	14403	0.29556552146627196
1882	96843	0.26840286963240906
1882	368204	0.2774635283816957
1882	53838	0.17945593686194244
1882	414802	0.30827845483444954
1882	345686	0.29140635592377506
1882	158808	0.2910115696403495
1882	397405	0.29261679358938314
1882	46696	0.31247789317414354
1882	319594	0.30681816798905304
1882	429676	0.3080871449023713
1882	345715	0.3056033279918452
1882	240756	0.28234091934778877
1882	345725	0.3042971703919438
1882	457408	0.3048698684286809
1882	355460	0.34675098188922016
1882	260235	0.28716208145647687
1882	157326	0.307429314827919
1882	376981	0.2957872318003236
1882	263705	0.30440162031849455
1882	23704	0.30900263280975715
1882	322722	0.29238021923179813
1882	429733	0.310205575055251
1882	319144	0.2999304265452368
1882	51882	0.3097093093753055
1882	51373	0.3090460784061764
1882	456878	0.3093949533367723
1882	205999	0.2972459787992178
1882	318140	0.3002907981773358
1882	51903	0.30449585096199466
1882	388288	0.28569150169222685
1882	490784	0.2381741323096094
1882	172739	0.2752286342270764
1882	201414	0.3072777648106211
1882	164043	0.30646762431038915
1882	538832	0.2767118431913443
1882	325330	0.30071721195157436
1882	218836	0.3018578152884989
1882	534233	0.2938271979726903
1882	383202	0.3089002647745656
1882	67303	0.2833565886377669
1882	492777	0.3075947757255215
1882	398061	0.28809365618665184
1882	465647	0.30050593196575487
1882	542452	0.343104256323479
1882	452346	0.2787355954344174
1882	206081	0.3018287200527034
1882	8962	0.39136619005087064
1882	549123	0.3156954783328336
1882	451334	0.28368402450527097
1882	317718	0.2997448994645276
1882	50968	0.3097589686995345
1882	220954	0.3100645173878054
1882	431387	0.30363249933976644
1882	513824	0.28627408741074883
1882	490785	0.2332912026147016
1882	209705	0.30786657363525954
1882	321324	0.297931081977111
1882	316205	0.2979733418573835
1882	537409	0.3060121078984518
1882	529222	0.26199238623122423
1882	116552	0.2584640003477601
1882	184143	0.29387011013543435
1882	166883	0.3053391943200331
1882	580443	0.3432905573720987
1882	374109	0.2601109336527845
1882	397663	0.30169560707138304
1882	267107	0.28572271935619703
1882	234859	0.2815517805832198
1882	345455	0.3039028206523257
1882	239337	0.3360454134870583
1882	537464	0.28756697353371646
1882	159097	0.30522143153057135
1882	398207	0.2955954014782291
1882	80279	0.2879653946306912
1882	406421	0.29429358627392027
1882	316311	0.3160419402398231
1882	250779	0.31267541733251125
1882	413085	0.3092370948715104
1882	304033	0.3259710546905992
1882	402758	0.28561632519354935
1882	51624	0.30959937570411217
1882	328121	0.2994283788303122
1882	314601	0.3098702838543027
1882	326076	0.3317391206052972
1882	314814	0.2995080430240279
1882	411584	0.29459250064548986
1882	51151	0.3106356898098418
1882	397795	0.30356274216746365
1882	579050	0.3004982760368828
1882	321004	0.30339118154886885
1882	323065	0.3032353965015952
1882	323066	0.2999806460856773
1882	323067	0.2990101761613429
1882	189610	0.30382873587636267
