1887	25089	0.3149704537963592
1887	525836	0.2522078566012256
1887	380941	0.3105485348411497
1887	351774	0.33180479419666564
1887	273952	0.30885086842179976
1887	551477	0.3130607135088219
1887	214116	0.20008174428679595
1887	353338	0.3097390189109244
1887	380993	0.28383458822207025
1887	455234	0.3269382479042332
1887	121926	0.3079452048417587
1887	338103	0.2974301682847957
1887	306765	0.31233358739766914
1887	408654	0.17595290128096666
1887	274511	0.3853971233730667
1887	542294	0.2954171419277805
1887	524376	0.3166776660821059
1887	99929	0.3081391183861453
1887	541282	0.2998971529575363
1887	554595	0.3179188859504579
1887	495204	0.31673438314228514
1887	288876	0.3217729301343916
1887	457839	0.311029427557073
1887	535161	0.3162498912952416
1887	534655	0.3187876340899337
1887	17024	0.26178807972093926
1887	145541	0.2984243154877512
1887	304774	0.30717966563907406
1887	399503	0.3116192565545844
1887	264850	0.29687672653970404
1887	17047	0.3064802723488358
1887	307872	0.32419085528546365
1887	552609	0.3280969971394067
1887	306850	0.30056911888058513
1887	360103	0.3101000268179252
1887	557226	0.27014941713201757
1887	229550	0.31588739700464175
1887	495281	0.30956884642891563
1887	571061	0.25115029104418624
1887	341686	0.3154560367160645
1887	306871	0.3062992073177544
1887	342224	0.31835123236436275
1887	437459	0.2324632275935032
1887	306900	0.3108204951526705
1887	238805	0.28544098277250923
1887	358620	0.15914385638401357
1887	381151	0.32430073476477694
1887	553184	0.3050091369218714
1887	511203	0.3142752512816068
1887	552546	0.15189255177105787
1887	103654	0.31803137369267986
1887	103143	0.3176840138913271
1887	25332	0.31246187902522904
1887	463093	0.3187904846150122
1887	156918	0.3043270922188578
1887	81706	0.3100189022627256
1887	81152	0.30853097677891883
1887	306952	0.31519846773755306
1887	524557	0.27028406130929833
1887	553230	0.31445040078734515
1887	260374	0.31898528109575996
1887	260382	0.32231111570462667
1887	345380	0.28293168455856404
1887	512807	0.3247689111193922
1887	368426	0.31087266281925097
1887	120116	0.3046649075436524
1887	270646	0.31549496797876847
1887	307169	0.32877468734880316
1887	513873	0.318152831447521
1887	472916	0.3244626623365311
1887	174426	0.28440005028927356
1887	343389	0.2510879835104345
1887	290658	0.2787208006638183
1887	103655	0.30679463879464614
1887	30064	0.31943450352426644
1887	329093	0.3081237426476603
1887	58251	0.24173145188451384
1887	329103	0.3097782342382768
1887	18832	0.3249247689241744
1887	430993	0.3140273960909405
1887	428947	0.3003295571405032
1887	329118	0.3116282862992601
1887	268703	0.3156540333447276
1887	360352	0.3225015787279288
1887	220579	0.32051198783527507
1887	220580	0.3086507124028177
1887	329128	0.3017247956035469
1887	329131	0.31145190626057334
1887	76723	0.17709877258198284
1887	19892	0.2959626630461937
1887	97205	0.2967643812119161
1887	329144	0.30270481632391044
1887	329145	0.3148982531841607
1887	26044	0.29971783938367075
1887	268734	0.3220226173032319
1887	552391	0.30653941238097293
1887	558025	0.297381275746751
1887	304074	0.1250602697829985
1887	28625	0.309262203262978
1887	479225	0.3212405863269488
1887	535519	0.2673047075982662
1887	28641	0.33342333450323325
1887	502242	0.31789799306726435
1887	506341	0.3019636902641724
1887	454634	0.3162978317235399
1887	402856	0.2452732295352087
1887	7160	0.2936495420975105
1887	45561	0.3033518777192155
1887	380925	0.3078908574466519
