1897	380929	0.3218577647583362
1897	339977	0.3162681450239887
1897	378384	0.3243425469375696
1897	540188	0.3209537758878279
1897	552478	0.288351843059687
1897	537121	0.316934305768701
1897	552482	0.3266041332056371
1897	552483	0.32650472239295625
1897	284196	0.2773357365606612
1897	524839	0.32789537296372195
1897	268329	0.31156398978016836
1897	145965	0.31568703608465404
1897	339123	0.2996456725983103
1897	398943	0.32315470900658805
1897	477768	0.29539665823245004
1897	381001	0.29947466577630133
1897	258137	0.32062011478116276
1897	30815	0.29421617287308177
1897	306787	0.3214482442389988
1897	552549	0.29151326797576615
1897	374994	0.2839492881251173
1897	335985	0.3137199818062657
1897	495222	0.3101229899256129
1897	552567	0.31633402850760256
1897	352377	0.3260321965360454
1897	296068	0.31651231208691766
1897	200327	0.3089023726473011
1897	200328	0.31838209129506245
1897	2697	0.3126855514966028
1897	150158	0.3155814546401466
1897	336891	0.31346740095389425
1897	218769	0.32157382007314295
1897	265877	0.32206129736422473
1897	525463	0.2551221116979533
1897	502425	0.2867469150239489
1897	405151	0.3189321948106226
1897	559776	0.3243369164876232
1897	408347	0.30396471322689905
1897	405156	0.32577489661360004
1897	437413	0.32516062418579667
1897	285866	0.31684336063731083
1897	254636	0.3179176623180963
1897	93363	0.31919289427484876
1897	281268	0.3215055522843779
1897	76318	0.3265942776499603
1897	525502	0.32165931166439327
1897	552481	0.32653554660120093
1897	147146	0.31911985766070966
1897	267474	0.2850875148701828
1897	327891	0.32387347249933035
1897	542939	0.2825366051101159
1897	512221	0.3209344192563946
1897	530611	0.3193053700589304
1897	381154	0.2801643813935099
1897	580835	0.2887357668829969
1897	437481	0.2428527130394325
1897	250605	0.3225989011238313
1897	297712	0.2920994035554427
1897	475859	0.3129285231450929
1897	437498	0.2724854401172599
1897	495870	0.3220777462310673
1897	307463	0.31553827658600087
1897	350985	0.28767882983469695
1897	19211	0.2673905080082603
1897	98574	0.322471902319618
1897	553237	0.3173535422508932
1897	174361	0.29249671515777337
1897	66843	0.2288029244781716
1897	278813	0.318962224520063
1897	103202	0.3208892622222893
1897	156974	0.3109690072366161
1897	156975	0.3002190881192197
1897	472881	0.31742058460275496
1897	434482	0.3167060860858384
1897	338057	0.31592938653209657
1897	495440	0.3069542523305965
1897	96739	0.2687043936129434
1897	352091	0.31475928931452957
1897	524131	0.3304205951862516
1897	408421	0.27777190916103145
1897	105322	0.3268448417767436
1897	30061	0.322441054871377
1897	538994	0.2969714465583415
1897	238964	0.3291100577019139
1897	287607	0.33559915407559665
1897	552323	0.3191612017301601
1897	562063	0.2493731897997095
1897	380829	0.32183968088895676
1897	568227	0.3213738376799291
1897	26020	0.33019549948698484
1897	341925	0.3163667000720256
1897	240558	0.3202049837108473
1897	315039	0.1818053172749088
1897	324540	0.31443891876789487
1897	176063	0.304813768527062
1897	534980	0.32016080952867304
1897	105925	0.24878154861534083
1897	559577	0.33300909559296993
1897	351195	0.31622952628409695
1897	368293	0.30972393476070625
1897	307171	0.3211842115334952
1897	81898	0.31670892387447697
1897	419313	0.26040073498190164
1897	265715	0.32289201559577274
1897	76788	0.3068144274791593
1897	359416	0.29382124291947515
1897	172027	0.3223695797993238
1897	287229	0.31443876667851667
