1976	260614	0.44180057744268114
1976	407559	0.42477295992951636
1976	278025	0.4379320551334384
1976	466957	0.4123390553197684
1976	458255	0.4137118605355904
1976	582161	0.45368721020924413
1976	582162	0.47159775242908575
1976	184572	0.44414306429481015
1976	315419	0.42066407250991295
1976	223261	0.4360308125212998
1976	280607	0.4062322723477483
1976	289312	0.4171979653712565
1976	468523	0.40122800758259186
1976	469550	0.4107101750354067
1976	36401	0.41892103171946654
1976	507960	0.4350767340942158
1976	452684	0.38596966018407214
1976	24653	0.4061379276533876
1976	456271	0.4089757810231889
1976	478290	0.4324796277682928
1976	504918	0.40937442733464524
1976	188506	0.4060379433408478
1976	125019	0.4154596035894449
1976	46692	0.4768395920448459
1976	370284	0.4447059406692941
1976	233070	0.3915435176972229
1976	295024	0.4145798157162832
1976	320626	0.41278681052566774
1976	395891	0.3963258085409587
1976	155258	0.42524574340702004
1976	394875	0.4116119979613015
1976	89216	0.41563584919114427
1976	264329	0.43144816178851864
1976	534670	0.41342867611950007
1976	432271	0.408186122053168
1976	494229	0.39415465306968234
1976	197793	0.4125176549922022
1976	187563	0.4285941386959167
1976	509101	0.3485130069119688
1976	61469	0.4183227069862948
1976	447153	0.38922951398879446
1976	282809	0.4440203422228738
1976	259773	0.40183328689836767
1976	502645	0.4071243571808141
1976	222752	0.40112072626797557
1976	546499	0.4369366202670586
1976	47300	0.39127927861537265
1976	216268	0.4556073007586461
1976	348881	0.3857074622768252
1976	25817	0.3533974746227697
1976	231642	0.42508361704539316
1976	231643	0.44797914438406944
1976	231644	0.4424185456116924
1976	434399	0.425343174356975
1976	397024	0.4142655543666698
1976	580833	0.4131504456847524
1976	539362	0.45876277696266043
1976	303331	0.4084781000010525
1976	402661	0.43586560362175364
1976	299764	0.3983492683933065
1976	119033	0.43099546385401283
1976	100735	0.3712535704442412
1976	222972	0.4122462603176682
1976	429311	0.4147615526152074
1976	446727	0.407595242669326
1976	581389	0.554689170063739
1976	568591	0.4057430813823458
1976	153366	0.4397758594703258
1976	409886	0.4093972304890424
1976	368928	0.39721786210417637
1976	194849	0.4080420642991912
1976	511779	0.4079670445870762
1976	57124	0.4146186720974278
1976	732	0.2505006255785239
1976	103724	0.42226164954238965
1976	188216	0.38870633887747114
1976	469310	0.3984961877323106
1976	527328	0.4047532534936025
1976	162629	0.415675943809909
1976	275782	0.4387266613159761
1976	164680	0.40921945150328753
1976	164681	0.3773664028073504
1976	738	0.12504364326873202
1976	155982	0.4168509972365238
1976	32090	0.4147328783869149
1976	185487	0.41149578222357797
1976	292700	0.40454756644137735
1976	433005	0.4278325631405101
1976	236350	0.41790296759854023
1976	461695	0.41092162312805824
1976	169859	0.40452297873430704
1976	75141	0.40577159399810425
1976	522632	0.2997152108862667
1976	168862	0.40295522155858216
1976	21418	0.4213625576839759
1976	281525	0.41769665527783123
1976	36293	0.4155970067704543
1976	169414	0.4009922410582521
1976	33225	0.41441884920278416
1976	522698	0.4146898514682447
1976	109003	0.41044062846068713
1976	41294	0.4158896372822033
1976	450124	0.36791802187724365
1976	137185	0.41010076458389194
1976	137189	0.403172833718746
1976	546792	0.43386848862158
1976	478460	0.4197408711732064
1976	206322	0.4114753637020558
1976	260603	0.4375506742223863
1976	260604	0.4235132407351404
