2050	566272	0.46337868609850763
2050	435205	0.4853999809165872
2050	408583	0.5063772335064027
2050	283656	0.48586280954246763
2050	572944	0.39039400461441187
2050	493586	0.5481900335068977
2050	5139	0.4021351700317323
2050	285721	0.4731111061053678
2050	125467	0.5082506218307398
2050	67105	0.36221729195785046
2050	270889	0.3956370961098338
2050	416313	0.5278914081800499
2050	326216	0.49672564636248695
2050	215638	0.45706538656037654
2050	286811	0.4535620961363793
2050	215648	0.45630418900274
2050	215653	0.45615026687761107
2050	215654	0.4943231563813184
2050	141936	0.43775999207189614
2050	546417	0.35109415951902834
2050	338044	0.4121906333343756
2050	177797	0.5569613921136879
2050	417418	0.37812642189064916
2050	44171	0.5107261215846649
2050	67234	0.38498711795707397
2050	328987	0.4041352872994918
2050	12457	0.477021908230849
2050	102578	0.43819144951592337
2050	102579	0.46684627622837616
2050	344863	0.5224358830375462
2050	231619	0.4720452205811115
2050	292385	0.4527058712089031
2050	94594	0.017435166937614655
2050	434637	0.4162231148828536
2050	60124	0.29706927587561105
2050	7902	0.5697170148230662
2050	445392	0.4487257149154805
2050	17635	0.4805234209464786
2050	17636	0.5525565790473035
2050	307942	0.5129473365540971
2050	468714	0.48125469942452465
2050	15085	0.047937703661977485
2050	307951	0.5094782323740596
2050	307952	0.5025858218846787
2050	27385	0.4533600901892598
2050	201467	0.4958568832076232
2050	468733	0.4269701912877478
2050	176900	0.4912065501825531
2050	438022	0.4663388578288216
2050	542987	0.42717855266204086
2050	287501	0.5041409607583612
2050	178447	0.573741260764643
2050	328979	0.4777062446565185
2050	328981	0.4567020117287773
2050	328986	0.43164143881560524
2050	201499	0.4758044756859223
2050	344862	0.5292267320895278
2050	535327	0.5207984033113924
2050	328993	0.4693607884107443
2050	201506	0.4565131760158781
2050	201513	0.4660063555983741
2050	329002	0.5107163428195214
2050	18220	0.4896891256033993
2050	201520	0.46699886895277004
2050	201523	0.4824639153003589
2050	403422	0.4926992283148769
2050	447290	0.48921495039323903
2050	101694	0.4480388741100895
2050	239943	0.5061893659511533
2050	302928	0.4008300824592772
2050	498005	0.5323315685005101
2050	498006	0.5421396468286356
2050	498008	0.5378508441290734
2050	184122	0.4745898940526474
2050	9579	0.4672255506032927
2050	229242	0.4487990234454796
2050	428925	0.47236252416774843
2050	63358	0.39904369015335256
2050	229247	0.4571867739180301
2050	447874	0.5458426119432793
2050	447875	0.5381058454094626
2050	229252	0.5017429654033643
2050	447877	0.5407303775365967
2050	447879	0.5603529555108455
2050	401298	0.47995688940572767
2050	286616	0.4505271541905897
2050	540571	0.4431637627149585
2050	28575	0.5429708503539983
2050	28576	0.46725323668133123
2050	498597	0.4511864718989365
2050	376231	0.3528077898498648
2050	109998	0.43037875776319334
2050	3513	0.2556061632002905
2050	434619	0.460274287382328
2050	434635	0.4632883177975896
2050	378317	0.5130628349055586
2050	23502	0.45601523909582875
2050	378319	0.5438422831624908
2050	328991	0.47788153783874543
2050	434641	0.3875744032170279
2050	242130	0.45012316326968194
2050	103896	0.407693129132442
2050	155102	0.4438255853043825
2050	40416	0.45226788084088265
2050	434663	0.5390801215354111
2050	203251	0.45724341157775683
