2095	329438	0.40903747375650507
2095	527620	0.37665410092744916
2095	17031	0.18148444222257568
2095	165770	0.351503129137536
2095	250724	0.36619572376843124
2095	335884	0.3623344329474769
2095	418937	0.3632170528427861
2095	340496	0.377413731691802
2095	83084	0.4658797102688912
2095	238228	0.39119905854484144
2095	211193	0.3703781866200496
2095	159128	0.3554578529724568
2095	541210	0.3822555842120111
2095	342427	0.37532949782431885
2095	333596	0.3652288474699995
2095	280353	0.3795166556320279
2095	552350	0.3919123971017198
2095	21445	0.364759031223365
2095	544160	0.3753640363522654
2095	360432	0.3562755005436882
2095	24667	0.31469117966962623
2095	101414	0.41918542081593313
2095	514472	0.3797038206225373
2095	340999	0.17663554978459306
2095	501293	0.35793495987961543
2095	343598	0.43325624603912455
2095	327727	0.38466410197635126
2095	24368	0.3758170446941556
2095	176306	0.4091689038678899
2095	290014	0.38882198913404065
2095	558518	0.3817202275667818
2095	289335	0.3704291423584136
2095	275384	0.3840764606850548
2095	86972	0.4113677571079457
2095	135869	0.3629016377802079
2095	72382	0.34893406075619215
2095	284399	0.3704247919063452
2095	309568	0.374054219766148
2095	554435	0.3764608888424847
2095	435140	0.40543140715174664
2095	103621	0.3744037634756823
2095	221767	0.348770650377453
2095	52041	0.2732789407989076
2095	435786	0.3795959945976082
2095	177869	0.3682652404606258
2095	336206	0.3562375081059097
2095	581328	0.3039522203003503
2095	87889	0.35737185659850806
2095	541908	0.3945530762947331
2095	465934	0.3321834572249765
2095	86742	0.3888900364715584
2095	24502	0.27619306364353136
2095	238809	0.39344163150649336
2095	160347	0.36893094255862163
2095	286814	0.40154922787056235
2095	342755	0.35077251932190173
2095	547172	0.37212366869786473
2095	6630	0.23698535295758621
2095	281191	0.35837103201747605
2095	58344	0.3762522859990207
2095	280752	0.3844197451395126
2095	138732	0.3673791569790706
2095	343278	0.3598318648958743
2095	158063	0.36789424704212814
2095	178416	0.3822086340831505
2095	230385	0.3463492534747035
2095	23154	0.37157367468061214
2095	341875	0.34932645990399536
2095	291847	0.3177223710490966
2095	433529	0.4213657522064969
2095	78330	0.3708205532449803
2095	103291	0.3817178029310011
2095	197375	0.3542574516847747
