212	504704	0.32628512831861045
212	449652	0.3391023018129866
212	580994	0.34452770119936177
212	257285	0.33701347388152764
212	20870	0.2954772265690345
212	242311	0.3397764627990834
212	277896	0.36146576111506695
212	46089	0.3770794451112982
212	428682	0.319185614990686
212	256524	0.3295905375804527
212	504770	0.3396231340221958
212	141454	0.3266976619810673
212	152465	0.338545461854339
212	168979	0.3272425642209171
212	48916	0.2698768775007743
212	196757	0.3450993595330404
212	539160	0.3352959065654089
212	291609	0.34473494983824576
212	187219	0.33329241275541294
212	423584	0.34721110762003793
212	212641	0.3570999308408139
212	442532	0.31602869050163274
212	569279	0.3114570724505875
212	450086	0.36570278290329944
212	527912	0.33947017656780637
212	106794	0.09927376993705468
212	481223	0.32711715364434607
212	152494	0.3389257276620183
212	497864	0.3384877330234918
212	300338	0.3383201762894259
212	132917	0.4416602519418411
212	131126	0.3389991233710367
212	190135	0.3382388720855
212	36282	0.3389828489778398
212	392699	0.33658166447848326
212	256447	0.3374764844387992
212	570304	0.2938647477553362
212	242336	0.3369996792283047
212	353986	0.385566082978592
212	485061	0.3366012610807691
212	168902	0.326125141788538
212	452935	0.3766882461161665
212	450760	0.32486303138645345
212	310668	0.3326225579281522
212	34018	0.3438709060801045
212	276785	0.3338732995361057
212	499793	0.3409716094297623
212	415186	0.3456391223571847
212	408787	0.3331250739018294
212	825	0.17370591179174197
212	734	0.08786474625267822
212	168856	0.34385192711575174
212	149856	0.3310736732029558
212	37890	0.3407171262505718
212	366179	0.34685593952052085
212	570852	0.3066682518328643
212	390501	0.3335488839680351
212	577812	0.32388574569325573
212	44737	0.3062044253277333
212	35945	0.3404013161436546
212	308202	0.3720948268689618
212	391523	0.3146557860141201
212	168812	0.34289054394503937
212	497874	0.3376759854877745
212	427758	0.33862055859422596
212	392718	0.33901055767699656
212	202994	0.36300366434045844
212	522451	0.3350726614634141
212	427986	0.34029262734307186
212	461690	0.34634319129643165
212	88383	0.334248370796259
212	492133	0.3264643786354135
212	530046	0.3347826308987363
212	535765	0.3285391444254179
