2175	268288	0.38077883024125847
2175	58369	0.3989247361942387
2175	239107	0.4090903997971452
2175	214021	0.38278321209423194
2175	452616	0.37034838954248456
2175	292183	0.36039807257605244
2175	339470	0.3990068796449204
2175	161813	0.38528596897405054
2175	363865	0.38161608421527615
2175	131608	0.3964899910781326
2175	567839	0.3597164668238555
2175	278561	0.38601232848095657
2175	198179	0.3819582751886224
2175	97332	0.38704315599218375
2175	98359	0.385139002717929
2175	218680	0.37383053390186216
2175	221244	0.38660895580683113
2175	266821	0.3915726172699913
2175	237640	0.3759481540191542
2175	198731	0.3815734934601871
2175	478797	0.38014416781253
2175	493136	0.36781373084002533
2175	383572	0.3834156679966804
2175	415246	0.3899035689362339
2175	451677	0.3787094297597395
2175	127585	0.38302612460197927
2175	446056	0.3856915354520104
2175	126067	0.38631899557216726
2175	222324	0.35866709106771677
2175	536182	0.386569595516121
2175	389311	0.3857220253302469
2175	259201	0.3860561101016912
2175	69253	0.3813190375102511
2175	407180	0.3738929479549432
2175	157329	0.33697448011530745
2175	501912	0.38250373648065195
2175	189083	0.37289236981494306
2175	234144	0.3860107678969882
2175	327842	0.3833759052107563
2175	457404	0.3830749228667686
2175	139967	0.3748527528594492
2175	181440	0.38697752165061305
2175	429763	0.3799299794667253
2175	166088	0.37988335492774195
2175	131789	0.37471354403535895
2175	347345	0.34967664644901925
2175	98516	0.3895607299366558
2175	330461	0.34251298902581967
2175	377566	0.3797556465238645
2175	305888	0.37306888564106605
2175	330467	0.3870124567016763
2175	490658	0.3878408027510607
2175	237293	0.3774829010441434
2175	126192	0.38265709292140326
2175	205021	0.37965728329954485
2175	189177	0.3697581735439248
2175	402184	0.3918285625950005
2175	76814	0.37514746964481466
2175	55054	0.3881477553068003
2175	107284	0.36064167872337
2175	241942	0.3887704288020575
2175	542489	0.4106060020664853
2175	439174	0.38233380914676024
2175	364328	0.37234702406667547
2175	295723	0.3773928846151959
2175	327983	0.38378582848421944
2175	326454	0.3775148423889645
2175	219451	0.3852914459234132
2175	297790	0.38621153148433507
2175	457541	0.37544632921873206
2175	323918	0.38460834305845853
2175	559959	0.37908048942166717
2175	124249	0.37714116509549167
2175	437084	0.3578987174451061
2175	232798	0.37149223862154446
2175	559974	0.38453081413639534
2175	349550	0.36223701972309513
2175	464255	0.3907479584204209
2175	547713	0.38244382337162414
2175	242050	0.3796527917925809
2175	389510	0.388593050552233
2175	283531	0.38392439741012324
2175	284557	0.3773246289038314
2175	358809	0.38099657281350335
2175	190364	0.390384280858725
2175	311710	0.38478868675695865
2175	197701	0.38366602891849017
2175	335265	0.3799706535626627
2175	309155	0.3852499696304395
2175	330153	0.3760222533241427
2175	330154	0.3832101665880163
2175	427435	0.38717226234161406
2175	452530	0.3811700166437557
2175	517556	0.3838837594814454
2175	135612	0.38466463136631224
2175	232385	0.3578873929834983
2175	314955	0.37822061632711546
2175	413089	0.3939796988998166
2175	245193	0.39171105718918087
2175	461773	0.36680135281383575
2175	286672	0.4041521528196014
2175	157146	0.3766342730391483
2175	532443	0.37699200320111864
2175	417772	0.3873204863710757
2175	135153	0.38468245578414667
2175	293877	0.3794529188922462
2175	372731	0.38510879626222244
2175	189437	0.37883446367110735
