2207	220163	0.5147425145319663
2207	220169	0.4493454622516382
2207	220173	0.3454843005571339
2207	220174	0.4696510612936305
2207	220175	0.4677357001764264
2207	504339	0.43552913576631075
2207	202772	0.4798938343619731
2207	173590	0.4096822831290453
2207	220185	0.466060961204219
2207	220190	0.48309988669251824
2207	220192	0.4734485445431729
2207	503844	0.4325611218322725
2207	355877	0.5018657938712185
2207	183847	0.4466791992457503
2207	4140	0.43463822326759466
2207	265276	0.46022474856459555
2207	136767	0.4346351656450423
2207	155200	0.3461766948841027
2207	90690	0.3710353853545583
2207	90691	0.39931181146039885
2207	227918	0.36155586638525794
2207	62544	0.4723584445116936
2207	155220	0.3462335413650844
2207	368208	0.44390255618622665
2207	458329	0.4361694564342043
2207	547173	0.4327383790610192
2207	369249	0.49603603483660275
2207	149097	0.4576873892247657
2207	45675	0.4482025312098796
2207	174188	0.41957309157954104
2207	150640	0.4129861951833996
2207	479863	0.37953128068829245
2207	183929	0.46609520920430086
2207	481405	0.4306148133230276
2207	163457	0.46823122207017487
2207	498307	0.42693074609694964
2207	41620	0.4829104862314979
2207	227995	0.47397195095155426
2207	294561	0.46565486920845134
2207	210602	0.4443822686144089
2207	408237	0.49899789444557086
2207	253615	0.44321265246460373
2207	173598	0.38057070577080493
2207	123574	0.5111880195785459
2207	480966	0.42688191121726043
2207	552659	0.36413658620407896
2207	118996	0.4370842325665247
2207	376022	0.438212242364817
2207	129756	0.4312584442182074
2207	499933	0.12195065452472542
2207	499934	0.03746248054803609
2207	395487	0.4366759237521045
2207	525777	0.4471113778333953
2207	222444	0.44444545792801493
2207	222445	0.5051204876540303
2207	1265	0.40887070806220255
2207	209654	0.42017819364145087
2207	234231	0.4334757401342659
2207	503544	0.4147406944535469
2207	387321	0.44402444385681394
2207	172800	0.4440084794070639
2207	172801	0.46261046173954234
2207	461087	0.4086104297339778
2207	272741	0.40366665586840106
2207	279271	0.42470069719807924
2207	369980	0.41592322843076085
2207	435596	0.41459503105713263
2207	184670	0.4181899958539449
2207	375141	0.3871415437773055
2207	275817	0.4635746891619247
2207	214379	0.45223145677138976
2207	15216	0.49739172055114655
2207	572812	0.48502339272204836
2207	572817	0.43657312996202985
2207	503698	0.4228863330901766
2207	2976	0.43409332880071755
2207	153841	0.4419787852344067
2207	426922	0.4325814118917494
2207	504244	0.38736782773039163
2207	174005	0.5432878153671507
2207	93624	0.432364591376458
2207	174009	0.4659148462294283
2207	551364	0.4656409763425371
2207	533457	0.5293150921172846
2207	523731	0.44743475242764413
2207	174039	0.42828807165914257
2207	507353	0.46587837795899645
2207	525793	0.5209455495424001
2207	472549	0.4583076630806598
2207	378861	0.4375496680353159
2207	3056	0.4359172297210561
2207	359409	0.4344180974273735
2207	359411	0.4338302291451468
2207	574453	0.44964876505618734
2207	430073	0.4399060583782769
2207	428027	0.44896323308101965
