2234	161795	0.32155437319421326
2234	461329	0.3505644389896171
2234	405015	0.35137081226189576
2234	483366	0.3458860125537742
2234	155178	0.2816294932405822
2234	328753	0.3494042801429887
2234	229954	0.2725549316837074
2234	337493	0.3249836644625136
2234	64603	0.28285661835671444
2234	62557	0.30157234211673906
2234	328689	0.34260764826816603
2234	183931	0.3424269692448933
2234	290441	0.3452426874173843
2234	500759	0.3398201244387594
2234	221328	0.3445147523002023
2234	383121	0.3438917636425468
2234	56978	0.34289585115105026
2234	532117	0.33853443783443377
2234	362777	0.34472985166794945
2234	80539	0.3437937168276859
2234	392351	0.35233575195452066
2234	463013	0.34671403802467465
2234	485033	0.3442100580675602
2234	85165	0.3371690064457514
2234	314544	0.34823355162882674
2234	111290	0.3447826211737686
2234	498891	0.34036783364599815
2234	54980	0.34558285947317646
2234	389322	0.34533364236380465
2234	210123	0.3337882514228727
2234	359628	0.3370640737924656
2234	480976	0.3230942683504177
2234	504020	0.28832204252538385
2234	214233	0.3405473067369958
2234	65251	0.34339746248899494
2234	350962	0.3479554477181277
2234	207615	0.16383400713962362
2234	104196	0.3454047628859031
2234	397270	0.36060328193090396
2234	84744	0.20788856123749555
2234	216845	0.34950172049054157
2234	46351	0.3484467538839504
2234	548112	0.3363711750177551
2234	135385	0.3192497703473985
2234	537369	0.34635014789194196
2234	177951	0.3467626474607292
2234	531765	0.27112340401563945
2234	501558	0.34107751071460496
2234	284809	0.3389612168239728
2234	457534	0.3478951822487774
2234	136010	0.34363771780644015
2234	503630	0.2886371916125576
2234	469331	0.34602979036903253
2234	17251	0.3424079615084815
2234	2920	0.3397182905830462
2234	389481	0.34822905298741347
2234	499063	0.33258110620828424
2234	499064	0.34075443533228617
2234	286091	0.33326132627900107
2234	174482	0.33617220131305947
2234	396191	0.33506119721802824
2234	420771	0.3316478184229039
2234	460712	0.34672580189587143
2234	354235	0.26695590534519614
2234	331199	0.2523787089005646
2234	313281	0.34120018527086876
2234	222154	0.3461976066464041
2234	267216	0.3428809206473394
2234	40918	0.343262733574856
2234	571869	0.27023850971028734
2234	113632	0.3413161185276807
2234	389605	0.3458664601720379
2234	113640	0.3215336394898516
2234	302570	0.34608767470448826
2234	571885	0.34584815885857945
2234	218097	0.340007726167513
2234	365225	0.35996959557407143
2234	532475	0.33250602591202305
2234	230398	0.25504926578185283
