2282	31242	0.4345538555534545
2282	204303	0.3818128932726565
2282	238096	0.37967987033880424
2282	550931	0.3583859563521576
2282	24090	0.3878258669506171
2282	470044	0.3929180120170034
2282	495647	0.3910837872335582
2282	206373	0.363968308116678
2282	95272	0.3684258962972774
2282	434742	0.3914382763586545
2282	399927	0.38609553166434774
2282	311352	0.363392506568539
2282	375867	0.3838233633231818
2282	504895	0.3782923199290441
2282	464961	0.3832061243579031
2282	257606	0.36296130933076
2282	488009	0.38542745953858376
2282	367181	0.2273672214906396
2282	242769	0.4304386327408063
2282	464983	0.36688670032716925
2282	194138	0.3453148054089782
2282	409185	0.38751921072888207
2282	157371	0.38967469459497117
2282	236672	0.24200915577318122
2282	483972	0.3864775612046247
2282	524933	0.3922777954854258
2282	452746	0.3808472515635719
2282	262812	0.38206628466509296
2282	145053	0.3906835053221691
2282	204449	0.38530652178513397
2282	122530	0.38158967750729794
2282	433320	0.3895254152958759
2282	108713	0.3961951388068562
2282	24245	0.4005715284715684
2282	402102	0.3921644174752776
2282	130235	0.3816719904430583
2282	484041	0.4002536976623611
2282	122577	0.3981670097769045
2282	554196	0.4062525920333306
2282	489422	0.38693117355895584
2282	548057	0.39612853858482544
2282	57056	0.38539515258923407
2282	419172	0.40033653215663545
2282	79600	0.3889318816769005
2282	362742	0.38764810175431924
2282	114937	0.38446412817147496
2282	496891	0.38481920380083945
2282	124629	0.3800102008265673
2282	226562	0.3846110085156143
2282	69390	0.3883418204367357
2282	172307	0.37349157017889345
2282	409364	0.41240522450545153
2282	302542	0.34466017107498786
2282	142617	0.3897902831398999
2282	188703	0.3738282358972117
2282	438559	0.371564947835551
2282	468292	0.3934471929690376
2282	311123	0.39289126919712075
2282	4447	0.39921132902678774
2282	23611	0.37319998934230714
2282	330084	0.414339418796023
2282	554345	0.4041268268931161
2282	69353	0.38302044327580076
2282	254845	0.38766197801429
2282	504736	0.3880369815269755
2282	369589	0.3966357682858735
2282	490569	0.3872985000223487
2282	257477	0.3781485541174309
2282	550876	0.3623106216141946
2282	365084	0.3925443165217341
2282	440815	0.38494381896434676
2282	369658	0.39778350741428414
2282	211964	0.3803130892321345
2282	311293	0.393752749325854
2282	353278	0.38847736267530564
