2296	62976	0.28577699459790235
2296	146109	0.2953879942448659
2296	53891	0.1373942180428749
2296	499718	0.32990815402331236
2296	103047	0.3127075302161889
2296	126562	0.3215130790847756
2296	334747	0.3163023684953302
2296	3522	0.2381279509694088
2296	400867	0.3099115605033244
2296	177808	0.3427484727302071
2296	50235	0.24056323756218811
2296	162067	0.34609666259629895
2296	52548	0.2334538550588668
2296	62874	0.3109988821388571
2296	67099	0.27343851538785163
2296	530810	0.3736738475302106
2296	288158	0.3053632347241016
2296	53552	0.2531548298545991
2296	145627	0.32076608618743857
2296	17957	0.32088806804556685
2296	89510	0.3167494520850827
2296	89511	0.2954934363279286
2296	67883	0.32717378047332407
2296	340013	0.2522482000647355
2296	100399	0.30618639460392416
2296	31098	0.32132216930171553
2296	199944	0.29473256427217553
2296	238387	0.3375306602865344
2296	49845	0.2372484903061201
2296	528822	0.34049196140125076
2296	530811	0.34394581314676614
2296	91823	0.3094130711103005
2296	368373	0.3244315285629181
2296	465216	0.34510788511128
2296	405954	0.33809406455273777
2296	343755	0.2201101263897402
2296	87876	0.313942629287977
2296	540282	0.3221702539658927
2296	573256	0.33128371201108125
2296	336585	0.2945067018278539
2296	280395	0.31097056282518515
2296	89186	0.25570465868872133
2296	22735	0.29339994909319467
2296	66513	0.2928394083045965
2296	573266	0.33128371201108125
2296	264227	0.3396227930672418
2296	339412	0.24274638010388436
2296	64343	0.2951294127642311
2296	472792	0.32013121783158005
2296	236761	0.34221620481798837
2296	119387	0.32340250320310315
2296	342365	0.3117197545613594
2296	237534	0.2896931782627646
2296	125605	0.3201240806346654
2296	400866	0.3099115605033244
2296	342115	0.2930486337127983
2296	190437	0.33701655628081134
2296	344423	0.2907287398830672
2296	78957	0.02510146544549842
2296	31087	0.32360108891515915
2296	535153	0.3240587092129054
2296	341365	0.3106343752968681
2296	68474	0.3004983782456068
2296	249723	0.30191459925628167
2296	299132	0.29837009251231383
2296	298238	0.3135272103965466
