2428	139777	0.4622682563773705
2428	467982	0.48464990821773046
2428	18454	0.48373706794053106
2428	397335	0.45762310602101175
2428	90649	0.44628938704192805
2428	294429	0.49121031135314314
2428	251934	0.4736239881556061
2428	438819	0.4601058813906145
2428	511527	0.4682604464527413
2428	499240	0.44624747301441514
2428	388188	0.4909173793868858
2428	260139	0.4696177152050892
2428	260140	0.469485081615136
2428	499247	0.5033456110137485
2428	128565	0.47175494770792137
2428	499255	0.43236718733982843
2428	41025	0.4654545662493003
2428	61000	0.4926723964497382
2428	275020	0.5030055279488734
2428	520786	0.5202860177137799
2428	499291	0.5073931381187512
2428	509020	0.46873496339766246
2428	278119	0.47990545012080454
2428	293992	0.46178957426367306
2428	242292	0.5092966783853063
2428	297083	0.49700580549503864
2428	131417	0.4694195028021192
2428	128135	0.47820008164032074
2428	476296	0.4738332639509081
2428	4631	0.4836825162946579
2428	358028	0.4697309136130853
2428	279693	0.4659835058279377
2428	294034	0.4766670044909941
2428	213653	0.4860095252114116
2428	13469	0.481382161573674
2428	363172	0.48053608797218667
2428	265893	0.4684345916794659
2428	562352	0.4617093809989708
2428	256700	0.4808130454860548
2428	326850	0.48537095078615633
2428	13512	0.48045520400203284
2428	468690	0.47484832094417057
2428	29911	0.4532845182455835
2428	382169	0.4881094871799764
2428	172764	0.43840091722771474
2428	388322	0.4514522804471612
2428	436965	0.48248595123889193
2428	133871	0.4807126621079058
2428	519920	0.48020041859083873
2428	152104	0.24972393259793615
2428	387831	0.48063955336790465
2428	280020	0.4703735613407621
2428	541947	0.48284183549301907
2428	538878	0.44675866176564033
2428	290047	0.44809894694416685
2428	59147	0.4683678015560905
2428	133907	0.47241738373527403
2428	523030	0.4749957488481557
2428	507689	0.47477056402674683
2428	328839	0.4603899384589131
2428	41439	0.4310311617995432
2428	562494	0.320651893674805
2428	579417	0.4802346540007512
2428	204517	0.5156013640390752
2428	559969	0.48615067250343014
2428	57189	0.4880222954390742
2428	536770	0.34681314394121615
2428	427902	0.46811986308316333
2428	310659	0.48112091199806156
2428	263045	0.46255255812638496
2428	302999	0.48097016276159443
2428	1420	0.4859583880105315
2428	405389	0.5016845398758601
2428	553871	0.47825673832665033
2428	405392	0.5251713839406177
2428	60823	0.47267350088821736
2428	391064	0.46940541827549365
2428	222191	0.4321444175410086
2428	428965	0.4811336697816866
2428	85428	0.4980236878560489
2428	163769	0.4775519100986991
2428	465360	0.45881662049897026
2428	281041	0.4743987158294238
2428	291493	0.46986012301580654
2428	466387	0.5277987256270983
2428	480724	0.48524448657026514
2428	212437	0.45802880307311183
2428	361721	0.4659431242246702
2428	415199	0.46107873563943425
2428	143841	0.45630347871252636
2428	413154	0.48047372616049566
2428	222180	0.4823656397586753
2428	128594	0.35375516730288825
2428	280054	0.47179648786222306
2428	129019	0.4896843465576795
2428	466429	0.454717515550823
