2543	240128	0.4712364750851796
2543	461314	0.4236395801767701
2543	130563	0.4626702552208086
2543	448517	0.4519833656170487
2543	384518	0.4601877098870507
2543	385546	0.4295854133029244
2543	189966	0.474675579398867
2543	283155	0.4444745380690281
2543	386071	0.4478124314226755
2543	525859	0.46582003401957744
2543	472412	0.4280250358047353
2543	497708	0.4696158495096795
2543	444462	0.4377406957786409
2543	461873	0.46323257926250216
2543	332868	0.45886374930355434
2543	374342	0.4327458124648219
2543	36938	0.4371894285079515
2543	419407	0.4543049950058699
2543	431698	0.47722105030370426
2543	118363	0.57078798737283
2543	245852	0.4577731305598942
2543	159841	0.4530145260972615
2543	219750	0.46320424426684975
2543	537192	0.4604290444459737
2543	121455	0.4559615121175263
2543	383604	0.4690635711130024
2543	193660	0.4392894579193315
2543	234112	0.4669133847797892
2543	188547	0.4481079212097088
2543	562308	0.46592823247596654
2543	54923	0.4653195137043134
2543	234143	0.4707800440901102
2543	38256	0.45560536921971295
2543	560096	0.44928978200802105
2543	383147	0.4686220324741762
2543	258737	0.35252669940624065
2543	500409	0.4492927996757491
2543	234186	0.46358553379578576
2543	160970	0.46125840946085284
2543	498895	0.4234341735383567
2543	318161	0.4584445191484675
2543	127705	0.4717790671233051
2543	247005	0.45376651396634055
2543	338150	0.48038786544415596
2543	37612	0.4418628518003759
2543	140157	0.44266199484858426
2543	128335	0.33124824056609775
2543	333560	0.44745217465507503
2543	489733	0.4612896014304469
2543	374535	0.4521440050575903
2543	219913	0.4525141258651051
2543	60685	0.4447488499458298
2543	334095	0.5384905117941391
2543	330512	0.45071932728695957
2543	205078	0.45218837158762326
2543	210716	0.44683702090429783
2543	383274	0.4745630706058095
2543	133419	0.4127630478753255
2543	191790	0.45923372979855676
2543	247605	0.4535344345582859
2543	96566	0.43850878424927425
2543	500536	0.4589941406268991
2543	311093	0.4737511636783938
2543	184288	0.4501066287212264
2543	348746	0.4414984944235107
2543	94006	0.38914694392475824
2543	292167	0.4505036965866167
2543	457544	0.46669874509169557
2543	128333	0.347772061032538
2543	205647	0.4696660061644745
2543	349008	0.45244492852171
2543	472406	0.26143150785899033
2543	210780	0.45238350463644605
2543	256872	0.44887330125467284
2543	479088	0.4634793401447311
2543	266099	0.4596252597165136
2543	170358	0.4360836424650555
2543	385402	0.4295854133029244
2543	54652	0.4613629914146307
2543	191915	0.43635362045429643
2543	27016	0.37561256019783484
2543	457615	0.4680465325699858
2543	191894	0.43526804958368337
2543	505768	0.5477902787419642
2543	375209	0.460231318665357
2543	16299	0.46965394211164185
2543	115117	0.44631622522931885
2543	261042	0.4438109748688545
2543	399288	0.46349934679812266
2543	183227	0.45001391442587985
2543	490941	0.4589784419155235
2543	244678	0.4618851251932327
2543	244681	0.43589626291137
2543	244684	0.4054605650566405
2543	218065	0.4607995092678516
2543	114135	0.4549584261059702
2543	548313	0.44981492081849245
2543	374235	0.44138131682424936
2543	387036	0.45557893985619446
2543	93152	0.45131939246666863
2543	453099	0.45317316596938284
2543	580596	0.4707914774698798
2543	454133	0.45520056755296695
2543	230911	0.4307384864377206
