2617	562816	0.3463656223763337
2617	158016	0.30937380766170086
2617	333828	0.3110703643741196
2617	251014	0.32400908580556553
2617	455431	0.3130426788364422
2617	302188	0.26299226194589426
2617	291031	0.3331568913453057
2617	374668	0.3264926793134609
2617	540941	0.3259388993774386
2617	540942	0.3262891929375183
2617	244112	0.3034357150023143
2617	340531	0.35680666039663855
2617	513170	0.31107493520851276
2617	340484	0.3238900975938929
2617	309652	0.3129122178073405
2617	344087	0.3772170989048079
2617	540890	0.32583857028705254
2617	334233	0.31908326718351576
2617	332324	0.34775545496002686
2617	359325	0.32643535206169016
2617	352542	0.22921718345874714
2617	450384	0.31219982446863326
2617	213281	0.34012621070614707
2617	229811	0.3147490812374676
2617	163875	0.31082054412380833
2617	503204	0.3586577799158882
2617	524581	0.28782708689863856
2617	62886	0.325918246570268
2617	251042	0.31690141820065576
2617	352552	0.3113408966749715
2617	513193	0.32260753137977544
2617	303495	0.3125046924889798
2617	265901	0.3209497137628129
2617	540889	0.3149644108948732
2617	523569	0.3378526680525715
2617	101427	0.31974720961368197
2617	224736	0.3200821411764435
2617	238008	0.28931051066608354
2617	375355	0.31074310634339425
2617	197377	0.3222163128315271
2617	177727	0.31799835564738277
2617	265920	0.3134234459375576
2617	524384	0.3038586665780964
2617	564364	0.33436019049527754
2617	479499	0.28879277655558894
2617	287208	0.31750758581775074
2617	540964	0.3139018562612585
2617	496585	0.38440700775120046
2617	205771	0.30173412482931283
2617	341709	0.3113901802327032
2617	450383	0.3054126172966086
2617	241104	0.2803894136823322
2617	232529	0.35127062315273405
2617	262482	0.2949367266903804
2617	284244	0.3367688322950379
2617	291030	0.31079333255526487
2617	302167	0.2944380461341399
2617	359384	0.28851377438603587
2617	410457	0.33289174002127947
2617	239834	0.3181411289009584
2617	541019	0.29789035587714247
2617	275677	0.33459641058872186
2617	540894	0.3112404823300055
2617	123360	0.28091828848378475
2617	540752	0.33961918669524926
2617	435171	0.2936622642012636
2617	514661	0.323247946773967
2617	421350	0.34062965955025454
2617	435176	0.3288794555344668
2617	540905	0.3084105689679912
2617	131946	0.344873833116207
2617	454636	0.23216713069359757
2617	49997	0.2817771961060715
2617	127600	0.29997702255788206
2617	567794	0.3071779721894219
2617	227059	0.3243381243411927
2617	540917	0.29596678067666016
2617	549481	0.32611288130935534
2617	541176	0.2913531947062655
2617	267416	0.3351701614857414
2617	340415	0.32193933851684053
2617	237849	0.31068292684898113
