2697	467972	0.4970695575781102
2697	409102	0.45909019528496847
2697	71696	0.4602408087270537
2697	311318	0.4493342876225397
2697	271900	0.4499775625423516
2697	39966	0.49971062204657446
2697	39968	0.5141741100858164
2697	9252	0.4451896834723245
2697	225839	0.44264913478917245
2697	47168	0.45217706809221847
2697	474177	0.46450915568942686
2697	265995	0.4789026548572246
2697	14928	0.457856318106308
2697	452701	0.45164050976406483
2697	58989	0.44569758576629354
2697	46702	0.47372871987530946
2697	441461	0.4606955437484607
2697	362102	0.443321146459243
2697	368247	0.48034380247000136
2697	409208	0.46967392778004124
2697	74363	0.4712450972744396
2697	556673	0.45196226855577515
2697	71812	0.46072511566247587
2697	573632	0.441239525735846
2697	97389	0.4591915005300904
2697	103596	0.44713561479495206
2697	488632	0.4471345820911463
2697	30396	0.45400785899380863
2697	532239	0.44751381644974264
2697	97312	0.43509208302308217
2697	141507	0.45023356064164216
2697	561861	0.46009997753743576
2697	493265	0.4809833147880135
2697	61140	0.46999527230023497
2697	576223	0.375746199119655
2697	343776	0.5271917364086598
2697	76005	0.44626481958881375
2697	392938	0.46330077629888883
2697	325869	0.49267153709274647
2697	445679	0.4880521775366802
2697	141047	0.4572865812281862
2697	181460	0.44841235549751657
2697	389375	0.4435779084415088
2697	554251	0.4538369587243325
2697	345359	0.46827378946707265
2697	124197	0.4773995672134692
2697	371494	0.2238575530923267
2697	42803	0.4510524841785817
2697	386873	0.44314225162632537
2697	230623	0.4191386631282491
2697	25410	0.3880106217563204
2697	70983	0.44699843508826875
2697	317783	0.38269393457430906
2697	76006	0.45051559643718575
2697	24935	0.45564067365350086
2697	426350	0.46148628516833484
2697	175490	0.4906143048423762
2697	11139	0.4179491689690807
2697	417171	0.4462501040347658
2697	355228	0.5161690150327223
2697	572317	0.4444509331616629
2697	560046	0.4596181074515723
2697	417199	0.47676432913328587
2697	442292	0.4651456795372833
2697	409359	0.44059320902750654
2697	225232	0.4646435545282321
2697	547013	0.4421521615023411
2697	366054	0.41900928097470985
2697	558063	0.4531062590695961
2697	184079	0.45098473803124006
2697	305144	0.4967730659576872
2697	11775	0.44449713376024824
2697	226302	0.4384197068174865
