2791	205128	0.3682790802815612
2791	21633	0.36568719268022637
2791	439723	0.3557629720729759
2791	316758	0.36363692672735615
2791	132102	0.3739578051845637
2791	56583	0.31201868805252553
2791	63753	0.07513763238720227
2791	93707	0.3705965898969061
2791	205709	0.3497943416009229
2791	50958	0.3885292739126068
2791	322959	0.3586337283164327
2791	374801	0.3479966478591636
2791	494995	0.3779688244893118
2791	555927	0.32287998521056427
2791	383637	0.3936838975337452
2791	209678	0.3654866293241529
2791	418076	0.37355691384932654
2791	233119	0.3563535990474163
2791	421152	0.3262231955324884
2791	159012	0.377079558031914
2791	209701	0.36893954390126543
2791	174318	0.37288986515576195
2791	234024	0.36987045199745033
2791	321518	0.3514070945980869
2791	305322	0.3673019409359625
2791	579719	0.3728144759317712
2791	289453	0.36953884816795407
2791	531109	0.3893995511847538
2791	370998	0.3412128458363141
2791	89097	0.36144225604302654
2791	49594	0.37451427593854136
2791	551483	0.39127016982160945
2791	235196	0.37385223029608144
2791	315842	0.36564844617402753
2791	218315	0.36596406407011145
2791	319557	0.35713470299783273
2791	398535	0.3816605695271376
2791	560328	0.38210673242107107
2791	273609	0.36645747720650934
2791	314059	0.3839225918038494
2791	6220	0.3815692632813633
2791	421198	0.3596896575743708
2791	235344	0.36130761727326344
2791	307154	0.3929762552131167
2791	25934	0.3711757019022184
2791	511701	0.32488580627966696
2791	397910	0.3740475114924489
2791	91223	0.37093814946507436
2791	546008	0.37018150732581845
2791	26923	0.34295073904060014
2791	397407	0.3660378830043494
2791	564552	0.1910115872595197
2791	326151	0.378247863711244
2791	325219	0.35381228247647617
2791	319332	0.3730342121452961
2791	264718	0.3583660360349186
2791	323558	0.373525198130195
2791	132071	0.36957271651962015
2791	6222	0.3784264644060581
2791	317010	0.37508117001991853
2791	51438	0.36340691676714054
2791	18928	0.40651452731592785
2791	411283	0.31451350353816593
2791	393166	0.36400268362751276
2791	543093	0.32822924027272976
2791	51703	0.3671527929217486
2791	290682	0.38280488285824177
2791	314495	0.3613127431286656
2791	104959	0.13465829373462204
2791	407934	0.38182944283353193
2791	66431	0.3620068189771622
