2792	67840	0.4222316504301588
2792	368257	0.4470414855911691
2792	410883	0.44700454368833226
2792	190724	0.4586368619360183
2792	78085	0.4417006494198384
2792	268806	0.439909580497952
2792	542551	0.44231654872003745
2792	400396	0.4455890858471571
2792	554614	0.4364256649187376
2792	287760	0.4494826220967009
2792	28696	0.44268869422479645
2792	75667	0.44700069363516437
2792	472852	0.446241256235439
2792	86549	0.43058853470996766
2792	227608	0.4368441561292588
2792	417435	0.44620692005613566
2792	45596	0.44726805115161106
2792	537523	0.45025975789469747
2792	67269	0.45315489370942885
2792	229857	0.4561854246700843
2792	21555	0.4329326993106916
2792	530596	0.44053312055173643
2792	132133	0.4285602077267099
2792	86341	0.43672209801487305
2792	53289	0.44726454755983647
2792	401607	0.43512174243696555
2792	553006	0.43079767975434896
2792	161211	0.44859857903754957
2792	309681	0.4518166429424642
2792	367283	0.4397378809759519
2792	556340	0.4667769748743516
2792	342070	0.453333398438588
2792	182881	0.451599468508421
2792	268728	0.4619291476097377
2792	203834	0.42711135118752075
2792	326303	0.43822097801514875
2792	182588	0.44043470875069063
2792	124477	0.29821177159109474
2792	426302	0.44641611133207204
2792	332099	0.38302859884895246
2792	285827	0.4316987297011309
2792	66885	0.36805563949024883
2792	478241	0.4378635504250457
2792	176842	0.44491475837387656
2792	358092	0.4453857765644606
2792	522058	0.4397384920375202
2792	513867	0.4360217647376347
2792	553292	0.44246073883962406
2792	79429	0.4305742288120938
2792	495569	0.46080188084595475
2792	335830	0.45455292195176666
2792	287575	0.4882454426539599
2792	367448	0.4304099231048368
2792	63961	0.3814158034623246
2792	533214	0.4435625048047549
2792	354911	0.45186685726055553
2792	360417	0.44644739316880677
2792	345699	0.4292180497607309
2792	65508	0.38301720042817355
2792	229222	0.4359937169857272
2792	68583	0.41852198322266676
2792	11114	0.4339238819574082
2792	419307	0.4498153977499121
2792	315646	0.38349487240558205
2792	532	0.3907928096928388
2792	238782	0.4423837843895458
2792	137969	0.453710919815413
2792	30066	0.4390707979609521
2792	320889	0.4176781617260229
2792	138747	0.3300770967165747
2792	264894	0.4386065630929937
2792	347254	0.4126696480450056
2792	190712	0.4433173713064094
2792	524564	0.4573775674417833
2792	65787	0.38158350870479
2792	30460	0.4516954841816783
2792	580856	0.432399538631983
2792	339838	0.4038914730733924
2792	379029	0.3839082531552764
