2802	12292	0.40776067863037674
2802	17413	0.366206116603712
2802	227851	0.33911329431356485
2802	439820	0.4059868421588229
2802	418319	0.3851771388322717
2802	355353	0.39961062193481045
2802	184861	0.3995875305812274
2802	571824	0.3891417124160922
2802	261157	0.38894893399893476
2802	455214	0.39830465293597944
2802	42036	0.33494086371900855
2802	15415	0.4004711744419436
2802	42048	0.40166691479084315
2802	42050	0.37962019845174444
2802	42051	0.41773090179713335
2802	542276	0.38263463707995604
2802	50246	0.38060704943032203
2802	56161	0.37533263650431686
2802	334860	0.3821262580076509
2802	112728	0.43717765858104324
2802	261124	0.40413801780495523
2802	420959	0.3702914597859771
2802	196966	0.3741460436275058
2802	55913	0.37441621455315055
2802	27756	0.40629374832153164
2802	534125	0.37202101053960107
2802	377966	0.39687795230145967
2802	410557	0.39084267866880584
2802	569045	0.4110406937570522
2802	370807	0.3554163374437927
2802	285817	0.40017472710040736
2802	531068	0.4016100829731543
2802	421003	0.31621252881336404
2802	261261	0.4024475811642777
2802	324249	0.39888859206454563
2802	559770	0.4060534594602058
2802	118433	0.38331896102049545
2802	243875	0.3941552141818907
2802	113097	0.3914177054785142
2802	39622	0.408974822001778
2802	421076	0.3694680119148886
2802	421077	0.34788561283058106
2802	538840	0.3716703417482041
2802	421081	0.36032120580189086
2802	478245	0.3841762424956224
2802	529126	0.3736375691696257
2802	261244	0.3745063978199668
2802	580337	0.39530463044740405
2802	492794	0.390515024716687
2802	144085	0.38660232838091246
2802	303367	0.37779018971621714
2802	430860	0.386751432906244
2802	19728	0.3888677486736698
2802	430869	0.3813945605974615
2802	430870	0.40077513277286375
2802	421144	0.38528038260489683
2802	541466	0.3664376459706463
2802	271142	0.4101627774491911
2802	410417	0.39070783438801987
2802	224562	0.3798597519469594
2802	202562	0.3635839508532364
2802	55435	0.35948821535840286
2802	7497	0.39866330832457725
2802	405834	0.3998873949761841
2802	259915	0.39341514927101906
2802	550226	0.4043597236261466
2802	238433	0.39196075710806216
2802	88932	0.3823498268229029
2802	80102	0.3397596735359814
2802	498022	0.39133517148819347
2802	407911	0.3994087652095052
2802	262513	0.37718674524960694
2802	333683	0.3882045915047495
2802	407926	0.40043984984736675
2802	88956	0.4277745783114841
2802	270208	0.4313644392552733
2802	15424	0.3950798667984669
2802	88968	0.3771010184644069
2802	553365	0.40019760578143876
2802	553368	0.3785416308048688
2802	420932	0.37338290215736947
2802	342939	0.4017422204311533
2802	264604	0.3801134112650102
2802	431003	0.38834053118939227
2802	287142	0.3504634184291356
2802	418204	0.3792484598974063
2802	175018	0.40380752079565035
2802	224683	0.36926013919860096
2802	50608	0.3796355031828084
2802	64441	0.3454019315301417
2802	268618	0.4207490411653625
2802	105417	0.39676107444646935
2802	113100	0.35442302436114415
2802	411598	0.3702346332839041
2802	7122	0.4002065954258956
2802	224675	0.3691084975613671
2802	405974	0.3998781128515705
2802	7130	0.41733177989073367
2802	18907	0.4200416405427466
2802	121839	0.39013826858987943
2802	121842	0.3798332443425996
2802	224681	0.3585935257947099
2802	121848	0.3951708116952133
2802	224511	0.36267644640637126
2802	540156	0.3826811046307276
