2867	47617	0.2544704110322752
2867	80388	0.3261073783826476
2867	80391	0.2603320908544076
2867	181768	0.3285542652622927
2867	295945	0.328910765523644
2867	124427	0.29871816810377655
2867	95244	0.32704953532551584
2867	383528	0.319067030109776
2867	103979	0.32792212954494004
2867	103980	0.3158388694668191
2867	392237	0.32146887307970934
2867	126511	0.3063731820093955
2867	489909	0.32121457362075784
2867	64065	0.21707702312705954
2867	459334	0.30979151992227744
2867	383559	0.3264375077856647
2867	172626	0.31602768946219273
2867	190035	0.3170552965004271
2867	388188	0.3258108320432509
2867	421989	0.3205253363478564
2867	1638	0.32978056686305873
2867	499833	0.3237765477633524
2867	63628	0.24150174569753405
2867	427149	0.21647312410014682
2867	491664	0.3273541574838748
2867	125079	0.33008441487773693
2867	97612	0.3264465149453438
2867	97947	0.3204068681823989
2867	450724	0.32737966205380764
2867	93864	0.322026238449416
2867	93866	0.3057888977741914
2867	130222	0.3229545640104556
2867	295602	0.31878731822922335
2867	544444	0.328243148802289
2867	389314	0.3219439720422773
2867	131779	0.32796317046229645
2867	369348	0.32218779041660145
2867	529611	0.29338586655036875
2867	53976	0.34511951806750074
2867	526042	0.3185144048022522
2867	321755	0.32954416720690866
2867	342748	0.3323908212762569
2867	111837	0.3271970991471102
2867	16109	0.32416229323441426
2867	118510	0.32746558878468024
2867	66287	0.23056693260914857
2867	421843	0.3293236247687233
2867	259828	0.30184857266401227
2867	500471	0.3240318265795504
2867	415992	0.3252923031074984
2867	500482	0.3366660008619783
2867	395011	0.3299775621732694
2867	104197	0.31737160484720395
2867	64263	0.26296157532531206
2867	62730	0.21099316883360494
2867	562447	0.30982271406547374
2867	381726	0.3311423477565751
2867	271655	0.3142715512849439
2867	62248	0.14125358579874364
2867	267050	0.3284697270763839
2867	57644	0.327834630514813
2867	36573	0.32599210420837027
2867	168244	0.32085023389262307
2867	68405	0.2165335623988023
2867	251718	0.32060728838704144
2867	9031	0.3345846089962982
2867	97609	0.3256923080768482
2867	358220	0.2959236499590921
2867	60045	0.32304959183635495
2867	129361	0.3247033695845153
2867	422228	0.33639411723995816
2867	457561	0.31592024016473497
2867	403290	0.3217090381305651
2867	26975	0.3063814276913008
2867	253285	0.3256242420590261
2867	399211	0.32932532250990004
2867	59245	0.32499392596980514
2867	528760	0.18281684078560342
2867	145280	0.2761851047092597
2867	373633	0.31890525095465627
2867	373634	0.31910640504407095
2867	112520	0.31894947336974955
2867	446871	0.32038724009237807
2867	73625	0.26901033397546864
2867	407450	0.33402963614275605
2867	189851	0.3208320790008947
2867	536995	0.3005371571046716
2867	453032	0.3202628005304122
2867	68010	0.2434985489826513
2867	458165	0.32943297234684465
2867	464311	0.31370373144237373
2867	349641	0.3141054992060165
2867	334795	0.2994987929440871
2867	185292	0.30630124047444646
2867	137165	0.32451567529035513
2867	307666	0.3162588986866004
2867	479187	0.29634893904228765
2867	479193	0.3243628973241272
2867	88539	0.2247968563557275
2867	353274	0.3285107606897293
2867	477152	0.3031449530582933
2867	118754	0.3443690865422359
2867	271331	0.31153861329780697
2867	61417	0.32505852337275726
2867	362479	0.31458304595547754
2867	89073	0.2847077545370248
2867	501237	0.3102902929989113
2867	75770	0.31834020567026494
