2872	259589	0.3870139301659266
2872	152071	0.3894876536455716
2872	144398	0.37166282420613056
2872	320018	0.3866799900710023
2872	457751	0.3928347178493883
2872	167451	0.39006951286444
2872	130590	0.3857398561734858
2872	493092	0.3911610322246322
2872	271404	0.3992369615109941
2872	436271	0.32577829265957425
2872	382512	0.38390879653792004
2872	385585	0.36186722748937633
2872	67638	0.3431688682488939
2872	114232	0.38048204983126727
2872	92218	0.3960499576773451
2872	548415	0.3867304216327227
2872	150085	0.3871772437940457
2872	211528	0.3906159578762242
2872	88675	0.32997018248276583
2872	457302	0.3916976345506968
2872	512090	0.3814332154485066
2872	389730	0.3923589286619002
2872	429667	0.4034905497127756
2872	557668	0.38750470073377186
2872	101989	0.39643240401088525
2872	166509	0.391862138564266
2872	167538	0.3922970114939255
2872	166012	0.389484117145322
2872	89726	0.39982145559304744
2872	266890	0.39353294501229236
2872	42645	0.40097830188571265
2872	311958	0.38992249899984477
2872	61592	0.39893801225985975
2872	454814	0.40070103333509305
2872	167583	0.3996781188281549
2872	33953	0.3934147993111088
2872	309085	0.40210834675826607
2872	447658	0.39321868825491785
2872	383148	0.39072602994585387
2872	98480	0.4002744991458997
2872	255672	0.39922030346381576
2872	167099	0.3941237113213771
2872	438975	0.3835825970600583
2872	6843	0.3881643553687661
2872	575176	0.3448424584239217
2872	523466	0.3975019133867092
2872	373965	0.3898583022665846
2872	106189	0.3818714555684619
2872	488996	0.40009609393567597
2872	573663	0.35065412262797857
2872	97510	0.3952296241125254
2872	167142	0.39287294428720304
2872	500458	0.37776573037984484
2872	81911	0.3904664722488005
2872	536832	0.38645667643907133
2872	166657	0.3928632786070433
2872	220946	0.3865944509928665
2872	375575	0.38901728788271583
2872	166182	0.38872400114132966
2872	167211	0.3969188075058496
2872	126768	0.3861460471970011
2872	25910	0.36967870427987753
2872	129340	0.40446171059681624
2872	110910	0.3907892162629724
2872	110915	0.3838954263950775
2872	65350	0.3399318782190822
2872	47944	0.3938549825992005
2872	533324	0.3871782852084506
2872	189775	0.39290609442428653
2872	68664	0.36272217077226243
2872	481620	0.38773566078149924
2872	24924	0.3379830541599625
2872	166749	0.39137912232787897
2872	414047	0.39466109058306015
2872	476512	0.3877501243063466
2872	81638	0.3955068032935953
2872	69484	0.394319214077228
2872	138093	0.3944181371227662
2872	66928	0.3443635830702566
2872	165753	0.38902321631671427
2872	535419	0.3993637092712969
2872	549760	0.3975972543725913
2872	167299	0.3892387462880684
2872	406413	0.40598303195692576
2872	358802	0.387168145139283
2872	358803	0.3770673616637791
2872	166805	0.3917065863237099
2872	313752	0.397968659561368
2872	167321	0.3927376615052292
2872	559006	0.40311005871586447
2872	375722	0.39283264360579206
2872	165805	0.3938823246356667
2872	285616	0.39594008153096744
2872	572850	0.38730027008516277
2872	220596	0.3923538489536698
2872	285112	0.3997210956379678
2872	495034	0.3876241162908158
2872	247455	0.3950666470479953
2872	517571	0.38847689335928365
2872	68043	0.3618808220200164
2872	373198	0.3909910236443459
2872	259025	0.39190705770999346
2872	519135	0.39153577179201804
2872	48610	0.3972587557312906
2872	373230	0.3944937869599424
2872	445428	0.31802035050888666
2872	61941	0.3942126392655305
2872	266230	0.39202022624685595
2872	109559	0.39600547057418256
