3043	450060	0.34301864795979065
3043	497165	0.3394392421768415
3043	395793	0.3344651781897798
3043	365077	0.3514823804461559
3043	110102	0.38039120825467965
3043	311320	0.35943309274465657
3043	40475	0.339758443149197
3043	570396	0.35340868329716957
3043	113696	0.317575021502374
3043	423457	0.31023095859403876
3043	449570	0.3429373277718543
3043	188678	0.3731294644122921
3043	487464	0.3753015914726339
3043	36908	0.35330057128318476
3043	572975	0.2992301531504384
3043	32179	0.3472772258028022
3043	119870	0.35388319311961824
3043	104524	0.3527881775248069
3043	1976	0.35314756285916027
3043	411731	0.3548461630711006
3043	356954	0.34243412087742947
3043	298076	0.3753966906769113
3043	488040	0.37073531347934563
3043	110185	0.31269839245938297
3043	573035	0.31221481852664323
3043	443500	0.3485675447007012
3043	571503	0.30302191863050615
3043	488048	0.35400882957901864
3043	257641	0.3668077786785017
3043	178301	0.4164737692642499
3043	488062	0.34654514034503614
3043	482945	0.35136106841220427
3043	572561	0.33399850786517404
3043	392339	0.3553218948703637
3043	266395	0.35115812837262017
3043	376480	0.4066835249339254
3043	570736	0.3554913143504419
3043	45740	0.36821446213809234
3043	1205	0.3478268057121669
3043	497336	0.3241742769925442
3043	523963	0.3512313659207834
3043	523474	0.3557951882721703
3043	120022	0.359692775239564
3043	156889	0.38822093487722803
3043	226531	0.36242549895287185
3043	238820	0.3431743652810711
3043	568401	0.2855524669234347
3043	198896	0.34809721194064036
3043	506111	0.3327256716020107
3043	257281	0.3660945538498047
3043	296577	0.33445863602009285
3043	127255	0.3420235756585696
3043	115998	0.2980574187751855
3043	91427	0.3391277517163345
3043	207144	0.351433279147427
3043	350526	0.34810597105522795
3043	441156	0.37137697938814235
3043	408415	0.3534581459216376
3043	146284	0.3600916731405169
3043	207728	0.35305587338729433
3043	574322	0.2854993079141657
3043	465267	0.33611891841184366
3043	141684	0.34853550820372114
3043	546170	0.3567827656597561
3043	472972	0.3455742113382894
3043	32142	0.3568315361047581
3043	467856	0.3583294541317237
3043	90530	0.3448725108401246
3043	141745	0.3476268440208844
3043	41906	0.3426749345942276
3043	377267	0.3980673469023495
3043	273848	0.34743028380135005
3043	572861	0.3460904806149777
3043	485323	0.3501840042831456
3043	211362	0.3504594168948458
3043	574927	0.3306124284092395
3043	449488	0.34940270640986254
3043	2005	0.2883264934239806
3043	82902	0.3080548560510444
3043	146915	0.3582954254399522
3043	569323	0.09534507974544705
3043	433747	0.34456639091655816
3043	120827	0.3529708936353341
3043	19964	0.3419476724748943
3043	493055	0.34318661872270373
