315	335873	0.4300551944554065
315	4612	0.3841298317441639
315	4613	0.3841298317441639
315	134289	0.41089107031190647
315	70290	0.3445659747955124
315	413726	0.41033688342735286
315	12074	0.3885542945014162
315	11315	0.41139846878504505
315	130363	0.4196249415586406
315	337342	0.3857680326037902
315	417223	0.4181242738748405
315	108493	0.42074460475349623
315	335822	0.4035881978614985
315	254418	0.41582711829306873
315	235989	0.3815288859031122
315	126553	0.4104901302354097
315	124133	0.42561671693038006
315	4848	0.41093633390474393
315	49342	0.4274477797883444
315	394488	0.296354556899251
315	394489	0.2960835418482607
315	141693	0.4248894695854188
