3193	66049	0.26733984784895237
3193	537606	0.3786405793777313
3193	439829	0.37998379426210677
3193	86551	0.41136633928796845
3193	269336	0.3837765741873876
3193	138778	0.38227728106217185
3193	411680	0.3467056259373269
3193	176162	0.45020215433592026
3193	21545	0.4270370725169791
3193	21546	0.5317363040532038
3193	229422	0.37147502901639085
3193	455215	0.4758258545889576
3193	52790	0.43202111125051096
3193	21574	0.39404318326456594
3193	121930	0.40930894410476254
3193	451151	0.23487463781968243
3193	198233	0.4279754014798441
3193	68709	0.31225118919428285
3193	304747	0.37467085833730074
3193	68731	0.39056571563404663
3193	559747	0.4012720449348829
3193	65671	0.2993461058714416
3193	142871	0.42505343307558696
3193	65181	0.2647034213958636
3193	125602	0.4260778060925666
3193	304303	0.36996853574836325
3193	63152	0.3128493876950157
3193	297139	0.39474778173320346
3193	575160	0.38467004943489724
3193	63676	0.3186430387888927
3193	63165	0.2942813781991242
3193	332479	0.33339762903644715
3193	238281	0.45495483213578863
3193	334541	0.4020196918824611
3193	291541	0.38081133589658783
3193	224470	0.37988136067855593
3193	182498	0.39784902087180485
3193	63726	0.2301443727255316
3193	249945	0.42051683601838946
3193	267560	0.38564975460509054
3193	285831	0.436261375294885
3193	344364	0.39750010239717315
3193	424840	0.4143357464192115
3193	415556	0.3538501928047888
3193	276805	0.40851970801690096
3193	110407	0.40902528193797594
3193	537928	0.37499985030095123
3193	110411	0.41031468372168606
3193	377170	0.38099380939509137
3193	67923	0.19251660751500213
3193	542553	0.4194755102572994
3193	367451	0.4131019783519841
3193	67424	0.317120921710918
3193	64868	0.3875640475517595
3193	375158	0.42034034050815283
3193	18811	0.2904318596532334
3193	63876	0.2834905227884375
3193	65926	0.38617309687816526
3193	425352	0.3510809016171892
3193	405897	0.4131788770374243
3193	405899	0.40214253101033903
3193	508303	0.36928624327595344
3193	177051	0.4062455530846224
3193	357790	0.3028001229329965
3193	357791	0.40524834931398057
3193	357793	0.36336955943820576
3193	274863	0.4113056136852151
3193	577460	0.3627292525993032
3193	30646	0.40428596715105114
3193	304057	0.39279520592215716
3193	66493	0.26847651068019424
3193	140227	0.3949045106786475
3193	438219	0.37284360699688607
3193	316877	0.42113832548978625
3193	8153	0.44304700319871415
3193	238558	0.4298077580184186
3193	181727	0.44349494707066256
3193	395234	0.44010512560351095
3193	62947	0.274319611707965
3193	298468	0.36506318083475553
3193	296429	0.40626811006335706
3193	381779	0.3758374856564328
3193	330228	0.4126660495248805
3193	62454	0.32497593601136
3193	411645	0.39343428359099175
3193	176639	0.41646543262288105
