3195	431104	0.46375088064343384
3195	307201	0.4531548900822985
3195	103427	0.46973754589409145
3195	247305	0.443728308089477
3195	68619	0.28978921110752165
3195	499117	0.43254149977902207
3195	387096	0.4608613878875328
3195	116252	0.44044452535166917
3195	329252	0.44823250061741615
3195	329255	0.44824356005253346
3195	110636	0.4494424672148885
3195	191837	0.4125462207816711
3195	581175	0.4663014832869613
3195	418364	0.43696981552905867
3195	218178	0.42042769312858685
3195	99395	0.4188427651685212
3195	311879	0.4461139180832884
3195	504588	0.4889477145965318
3195	217167	0.4163994683366535
3195	347729	0.4562555592704894
3195	206939	0.44575367076701056
3195	63070	0.3774039033371104
3195	267872	0.4345796323053432
3195	149607	0.45542772911262125
3195	516713	0.46015277371473373
3195	43627	0.4433251274262693
3195	469101	0.36663547957758985
3195	461953	0.48827927827906703
3195	114818	0.4327116775195606
3195	290436	0.4292626576935541
3195	446604	0.43510466984526985
3195	91796	0.4288241333032366
3195	393367	0.40522623280719655
3195	201728	0.4535317009710052
3195	217265	0.3961695249947797
3195	399219	0.41005359852231105
3195	307892	0.44221992356730055
3195	394939	0.4448186721073334
3195	199868	0.46474076144699206
3195	357568	0.5260229132058516
3195	328404	0.44519629020898016
3195	581333	0.45315322410408077
3195	146646	0.44462370307749727
3195	448730	0.45072626965266055
3195	247515	0.43462984000581717
3195	146144	0.4432477598853297
3195	555747	0.4370269001604317
3195	547051	0.45040619885039584
3195	174317	0.43443411752369115
3195	377070	0.43723795797877235
3195	348399	0.4732097546618731
3195	174320	0.4329834584864055
3195	322291	0.44760554006307773
3195	310005	0.4550000243190788
3195	221942	0.43855630929113343
3195	528638	0.44197460875601385
3195	197846	0.4521237360699128
3195	426113	0.4546530606957803
3195	348940	0.4315137691792863
3195	322321	0.47692607153116673
3195	375572	0.4432348171650354
3195	232725	0.4424070845207119
3195	489242	0.4453354438593015
3195	291101	0.45926167701993065
3195	172320	0.46073681889104307
3195	305446	0.42486510782993475
3195	548647	0.4744077652447048
3195	433069	0.4573201168176297
3195	461100	0.43831294162380574
3195	215347	0.4314142513529523
3195	62774	0.38454051267589234
3195	129847	0.4424902109127783
3195	437050	0.4622281619370374
3195	368443	0.42604459183241966
3195	327487	0.4524739286947119
3195	232773	0.41970724647617036
3195	222022	0.43447347975028316
3195	330577	0.5939230470181466
3195	258874	0.44327595495098004
3195	188773	0.42740915156631193
3195	280939	0.4815244006967695
3195	68467	0.4017532047833173
3195	45433	0.4318703048740789
3195	143743	0.4191729478432097
3195	25999	0.4834681931461449
3195	262981	0.40672121272196965
3195	197027	0.5287744286896371
3195	153517	0.45585166912465874
3195	208305	0.4528224338622419
3195	436146	0.5028054476482601
3195	87483	0.4374715760373452
3195	119235	0.3879847039542242
3195	445895	0.4285727966616627
3195	357837	0.426700807207493
3195	184313	0.44745477745070067
3195	215513	0.17836248632267154
3195	252891	0.44603364709899007
3195	577501	0.44265621697893714
3195	314850	0.43610748295164703
3195	144868	0.4545604760677654
3195	262640	0.3984297423230525
3195	215539	0.42572939198162885
3195	28665	0.4901686291786622
3195	40955	0.43986197833652296
