3206	81920	0.32486204719916295
3206	152074	0.3343885391772386
3206	193548	0.3223988836384205
3206	75286	0.33124136181393393
3206	475159	0.34327446638865766
3206	499737	0.33691333459433537
3206	158811	0.32416101119425095
3206	159781	0.34462058363483156
3206	327208	0.3290502389942432
3206	107562	0.3331626472832685
3206	91696	0.331713151469582
3206	532529	0.32314931762998816
3206	231989	0.3265767483652322
3206	170046	0.3298623009411618
3206	253507	0.33623239562326873
3206	515654	0.3322965063089475
3206	106558	0.3262374663630629
3206	513622	0.341305098985451
3206	344155	0.34826931632027264
3206	211548	0.3421532550320275
3206	205936	0.30880129959525865
3206	399990	0.33844981909447425
3206	145430	0.33831225729366243
3206	312966	0.33736618490543824
3206	138890	0.3234775877965614
3206	152205	0.31998651655935434
3206	14997	0.32741666702089883
3206	338070	0.3354038260585253
3206	418841	0.3328059240757534
3206	533658	0.33090606043174764
3206	12959	0.32743186620308296
3206	490656	0.33201588160726947
3206	82594	0.33634832006269216
3206	348324	0.3362044947041935
3206	5800	0.3322534831986158
3206	541872	0.33878157332538716
3206	562357	0.317398194678287
3206	361142	0.31774647334825956
3206	577720	0.32633216813906823
3206	92532	0.33877446138009887
3206	383681	0.3268343790385793
3206	161476	0.3343011431873546
3206	180940	0.3225925671056135
3206	177871	0.35567512487195113
3206	189305	0.3276071017067783
3206	180953	0.32841659501541726
3206	367839	0.33536978899716763
3206	6886	0.3366276301403046
3206	429608	0.3364465336160094
3206	566518	0.3378861409908239
3206	323324	0.3352305487095141
3206	282879	0.3211367713809451
3206	550154	0.32928917853872186
3206	251351	0.34388831855183494
3206	184077	0.33086349847572166
3206	340220	0.34909702501337764
3206	358182	0.32644155415619663
3206	107304	0.3177147760401563
3206	431914	0.3404986506813477
3206	578864	0.3183792072271627
3206	219954	0.33083185646054747
3206	348469	0.3228342192846645
3206	451896	0.3335886807555273
3206	362810	0.3341038059746596
3206	550203	0.3320195546279911
3206	191805	0.3108247904715578
3206	559436	0.3329300331162366
3206	490830	0.3275293017357288
3206	394575	0.32593213915743885
3206	363344	0.3436872944557613
3206	490841	0.32443971478877914
3206	29024	0.3252182068575259
3206	559972	0.33372231936906155
3206	537318	0.33877763622405965
3206	129894	0.3372343574174114
3206	281448	0.327846500625878
3206	13163	0.3388302697174157
3206	129901	0.3353132576587415
3206	376808	0.31943809864714356
3206	73076	0.34571790116802953
3206	390206	0.3129647230014294
3206	245113	0.342149419271015
3206	74622	0.3314794460255792
3206	312205	0.33418705029652807
3206	144286	0.32318021983937784
3206	233377	0.29552024522361847
3206	237992	0.31061456704382717
3206	29103	0.2979987829019679
3206	406448	0.30790972118023446
3206	349105	0.3410993744751175
3206	413107	0.3397748775428202
3206	338868	0.30577456139001413
3206	305597	0.33136251983631193
3206	326645	0.3228667267890127
3206	232905	0.3299973094151857
3206	346065	0.3417848782621856
3206	445397	0.32726387081365993
3206	246743	0.3344459981511388
3206	72667	0.33648375475292674
3206	317916	0.32092516694345546
3206	72675	0.3196012413424026
3206	77797	0.32612084618347187
3206	167912	0.3414659539116423
3206	148988	0.32354613404792804
3206	462325	0.3251282686109853
3206	546812	0.33380833200772814
