3277	288256	0.3645507701922996
3277	331350	0.33469453863359117
3277	200711	0.3115095833930965
3277	468499	0.29997191080700564
3277	121876	0.3162545197081508
3277	121882	0.32028818564267414
3277	121883	0.31551558969065624
3277	161310	0.3221324027259771
3277	262693	0.3372988097392103
3277	322600	0.24260778192894714
3277	10793	0.3230593398799742
3277	359466	0.2943528931744795
3277	53291	0.3153497267364889
3277	288309	0.34153972455301307
3277	78391	0.321010369559934
3277	78392	0.33670047207462533
3277	239455	0.34493176124230807
3277	338495	0.3158385611709505
3277	288326	0.34178436109229476
3277	288335	0.3517358339633047
3277	77865	0.29488691990836263
3277	377430	0.3095825689016743
3277	377431	0.3269779593582079
3277	457817	0.3200184205549963
3277	164956	0.27857765384013455
3277	214109	0.19306090254341915
3277	550245	0.3068987403927245
3277	331361	0.34317148787277413
3277	186985	0.3618313840649513
3277	121875	0.32028818564267414
3277	331401	0.35353317577591775
3277	138384	0.2963284596733324
3277	468116	0.32375036610452496
3277	567065	0.319334424461875
3277	339608	0.3404382819656718
3277	251039	0.31199056262329705
3277	243371	0.31496222085007236
3277	64690	0.26079806615713264
3277	426676	0.3151533386013589
3277	426681	0.3284627273006047
3277	535233	0.315811498704872
3277	535238	0.32840348630583727
3277	535246	0.1436089362636866
3277	572623	0.29867777169098425
3277	335579	0.33050582612212964
3277	535263	0.286656073116024
3277	377436	0.33718305387144626
3277	238306	0.3664851262845651
3277	451300	0.27090955819724166
3277	432870	0.3124631126481602
3277	28407	0.31972640138202074
3277	251130	0.316553641765532
3277	109308	0.2721814322497037
3277	241451	0.3266786163082396
3277	333581	0.32010874934988603
3277	173332	0.3115402069710762
3277	75031	0.324263491954217
3277	274712	0.32388151759975425
3277	274713	0.30071689171243804
3277	274714	0.3295101669423822
3277	101154	0.29829323854515527
3277	239908	0.33691932219841153
3277	429862	0.28960122927185966
3277	151339	0.31694670535515773
3277	241452	0.3120818412117455
3277	229174	0.3408614339138212
3277	263996	0.2921444544398854
3277	341309	0.3578878546824461
3277	561471	0.3522776213411576
3277	561547	0.2863407473744855
3277	95054	0.30426349118569335
3277	338256	0.3547871190855609
3277	147283	0.3369897858883058
3277	429925	0.33209587941178154
3277	496479	0.32063238425937085
3277	550240	0.12629324852352591
3277	550244	0.3192205325312039
3277	477029	0.31552105878041276
3277	550246	0.3068987403927245
3277	148329	0.3236171627023926
3277	506221	0.2921608437813796
3277	247668	0.2748351131928632
3277	4927	0.2880852963130378
3277	227711	0.3995000072780651
3277	104843	0.3139071624258118
3277	421284	0.31636485107739937
3277	49573	0.34130641434042264
3277	43443	0.3264685142137779
3277	266164	0.31501284550126685
3277	490946	0.31475340404286734
3277	314310	0.31959481023607256
3277	213974	0.3382384625232474
3277	288215	0.34699219156755423
3277	524764	0.26116348080771273
3277	573409	0.3130559372535708
3277	573410	0.3065400269676631
3277	112181	0.2288378843736
3277	537072	0.2557646082490674
3277	537073	0.2394356192223744
3277	537074	0.05048871879419126
3277	30035	0.22416125850551463
3277	537076	0.2203643590469738
3277	537077	0.26331333429083376
3277	531959	0.3105024326496656
3277	531960	0.31390268593185844
3277	531961	0.32894023319203586
3277	331260	0.3281217095132489
