3310	25604	0.42099222806365455
3310	246278	0.4105104129740803
3310	266256	0.49700771613050954
3310	266271	0.36996016771130336
3310	251944	0.49788241982445947
3310	446131	0.4727571625763928
3310	355394	0.46577784880289186
3310	543813	0.6360388096181246
3310	83535	0.3005290446840258
3310	543824	0.4866603114664179
3310	543826	0.4512718288096738
3310	493152	0.5518520659075987
3310	466448	0.4840240121298047
3310	239202	0.46480100352835907
3310	263271	0.5950501645900085
3310	438895	0.5046685230457015
3310	438896	0.4466305650171972
3310	438897	0.4803181631390115
3310	543858	0.48088716420512434
3310	438899	0.3767578201489476
3310	282828	0.44901121706304514
3310	506487	0.4546631158808233
3310	282759	0.37366941385196695
3310	282760	0.423073367005957
3310	282761	0.4552300640684833
3310	282764	0.2837842714340386
3310	285838	0.4445188942847286
3310	282771	0.4241396703455546
3310	539292	0.3568976319177025
3310	543857	0.48088716420512434
3310	438898	0.4421610113530008
3310	284336	0.4878058186014362
3310	284339	0.3902696731163913
3310	284340	0.3826578616699934
3310	284341	0.47060570709775984
3310	282825	0.40749677638451653
3310	282827	0.36898957942108274
3310	428748	0.47275655620888535
3310	395981	0.5149369460434099
3310	395982	0.38406490622605177
3310	551661	0.4826237331786485
3310	333052	0.43312468357214756
3310	16125	0.5868352985136656
3310	435968	0.3716227996898134
3310	435972	0.4449026182051055
3310	435976	0.3681803620537785
3310	435977	0.35906015343679903
3310	435979	0.373559038225204
3310	435980	0.37953128274822157
3310	578317	0.23444614800047678
3310	578318	0.21823147837139645
3310	578319	0.3954683084719142
3310	267024	0.4776655483801767
3310	103195	0.48477453017015326
3310	436007	0.3979817465758671
3310	551720	0.4050476841967842
3310	577846	0.5262387794764676
3310	230714	0.5502421042297195
3310	572734	0.475524558518181
3310	572735	0.47730865841742043
3310	572737	0.4571609990426419
3310	572739	0.4566924212782171
3310	28996	0.49636830421422173
3310	365366	0.4495873140705046
3310	408396	0.5023626680173559
3310	309591	0.3841134665630909
3310	549218	0.48127885676344373
3310	436067	0.46033629881393395
3310	436068	0.33720445733559773
3310	572783	0.5123585669491454
3310	572784	0.475881421420895
3310	343921	0.4627213794877384
3310	572787	0.43884023049993826
3310	572792	0.37755033041627434
3310	436094	0.3814663189929772
3310	436095	0.3648548417211529
3310	436096	0.653219083037766
3310	436098	0.41150907059374336
3310	436099	0.3896961356064699
3310	436100	0.4626665429632904
3310	436101	0.4745473605489902
3310	436102	0.46036362532553354
3310	246509	0.4444998104365537
3310	139671	0.463566927797372
3310	213405	0.37014102939849697
3310	359332	0.4518697687206169
3310	81325	0.47848125577099093
3310	376242	0.4138067435376462
3310	332212	0.19703276704651534
3310	577465	0.37465679336021823
3310	577466	0.4494210670210165
3310	577467	0.24612311687743801
3310	577470	0.39872944169020014
3310	85954	0.43778296239062864
3310	344012	0.48844670181984917
3310	436688	0.38878256126218613
3310	3559	0.43769605076463514
3310	447977	0.39768129234420824
3310	102386	0.547344055294348
3310	445942	0.43629628037969514
3310	445943	0.4630232949025896
3310	445944	0.4670208292100345
