3313	303618	0.5761660115909031
3313	366597	0.5407829191925911
3313	77831	0.5228233631979755
3313	481967	0.5876092406592249
3313	482858	0.5714213561342418
3313	162017	0.5766268591408191
3313	232327	0.5478475784954
3313	209908	0.5783099100586755
3313	257601	0.5457628591376823
3313	485447	0.5747933492014274
3313	306255	0.5576117499881088
3313	257294	0.5583141001860839
3313	417371	0.5748122959965966
3313	33378	0.5751625547133135
3313	522857	0.6325024918251546
3313	371821	0.5764541982889392
3313	255600	0.5613714632157756
3313	212594	0.5782339817543476
3313	183414	0.5773709422542209
3313	548472	0.5659038984545411
3313	550524	0.5429144464554941
3313	175755	0.5829674429049689
3313	146574	0.5760797285340885
3313	157839	0.5808242737896036
3313	483608	0.5865986062564731
3313	215188	0.5769389287283617
3313	554134	0.5748757477001498
3313	310940	0.5800585704183272
3313	280735	0.5773496054902229
3313	459424	0.5500193988795609
3313	550059	0.5835985691463493
3313	130735	0.5708813075358693
3313	295090	0.5843034111580004
3313	386232	0.5469792113517212
3313	284351	0.5941687225940473
3313	491201	0.5735211267115992
3313	182980	0.6191010506447227
3313	249550	0.6047009556299654
3313	18297	0.5791446755539297
3313	449755	0.578394937730546
3313	532704	0.5827754724459857
3313	214241	0.5674891376070925
3313	204007	0.5800415567384373
3313	122492	0.5702882505589097
3313	450304	0.47204959840798677
3313	11528	0.6026558088038216
3313	402697	0.5853089248702856
3313	450317	0.5552132414038949
3313	78606	0.5433931563873053
3313	106261	0.6282854298799195
3313	294680	0.5674135643805486
3313	491995	0.5833564652242809
3313	274728	0.5643562584844733
3313	436011	0.5627977491534285
3313	151852	0.5693443498390415
3313	436015	0.22602997461149632
3313	269109	0.591478773756354
3313	458556	0.5803849105037201
3313	167818	0.5758767967183833
3313	274751	0.575224303204813
3313	61763	0.5602162266988016
3313	424261	0.5600012105097038
3313	132833	0.5870504669112756
3313	260937	0.5589551756677367
3313	75089	0.5769549507221293
3313	274267	0.5873299320922201
3313	516924	0.5608682967920395
3313	95597	0.5527730766821551
3313	269117	0.5992344158582055
3313	277881	0.6228092144613234
3313	193915	0.5847589269134484
3313	133503	0.5807698211981652
3313	300931	0.5794820370134252
3313	218500	0.5776071832663623
3313	367599	0.5753284161717704
3313	69023	0.585409139423699
3313	31678	0.6310153689042243
3313	185804	0.5701572142504345
3313	197585	0.5770886698470102
3313	480731	0.5761990427311701
3313	447983	0.5493102718573308
3313	491508	0.5848187721586254
3313	295931	0.5680772050504901
