3323	432132	0.3666510941676336
3323	323081	0.3723126236269232
3323	362071	0.3735369115735208
3323	232977	0.3500998380811952
3323	548371	0.353272028797873
3323	51732	0.3722403875475713
3323	475672	0.35457925060361717
3323	448537	0.37606292564165417
3323	271109	0.37134609510321226
3323	245286	0.36373687940365357
3323	423465	0.3663202959967386
3323	307760	0.375333465205157
3323	163386	0.36793560123239577
3323	317535	0.3820144410929767
3323	351295	0.3654354538526956
3323	2115	0.36971695356497103
3323	216132	0.36186662509318174
3323	566853	0.33258859381989087
3323	384586	0.3725407283932642
3323	417869	0.3611805430657532
3323	171598	0.37734436471222377
3323	158799	0.36568689151221145
3323	461905	0.3730726582230802
3323	260693	0.3631479708260361
3323	565846	0.3552405391512578
3323	348601	0.34222684116077684
3323	193119	0.36394204588998436
3323	205927	0.3766724842885731
3323	158823	0.36680387575725204
3323	31343	0.09396387646973534
3323	323696	0.34002763618444587
3323	486002	0.36259740090900167
3323	149108	0.3737087951824153
3323	33214	0.3756408690334018
3323	314388	0.3709254615368515
3323	78970	0.3399337386538971
3323	205952	0.36839459308879097
3323	482439	0.36442820626756517
3323	479892	0.3547104132922272
3323	309273	0.36556588229045894
3323	49818	0.3783323390583943
3323	580765	0.4294555917649702
3323	428706	0.36528129535869436
3323	457386	0.3708214343875482
3323	211399	0.3669051128429677
3323	107694	0.35620332022519463
3323	69302	0.3598027519510201
3323	484026	0.36321264779950474
3323	60623	0.3747310264210467
3323	277208	0.3625449028775798
3323	392826	0.3684932458773626
3323	219363	0.36069288090073454
3323	59118	0.3661102909777683
3323	160501	0.368465754092872
3323	172796	0.36264385233638535
3323	77565	0.36181796683058953
3323	285438	0.35453154199049675
3323	299263	0.35324173706745876
3323	158979	0.3701320326307908
3323	151301	0.3507534885662921
3323	318215	0.35894901716534483
3323	39698	0.3774893397995308
3323	190232	0.37345858602907855
3323	316697	0.37306669870188286
3323	320389	0.37330377200378534
3323	447266	0.3657246817417339
3323	470829	0.3607513335191308
3323	50995	0.3699340848768305
3323	403771	0.36278321365678035
3323	580924	0.36886934963696794
3323	43327	0.360604586986796
3323	43343	0.35765495587366436
3323	115537	0.3272160991066593
3323	517459	0.3574713223830168
3323	310613	0.37087155493063356
3323	75613	0.3547456440955139
3323	79717	0.35541764672900644
3323	322407	0.35493252512757484
3323	351598	0.3699549288256303
3323	562548	0.37033770789197634
3323	58747	0.363058064363608
3323	393088	0.362097423013337
3323	393089	0.36283282337255895
3323	5509	0.31803451460421256
3323	108952	0.3636715765937385
3323	31214	0.3643502044505908
3323	112534	0.36807242056373884
3323	393093	0.36718845727009447
3323	369049	0.4325599614398773
3323	444314	0.3654223104061348
3323	172449	0.385102597398407
3323	269730	0.36170976510980224
3323	3493	0.3630847141755549
3323	422828	0.3651944277070203
3323	362420	0.3606361113117501
3323	418233	0.3460870850719191
3323	323006	0.36531553121589183
3323	99268	0.38494433177011356
3323	490853	0.3705481872315654
3323	113107	0.3690193253328863
3323	13786	0.3259886916119554
3323	288736	0.40730378252567095
3323	337893	0.34581730710524894
3323	127464	0.3647827635940275
3323	392686	0.3623670489008749
3323	457199	0.37453232370565753
3323	319986	0.36960589043832576
3323	489301	0.36790965447064966
