3331	176897	0.46456168096548406
3331	176898	0.4285207648359741
3331	480516	0.3983191940300444
3331	238726	0.4338217387252566
3331	417409	0.4120287525639068
3331	548619	0.4116831033327393
3331	581900	0.41105340487310876
3331	88718	0.4134389724906868
3331	88719	0.4127438374072638
3331	578636	0.34923564116335093
3331	569988	0.4428296951711252
3331	64403	0.17516037208945576
3331	14229	0.3993553785312693
3331	62742	0.3462780659664512
3331	14231	0.4064581695742416
3331	14232	0.42989344444710936
3331	290969	0.41976145813236937
3331	62235	0.38610310437776557
3331	542493	0.43130837429494684
3331	177054	0.46828086375033595
3331	534687	0.40231987887975973
3331	66611	0.3265226731337035
3331	91163	0.37801003872393873
3331	176548	0.4164259535347424
3331	401574	0.38047842261573406
3331	65964	0.26735011147050186
3331	382451	0.4351003471522209
3331	578610	0.4606895858055191
3331	493299	0.39481610706982373
3331	204105	0.4017081057623467
3331	176825	0.43543170348130333
3331	462780	0.41423281908146825
3331	27391	0.4086926006391821
3331	537921	0.4265919034843472
3331	436546	0.4109370936515915
3331	436547	0.4237002878436786
3331	229238	0.41101383970867555
3331	251593	0.45279618005764266
3331	576563	0.38054259124183537
3331	58445	0.39378071031326656
3331	448080	0.26856415658745386
3331	347384	0.39387512925849394
3331	127189	0.38563587988498566
3331	347385	0.4313225051996894
3331	545368	0.40248563016996575
3331	545369	0.44952527034106604
3331	66906	0.40375977972235083
3331	461019	0.39534255249183753
3331	548624	0.4166522621411946
3331	542561	0.4201584730398882
3331	28386	0.40227460368530027
3331	375012	0.4078817360677583
3331	254186	0.4346940814414011
3331	329324	0.4065513743948873
3331	164594	0.2301849266881506
3331	68723	0.38965464930465565
3331	73078	0.44764701574225085
3331	353656	0.42871227120132066
3331	353657	0.41723761373437707
3331	67195	0.41750169354624145
3331	545370	0.41616520926227063
3331	578559	0.44876429275275315
