3341	11137	0.2708594872808812
3341	310786	0.25898290185295075
3341	310788	0.264276460684888
3341	436487	0.2613978224214268
3341	78598	0.23672213448486354
3341	130311	0.2035128495606623
3341	305800	0.2532097524402127
3341	512650	0.26103992680454524
3341	441204	0.2618130627590078
3341	486670	0.2606817964799512
3341	207021	0.2362189980804554
3341	267408	0.2601140398645082
3341	251154	0.2708348893911871
3341	443415	0.2636054066921149
3341	403568	0.26510565831089283
3341	467609	0.2640715722255688
3341	218911	0.26042779892476314
3341	483744	0.2643569184795193
3341	541729	0.26646061689838857
3341	509603	0.25516676290854884
3341	235812	0.2581066906171117
3341	175754	0.25211139306459396
3341	486183	0.2549051747687287
3341	441386	0.26252249479525663
3341	486059	0.25518253519121886
3341	497837	0.2583932151625856
3341	17335	0.2680604883190903
3341	338488	0.28283348714186957
3341	265658	0.2524915840877036
3341	543879	0.2548792077669337
3341	514039	0.2655838716806508
3341	369088	0.25167307133099026
3341	238112	0.2643078687365395
3341	339906	0.26931162156822364
3341	21003	0.25535675333446173
3341	472460	0.26735839493154817
3341	355402	0.25050344950217873
3341	464843	0.23197018798192637
3341	384335	0.26467390180566513
3341	78136	0.2637213969465975
3341	120915	0.2560229094247752
3341	142295	0.2515287196592857
3341	399704	0.25041641769639067
3341	37595	0.26551093931432124
3341	139110	0.2581924327823814
3341	311145	0.26328916643207273
3341	389394	0.26396392631205884
3341	122224	0.23202134623469126
3341	441201	0.26011092310904554
3341	181623	0.24367935686948233
3341	555257	0.26304333825472354
3341	483711	0.25083126901521957
