336	29186	0.3878062105646467
336	368644	0.4007195551557801
336	181260	0.4005898154138367
336	547343	0.3922790404227436
336	106519	0.4108603866396539
336	410651	0.3754401304685112
336	487462	0.3902656532188149
336	189483	0.39329043918887235
336	521270	0.3949054832142564
336	296503	0.40286852590277694
336	368697	0.4038247779877039
336	505406	0.39866779702165756
336	416321	0.3856054260044918
336	216134	0.40497683364460024
336	189511	0.3986605665370757
336	167504	0.39938329224089747
336	403542	0.3983996521447932
336	558174	0.4000167423809661
336	216162	0.3947149486783815
336	568424	0.41026828903977586
336	312427	0.4009319672395577
336	473709	0.3941585637441271
336	162926	0.37694527806329114
336	202869	0.4036009955858061
336	150646	0.3910368092740365
336	412286	0.3926427194940598
336	499839	0.3886016760441581
336	362624	0.39073479936682226
336	344708	0.40270308642096325
336	441624	0.3910171104976236
336	76435	0.399855916974112
336	355479	0.3868464634782321
336	520645	0.3980107962554523
336	257478	0.375496219473281
336	167604	0.3985664592215698
336	513721	0.3944935803742764
336	579777	0.404039646968123
336	382669	0.4000742514459164
336	315599	0.3977797558499092
336	140498	0.4032147987155899
336	522462	0.3923399017012931
336	524003	0.4045574386363441
336	80614	0.3928579283559628
336	456134	0.40217581542847813
336	206572	0.39790293887217953
336	77552	0.39825909084672045
336	373491	0.402244655615364
336	485118	0.3876883376164737
336	493322	0.3970629812664574
336	376076	0.3813420647185546
336	401794	0.3756596648536477
336	262929	0.396682980149728
336	441621	0.3849665794036154
336	537377	0.39283161599565947
336	163110	0.3885466403608761
336	400181	0.3877953606863705
336	508216	0.395511850908714
336	508217	0.3833961002355895
336	482618	0.3774812445747804
336	442677	0.3673865795190933
336	402241	0.3870096859482989
336	195639	0.38617724167609757
336	330580	0.4049395593906272
336	452437	0.39563055462586133
336	347449	0.4009767555054541
336	161116	0.3907415965408929
336	388966	0.39767451757255096
336	450922	0.3972378073325094
336	380279	0.38898896023090745
336	157560	0.3921782959315938
336	481149	0.3969355327510511
336	431384	0.3991112021904207
336	482687	0.3858284684586989
336	92546	0.3988973903525453
336	223112	0.3977593372830977
336	406410	0.39633680271232363
336	311179	0.40226549112338683
336	209292	0.38889607706060964
336	167313	0.40217582800694773
336	346002	0.3069531857457383
336	161179	0.3951528409727682
336	13216	0.3949652436738243
336	452529	0.3988415594335705
336	502706	0.38644546439146954
336	548279	0.3960781894687595
336	213958	0.3875621241477985
336	478676	0.40184907479879983
336	240598	0.397989608817614
336	345053	0.3914085721929881
336	182437	0.399265326926479
336	71649	0.39808189741378236
336	441830	0.38802908302761563
336	365031	0.3964709292203672
336	361972	0.4013916922886049
336	452086	0.39941986958383613
336	292348	0.39038220433523135
