3385	331778	0.43813690697994756
3385	163333	0.42340381123662996
3385	198664	0.4205977837616766
3385	163330	0.40728190319920193
3385	513551	0.41781740289099495
3385	404499	0.4255490305693194
3385	529428	0.4011183393567442
3385	408602	0.4364081039824918
3385	573957	0.4152336677378649
3385	18976	0.4081928310731866
3385	457761	0.41497089676308757
3385	407081	0.414832637468401
3385	11101	0.41491190660547467
3385	92720	0.42539429334542384
3385	326079	0.4022552998507572
3385	521783	0.40812856954127635
3385	107578	0.4077947162507581
3385	72252	0.4252747571926284
3385	73798	0.4007122863555457
3385	98657	0.43032192343289266
3385	518730	0.38925551260594515
3385	42573	0.4225775719443559
3385	429134	0.3963551586814478
3385	182372	0.3884977036398509
3385	114281	0.2344304363139208
3385	143468	0.4263652147403286
3385	25201	0.4195696602027168
3385	500850	0.40132653599879514
3385	221300	0.42961179288313694
3385	220795	0.42556139897195105
3385	43647	0.3304437975964059
3385	328323	0.39777361793019755
3385	12932	0.41688292374376024
3385	526981	0.4459590327959104
3385	38167	0.40744184936899175
3385	274061	0.4105382749985667
3385	499856	0.41494324018231693
3385	308377	0.4095672327693048
3385	579739	0.41656435286166554
3385	403618	0.4652715559387618
3385	110764	0.418575800882032
3385	76461	0.4025354874865977
3385	430766	0.3991097726285495
3385	477363	0.43912126569374715
3385	539837	0.4467968991333249
3385	133324	0.42199056158809395
3385	5581	0.41247067798271936
3385	563408	0.26628849258558723
3385	545497	0.405700335950139
3385	72410	0.40689598420410145
3385	362192	0.42503408797901454
3385	34543	0.40768170328951553
3385	364787	0.41085094776376924
3385	107256	0.4121144983640869
3385	407289	0.41122375894872265
3385	396028	0.42263737650166755
3385	228613	0.4108558681899418
3385	385286	0.474612112348886
3385	416007	0.4231639325320063
3385	32023	0.41112137163374335
3385	6276	0.42426429440913155
3385	2332	0.41558850263822317
3385	387802	0.4253563679178946
3385	58655	0.40373604242976857
3385	215333	0.4293076831215119
3385	383276	0.39836679887886434
3385	23342	0.40202610170775116
3385	23347	0.3833032768338859
3385	297789	0.42145720444633955
3385	467266	0.42429126944628076
3385	326	0.4105721655116933
3385	16013	0.4035813302077006
3385	581971	0.4315480257110635
3385	253274	0.4217823465558338
3385	74077	0.37399437138207736
3385	22881	0.40284771135877506
3385	29026	0.4171475398562553
3385	311655	0.39789034508902155
3385	368	0.3207772414111612
3385	106887	0.2666468760258387
3385	558984	0.39957439589307986
3385	407433	0.4108496901516795
3385	582037	0.4120763622265138
3385	237462	0.415169103743842
3385	403865	0.4111156207729545
3385	134042	0.41039888001564984
3385	94620	0.4101419617880849
3385	35230	0.4071001128250429
3385	570271	0.4600494639163822
3385	20892	0.42013883692725285
3385	35248	0.4019662565052632
3385	107963	0.40591023722018227
3385	495690	0.409645961642743
3385	431550	0.42202997028656414
3385	582079	0.4024679850950146
3385	575938	0.4072726694055944
3385	557512	0.4253244534559727
3385	452556	0.40870265108392967
3385	67533	0.3841413847620745
3385	477140	0.4150017895921549
3385	458063	0.4093249941758056
3385	119631	0.2733697362833259
3385	64486	0.40284380033690914
3385	107970	0.28115780382952643
3385	90099	0.42285244386512777
3385	172533	0.4052484699298263
3385	518654	0.43946432773836186
