3422	339073	0.5205233185364423
3422	225283	0.4491115304187708
3422	257268	0.39767687054267103
3422	175494	0.4467264401050206
3422	459265	0.44262406447732106
3422	339465	0.4603088806346886
3422	322967	0.43839476159468266
3422	178444	0.5143678803825764
3422	157069	0.4711975120066918
3422	289550	0.4388727716336739
3422	276240	0.44433263487445085
3422	235539	0.45768842297698664
3422	488852	0.45379680734133665
3422	517654	0.4496481476664926
3422	459543	0.45570783735812637
3422	178840	0.4959683302604643
3422	249115	0.47168723260556256
3422	411360	0.44761075217714047
3422	325789	0.442675931661179
3422	258720	0.42996215785248976
3422	339440	0.5071558560698404
3422	171611	0.4463811484733613
3422	248736	0.4199120175395383
3422	195014	0.43614042446633267
3422	191985	0.45010109275958915
3422	125365	0.4548647574312406
3422	281257	0.46746082976965453
3422	341546	0.49374595804574756
3422	483371	0.24631841975218907
3422	489388	0.4389802512437587
3422	191533	0.4886242002953578
3422	222639	0.4452913810711212
3422	271665	0.4145975395034874
3422	263411	0.4281363471586585
3422	332468	0.377490186534051
3422	339637	0.46874555517622435
3422	483894	0.4258770016165004
3422	202807	0.40306752147349806
3422	195001	0.43199220290144646
3422	249274	0.40754194175377817
3422	460476	0.40438316124246687
3422	177098	0.47324350105688107
3422	332479	0.48714908340996044
3422	13888	0.463291680378746
3422	242113	0.4387500369782387
3422	442971	0.43005877585810215
3422	417219	0.4534044979477226
3422	441158	0.43199201771544976
3422	411041	0.45311493450572815
3422	170568	0.43540718443764337
3422	275402	0.5212077410687197
3422	301136	0.4975299160770778
3422	178129	0.4908320868244374
3422	295848	0.4509071315363425
3422	265998	0.45438768063674867
3422	461655	0.45997521001333247
3422	484569	0.45307449466300515
3422	263898	0.48280400395814327
3422	460123	0.4406459848696241
3422	263900	0.47107770187235837
3422	258525	0.45005615955995815
3422	339807	0.4600036047718705
3422	317024	0.44488526806244555
3422	512668	0.42514479799616933
3422	347619	0.4008576113802226
3422	341605	0.4762029461432569
3422	337233	0.47306784691762005
3422	243306	0.4436744033365072
3422	540779	0.4454208245580984
3422	314220	0.481461028711528
3422	416877	0.4840172219335762
3422	251449	0.4153479884074493
3422	65776	0.4369303024402772
3422	471087	0.45350299772965597
3422	370291	0.46276434816121476
3422	333556	0.5004501365129146
3422	130040	0.4389402880620939
3422	337784	0.4947722500722727
3422	128249	0.42879776290874344
3422	91770	0.4470000568491988
3422	62506	0.38389560583429055
3422	525054	0.43157172876675337
