3480	556033	0.42983094803858307
3480	411138	0.45561172612329165
3480	411141	0.3819546538625726
3480	176146	0.400315867092021
3480	383508	0.4270620220603073
3480	352793	0.415089801815856
3480	488481	0.3909582916765256
3480	263718	0.40602083582480153
3480	110641	0.4225014480661876
3480	534071	0.417519820258395
3480	189498	0.44321959764001734
3480	42562	0.4370295945427748
3480	373680	0.42937023154343573
3480	132164	0.4229017309353516
3480	486983	0.385465148067314
3480	214602	0.4339053496574731
3480	379470	0.43311382227806394
3480	330509	0.4341693645722339
3480	383586	0.42124425725807285
3480	390765	0.4296760966532402
3480	396912	0.40038777449445445
3480	397426	0.4084553098972829
3480	167544	0.42582293744067157
3480	450169	0.41357763194875685
3480	218239	0.41710488630133935
3480	175744	0.3926249048441472
3480	57478	0.4346659935256315
3480	555148	0.40938276560765763
3480	94862	0.4347805102282831
3480	171152	0.39601497540966785
3480	501905	0.4385477398801356
3480	94869	0.4227782687514933
3480	491676	0.3853034559954665
3480	57505	0.38117725060662694
3480	275107	0.4246958685812289
3480	53412	0.4143095700445872
3480	267949	0.4173278490896777
3480	496506	0.3885426981711013
3480	15535	0.42068332660508945
3480	518321	0.39061745818069915
3480	311475	0.39299187883349684
3480	318651	0.4323367792718468
3480	28354	0.45252506005959015
3480	61635	0.4298628742924174
3480	440951	0.42384023865967896
3480	291533	0.4258261325270094
3480	353400	0.4028840287973947
3480	194770	0.4370174533129404
3480	194771	0.42142330519018456
3480	274134	0.3968348671150716
3480	496861	0.3612217192889511
3480	482016	0.39742140187010006
3480	205026	0.4157236370942291
3480	488173	0.42865017639845554
3480	404728	0.42477316710953417
3480	44281	0.4224411238812107
3480	372476	0.4180924560034271
3480	439039	0.42657654779102494
3480	55046	0.4093947686105761
3480	335625	0.40483774076146967
3480	179469	0.43682499553699616
3480	470816	0.42397390965607135
3480	579874	0.3876452162047164
3480	384297	0.4260959301197218
3480	79162	0.3992275344003611
3480	376124	0.44513533534178684
3480	170890	0.3699150126687809
3480	431433	0.4256387170904682
3480	158035	0.3746206553250574
3480	547168	0.4004137758074906
3480	122512	0.38755102600843455
3480	494438	0.4069795550741716
3480	431473	0.44247867609689584
3480	108406	0.40488234734051826
3480	540026	0.4073284476463889
3480	123259	0.4251972639304052
3480	345983	0.4314948862240467
3480	187778	0.43113118859946237
3480	112520	0.428729376099871
3480	428426	0.3970085885388387
3480	112524	0.43282455310899776
3480	17293	0.41720087517712723
3480	245143	0.4015577040464318
3480	386975	0.42035956463759705
3480	266657	0.42577045757703746
3480	311209	0.42735461984310635
3480	94090	0.4230606952453563
3480	118191	0.36492391031854343
3480	457648	0.41474707322858184
3480	247731	0.4125825460930524
3480	440756	0.4038361931727839
3480	412597	0.4212762132311802
3480	544696	0.37173345531435215
3480	187324	0.41214426756257483
3480	209361	0.423156450981584
3480	373411	0.42184167201988004
3480	113116	0.4194058765171644
3480	328673	0.4261947002759613
3480	118267	0.39136410077936984
3480	266741	0.4268013924285979
3480	214520	0.4234566147882183
3480	411129	0.44768012106480787
3480	153083	0.43837834889077293
