3485	241163	0.36716419404531775
3485	156692	0.3724776572401575
3485	217623	0.3619204503081471
3485	82969	0.3631930412128904
3485	156189	0.3852364940907535
3485	217635	0.34733147017602056
3485	217637	0.33948359016434787
3485	251952	0.36587517954646576
3485	132659	0.38102897399246777
3485	547895	0.3313184393724824
3485	551993	0.35925184843744495
3485	533060	0.35047367705740556
3485	254551	0.33760222042979676
3485	196698	0.3696475064448668
3485	438878	0.3317568079782879
3485	343136	0.3808020292863004
3485	551012	0.3495735681829403
3485	156773	0.36575130118592064
3485	549200	0.36755613928346564
3485	283254	0.38638305347590085
3485	217719	0.3233301097750329
3485	532093	0.37164366154765904
3485	431230	0.3347723408731424
3485	450184	0.3849835013189415
3485	283785	0.39060697386542054
3485	288911	0.3745237100143172
3485	156309	0.37997554920556154
3485	156313	0.3482397949804276
3485	366747	0.3630692182515336
3485	85677	0.4362835584035674
3485	301241	0.36395258587547435
3485	283322	0.3845621064882553
3485	283326	0.3845621064882553
3485	283327	0.3845621064882553
3485	132810	0.3683453068751703
3485	80588	0.3318613757765099
3485	132816	0.36508744110467395
3485	312611	0.39312546538049875
3485	132823	0.38610730142101884
3485	132318	0.38776528038946606
3485	331999	0.35948519446976335
3485	255715	0.2904613478263194
3485	354020	0.3928624125199237
3485	332010	0.3607428841865234
3485	549099	0.3418726362179471
3485	136942	0.38450886475005785
3485	384222	0.37046872891677046
3485	132853	0.43520486324225066
3485	132854	0.4447228655624536
3485	537848	0.22339045014603745
3485	572157	0.327781430277409
3485	73997	0.3884592234362534
3485	411407	0.35176680037215907
3485	153373	0.37146607232341006
3485	153374	0.36991890362233454
3485	153375	0.3712795956906068
3485	343843	0.3360669511836847
3485	139048	0.39411493029450784
3485	305449	0.37702016241570935
3485	392490	0.37589557081633324
3485	85807	0.37149600083061185
3485	337717	0.3278972211538194
3485	549182	0.35021469237239455
3485	11585	0.37021674925750137
3485	132930	0.39207454382507967
3485	132933	0.35061905286605766
3485	343009	0.37754206124611667
3485	334152	0.3834866612803245
3485	109392	0.3554675181657416
3485	185681	0.35569605291724593
3485	21846	0.3968529674585224
3485	38969	0.3610946326022986
3485	571226	0.3806803293830549
3485	153951	0.3638698890074728
3485	90468	0.3536740412430224
3485	343397	0.35055485948370113
3485	90500	0.3728345260391126
3485	173445	0.3612286311226534
3485	85382	0.34911143614385637
3485	580508	0.40787401363491693
3485	329652	0.378934783009763
3485	31677	0.35549835547286845
3485	281535	0.35503970535470675
3485	155590	0.32216888073293065
3485	132553	0.30239956295322856
3485	97739	0.35303795968910573
3485	573910	0.36867320792286357
3485	446426	0.370562200168799
3485	154079	0.3768016811579192
3485	469473	0.3559383922678521
3485	575467	0.3483691935376078
