3522	239105	0.43494650539478674
3522	98821	0.41407267317186336
3522	320522	0.4362867522285138
3522	534543	0.42160144350307016
3522	39954	0.42331644913146965
3522	214036	0.42126215894940033
3522	214037	0.41495833608329485
3522	222230	0.41549554639053615
3522	7195	0.4182408878481107
3522	314909	0.39897691662644824
3522	49694	0.42559697539272073
3522	391204	0.45295240992645075
3522	532013	0.41810216652216053
3522	323637	0.4288090273228108
3522	294456	0.4207625744896688
3522	455739	0.42221495157119776
3522	455740	0.4248988769518781
3522	214593	0.4231149019288292
3522	555446	0.3998196733371652
3522	480851	0.4132981320034244
3522	135780	0.406880593375874
3522	382050	0.4241009450571495
3522	315492	0.42768173178893476
3522	315494	0.42733234058343106
3522	81516	0.38873364846086056
3522	448126	0.4059282132592438
3522	481301	0.4117697123645049
3522	446592	0.41749839179960024
3522	57794	0.4070211246185129
3522	9362	0.41422033470248387
3522	259267	0.39589442522475854
3522	413852	0.4046647898232145
3522	445100	0.4203057107494061
3522	162486	0.405528973978813
3522	328887	0.40790058704839427
3522	581306	0.4488537399504726
3522	324796	0.4207706930343327
3522	480963	0.4354191943319517
3522	18709	0.4160205506416529
3522	106192	0.4141909399160931
3522	492754	0.4194197447006482
3522	23251	0.41882412650956946
3522	312533	0.41757005841398936
3522	445142	0.4059302044079307
3522	445159	0.4319877568328699
3522	262379	0.4013908425827554
3522	534253	0.42723327444862824
3522	557296	0.41648492254645086
3522	200434	0.42548483463923453
3522	200435	0.4170251735054876
3522	344823	0.39284234427108966
3522	382204	0.43270094604751225
3522	315653	0.43996619570507556
3522	310534	0.4159047373863878
3522	213258	0.4018308384309709
3522	264981	0.4348084320514063
3522	13222	0.4179299700220868
3522	316190	0.42823328854125686
3522	362783	0.41541025864721975
3522	495408	0.4242855138003888
3522	127795	0.41551475541041744
3522	316726	0.39824589493025475
3522	457529	0.41821816838684434
3522	461116	0.418234686646885
3522	312128	0.41716088498874204
3522	268598	0.41270133436186096
3522	458637	0.42118432634103437
3522	208440	0.4234437993722497
3522	527702	0.23319997565424008
3522	22871	0.4139030649512846
3522	190809	0.3942482480324771
3522	352096	0.4247909937365984
3522	494651	0.4265533454752955
3522	290150	0.41713315577011334
3522	161137	0.4191639192139407
3522	200562	0.4194906682051528
3522	490874	0.41408276908087366
3522	318332	0.42794901646950745
3522	497030	0.42133382111466133
3522	319884	0.39948895652437766
3522	490893	0.3997262975402087
3522	537999	0.3971132804176792
3522	381328	0.41690056349754334
3522	519061	0.41081990741992114
3522	267672	0.40798661511506196
3522	465824	0.42863404642948716
3522	304549	0.4240591465172681
3522	399555	0.41594182086111753
3522	355484	0.4139057868186192
3522	523179	0.42608096796302625
3522	367030	0.4120593127919699
3522	203705	0.4406577372160899
3522	381371	0.4044431018322597
3522	181693	0.4208971028513906
3522	422816	0.4086829016876828
3522	495554	0.43233083974289016
3522	154563	0.45880165340341733
3522	305092	0.4094999672286594
3522	207350	0.41049604899423925
3522	19912	0.4222713139087596
3522	414672	0.411163689734355
3522	42450	0.41005370733364893
3522	62437	0.377631179353289
3522	571369	0.2783876336752613
3522	322541	0.40770791994624095
3522	321526	0.4063897501408572
3522	46071	0.43984780141248414
