3529	286744	0.3975341717644911
3529	288290	0.3618754735166423
3529	31267	0.31593642288799134
3529	31269	0.3022959449654286
3529	495154	0.37614082318164704
3529	471091	0.45917038613265665
3529	335927	0.36685769869653
3529	40505	0.28133834735471897
3529	342586	0.3598209352629055
3529	566844	0.2869460308793047
3529	402494	0.39413441622022855
3529	21055	0.3769268708129057
3529	410976	0.43492491711026093
3529	514627	0.3945323377829144
3529	198213	0.4219653615027882
3529	139337	0.36006728240154534
3529	413780	0.39364550581780305
3529	333406	0.36747818590567527
3529	333407	0.37615842887687084
3529	253031	0.35764743961256296
3529	287848	0.4392003664760016
3529	68717	0.38422173560526407
3529	40046	0.3353408873798229
3529	255090	0.35689069033957893
3529	524915	0.3628627552483639
3529	129658	0.41484416903220445
3529	415360	0.35105821409857946
3529	91275	0.16154666568810344
3529	420492	0.35861047380406047
3529	187539	0.41961368186829373
3529	297109	0.41455710345230073
3529	139926	0.2941940197943432
3529	139928	0.37428017888141973
3529	281969	0.39587776337259306
3529	560302	0.4254024564475016
3529	102583	0.37043198929686766
3529	31266	0.4180726084582287
3529	432847	0.40060678437473496
3529	255098	0.4211880662004852
3529	526562	0.39277904001480635
3529	375533	0.34607318127540787
3529	172791	0.361945091060769
3529	570106	0.38753896725540427
3529	388353	0.40996832040885606
3529	190722	0.3848506311000226
3529	12556	0.42424375058945946
3529	9999	0.2871584908338424
3529	343321	0.3876624008711424
3529	40221	0.3959301364497622
3529	267563	0.30760077441365563
3529	471090	0.4364049563433225
3529	248623	0.36799624822784693
3529	248625	0.38957381677278785
3529	248631	0.3984053822549781
3529	287032	0.44935253579517015
3529	498489	0.351207567576519
3529	288570	0.3884747429134851
3529	562144	0.3096609867830509
3529	336198	0.41352967516779987
3529	174409	0.3926191733812497
3529	174413	0.37109703009625716
3529	176466	0.39867967280708333
3529	558932	0.32368686061743435
3529	206174	0.47098408135783665
3529	64352	0.3645480822531127
3529	276838	0.32048059832860076
3529	280124	0.38278410687975073
3529	26478	0.23906293317240754
3529	496497	0.39654997181133494
3529	496498	0.39654997181133494
3529	248692	0.4100736745414791
3529	195975	0.3453084654604569
3529	394635	0.4142033512820225
3529	413589	0.32972602595217765
3529	26520	0.34646897368891194
3529	413595	0.3701493598676019
3529	277416	0.3580118906812293
3529	156594	0.34621085156696685
3529	86967	0.3944644868795031
3529	252348	0.40526444569668435
3529	408007	0.38646792431421356
3529	21449	0.05989204444495271
3529	116171	0.4463658451799706
3529	579025	0.4234327914850835
3529	404954	0.41772507847858037
3529	11232	0.3919442729836336
3529	359402	0.38641178539730997
3529	126960	0.35285621943127865
3529	11250	0.3872083465088363
3529	244730	0.32877393972617946
3529	17404	0.35534279263513285
