357	546310	0.5568783572123674
357	311553	0.5481551900369632
357	521745	0.5620386845676374
357	506386	0.6212702863661319
357	335391	0.6368457629602106
357	221728	0.5534839429631659
357	301603	0.29747037539916704
357	432165	0.5342308465703989
357	373803	0.5504431470170701
357	440881	0.5313353533116232
357	409139	0.5338565447194037
357	513588	0.5491996102817944
357	214584	0.5380692193627795
357	214585	0.5380692193627795
357	202299	0.5415054857334034
357	179778	0.3093534635997765
357	14406	0.5593042477730923
357	184909	0.5384000733028527
357	42575	0.5520756093212036
357	179357	0.5469811859029862
357	15958	0.5491475971853051
357	310880	0.5500244368983481
357	5733	0.42506055505345813
357	226407	0.39737027096324157
357	90218	0.5502679547640921
357	121451	0.5574360171416453
357	456823	0.5468946977414698
357	56450	0.5503173976632124
357	69739	0.5700611032326018
357	218249	0.5492393633750617
357	233107	0.5300571977094649
357	540309	0.5326728395687753
357	540310	0.5353245331703496
357	565917	0.5514894976805705
357	176800	0.4981891728038876
357	374434	0.553943051741582
357	562853	0.330259105851668
357	437318	0.5507373806311714
357	513198	0.54252426489897
357	317116	0.5428840185599136
357	326845	0.5520009785580928
357	233669	0.5382225538322022
357	310986	0.5469971315242628
357	345804	0.547518098905583
357	230093	0.5411931333686033
357	167118	0.5472350359267688
357	160978	0.4964350721802389
357	160467	0.5454841421829257
357	495829	0.5430304427465407
357	181285	0.557794985200905
357	20195	0.5413774392667436
357	221412	0.5437357699566477
357	255208	0.5584179984250278
357	54994	0.5574364507023362
357	557825	0.5515734667899227
357	319753	0.5381859865111425
357	393488	0.538621113950528
357	254738	0.5894070628259583
357	246035	0.5412412387261255
357	13078	0.5472247136200324
357	297751	0.5443076958168879
357	217988	0.55443406742963
357	325935	0.5309170311660623
357	308510	0.5280999562531918
357	191777	0.5431217252647089
357	96548	0.5443333310866216
357	24625	0.49410216822070147
357	228138	0.5496351195045652
357	190255	0.5461890535724169
357	359219	0.5368498736489575
357	439095	0.5438015771968002
357	22328	0.5558917593807815
357	417084	0.5452758830700676
357	315710	0.5385125071659331
357	369482	0.5445468958893704
357	119627	0.3252307446057371
357	311864	0.541440876201929
357	201047	0.5502264397394254
357	575834	0.5439975976388587
357	300420	0.5381634407522201
357	6294	0.5481955063738776
357	440711	0.5422503346836461
357	211010	0.5525299204010623
357	327068	0.5642183663349367
357	228256	0.5533589923474629
357	125861	0.5575965196239183
357	488358	0.5516856336045166
357	20911	0.554848324947289
357	152503	0.37975230335306037
357	363960	0.5484534572319653
357	189375	0.533501708713913
357	565920	0.5363926237153305
357	374723	0.5547248151947666
357	324042	0.5447474790927498
357	266728	0.5420547913480144
357	327159	0.5638790914224407
357	87547	0.5536359820961624
357	259068	0.5523013214188616
