36	525317	0.27074977935103484
36	508947	0.07217560270073028
36	39447	0.07314709226948708
36	118813	0.20355384577734387
36	251937	0.08064862212407704
36	487458	0.24504680152469482
36	269361	0.07873432879712397
36	269387	0.0753557667742022
36	430179	0.21349421757315248
36	54377	0.10792622062040003
36	72316	0.2479807244298399
36	370833	0.2488317886389572
36	456855	0.2545646125479307
36	299672	0.07097977516948979
36	118944	0.2612484904185291
36	1702	0.11581072578143131
36	343727	0.08152718562733759
36	93361	0.2461367066411227
36	286903	0.07366277154697382
36	230585	0.12575662280961666
36	139453	0.22988025937639645
36	211136	0.07371549608658862
36	274625	0.0733185869068302
36	561441	0.08227987391591247
36	69832	0.07485783816283945
36	168661	0.2708178626222793
36	20694	0.2545193898022943
36	239325	0.07342697350076828
36	456421	0.2230803875691969
36	350442	0.23284792698921222
36	43252	0.2788816304510976
36	43253	0.23049254561369517
36	43261	0.24621055035901276
36	43263	0.25266969905037584
36	26372	0.08293521842927813
36	309514	0.07718106935295
36	453902	0.2173274563324818
36	453903	0.21131137959595014
36	453904	0.217866695452679
36	456496	0.0706392027152897
36	461101	0.07335423188439148
36	20793	0.25455703768986593
36	74043	0.08802098633815886
36	181728	0.07175514173218811
36	120147	0.2623837014104899
36	120148	0.25682274786041287
36	107493	0.2501873582962993
36	488297	0.25382910343680654
36	181098	0.20007531344360543
36	107495	0.25338384766954
36	548716	0.07589262118651728
36	68973	0.2544349627018264
36	263534	0.17373046574780454
36	359799	0.07333140144178939
36	153988	0.17009335099977374
36	153989	0.17008243600612713
36	44942	0.2285346632754516
36	448924	0.2593511100926566
36	355229	0.0919971890927246
36	448926	0.24886616093954597
36	448927	0.2424812983010064
36	478625	0.07981819567516914
36	157095	0.07850430241179522
36	496540	0.07550973403427491
36	448925	0.25283973642978347
36	167864	0.07520939939085824
36	25536	0.23053994814377818
36	14813	0.27268934185890725
36	413664	0.09727954150460594
36	21986	0.21227567695814822
36	107492	0.2591295256844877
36	332261	0.07583970515001479
36	107494	0.24483263719599058
36	206823	0.07734411400465344
36	107496	0.2581921079777693
36	107498	0.24637244511175882
36	120231	0.26951380408503534
36	500204	0.14100142808163313
36	488361	0.26538314219902615
36	107515	0.2605857226008646
36	302590	0.07974799603330535
