3692	285959	0.2412110633599841
3692	158344	0.23557173139500717
3692	78217	0.23992921632748612
3692	192651	0.21469916836134467
3692	232168	0.23828051897042868
3692	125969	0.2389274991824444
3692	400431	0.24784276014054782
3692	337434	0.21852514975934387
3692	332315	0.23497448673801072
3692	41885	0.2077190950934938
3692	512160	0.23123286412899066
3692	512161	0.22870898257353067
3692	174762	0.13894704368192357
3692	174184	0.23124554998582364
3692	119727	0.22104549370682705
3692	400433	0.24172862713386972
3692	269624	0.24274510190084045
3692	173754	0.2332953129357785
3692	512315	0.24172453104345867
3692	160957	0.24206798055954004
3692	117312	0.20998687789401654
3692	158145	0.22185164172499416
3692	418630	0.23468861684457276
3692	341409	0.22306928125145817
3692	193352	0.2409885900316602
3692	254156	0.2454034258373264
3692	352460	0.2427245623879509
3692	93390	0.23994437168780638
3692	332367	0.24339814362192297
3692	366416	0.20405257541413221
3692	351057	0.2307086694580402
3692	392920	0.2527622332885991
3692	332250	0.24093108397507393
3692	105566	0.2555314087398206
3692	105567	0.23284477672297524
3692	105568	0.25445678807367267
3692	105569	0.2516768926740138
3692	109794	0.2360502139443813
3692	105571	0.2388793465113373
3692	371940	0.23720246343101345
3692	298725	0.2438450929432825
3692	250257	0.25783677142082184
3692	231656	0.25459965328641615
3692	344425	0.23938962974715744
3692	434282	0.2363461727505864
3692	303597	0.23632037692863192
3692	431215	0.2347696532373441
3692	303603	0.2568743690545377
3692	288254	0.22891145246862635
3692	409718	0.23537973378351218
3692	291959	0.2285700736740688
3692	540665	0.23768629766804364
3692	332415	0.23694569732777176
3692	573226	0.24114628852326345
3692	173694	0.23545140641843748
3692	4863	0.24034554023388544
