3804	208901	0.41677621865503806
3804	79885	0.41585934111187245
3804	73901	0.4462432338385045
3804	408596	0.4066599905679836
3804	400406	0.43523399352393466
3804	324638	0.4040248194048623
3804	491551	0.4020912121456447
3804	428069	0.40088307028726494
3804	512038	0.42991514691460375
3804	262185	0.4126395843358073
3804	554547	0.4065493416350474
3804	374844	0.4209118482261858
3804	405274	0.36994183252770196
3804	318537	0.4100123378929039
3804	411722	0.400710236090461
3804	575074	0.4157842240387248
3804	269911	0.43232006238557547
3804	361056	0.4189861322880479
3804	458337	0.4029085458219956
3804	184930	0.4202970753012415
3804	543331	0.41484365997510964
3804	180326	0.4143010150036937
3804	338029	0.4371711514870541
3804	473711	0.4089132420549983
3804	363125	0.419009695345758
3804	209017	0.4195579497263175
3804	242367	0.4081277026367221
3804	303228	0.42250991187431214
3804	97922	0.4112134623143719
3804	522372	0.40804048308774077
3804	321162	0.4098031115677967
3804	433295	0.29618863831979253
3804	170640	0.42563117948050144
3804	235160	0.381646289613498
3804	208154	0.41089673756650924
3804	355486	0.41628169810393556
3804	42097	0.4099647054389217
3804	161965	0.4376939476374702
3804	553647	0.43183866329453247
3804	394417	0.3919522758969874
3804	508086	0.4565384795138218
3804	130335	0.41055387321556003
3804	100540	0.4177657851141303
3804	527551	0.4095519457407752
3804	522443	0.4033059487614376
3804	512724	0.4164232876079214
3804	537302	0.41805593187847256
3804	147684	0.4211041917554623
3804	378085	0.4057742062683084
3804	315628	0.4051717287473785
3804	41718	0.41429791433569396
3804	489208	0.41735583415049327
3804	295164	0.4021300536454378
3804	307454	0.40677072115413765
3804	456963	0.4443401229178352
3804	474070	0.4170901529926196
3804	452360	0.4136592138782947
3804	264970	0.41347146608784646
3804	443663	0.4135379956533379
3804	38169	0.41850108183719464
3804	522010	0.41553458343856636
3804	453919	0.4240501664234752
3804	526630	0.40836168049184995
3804	485161	0.4082358133162381
3804	137005	0.40914313477843156
3804	382941	0.39871187824824333
3804	455986	0.4164070484303339
3804	154427	0.41001555265282774
3804	423742	0.41522714144036255
3804	236352	0.4278797699633399
3804	423747	0.40447546491127484
3804	219460	0.4176494418488292
3804	429893	0.4104560564283743
3804	74600	0.42331447749337175
3804	538975	0.18345455312685707
3804	488801	0.34326392195862215
3804	348987	0.4154025499649315
3804	74598	0.4233762709628039
3804	221032	0.420911413064168
3804	292714	0.41840530032102546
3804	402285	0.4127347417388177
3804	144762	0.41749361869424256
3804	485243	0.41437359506189153
3804	442750	0.4108558173587709
3804	459136	0.40658237520480056
3804	343950	0.41993232367093836
3804	919	0.40439260480073885
3804	239514	0.42964161207968316
3804	54692	0.4101040041046159
3804	211378	0.4205425341914122
3804	449011	0.410934354226695
3804	535990	0.4027165001750478
3804	414650	0.4125597157324562
3804	317910	0.4026127961637634
3804	160728	0.41876819842500435
3804	141789	0.41208673476942365
3804	503264	0.44698640279242113
3804	508902	0.4158746098947911
3804	522492	0.4116005678862241
3804	188906	0.4112480954144979
3804	314351	0.41798016793497766
3804	420851	0.4050724415125071
3804	302073	0.42783238867531403
3804	37372	0.41344309830196596
