3849	335104	0.3988381750037652
3849	380627	0.46291860260433804
3849	108422	0.46878664523178243
3849	141704	0.48516565539650564
3849	386697	0.45870558618863233
3849	140810	0.4934160355821766
3849	43020	0.4773777613945511
3849	386701	0.46372602873777696
3849	16271	0.4787449944516592
3849	561808	0.4637941677762902
3849	537838	0.492531140520581
3849	168466	0.4838802484534807
3849	221587	0.47856117833986556
3849	69653	0.40772221788108337
3849	207009	0.46522644508074823
3849	435354	0.47988326532343006
3849	171311	0.46405829316196795
3849	435356	0.4870237281163177
3849	443165	0.47212082221909707
3849	443169	0.485536830221201
3849	207010	0.4872095930755828
3849	366755	0.4844048275667006
3849	168485	0.46611831067006226
3849	334449	0.44415814131407727
3849	253852	0.4682265838104402
3849	70447	0.40380358284015033
3849	140849	0.48480141275211025
3849	140850	0.4897502397124631
3849	342966	0.43076717322312735
3849	13624	0.47801650813775826
3849	42937	0.49013612747319657
3849	255930	0.46937451264813546
3849	69642	0.4132235693955619
3849	113390	0.4636615447812928
3849	42818	0.474537538683409
3849	122947	0.3814079143478299
3849	16324	0.46252331605898905
3849	187131	0.4754087981927897
3849	1353	0.4850553085958955
3849	70653	0.41115150322045824
3849	60194	0.4811743351414253
3849	40077	0.4744729250900049
3849	528592	0.48274806005343857
3849	29009	0.4702807557840049
3849	60242	0.4905428856926188
3849	60243	0.48435896639455334
3849	168497	0.4881227229868261
3849	254296	0.482158346995826
3849	71643	0.4801539104392568
3849	254300	0.4691007789749501
3849	43064	0.47458075364202573
3849	451423	0.4616908534808823
3849	254433	0.4808541384209633
3849	244707	0.4671669620311142
3849	71652	0.4660621376535711
3849	515687	0.4618808365419421
3849	70850	0.4816675700859953
3849	342378	0.41445630197298794
3849	580945	0.4592520641529854
3849	120559	0.45844185919582275
3849	43121	0.4902742588069535
3849	265875	0.46728879621157565
3849	43065	0.47364872799003566
3849	342645	0.49092879013722673
3849	493047	0.4874732178591779
3849	465297	0.4827536178063949
3849	168430	0.47438023919541494
3849	334459	0.4458086376244093
3849	140577	0.4837008164617977
3849	554365	0.48654597896856255
