3939	20483	0.24335464136085924
3939	565765	0.17113418295229624
3939	166922	0.27932844020742675
3939	165900	0.24873080607127815
3939	59409	0.2439820300878412
3939	8220	0.2587231914408317
3939	572445	0.2444044052528528
3939	357409	0.2575529915251888
3939	28194	0.2686105265092217
3939	166446	0.2662145029330273
3939	113201	0.2571631159704668
3939	364598	0.2652756023740585
3939	113211	0.26091470490589264
3939	414270	0.24049796085995054
3939	419392	0.2725799908194015
3939	565313	0.22091741057387487
3939	329805	0.25225542843751037
3939	166110	0.27031244682444705
3939	76380	0.24611354095764043
3939	48223	0.26846780286712585
3939	329825	0.2731143781483392
3939	354416	0.26472419647197504
3939	167539	0.25101990171276484
3939	357500	0.2705881688082
3939	166525	0.26530763634703736
3939	362628	0.26910688857930765
3939	167051	0.26643259359317073
3939	166542	0.26319024021991894
3939	570511	0.22412685000706037
3939	516243	0.25112847665320376
3939	400545	0.27141709464151065
3939	167586	0.25178928675470424
3939	167609	0.2584824268639676
3939	167611	0.2737676707837718
3939	166688	0.26480417113814686
3939	167622	0.2596618552263308
3939	551121	0.2634921215287295
3939	578339	0.17753310163274674
3939	230612	0.2630024071618711
3939	564440	0.22690536499683658
3939	435929	0.2575471091343429
3939	166107	0.27572557378319235
3939	363742	0.2725554895420069
3939	219360	0.2663880964826307
3939	25827	0.25469310516287086
3939	166630	0.27214608577598576
3939	551152	0.26578072817149617
3939	578259	0.2395948560414936
3939	509173	0.27458078255352825
3939	439508	0.2508618621733406
3939	113413	0.2672318185183823
3939	165847	0.2626188284201074
3939	259340	0.26481143919367806
3939	435474	0.2933250682986368
3939	173333	0.2556960330322323
3939	166173	0.25270320230555005
3939	23838	0.2652489667009871
3939	165664	0.342124497364925
3939	166179	0.2716288661591328
3939	166697	0.2672132399697604
3939	102542	0.2568251009355454
3939	25903	0.24923180693332345
3939	535345	0.25518019203005626
3939	167221	0.2567750142395217
3939	166715	0.2706188446497869
3939	329033	0.3091940689699531
3939	27981	0.2599200890832662
3939	329551	0.21829499539334343
3939	279182	0.26732795827367983
3939	166745	0.2580565084644335
3939	529249	0.2567684518938613
3939	46947	0.26295720984917426
3939	167271	0.274994570152253
3939	462184	0.25770837851362155
3939	166763	0.2690243735912316
3939	402286	0.2705191190225588
3939	179059	0.2672983496478608
3939	393588	0.09918915702927587
3939	572478	0.23408485839252247
3939	165761	0.2706933392691536
3939	578434	0.24241720260071373
3939	296324	0.2688550291595824
3939	174964	0.2656983785811916
3939	186252	0.2621764070224399
3939	248205	0.2715274415817384
3939	165785	0.267433042643458
3939	166815	0.24595285595645242
3939	328613	0.26333571071548234
3939	165798	0.25850484049695965
3939	165799	0.25930992781746126
3939	166825	0.2507894684687774
3939	27572	0.26788399790594447
3939	414133	0.2385500916790481
3939	567734	0.23303826068592015
3939	117688	0.3039214915507085
3939	329147	0.24902644274140256
3939	28092	0.27734405142598806
3939	165821	0.2609313738527472
3939	16117	0.10690753095700994
3939	562114	0.3151833873574725
3939	166353	0.2566891428081112
3939	123863	0.26093418393006795
3939	165797	0.26171406219376664
3939	166884	0.2556562287325369
3939	246759	0.2643610928556231
3939	414190	0.23209168972901353
3939	331767	0.26559715858096367
3939	166905	0.2746255028484902
3939	28159	0.2875063697683011
