3948	474403	0.43839721766575274
3948	26369	0.4844320368834112
3948	309634	0.4446313111365634
3948	455171	0.43586118759450454
3948	210309	0.44288596475003544
3948	433041	0.43202996353310225
3948	366931	0.4267565336778048
3948	429066	0.43980631638146356
3948	102027	0.433170196247133
3948	21004	0.42281940039083654
3948	508866	0.42583272199477784
3948	134799	0.44396094102830963
3948	314896	0.4419087790130014
3948	361233	0.4392096829952542
3948	248323	0.4139487023368711
3948	449816	0.4482991110101899
3948	528196	0.4390788391542643
3948	101658	0.4290446396050517
3948	276894	0.42698232320286494
3948	446533	0.4450773555177388
3948	383649	0.43172036045196005
3948	231842	0.44243653476541983
3948	23971	0.4276152338917157
3948	355799	0.4336909935161603
3948	367017	0.44845154275509896
3948	169152	0.4381026798443633
3948	32431	0.4439308635095232
3948	443953	0.4239688039315127
3948	155058	0.45220536998851785
3948	382067	0.4423581642754135
3948	276684	0.4389494214202256
3948	355509	0.44363137397945984
3948	510007	0.42876761968502275
3948	169272	0.441120142847651
3948	169657	0.436431814554973
3948	23995	0.4439640862591523
3948	35132	0.44115176936156963
3948	327742	0.42757743982580193
3948	169334	0.43825122495840824
3948	245184	0.44514270308629394
3948	114656	0.43572675940304734
3948	367426	0.48020008406192993
3948	271171	0.44481298613800774
3948	438852	0.4535318761327137
3948	51653	0.44366130276736093
3948	107976	0.43450435837180806
3948	528841	0.4199470008294369
3948	453579	0.43281842704720497
3948	367308	0.42558694963512966
3948	553698	0.43128074190479937
3948	363405	0.43444304719192456
3948	114898	0.4368449589221026
3948	104787	0.43921536989195215
3948	434389	0.45301179530586005
3948	471511	0.44468258182273446
3948	89946	0.4325857858160308
3948	213599	0.43371106880179455
3948	138592	0.4493146607535864
3948	389473	0.44112890007141825
3948	149343	0.44238564665221825
3948	248300	0.4369531282132848
3948	562023	0.4251775142234077
3948	138828	0.40903236534143456
3948	91882	0.43883152589699487
3948	387435	0.4422181209836715
3948	31936	0.4399300003794143
3948	78446	0.44217310838997326
3948	218365	0.44702334051545695
3948	232560	0.34874798375794525
3948	366696	0.40239742859984484
3948	423635	0.4206072088491366
3948	355829	0.43562234881381906
3948	369688	0.4446686304614707
3948	116471	0.4691310187835265
3948	213496	0.4402719705251274
3948	139126	0.41308096041787756
3948	514939	0.4441780148318064
3948	387964	0.40020117247066367
3948	14973	0.4606898265114698
3948	371797	0.4607854576684382
