4000	124672	0.530731262484626
4000	11393	0.4753503103780377
4000	2690	0.5099410103236234
4000	4995	0.47190398681215284
4000	2692	0.5102268457680366
4000	3461	0.5112233036160003
4000	3462	0.48771151894745296
4000	2689	0.5152319891838331
4000	333059	0.48138192621762077
4000	3479	0.48438688975637223
4000	336142	0.48921221795147424
4000	2691	0.5115362330677227
4000	5030	0.4770832971612077
4000	308229	0.43725769404921433
4000	288676	0.5577611956535641
4000	132773	0.5046691014622989
4000	132774	0.5085661808248679
4000	5036	0.5242296272079214
4000	78773	0.47744664095637157
4000	4023	0.4802830569067662
4000	112187	0.5041906498517048
4000	176701	0.5163703906160745
4000	4926	0.49018635123607285
4000	3391	0.5061944611199573
4000	2871	0.5009708345012724
4000	176855	0.551664483697292
4000	4690	0.48742716301223044
4000	105043	0.4797915398582383
4000	132692	0.5086517146243982
4000	3726	0.4959877614449207
4000	73303	0.508598250854136
4000	2688	0.5112024145558075
4000	405339	0.4819968402015093
4000	90844	0.49650968063853035
4000	177107	0.5733969188577128
4000	4837	0.5303214913203087
4000	3938	0.40086342159265836
4000	4667	0.4722292533330254
4000	178916	0.5115669964027085
4000	239589	0.5513288246208479
4000	74343	0.32065736827018
4000	4975	0.49723601866402306
4000	4977	0.4918704980889284
4000	76146	0.4975611708164466
4000	76147	0.5032393325545983
4000	2677	0.5117067538051265
4000	177271	0.5352670854105123
4000	4219	0.47032733720154485
4000	2687	0.5062190418567944
