4029	87052	0.2738488489185512
4029	141847	0.2705192603646731
4029	78371	0.265143912283077
4029	362535	0.26492367381517024
4029	290362	0.2625846627235374
4029	475196	0.2717041609796122
4029	1601	0.19435334980866217
4029	106563	0.06439346039179067
4029	106564	0.08068324288927611
4029	91717	0.24476113988539405
4029	347208	0.2717865018722558
4029	73293	0.2723633899856412
4029	34900	0.26430764787690214
4029	194664	0.26993243861472244
4029	19562	0.26687260254609885
4029	266861	0.26523802803966134
4029	114295	0.2721645918288395
4029	495742	0.27156159345479386
4029	167553	0.2663996477776916
4029	197252	0.26849071093490184
4029	278661	0.2706827381021077
4029	12940	0.26824689954306685
4029	89753	0.2654222531667307
4029	488602	0.2606992326579182
4029	488603	0.20368472653439687
4029	368796	0.27181349311134273
4029	93342	0.27479276447764134
4029	362147	0.2670018006149135
4029	167196	0.27130877268949194
4029	111276	0.23214891215628797
4029	299695	0.2657706032897986
4029	542900	0.2644407590362553
4029	323266	0.2768003316541282
4029	59082	0.27320947855516103
4029	86647	0.26535211804872355
4029	26327	0.2715642965762134
4029	74968	0.267806779644183
4029	74969	0.2601227182189728
4029	74971	0.2510009227991255
4029	194786	0.2637800753969961
4029	391910	0.2674376358729802
4029	488679	0.2682506554673684
4029	185576	0.26763436621466913
4029	89324	0.26489739482461105
4029	294638	0.26917588807325427
4029	99570	0.2007975741267375
4029	166132	0.27349202816050483
4029	12028	0.26743291316714735
4029	447743	0.2711068559404944
4029	37634	0.2676441018649395
4029	454406	0.23770907272045094
4029	434441	0.2671108195873724
4029	50954	0.26171935630401755
4029	40721	0.2697413486738107
4029	502062	0.26955235103080005
4029	50972	0.2641109939848099
4029	364319	0.2726371991575462
4029	40226	0.22496482963023942
4029	554795	0.2716434370396148
4029	327982	0.2664804128131961
4029	407344	0.2709241993310142
4029	416050	0.26867530214182334
4029	333109	0.251388038566455
4029	410427	0.2730602634482446
4029	80189	0.2598125420737692
4029	392510	0.2476452480061554
4029	176609	0.298596675239817
4029	104779	0.25085593719145693
4029	81228	0.24998492724288723
4029	555853	0.27002555553348884
4029	221010	0.26176685389685667
4029	27988	0.21841044990546965
4029	122712	0.2716250043339942
4029	334690	0.27524513051170246
4029	542057	0.2652012787401011
4029	305514	0.27529743776272836
4029	81260	0.23104626723988173
4029	307057	0.2599278439965201
4029	541063	0.2687493256782858
4029	216456	0.25251777195702857
4029	452492	0.26218919785549066
4029	166798	0.27295009009437143
4029	498580	0.2778920339544631
4029	539119	0.27053722701268434
4029	559007	0.24137940910478634
4029	73124	0.2787416362161758
4029	374697	0.2742417564970518
4029	92591	0.2661008877670869
4029	488606	0.281213230225254
4029	333044	0.23366466641813338
4029	260542	0.2638375387811134
4029	166336	0.2740091863790232
4029	164310	0.22109812065876974
4029	28120	0.19495472271268877
4029	488924	0.2657339395497966
4029	319457	0.2715894724323051
4029	580066	0.26481354907122007
4029	6116	0.1820052222491151
4029	165861	0.27173642663460956
4029	87020	0.3039589496869996
4029	87023	0.26807706242914764
4029	117237	0.2761231755667875
4029	165883	0.27296526388746756
