4043	478210	0.3347300610999241
4043	3588	0.32156737816202435
4043	127494	0.3295382471075323
4043	135178	0.3339543117209367
4043	374274	0.33063197733139527
4043	551438	0.3407919504161778
4043	124943	0.3391830368166026
4043	374298	0.3288021803203328
4043	328882	0.3413858133285336
4043	148534	0.3541277885297542
4043	65594	0.27458390946661665
4043	265275	0.34107940419761285
4043	213514	0.33116395254468756
4043	186943	0.35014333418721627
4043	301651	0.3347083671817095
4043	344662	0.3639642931263717
4043	238185	0.34880041994173194
4043	267888	0.35430530303087554
4043	3188	0.3393254776413421
4043	261749	0.37597940474867336
4043	160434	0.31392835072466385
4043	3194	0.31512920818461393
4043	158399	0.3281738405517764
4043	395388	0.3460233903539983
4043	358525	0.3351083089108268
4043	61566	0.3352510962599804
4043	538755	0.2936638144040846
4043	523908	0.3557001253897632
4043	538757	0.29462268815115084
4043	395913	0.3445079628870655
4043	369802	0.24839885004500406
4043	41622	0.33099780965602016
4043	41623	0.35200524975674047
4043	131230	0.3213490910195127
4043	480928	0.34271037090343714
4043	272549	0.3280954638167143
4043	539335	0.33034248095620733
4043	1712	0.3426159982053755
4043	160433	0.32818122729988375
4043	569522	0.33673764036309556
4043	54457	0.3328332154813353
4043	420538	0.34559548113131205
4043	569717	0.3351146803400761
4043	29888	0.351494431445192
4043	479427	0.34166052018088644
4043	264054	0.3416614070205721
4043	420641	0.3553512719730063
4043	480969	0.33015000869447253
4043	209099	0.33421996334270493
4043	318675	0.33949495338066726
4043	555739	0.3335141009863889
4043	445050	0.34771402308589716
4043	5345	0.3263948619849495
4043	185580	0.3500608915859339
4043	397045	0.31791142889931706
4043	511228	0.33967935054211146
4043	234250	0.31437366576245246
4043	264985	0.3533624696031569
4043	58651	0.32536815177098166
4043	67868	0.29185832535664274
4043	573729	0.32647863174671526
4043	416731	0.3497702415600386
4043	166701	0.3348349151862141
4043	384303	0.316660695894693
4043	312113	0.34386400477436496
4043	275762	0.3374174868410074
4043	570164	0.3241060205949505
4043	142649	0.31481072668218985
4043	524095	0.31926574208099723
4043	299856	0.3414484600051812
4043	368466	0.33452137444299496
4043	347476	0.3358331082205624
4043	347477	0.3271245081844634
4043	192355	0.33673330673873114
4043	255852	0.32808383651312795
4043	213357	0.3366619121273525
4043	508783	0.335398834844865
4043	444789	0.3387833228429297
4043	569718	0.32527797960010674
4043	374335	0.34024378576309744
4043	209899	0.3326856296180447
4043	316299	0.33836044867395354
4043	444910	0.35788003895766146
4043	71576	0.3170107178081097
4043	143769	0.33637621454253297
4043	300825	0.35027521087497776
4043	129974	0.3295593094266927
4043	220089	0.34250514277391403
4043	420804	0.3669552615224774
4043	270292	0.34002233572031293
4043	244699	0.3338865396897523
4043	355809	0.3312649015027061
4043	317414	0.34152480838114274
4043	445180	0.3516345633938709
4043	321515	0.33913400813750133
4043	361454	0.3397957127478983
4043	38909	0.35881820252671603
