4081	191497	0.43669923129740434
4081	155658	0.4501683176633175
4081	214540	0.4008581973414886
4081	384525	0.4365500773954039
4081	221205	0.44844425269049665
4081	128032	0.44770394285258375
4081	47792	0.4485514433451802
4081	512550	0.48858767608197995
4081	154666	0.4439933189533952
4081	491569	0.41751532724360024
4081	156210	0.46473680806684436
4081	483379	0.4422025320409295
4081	25145	0.45746690628220665
4081	216635	0.4480060868666791
4081	198716	0.4481652639953872
4081	364100	0.4184817603915165
4081	138822	0.4607222168594653
4081	130634	0.36123290045393375
4081	418892	0.43956665100472136
4081	22607	0.4090632832116846
4081	156761	0.43595896997963385
4081	548448	0.4269108155988639
4081	92769	0.43732465068660864
4081	547946	0.4388140135889894
4081	165489	0.43791601878645986
4081	40562	0.4258189032053183
4081	373878	0.43369387290621314
4081	327809	0.4410566069906939
4081	443527	0.383446304984964
4081	125583	0.4440135637644839
4081	295192	0.41076476102710985
4081	47767	0.4485524147311591
4081	219824	0.4374976091167922
4081	410810	0.46037559687130275
4081	434364	0.43988268880407244
4081	209600	0.4501597813862667
4081	455371	0.2873680903436223
4081	120528	0.4158151538808317
4081	498395	0.48735627441433665
4081	143590	0.42814650980217245
4081	467687	0.4435131237156279
4081	413417	0.35187255413122737
4081	393969	0.4227944175955813
4081	358647	0.3907996731535613
4081	413738	0.4408589310930678
4081	358662	0.36776634332899494
4081	481409	0.4254197336858725
4081	423702	0.41411509695638665
4081	468773	0.42159321832638724
4081	428853	0.4373958965168853
4081	491328	0.4159209373277949
4081	491329	0.4159209373277949
4081	155973	0.4421967002066068
4081	268429	0.4270749298817405
4081	454992	0.1498245734273475
4081	89950	0.40954901962213613
4081	318304	0.44459801289401346
4081	431969	0.4230303104667387
4081	508260	0.44707177397278014
4081	566120	0.4710676444874863
4081	89964	0.4218804381662292
4081	156019	0.4423860309726324
4081	273270	0.4408614873470329
4081	227196	0.42928310597824393
4081	552831	0.4302731287752928
4081	107755	0.44019010738047415
4081	285070	0.42242943944439404
4081	331151	0.4834206816656764
4081	192403	0.430724696192743
4081	76692	0.43775331808152124
4081	520609	0.4038769635950562
4081	548262	0.42567599881280144
4081	271281	0.4521779247165997
4081	154556	0.46595321307488374
4081	193098	0.46386419114118765
4081	483265	0.4186547494478219
4081	242116	0.4149427374713401
4081	488913	0.4397090548330388
4081	522194	0.43327767208578055
4081	423381	0.4236262516160392
4081	8154	0.44233893915470723
4081	472539	0.5122729497635955
4081	130015	0.4514560366333916
4081	284661	0.42047557989192197
4081	395774	0.4211722354748741
4081	191999	0.3853645693822124
