4106	188419	0.4630703235921908
4106	199689	0.4404055858801315
4106	318986	0.4340825545531679
4106	213003	0.4153992985577066
4106	402957	0.37401291410347576
4106	50702	0.4220477495151738
4106	480785	0.3990814988764748
4106	372142	0.42378131436223543
4106	455702	0.43601468385343595
4106	252447	0.3760490799091909
4106	319533	0.4533625391469385
4106	455726	0.41556300162893944
4106	318517	0.4424949094360837
4106	64060	0.34010963279476775
4106	279818	0.3906489005516618
4106	139839	0.42730377286348264
4106	222304	0.4200047485484537
4106	279819	0.4149191498354832
4106	337988	0.4165292053569699
4106	252488	0.415125144337818
4106	267341	0.42039730224650895
4106	450638	0.45989136558234645
4106	399440	0.4463514941369272
4106	316497	0.43832098469054454
4106	322659	0.4262977760064645
4106	262748	0.4201620897053601
4106	278622	0.41723447112030204
4106	278624	0.423126637003066
4106	498363	0.363284067156867
4106	126080	0.4022201529143117
4106	244848	0.3995342536199478
4106	480373	0.4294939402493625
4106	318583	0.43541021201260727
4106	329849	0.4355482551161064
4106	329851	0.43848961738859865
4106	525438	0.44040927176687894
4106	319103	0.4483290880162064
4106	393344	0.4296066856993944
4106	244865	0.43644552599702835
4106	317063	0.4289409832961689
4106	200330	0.4391247213384494
4106	126095	0.4102843542194263
4106	315027	0.4400436372569663
4106	244887	0.4549410043082579
4106	307866	0.43169567713200796
4106	325793	0.4299324110491345
4106	224418	0.42598833654604384
4106	329908	0.44320682057721883
4106	316598	0.4375215729252606
4106	319675	0.41502167872206136
4106	342962	0.4481643783584421
4106	200393	0.43957220004527064
4106	241355	0.42124437671110176
4106	137939	0.4339661577962866
4106	262356	0.45823465286414156
4106	325846	0.4263907929494905
4106	509155	0.4311910647606031
4106	465644	0.4288872930470418
4106	244985	0.42573560657530807
4106	304381	0.4391151042760175
4106	280704	0.41348933004918415
4106	535306	0.42445204408796433
4106	495371	0.4571102453242088
4106	428589	0.41546620842907905
4106	398609	0.42063599861717543
4106	276526	0.4062568160445804
4106	348950	0.39611109909306497
4106	397092	0.4615597010780388
4106	485670	0.4174720305292812
4106	240938	0.4158167050768129
4106	473387	0.36572726571032677
4106	469295	0.4627241815794496
4106	80176	0.3544831129508602
4106	253237	0.4324540440154278
4106	253238	0.44232784575514866
4106	319804	0.4318434740984504
4106	316233	0.44654644732666704
4106	462154	0.4296631799965288
4106	462155	0.43147081209256305
4106	170322	0.4294351285602509
4106	299663	0.3978926607493338
4106	335212	0.4315840510622976
4106	378233	0.45547691497073983
4106	121739	0.42752708521066085
4106	278934	0.4068410111488225
4106	337303	0.40548104757405795
4106	160152	0.444265665639952
4106	390724	0.41709663737371583
4106	519586	0.4269242775744831
4106	480165	0.4092594213799117
4106	433062	0.4243065292150441
4106	437233	0.45771262887043335
4106	428460	0.4248342615520998
4106	397741	0.40831561034147124
4106	222638	0.4064652228472808
4106	245681	0.4388906707701512
4106	245682	0.42846116021093483
4106	451401	0.4439423301285809
4106	480184	0.419359966036974
4106	415677	0.39798059089164367
4106	319424	0.43042631367455064
4106	320843	0.42942586158611123
4106	415689	0.42903968207757137
4106	80342	0.4233885968667141
4106	147419	0.41982489191852
4106	328160	0.4282780860991233
4106	231908	0.4150959567325921
4106	305136	0.4120451120731002
4106	192497	0.4363836466051187
