4324	352768	0.21394455429838144
4324	578219	0.19249547611200765
4324	475654	0.19466751562354193
4324	64013	0.1292128878327206
4324	98840	0.19884584806140637
4324	562718	0.0473801612341903
4324	25124	0.20672134374780166
4324	24108	0.156559595456886
4324	517167	0.2075387974305603
4324	333364	0.20234145370506074
4324	332857	0.176338979042709
4324	468540	0.16028537655794498
4324	28227	0.22153957658096246
4324	550992	0.16940605448472482
4324	456888	0.1787233609210944
4324	258643	0.17761713362089995
4324	323158	0.20742555055010956
4324	258649	0.18093019848659794
4324	533598	0.17633409569071132
4324	338021	0.1443303328839491
4324	429677	0.20933694664621888
4324	62071	0.07663283925390581
4324	104061	0.17066635070261013
4324	126597	0.16133073140398688
4324	447118	0.20736144038337329
4324	531610	0.20056193689225624
4324	369308	0.2107090055915343
4324	8868	0.18720489638139648
4324	23718	0.19952048072411396
4324	393383	0.21359754416768312
4324	25259	0.18061700153598165
4324	578220	0.1742657995735888
4324	477874	0.15918375435138965
4324	69813	0.16663890713177731
4324	206008	0.1935412581488127
4324	134848	0.10632518524445125
4324	250051	0.16896935224979065
4324	62158	0.09273855233759867
4324	400591	0.19202035862747788
4324	400592	0.1801375663516262
4324	270035	0.18883143318520074
4324	111830	0.19325823261187913
4324	111831	0.1904408459819467
4324	400601	0.14220677039065957
4324	431841	0.20201210264724048
4324	206051	0.20236161101517117
4324	415462	0.1872892349633985
4324	27884	0.16042129902530539
4324	267503	0.19959130440327572
4324	175345	0.14422785142836358
4324	236926	0.189588392427509
4324	546049	0.21172629097402723
4324	90370	0.1783695153423872
4324	407811	0.17165814039214314
4324	158252	0.2111246085948536
4324	339210	0.20369500538817545
4324	281363	0.2133331265974127
4324	73496	0.1435917432474693
4324	125731	0.22217173091387638
4324	13605	0.22218675329092968
4324	76596	0.20937252500354683
4324	73532	0.160583643854944
4324	528197	0.20747264117292516
4324	533329	0.17988556791323893
4324	343382	0.3256149348957298
4324	562012	0.19330543352382218
4324	60767	0.1844736890748923
4324	308064	0.17198226918000392
4324	335719	0.1876779432799482
4324	25450	0.1941501890374084
4324	447852	0.07918730376460949
4324	150382	0.1178750163162708
4324	24040	0.15805503713578983
4324	331133	0.1665313134373866
4324	519038	0.2082506761046685
4324	337792	0.18063849844522406
4324	5511	0.18097407304888113
4324	24456	0.18588553744238173
4324	62188	0.10266265020486146
4324	425362	0.18751296565343048
4324	23791	0.1362105161190236
4324	5536	0.19301610153097037
4324	60836	0.21322191691840298
4324	212901	0.20893320824618036
4324	5546	0.19385706695423394
4324	48043	0.15609091532544406
4324	535478	0.2134728396431462
4324	361913	0.20720074729941315
4324	253374	0.20301050123994957
4324	216519	0.17934547404856518
4324	28111	0.23356036290601684
4324	273361	0.19234118146728438
4324	340949	0.1911000134329917
4324	337371	0.1823168093878128
4324	531422	0.18561082326609557
4324	348136	0.1735690411235948
4324	386025	0.1606732561157942
4324	186863	0.1949027128815786
4324	365554	0.21054313493031587
4324	462835	0.1945973617623196
4324	311285	0.1962044662132576
4324	414198	0.14453664999278282
4324	343033	0.21249679778805697
