4329	107136	0.40080299908122574
4329	340481	0.3733994118225461
4329	55939	0.25408053139597064
4329	53185	0.39068757740150567
4329	134536	0.3974387783247463
4329	152204	0.39929922556244224
4329	70229	0.37433855887301837
4329	124176	0.38929194348323015
4329	360856	0.3913737493549196
4329	475861	0.3439639322692857
4329	70807	0.3508069876627447
4329	342424	0.3660161625924245
4329	380008	0.39304327916489096
4329	102554	0.39081708299104145
4329	505884	0.3156372706288809
4329	505885	0.3156372706288809
4329	44865	0.37088391386021613
4329	116421	0.39381454783150066
4329	342470	0.38028279307194
4329	393882	0.3853151744883846
4329	70314	0.3652065043011654
4329	499886	0.39300729826357483
4329	1352	0.3941388915036938
4329	158004	0.3952808780214126
4329	70325	0.337031928511031
4329	393893	0.37489280120279356
4329	342331	0.3974416951154351
4329	388157	0.39085929090377625
4329	158005	0.36732623754785354
4329	337473	0.38868028520968373
4329	116420	0.39386006344364954
4329	239941	0.39695345379504665
4329	342342	0.3728878945069505
4329	385736	0.3613826239549181
4329	181705	0.3548743377700126
4329	385738	0.414481139562638
4329	44880	0.38490769151516985
4329	44882	0.3692713412252434
4329	288341	0.3956282103887229
4329	580950	0.38653261582229176
4329	235227	0.3786950823987882
4329	114188	0.0218151272974421
4329	264933	0.3994191392277044
4329	405819	0.39774230701541696
4329	495332	0.40384140875766417
4329	102118	0.39087876523189785
4329	464998	0.40061690228788016
4329	255903	0.3944809938216825
4329	342632	0.39693455492789187
4329	481898	0.3871184772203809
4329	73195	0.3728581529388882
4329	206701	0.37046200418467046
4329	178286	0.4081618033389518
4329	554608	0.3984586114799922
4329	30568	0.3905165192950527
4329	464766	0.39308061958336593
4329	563192	0.4004070991702712
4329	342397	0.37992153011775637
4329	195326	0.3864526731492141
4329	563199	0.4004070991702712
