4352	563200	0.39525353882105363
4352	117249	0.21197884053184152
4352	563211	0.41015872238022355
4352	563213	0.44235176962563727
4352	574992	0.41906001192870723
4352	563217	0.41630690229400685
4352	563218	0.3858722231841317
4352	118295	0.3256362772675282
4352	28184	0.2722440534642157
4352	24093	0.4252074850733056
4352	536606	0.44959993843180857
4352	4134	0.4063906299576704
4352	331819	0.38114742638627785
4352	118318	0.416372190995258
4352	80948	0.40721470287791545
4352	64571	0.16641647438535206
4352	116285	0.4406009655885281
4352	349758	0.21984298066010968
4352	68168	0.340073809450596
4352	50253	0.3973940926390809
4352	117335	0.371907605289116
4352	335452	0.42839931274093823
4352	434789	0.4310594925313208
4352	516710	0.5023946190842239
4352	260200	0.22037120717101003
4352	334953	0.443315107931643
4352	67695	0.27351355190525395
4352	566900	0.3973369829660507
4352	568443	0.35023700950371994
4352	118399	0.5022187794683395
4352	380546	0.38760923967305966
4352	112263	0.29567259786571
4352	24208	0.39174835320386747
4352	581274	0.45144369166902654
4352	581275	0.45084560683037345
4352	337060	0.4597711041842804
4352	308391	0.413424181420765
4352	238249	0.4900628101029238
4352	81949	0.4235509428113827
4352	1714	0.4329254812611796
4352	111810	0.4106660001985653
4352	568005	0.38613205231818454
4352	158414	0.40868370887167643
4352	517581	0.34350392072181335
4352	340178	0.45359686080755734
4352	30938	0.44977326514136645
4352	30939	0.41626418047057
4352	30941	0.4214027928415915
4352	340702	0.4291418865026484
4352	344289	0.4227124475819921
4352	334563	0.4752625244745864
4352	24805	0.35742179882221153
4352	376038	0.38707772699679227
4352	342251	0.38898719260112347
4352	562413	0.4860821047612491
4352	464622	0.39891921229116656
4352	61684	0.42634058835745325
4352	546552	0.28184443525372693
4352	562431	0.47470515569248645
4352	342273	0.47898340752670543
4352	280325	0.39932393021589335
4352	134407	0.4118807515930322
4352	187658	0.4288873336067284
4352	117519	0.3720335048670907
4352	64787	0.29459994009118357
4352	379354	0.31555480041642686
4352	182564	0.44107047822690915
4352	24711	0.40948269784608754
4352	113473	0.4225570254254377
4352	320323	0.4015696398332544
4352	472400	0.41873780708177194
4352	502111	0.42896370549092033
4352	73277	0.34743243926645184
4352	334194	0.4645450274906504
4352	339324	0.4606610287981069
4352	202627	0.41919086339507483
4352	246665	0.4208325325533205
4352	335760	0.46573173357993425
4352	562069	0.34795619560067154
4352	333209	0.36804437617915237
4352	336797	0.43953406916815096
4352	562079	0.5046037406658211
4352	205220	0.40659321098013673
4352	24486	0.42203225349894624
4352	566698	0.40616344821248956
4352	397373	0.3642751231300954
4352	66973	0.2769510160212198
4352	235956	0.4048742715138983
4352	117151	0.3618767296094189
4352	86973	0.48267980794029786
4352	577471	0.42663220568860044
4352	59851	0.4452866020457355
4352	117197	0.3242122772377105
4352	353232	0.42387333203267347
4352	25556	0.4428932908136286
4352	399322	0.4131250878187755
4352	342493	0.43000080010844766
4352	461284	0.37994762567212553
4352	335342	0.32492175240045706
4352	386038	0.3770207688449872
4352	53755	0.4752864027342392
4352	390143	0.42591107460653804
