4630	270349	0.38274849075353734
4630	352782	0.43338019817131396
4630	535055	0.4118412782556538
4630	451601	0.41842017579684
4630	374290	0.44038085067743193
4630	270358	0.42822906255525417
4630	295770	0.44243877781531255
4630	457766	0.44212836174110287
4630	430638	0.4424190659822842
4630	561729	0.3687775545780507
4630	30276	0.43246196246130786
4630	450630	0.46196449895353303
4630	135243	0.4571764322134717
4630	241231	0.4162350976998365
4630	210521	0.44392991450248775
4630	512605	0.4353805900879205
4630	512607	0.4414129061237469
4630	104545	0.43763207436766216
4630	225379	0.4344554127884118
4630	57445	0.4301027969313965
4630	49256	0.42605831449740167
4630	506986	0.44419007860080184
4630	506987	0.4448541524843845
4630	405621	0.43132249281654456
4630	461334	0.4485771967693718
4630	180870	0.44683829304208855
4630	484999	0.4408839844046519
4630	162954	0.44314544961366087
4630	195725	0.438800595488815
4630	490126	0.43716679367951033
4630	460448	0.4573332411992411
4630	175784	0.43724319792940264
4630	199859	0.41771713995731136
4630	463028	0.42474816430817103
4630	145080	0.4204132843515579
4630	22715	0.44037056274340913
4630	324800	0.415980543841199
4630	150721	0.42707471559694243
4630	487120	0.42466843168020413
4630	206546	0.4244799979133302
4630	63701	0.4362737502146442
4630	263387	0.43524186031699724
4630	402665	0.43984693801803626
4630	266477	0.43420165113114095
4630	266479	0.4371581796128955
4630	39155	0.4297206468197446
4630	450813	0.4319009310871328
4630	40405	0.4414271402063185
4630	272134	0.38603925489287155
4630	382728	0.41430687644379394
4630	244782	0.42727737396175336
4630	258849	0.4412850154386216
4630	323362	0.4397709143275097
4630	220454	0.42510465755080734
4630	146728	0.44139020376353055
4630	487729	0.45613513842910314
4630	337716	0.460680496757945
4630	468279	0.43607909248008203
4630	74552	0.40436931926872266
4630	121160	0.3319570057608191
4630	487755	0.43390690167169715
4630	268111	0.4481370042553403
4630	57168	0.4391667201193955
4630	143702	0.437157172116325
4630	143705	0.4527114604917871
4630	120666	0.4422054223210999
4630	123228	0.44568704423363104
4630	17245	0.44758183727310247
4630	128862	0.39703764487740184
4630	122217	0.43576960468512527
4630	57661	0.4337992500705279
4630	105845	0.4498864534630813
4630	482170	0.44732714643758126
4630	456059	0.446742111512368
4630	289669	0.4395786897093391
4630	351637	0.45547578569967256
4630	191895	0.4311035612125148
4630	81819	0.4691393009920508
4630	63903	0.4358963242735038
4630	228263	0.44396307072016444
4630	192430	0.4393183715194794
4630	249264	0.4203616852445311
4630	163059	0.43864914725972814
4630	432564	0.43558030866055175
4630	321468	0.44303930983186307
4630	25533	0.43603833558318933
4630	511424	0.438787556894934
4630	539075	0.43961125391403827
4630	294866	0.4463391738747839
4630	119765	0.4280643850859489
4630	156751	0.4298419999612167
4630	302559	0.4319038815828252
4630	394224	0.44053262040708735
4630	342006	0.46056178398376746
4630	126969	0.4273005899840664
4630	157178	0.4432258948524431
