4678	291333	0.41285882732354373
4678	359943	0.4075209737952852
4678	256018	0.39648018295865295
4678	57878	0.41874070300316985
4678	356377	0.45894187493840694
4678	353823	0.43806667962734736
4678	132640	0.4140059736898478
4678	239139	0.44415319515794166
4678	472630	0.47720269921522374
4678	323132	0.44577742462824765
4678	109632	0.3680646987164422
4678	385603	0.4285382845202653
4678	312900	0.4224526727369278
4678	499269	0.4214031046044128
4678	256005	0.4127708275981568
4678	513614	0.41229726241861303
4678	97881	0.4263155909536632
4678	243292	0.4022066876606338
4678	109668	0.46202883671585276
4678	500838	0.42574282999402036
4678	212583	0.42864842080612814
4678	73839	0.45498196151608705
4678	268921	0.4274106315491528
4678	509974	0.20810917743930268
4678	353928	0.4369166959485009
4678	46219	0.4192332996128668
4678	200845	0.45812658411101936
4678	41617	0.41236747081284053
4678	122005	0.36487774843263127
4678	9878	0.41524126171387743
4678	97434	0.41195621607169397
4678	353947	0.43519289673701234
4678	482977	0.4344068759489205
4678	505727	0.43984031526172873
4678	52422	0.43954257152323123
4678	109745	0.45929023643248723
4678	310450	0.4608209627154475
4678	427189	0.4586868518387771
4678	59679	0.432124305849611
4678	59072	0.4384466150577902
4678	573634	0.41813778089834175
4678	202950	0.41041529775274027
4678	534733	0.36099757202136
4678	90842	0.41085169244030356
4678	191200	0.4264054603956535
4678	268007	0.41323914894625075
4678	77036	0.4245270478678482
4678	287989	0.45869276040433365
4678	59126	0.44724063915555323
4678	220543	0.42844897774748936
4678	533760	0.41083951948673836
4678	394505	0.41752537240771276
4678	579343	0.4216579310089002
4678	124180	0.4165318267797844
4678	171908	0.4237191759103882
4678	64283	0.4103869686857082
4678	103709	0.40556894972409024
4678	412959	0.4583871475006317
4678	534838	0.4108531298803155
4678	366395	0.40894459702736286
4678	450366	0.3923264568299393
4678	92991	0.4154989169397876
4678	299847	0.4186860863761973
4678	534345	0.4537844028928295
4678	202059	0.40685685522731535
4678	484692	0.4246493745553553
4678	177496	0.4889721706919533
4678	396654	0.40683586220719015
4678	288116	0.4628327637137353
4678	427899	0.4291587462368316
4678	578940	0.3553020025129745
4678	544405	0.39453347957968815
4678	42884	0.4219544620635196
4678	129414	0.41351665594934744
4678	95118	0.462918548773076
4678	192401	0.4253641574638172
4678	505746	0.4220233363439073
4678	187795	0.39685872077687656
4678	221080	0.42687253450814217
4678	463259	0.4320421856198485
4678	58787	0.43767370701490094
4678	10150	0.4126441856919703
4678	43435	0.4526099749569448
4678	19374	0.43976061626645213
4678	244655	0.4242719637877983
4678	487344	0.4272908361451854
4678	362934	0.4168670978828975
4678	100815	0.3545796553628388
4678	574030	0.4562750871535446
4678	309718	0.41016426398954847
4678	109027	0.42037977370971125
4678	486885	0.43590853037457494
4678	74734	0.45358391827214917
4678	544764	0.45946994298172145
