4782	211970	0.46958012849437675
4782	327171	0.4731478258836967
4782	433177	0.46388250611212567
4782	219163	0.4705978557651559
4782	259333	0.4705782704818413
4782	365683	0.48245607606099594
4782	449572	0.46872868428106645
4782	34352	0.4698338656417999
4782	195633	0.46835242684971834
4782	487998	0.4641077262912788
4782	266307	0.4688143708531775
4782	36425	0.4700124776223828
4782	517194	0.46949845429961895
4782	401995	0.4723494736526175
4782	526935	0.4713259442252349
4782	441443	0.4613653679532926
4782	282212	0.45874332033589704
4782	486501	0.4618507629520362
4782	180337	0.4725453901239251
4782	521598	0.4745308664207566
4782	309880	0.4741052081456959
4782	448697	0.4719846863538657
4782	440963	0.4662886756527996
4782	440968	0.47039028631374374
4782	226449	0.468763937468664
4782	149700	0.4508102257435574
4782	297118	0.4595283660865853
4782	459430	0.4738440245678936
4782	411815	0.46440129470385716
4782	140973	0.48477746178712794
4782	512689	0.46409328571440583
4782	420022	0.4792812579265939
4782	442041	0.4654064139443893
4782	393403	0.4827018641107318
4782	136384	0.4655638990085942
4782	399553	0.4746415816345611
4782	240331	0.4698838341741857
4782	149713	0.4703813477473373
4782	149721	0.46566002141853874
4782	135921	0.4650345894035696
4782	487351	0.4712976811119128
4782	226554	0.47325186111942813
4782	533761	0.4707033686065747
4782	496904	0.47410380910308775
4782	309010	0.4726027837690209
4782	275587	0.45987207320990303
4782	487189	0.46733202674331503
4782	275229	0.48046593731013953
4782	492318	0.4963580234442076
4782	451363	0.4666561713378173
4782	36137	0.47212708962034045
4782	496430	0.493387751574161
4782	204253	0.46813256745537435
4782	411450	0.4817967071738897
4782	102203	0.46323452447620256
4782	424265	0.46745041320064434
4782	487251	0.4610777648158323
4782	32094	0.4704475862477463
4782	485731	0.46142937637903453
4782	490345	0.47106831287040807
4782	185199	0.4546020499190646
4782	220734	0.4577876449545115
4782	545144	0.4576787982221808
4782	460158	0.46371384818605943
4782	16260	0.4766903472015271
4782	211336	0.4649983315239516
4782	432019	0.47497732506910284
4782	219043	0.46091960025016515
4782	212392	0.47539350919468
4782	327081	0.4802743109439868
4782	513963	0.4607760000009564
4782	308665	0.4784559825534881
4782	296897	0.42194315461864473
4782	146370	0.4600187130998425
4782	309187	0.4735556413426745
4782	513990	0.4704300379219719
4782	264138	0.4655796375324568
4782	264147	0.4548945060073344
4782	449501	0.45734564896928875
4782	409061	0.47321548907279204
4782	244711	0.48770233211900027
4782	442870	0.4607240374401627
4782	265212	0.4691889916755224
