4868	427022	0.4221678317155712
4868	427023	0.40649349821776365
4868	292374	0.416253287438351
4868	378914	0.4139216660281182
4868	282660	0.4076854295130202
4868	121381	0.38104847822990107
4868	129575	0.40319913185284717
4868	98861	0.4200897478002899
4868	56390	0.41508200266471423
4868	490060	0.4159337077863868
4868	30293	0.41963701986928115
4868	298081	0.400244049221782
4868	234088	0.3767365776434097
4868	161901	0.38581592271184023
4868	547438	0.4447680512618443
4868	218224	0.4177753625823772
4868	154740	0.39181810060660544
4868	41236	0.3845088708718992
4868	479354	0.42147730376869313
4868	144507	0.42215727808978337
4868	304765	0.41457757370020887
4868	103038	0.4360439181970818
4868	151168	0.39326523795812834
4868	571013	0.4043082282876517
4868	218760	0.3932374200410848
4868	289930	0.399782731215879
4868	472685	0.37109936073803695
4868	87700	0.38735218247975045
4868	102037	0.4178632525494983
4868	324765	0.40739542852076177
4868	502949	0.4035132926278733
4868	395430	0.4278360085318037
4868	147111	0.42186604191149113
4868	233643	0.37794482194001816
4868	405166	0.39447689411344083
4868	458930	0.39522559991219525
4868	417464	0.40447739776726543
4868	60613	0.40160134763478195
4868	355528	0.41676662524729097
4868	317135	0.4174990731454429
4868	18131	0.4387683418186232
4868	427221	0.40094895588284357
4868	374491	0.379251542093176
4868	307423	0.44609178662492566
4868	545514	0.3723259046571754
4868	425197	0.3865893451080155
4868	350965	0.4286473435592366
4868	404731	0.3758896603903889
4868	389377	0.3979620724568229
4868	350979	0.41553217084118316
4868	515854	0.40201112470131956
4868	230159	0.4002296262743219
4868	464658	0.43724393903685427
4868	41748	0.41260468199041583
4868	233750	0.3910340974161339
4868	372000	0.40642056622310696
4868	156961	0.40360708357223707
4868	331559	0.3953281817393881
4868	274216	0.4066590184428349
4868	391978	0.40065439553004795
4868	503095	0.39244567065272845
4868	301882	0.4081486886467692
4868	189836	0.35573431183302995
4868	218646	0.3988424528690527
4868	384332	0.40774990936285715
4868	548389	0.3763680262019593
4868	356686	0.3926423982956968
4868	144723	0.4047497164895468
4868	320351	0.4306542668626688
4868	182626	0.4381342335544418
4868	423269	0.3903243435969878
4868	555372	0.4010920264968039
4868	300398	0.41404339079341124
4868	467320	0.447853021084253
4868	472298	0.3998062743022834
4868	543620	0.39244708156388386
4868	547210	0.40127565003917814
4868	552332	0.40914413964129986
4868	210832	0.41273402025324984
4868	549778	0.24741553104657785
4868	130455	0.4072062662477001
4868	131993	0.4022871432087236
4868	323996	0.4056829344255248
4868	385440	0.3964813411175523
4868	26531	0.426036294073464
4868	292773	0.3759799711338542
4868	322982	0.15755262442239
4868	378280	0.3918698596523475
4868	234908	0.359811597764738
4868	392861	0.38854874844554627
4868	135088	0.39325241618770745
4868	409525	0.40567165539507477
4868	55736	0.386177140845781
4868	292283	0.37689997294983685
4868	14782	0.37652568773546635
4868	229664	0.42378254210795724
4868	310228	0.41920032736712
4868	328151	0.39491900530792434
4868	26080	0.41209828418226013
4868	355305	0.47100531791943234
4868	178154	0.4172839688121511
4868	194541	0.4020958912928388
4868	248304	0.1849245880973485
4868	475121	0.41811942747451913
4868	394235	0.37503158196146524
