4961	179715	0.33659493744401164
4961	210442	0.35138798658626447
4961	483339	0.3483285324227411
4961	441869	0.3487440041181688
4961	521744	0.3426598086188592
4961	368659	0.3272038578440172
4961	60440	0.3373676196536009
4961	167088	0.3370366679614473
4961	485417	0.34848878570457753
4961	49927	0.34841196899863436
4961	218674	0.3439523076764251
4961	211005	0.3447842079993545
4961	53310	0.34953756116732443
4961	77889	0.36504712555395485
4961	87622	0.3358788515883971
4961	100935	0.34715227633146967
4961	350280	0.34956630040394304
4961	464974	0.3506053586854167
4961	157197	0.19501788916365156
4961	244817	0.3452627248671944
4961	191058	0.3520713398673254
4961	321107	0.34526918577257343
4961	34391	0.3499325965412809
4961	123992	0.34271792056735373
4961	408678	0.35992992256443174
4961	308840	0.3467723910510555
4961	380529	0.34474317502549234
4961	244850	0.3439673237110419
4961	322676	0.3454952002612711
4961	530038	0.3450648936699093
4961	19580	0.3401080915875349
4961	96907	0.35014462495299953
4961	498828	0.3381449686488775
4961	512146	0.3421656619366389
4961	81051	0.34445647610126173
4961	448158	0.3445911233678953
4961	409247	0.3533406633407306
4961	526497	0.34733381940471875
4961	166054	0.3365469886605777
4961	482983	0.3515221050497445
4961	373936	0.3457276251817661
4961	270513	0.35221588848140334
4961	207545	0.34672554711191156
4961	402207	0.33570222150860163
4961	477130	0.3458311171195152
4961	411841	0.3389844800324255
4961	463045	0.3450770093449511
4961	437281	0.3488574028849812
4961	177867	0.36073378296368386
4961	358612	0.35041086821106276
4961	96983	0.34919693941325103
4961	97499	0.3374663707454187
4961	393437	0.36318160803920235
4961	228065	0.34517551721418893
4961	345826	0.3459867962930894
4961	25315	0.3455882782732803
4961	137852	0.34427613323406187
4961	142070	0.37104896522072983
4961	506631	0.3614031988501842
4961	484114	0.35426188841224887
4961	386843	0.34814882590159646
4961	323358	0.3408742634549754
4961	200479	0.33776870862345804
4961	387803	0.33663425837250505
4961	189732	0.3323540066240337
4961	402220	0.33715063359636094
4961	177455	0.3801191969105868
4961	506680	0.36139032192463605
4961	386876	0.3352536903403871
4961	190781	0.3708933295839747
4961	219458	0.32060662878942126
4961	311621	0.3430695525590965
4961	323917	0.34779840248664806
4961	313167	0.3551686620464393
4961	364377	0.32996397118299814
4961	311130	0.330464399130351
4961	545121	0.34334594377178856
4961	344930	0.3541896347280391
4961	484710	0.3480631304277144
4961	123754	0.3448802949184291
4961	548414	0.3411825963207512
4961	122594	0.34737563660447596
4961	52092	0.35012542950309644
4961	494974	0.3474767151387597
4961	494975	0.3515051055652716
4961	268185	0.34426181122895955
4961	139164	0.33579690740808976
4961	478631	0.3397860920916277
4961	389532	0.33760826691715845
4961	189616	0.3400777970194476
4961	135603	0.34472843828181393
4961	493502	0.3489200394383001
4961	305094	0.35007657096832556
4961	241825	0.34069508714001023
4961	209353	0.36657034391776144
4961	402378	0.34585265026801487
4961	555979	0.34409884344593383
4961	277753	0.3537544191722585
4961	327129	0.32809016700573734
4961	426459	0.33726499168910895
4961	10717	0.33815240937042995
4961	29663	0.3378348563458736
4961	75747	0.3391281103418092
4961	325102	0.3502268731400667
4961	430579	0.34269481671467666
