4976	272896	0.5178218078136663
4976	145416	0.5143346625968329
4976	292364	0.5084307749775231
4976	4621	0.5178562336231829
4976	536597	0.5114407855923838
4976	268824	0.5081521146783516
4976	313891	0.5138138490132913
4976	30756	0.5455710470352677
4976	348711	0.4832623302587209
4976	221227	0.5067251524077567
4976	252985	0.5198619824663502
4976	5697	0.5034116369455474
4976	107590	0.5163150905945612
4976	559687	0.5164860375722643
4976	278607	0.526534059437729
4976	574051	0.5312989835043284
4976	498777	0.5359622444937576
4976	388194	0.48942565431396623
4976	478307	0.5142862533414165
4976	106611	0.5173354836705304
4976	520310	0.5330836656932234
4976	30840	0.5060169063424625
4976	522362	0.5079993171473514
4976	574079	0.5325942832043655
4976	214145	0.5283112944225571
4976	71813	0.5089705696548773
4976	172681	0.47898547401741226
4976	260241	0.5202287461721491
4976	92823	0.5187230794781211
4976	670	0.5157026595020275
4976	34976	0.5226892591954827
4976	250033	0.5068180725285208
4976	271543	0.4998086658858155
4976	533693	0.5048718323961073
4976	359102	0.5253543930178626
4976	35519	0.5227916473830466
4976	42614	0.5199318233025478
4976	193734	0.5323375939181362
4976	193740	0.5328449795647213
4976	279757	0.530233516900994
4976	563412	0.3296168939769789
4976	239319	0.5564748164230046
4976	302812	0.5183617889675328
4976	37244	0.5213243605804594
4976	47854	0.5143078679042561
4976	172790	0.5175689882305907
4976	302840	0.5156881311140367
4976	23291	0.5365504343604055
4976	193276	0.5229207607653673
4976	532748	0.5165592187652186
4976	561426	0.5247560003671677
4976	419605	0.5161169610843304
4976	357143	0.5148793814174552
4976	35116	0.5204228789855496
4976	283528	0.5089201582782157
4976	233779	0.5167022793155744
4976	61748	0.5158811555634714
4976	305976	0.5141291656740563
4976	546621	0.5242204544671746
4976	281408	0.5004132389489679
4976	4629	0.5174163407758283
4976	243522	0.531586801731977
4976	232776	0.5104481226904836
4976	206159	0.5076356963431904
4976	369488	0.5160922775283268
4976	406354	0.5152995488023157
4976	155479	0.5225319110902501
4976	33628	0.5220720107478537
4976	346463	0.5149743694811794
4976	432995	0.5142150515899607
4976	250725	0.5095549638821463
4976	502646	0.5192373503595097
4976	126327	0.5066537955875762
4976	192380	0.5168670401694073
4976	349567	0.5070508410424972
4976	176520	0.5445396218816446
4976	565655	0.5194275889203039
4976	296848	0.5089578185778016
4976	82834	0.5199244952818299
4976	280981	0.5349280184006643
4976	280982	0.5423008058859338
4976	351639	0.5245729857598925
4976	566681	0.5315472369559833
4976	15259	0.5342133481692095
4976	536478	0.5033526521375961
4976	137632	0.48596916662303297
4976	94129	0.5134634504709096
4976	419241	0.5132397873124115
4976	440648	0.5063026782587678
4976	449462	0.5209458877732733
4976	127933	0.5079569053804169
4976	573888	0.5102181179802128
4976	48577	0.5180263081597121
4976	527300	0.4827855977437421
4976	267207	0.5138706344975358
4976	489928	0.5163476480829892
4976	19410	0.5333251859232724
4976	540627	0.5121513631818506
4976	436672	0.5171134022634774
4976	457177	0.5096452568166449
4976	204764	0.5235243668449482
4976	207838	0.5200426351194007
4976	33759	0.5196326124128322
4976	386464	0.5112259773981382
4976	45045	0.5168159147766671
4976	413177	0.37632927068854316
4976	481276	0.494208677744356
