5156	297985	0.4803151779630574
5156	481797	0.4910762044074127
5156	20495	0.5016215638476317
5156	143377	0.48059550148561864
5156	320530	0.49331328837730326
5156	573461	0.48629907515546483
5156	441885	0.485949837898405
5156	240670	0.49896316600484736
5156	397856	0.48704596335839334
5156	246305	0.5240671882433957
5156	46640	0.4823830339599346
5156	72761	0.4971437009458963
5156	282685	0.499216676276488
5156	170558	0.48915837496982206
5156	312903	0.4946943689049148
5156	241736	0.5016589823823152
5156	381011	0.49436406351232043
5156	16476	0.49917466305792224
5156	130654	0.48512849186515555
5156	569955	0.5001370970857717
5156	404069	0.5005949538889979
5156	250478	0.5281781852844027
5156	311920	0.49519274926386614
5156	298111	0.5003585710219696
5156	323200	0.49034714768965193
5156	143506	0.49703437571373155
5156	236698	0.48216332974569953
5156	303259	0.5050035561499241
5156	303772	0.4977608673104149
5156	348839	0.4812312202525749
5156	236061	0.4910325648402893
5156	548018	0.45305431000941077
5156	78008	0.5008329082295654
5156	362681	0.4983703632235821
5156	233146	0.49754103740834
5156	573627	0.48312598586242755
5156	574140	0.4772030897329072
5156	39615	0.5296889193815922
5156	51395	0.5012285783091878
5156	178885	0.5103190177947744
5156	222924	0.5008148665745801
5156	324307	0.4906548602835906
5156	525536	0.5051050019596532
5156	9954	0.501863955291376
5156	275173	0.1576730518410366
5156	340716	0.4911981586764703
5156	524013	0.493945028687698
5156	110830	0.4989158012094016
5156	140022	0.49298232781738877
5156	69371	0.49164056436610204
5156	164103	0.49422871676623753
5156	60176	0.47730884231944004
5156	316177	0.5001867980128047
5156	418071	0.49539101442332734
5156	484123	0.25398614681789095
5156	408351	0.5035631661011336
5156	294187	0.5016284680004512
5156	247596	0.49961420712244253
5156	294189	0.49999303502840603
5156	179510	0.4828059665121122
5156	293195	0.5018105719108495
5156	507618	0.48821189141088905
5156	237902	0.5018482925591917
5156	19792	0.5008942570158236
5156	38737	0.4973569665380138
5156	445779	0.5215805268342768
5156	348505	0.49222014213952486
5156	567134	0.4951483818869369
5156	186597	0.4971217333266678
5156	259940	0.5079742757439545
5156	544109	0.49844056426551653
5156	559470	0.5132816981196692
5156	55676	0.4982499773245136
5156	439169	0.4971171145269754
5156	71659	0.4987681878340708
5156	449412	0.48719311610674587
5156	158622	0.5049844359533403
5156	211360	0.4961173971672698
5156	6049	0.5042153318385462
5156	373667	0.4959450905791288
5156	194985	0.50154946801084
5156	572846	0.47890636640196754
5156	159665	0.49998720090919385
5156	395192	0.5163015096611293
5156	246739	0.49814606478751844
5156	246740	0.49894728575539526
5156	159714	0.50090442907064
5156	141800	0.49448853661718206
5156	489963	0.5015204390413267
5156	424941	0.49702167522986646
5156	582126	0.48838913781857124
5156	324079	0.4949224299782947
5156	374256	0.49994190247565246
5156	76790	0.4895426194993046
5156	11775	0.4945450538893949
