5173	486415	0.36153114374851364
5173	219160	0.362612125926071
5173	31263	0.05079318371519136
5173	442424	0.3566789008911313
5173	427577	0.3627019474802991
5173	84026	0.3672458287700194
5173	433215	0.364438517156841
5173	226368	0.36651487313128955
5173	219204	0.3637935436691399
5173	214607	0.3641174562537751
5173	571482	0.3160437378400365
5173	214625	0.3487610372390191
5173	580199	0.3768733126775272
5173	281728	0.3602204069612877
5173	449472	0.36250876298481166
5173	486530	0.36898349991186324
5173	309891	0.3090268791940382
5173	212100	0.36966768843537895
5173	483464	0.3633390497421669
5173	486541	0.36827000336027954
5173	436880	0.36472774765518984
5173	279193	0.29654985181731075
5173	11930	0.38562463499057054
5173	275101	0.38154545530413625
5173	191153	0.3680111555768505
5173	6843	0.35799944315832827
5173	6844	0.3641702359994898
5173	409290	0.36270466840754284
5173	518352	0.37282871700474757
5173	284887	0.3586596612604304
5173	242397	0.36639615677525234
5173	571621	0.3212053624441989
5173	71925	0.36512152557783795
5173	284925	0.3646372628078002
5173	170711	0.36852485333713086
5173	208659	0.3629031069947626
5173	207124	0.36706749253280596
5173	226948	0.3562709687951371
5173	188698	0.35976283563833683
5173	386331	0.36571738644218404
5173	231814	0.36472476517618624
5173	115533	0.361419247859054
5173	188715	0.37100863962511205
5173	120968	0.3640309635139906
5173	48449	0.3875023578698011
5173	170829	0.37287173784701433
5173	432781	0.35906084369081454
5173	487272	0.34834156830221
5173	575363	0.3665463633869136
5173	143750	0.36787433308087675
5173	548238	0.35883041058797394
5173	524190	0.32777849645785184
5173	575397	0.3642050933610451
5173	356264	0.36327118695375343
5173	482223	0.3719150724043448
5173	266312	0.35170129091240393
5173	572868	0.36179751956959944
5173	264138	0.36201328928667165
5173	432606	0.3335158595329789
5173	335340	0.3524872447835977
