5174	342528	0.4514784949839879
5174	345100	0.39979819665490773
5174	485907	0.42728686934584137
5174	180484	0.4224838343644155
5174	259612	0.42358750518259486
5174	350239	0.41731155537860126
5174	219169	0.41176070966095896
5174	181288	0.41967311154129117
5174	413741	0.4091027760426577
5174	226356	0.40282052771785726
5174	388153	0.4394386304017427
5174	276027	0.42863220550207076
5174	362053	0.4277608443981452
5174	14918	0.41740203106965135
5174	284746	0.42164318567294684
5174	488531	0.4131488935625992
5174	523349	0.435188482393313
5174	371290	0.4173704916540742
5174	373862	0.4171556102815742
5174	442986	0.4334755977977877
5174	340587	0.4570792178420821
5174	441456	0.43032677099808136
5174	189553	0.42671149561329286
5174	472429	0.39134024342520424
5174	378497	0.4172004660756495
5174	441477	0.4244799108546873
5174	354439	0.4231596885318367
5174	550030	0.41830173748989247
5174	99471	0.4126864212171202
5174	487058	0.42784362139135285
5174	272532	0.42615035268995527
5174	70809	0.43077135915556125
5174	373925	0.41453318468210965
5174	457392	0.416613924133507
5174	219330	0.42772148069842647
5174	37574	0.42256449557735976
5174	539848	0.42474787247525064
5174	307406	0.3992379270585334
5174	420047	0.4242522629063988
5174	34001	0.41841573730862497
5174	539854	0.42239010441715064
5174	266462	0.41402319686684375
5174	530662	0.4232939107614065
5174	485608	0.42260539960724786
5174	108270	0.39073631193662806
5174	484593	0.41251982281810173
5174	438516	0.42949735515555193
5174	7929	0.46871345896218347
5174	390909	0.4208380582700746
5174	470788	0.41015671250984637
5174	313610	0.42123542116589435
5174	180505	0.42030866002696154
5174	442651	0.41023689012244846
5174	109343	0.4254058364149361
5174	104224	0.41493014192367667
5174	377141	0.4460660242884477
5174	14134	0.3264541265362933
5174	393015	0.4244748483931195
5174	380468	0.42329476152661255
5174	263484	0.4366135292637486
5174	442177	0.4157623324903491
5174	443205	0.388957549346489
5174	221495	0.37908767224829043
5174	364365	0.41800701001794804
5174	393017	0.4229449197106345
5174	114533	0.41152218998936396
5174	400236	0.41806526042655673
5174	407405	0.42248133841649266
5174	395635	0.4090741646572975
5174	487287	0.42046727653543947
5174	219512	0.4219363360842452
5174	442235	0.407170742554692
5174	242073	0.41510779150083765
5174	442241	0.39043255450247494
5174	446617	0.4156183779514328
5174	483227	0.43863482143547816
5174	417692	0.41423453285359507
5174	427589	0.41598113854969404
5174	453028	0.4187285514657493
5174	455589	0.40032580921073146
5174	116646	0.4027224474670733
5174	502695	0.39410937474291163
5174	523689	0.41909055740728773
5174	285098	0.42615443662494656
5174	285106	0.4171708919344137
5174	285109	0.4243717228792412
5174	432056	0.4150745835365604
5174	30663	0.4398731867322763
5174	97230	0.4248153634995071
5174	350162	0.419585911364914
5174	270812	0.41507525114601634
5174	32421	0.42253112130589077
5174	277477	0.4228915266003317
5174	365030	0.41018775956201975
5174	216039	0.42443501704466835
5174	241640	0.42424787926329366
5174	175087	0.41648377517029567
5174	526327	0.4216942474289574
5174	576510	0.4209918193500423
