5217	567446	0.370339950636525
5217	76292	0.31935279250759574
5217	513413	0.40568275570586765
5217	568577	0.4477912337459789
5217	339802	0.36494911792847634
5217	176908	0.3963180101394184
5217	66703	0.36141449573343504
5217	331992	0.37544483658963324
5217	42642	0.4430530963326446
5217	203283	0.34746323066903634
5217	506902	0.4576719768125564
5217	475332	0.32409165117715216
5217	75183	0.3261172229498494
5217	331994	0.3898868896892648
5217	90526	0.4034455715958477
5217	506790	0.34435137925627
5217	427	0.38006861596163677
5217	413597	0.47569344388806656
5217	437682	0.3941629630135222
5217	154292	0.38413804007028257
5217	177566	0.40652775333205715
5217	153915	0.36662208085248954
5217	68030	0.3098648088679955
5217	414656	0.25564022978755535
5217	253408	0.22583706682788235
5217	456771	0.39788631460337287
5217	456772	0.4058477633093981
5217	331976	0.39406625063226947
5217	331977	0.3521965910514189
5217	550162	0.3259144360993511
5217	106200	0.42627496397260484
5217	480717	0.3547926595118466
5217	331982	0.3874054116024041
5217	331981	0.386663570671439
5217	331984	0.3528641842739003
5217	331986	0.36060047949368107
5217	533460	0.3741208666107954
5217	558294	0.3906300269227822
5217	528088	0.3845418466537199
5217	528089	0.37516742685737137
5217	528090	0.40661344164185287
5217	456783	0.4376513148006144
5217	103004	0.40344445711311444
5217	216286	0.31624057300441794
5217	253407	0.2307466011847085
5217	528736	0.37722747700450104
5217	435816	0.38689535159217364
5217	183145	0.37675761065705987
5217	50124	0.3611973913501588
5217	550159	0.3322192293192752
5217	355418	0.3932763224714411
5217	506485	0.3261219149291091
5217	60791	0.3451737193474507
5217	334968	0.35831682854198016
5217	10105	0.3617664704768967
5217	50300	0.332939504637788
5217	29565	0.34535111768787224
