524	268034	0.4514323477576866
524	450691	0.45643358506204
524	119679	0.1741865345713825
524	194694	0.48043272638949075
524	52487	0.43654404850153605
524	496136	0.4120197794958691
524	512733	0.4713150013971455
524	215564	0.3592738836235792
524	67213	0.3888058250279314
524	387854	0.4309012201832391
524	421867	0.44893009793854816
524	57208	0.4660003812472277
524	413074	0.4345553026110018
524	331027	0.41866724504083563
524	35860	0.47152215043609763
524	310039	0.42138764329673395
524	471321	0.4203768979571678
524	99439	0.44955813470287653
524	581661	0.4346081254726161
524	93893	0.4650286566299039
524	221985	0.4642749768836288
524	149410	0.43949289994321955
524	415907	0.4844959783658429
524	578901	0.45042380201990373
524	115751	0.46540514334298777
524	431400	0.35334878230625766
524	459563	0.38560296670963773
524	421895	0.4578130127085305
524	156463	0.4408378284508392
524	550704	0.45856114550175403
524	421938	0.45107439242196806
524	218420	0.46324452968787067
524	268342	0.4600452430252961
524	35931	0.46167055468648205
524	505229	0.46322090233292285
524	422073	0.45296527927751506
524	268091	0.41983472531116295
524	74399	0.4560816748674016
524	384701	0.4315621256060352
524	421950	0.4544734009465908
524	182261	0.4491429336212906
524	299587	0.4422575550620664
524	539190	0.434026310681533
524	422087	0.44905355484143467
524	516170	0.4293376793488182
524	63948	0.40916417567365493
524	387874	0.40429868920011786
524	57166	0.46127541618633705
524	206861	0.45727759959373615
524	149456	0.42361991319580933
524	491601	0.4519192479333877
524	477224	0.4485009494758947
524	551083	0.45956762025747727
524	12632	0.274575426668577
524	56921	0.4572462035877791
524	324669	0.4641153902801995
524	135259	0.44597804652324424
524	340700	0.40351173689774766
524	496221	0.43959791853355246
524	330593	0.4516273269897574
524	411490	0.4640570707185956
524	496099	0.4405140789489451
524	525029	0.42474028095031763
524	204646	0.4473516806421149
524	421863	0.45294854206836777
524	421737	0.4504076176195867
524	12522	0.44426668906244693
524	186219	0.47897496428602954
524	421871	0.45033176694034605
524	263153	0.4550279879275514
524	43378	0.4352862005666779
524	216309	0.4582472513097544
524	413033	0.4577824855461831
524	555768	0.47091888760745637
524	35705	0.4598769041962471
524	305531	0.4584567747094729
524	310268	0.4443163107027337
524	548073	0.46699954755155704
524	223345	0.4572069188470585
524	496213	0.42559068207419276
