5341	566785	0.2595536612526078
5341	343383	0.22684840909666912
5341	534542	0.25018595322435067
5341	172047	0.26593591152689855
5341	75792	0.2377428726160913
5341	336403	0.2565359653474994
5341	557084	0.24428759040584375
5341	557086	0.26575372062889374
5341	557087	0.21744118962764644
5341	557088	0.22278356510179068
5341	557091	0.2660442451179267
5341	334383	0.2354774965435126
5341	194618	0.2847971917067043
5341	397374	0.15631749377289517
5341	44614	0.2860071678969058
5341	288334	0.30105202161722333
5341	454740	0.2649952981567655
5341	477785	0.25475715215742617
5341	479323	0.27071278044749525
5341	116830	0.2433961758462163
5341	116831	0.22670716192085758
5341	573539	0.23543841637242172
5341	70758	0.21398364010264795
5341	134258	0.22072156300569903
5341	170104	0.2501168024888664
5341	41603	0.27858625560615763
5341	78274	0.2747455508667903
5341	421518	0.273884657225974
5341	91291	0.21079641787724349
5341	520860	0.3085843896339502
5341	336542	0.25157184149791406
5341	229537	0.3152288879371256
5341	335012	0.19671152671734893
5341	557230	0.27563529129863346
5341	557231	0.23474115125838715
5341	395294	0.1866984267077186
5341	557239	0.25822147684297725
5341	343231	0.2502831416782495
5341	117441	0.20313213793262588
5341	568007	0.25619682372797653
5341	366283	0.251274793656029
5341	211151	0.2586244339592729
5341	203475	0.25733383580541963
5341	125147	0.26328813578169763
5341	274655	0.2348692181356584
5341	339169	0.22812861922660452
5341	333808	0.19699421452958757
5341	332717	0.23454900351400582
5341	39661	0.28765477106515674
5341	106222	0.24739571773146415
5341	87793	0.2751649736654816
5341	3828	0.2636771407703217
5341	203511	0.23918474029991513
5341	73977	0.26045129224590213
5341	7421	0.266800343063619
5341	352514	0.269699787850115
5341	203525	0.2724142998673646
5341	203538	0.27527885970439603
5341	502559	0.25223465609437073
5341	345383	0.23608744946058477
5341	265515	0.2741939763519029
5341	289084	0.29204598778905194
5341	176455	0.2587725212781584
5341	552265	0.28176868240598796
5341	338762	0.222211042806228
5341	479052	0.22603662730970908
5341	458071	0.2960920679654454
5341	557400	0.2880217094421079
5341	275428	0.27317544982224135
5341	573157	0.23635615596066112
5341	467811	0.3027233369648008
5341	333670	0.25166600620844254
5341	238442	0.2907738177421213
5341	268652	0.3178760732839993
5341	544111	0.260597566320493
5341	467830	0.27109343880321285
5341	460666	0.25838857711596824
5341	479101	0.25792358747165134
5341	479103	0.27014047876222547
5341	30593	0.25794140068883165
5341	381829	0.28352665032118396
5341	559495	0.2782453306579448
5341	201105	0.2569170633165197
5341	123797	0.2399417286970037
5341	135575	0.257423038881677
5341	336792	0.24583706009700634
5341	342425	0.26263046585052724
5341	479135	0.2602058026531682
5341	135584	0.28280623340420735
5341	552353	0.24975415698448108
5341	177734	0.290988026680166
5341	236973	0.24923460436183376
5341	537018	0.29920257502947345
5341	177090	0.2719313924415653
5341	78275	0.28843202246194183
5341	332742	0.2450265163295666
5341	547489	0.3034002166152587
5341	352201	0.2673905904085835
5341	343943	0.2485686633594867
5341	135589	0.25130557755234206
5341	229860	0.26975458138123604
5341	343021	0.23619080518484303
5341	70126	0.18322259243619027
5341	81903	0.2614601942384385
5341	333296	0.23215517446210374
5341	338939	0.24650786642739575
