539	69122	0.3158536695888375
539	338819	0.31446517273245495
539	195973	0.33887305576661453
539	69126	0.31102917016404497
539	578695	0.34773871255397165
539	574472	0.3607393386339523
539	574217	0.3420430670373395
539	571274	0.3526984576117519
539	572119	0.2926496682945982
539	569998	0.34764126805646073
539	145423	0.33505543338054994
539	578320	0.3507900055161252
539	524049	0.3535213006195492
539	90259	0.3474962614615908
539	567060	0.26401517418428333
539	570645	0.34500056751537916
539	576778	0.30933183357482974
539	574491	0.3310704819576559
539	32031	0.3524349824088672
539	79776	0.3428736593068091
539	174881	0.27069248722893136
539	569762	0.34574491250333644
539	165027	0.320604879138355
539	23974	0.3493634924741983
539	324657	0.3503360621384703
539	36064	0.34931553377640817
539	43562	0.33299529339006917
539	565932	0.3302825197756721
539	218290	0.3528573169863072
539	577326	0.27123608740520605
539	577328	0.32264835270132675
539	573960	0.34031350974454394
539	573889	0.33398078234798956
539	49716	0.30521789632737834
539	128566	0.33766581201621315
539	489225	0.3349614618432421
539	569144	0.33750395630748914
539	74809	0.3516805828395357
539	565563	0.3449225624754903
539	574922	0.3377537483717269
539	324672	0.3488498584306171
539	47041	0.3351014145194186
539	395845	0.35433082359137547
539	209224	0.34222511385471294
539	362768	0.34445129653317935
539	565578	0.34933974887617736
539	574201	0.3446598531423073
539	574382	0.3524199527836886
539	406672	0.34066318152483854
539	47311	0.31051253603555035
539	566224	0.34202524298771453
539	576210	0.3345939949520207
539	4179	0.348522027548227
539	112212	0.34580008446416766
539	568533	0.33407729388903135
539	571863	0.3521464718298735
539	33370	0.35354262949907117
539	568655	0.35131646357407414
539	72669	0.3468058775608593
539	172639	0.3074547096925008
539	292704	0.3411036122545329
539	568656	0.31393279864050055
539	568571	0.3411858460369115
539	577738	0.3305079557817565
539	35205	0.3452805578721706
539	75900	0.3396555464728952
539	577772	0.32006703800215164
539	110269	0.34530759634884045
539	47218	0.30409996395147365
539	69075	0.30813015196444987
539	32533	0.35026122018305605
539	275919	0.34212093354507134
539	566519	0.3361525364084631
539	1401	0.34967858498808474
539	72695	0.346376946412633
539	567291	0.3399428700250427
539	129276	0.32818106461904145
539	410325	0.3406702825707012
