5502	275971	0.35196280602617247
5502	264837	0.3517204068567002
5502	568726	0.36322206853203926
5502	415281	0.33165199790288336
5502	359690	0.3575103121160433
5502	72463	0.3694964610712906
5502	197393	0.33910795645003294
5502	553779	0.33136012981220964
5502	431892	0.35487238546651156
5502	299669	0.36617475954408224
5502	571926	0.34622680872484096
5502	332057	0.33300465293875164
5502	282648	0.36172365160802594
5502	263961	0.37473597041865425
5502	392472	0.3293242391501294
5502	384156	0.36843902142351953
5502	263327	0.237894888915884
5502	161312	0.3472720561581214
5502	571952	0.35050622732874404
5502	76960	0.3411786822807892
5502	332581	0.3483690310262271
5502	267431	0.35350489906104443
5502	140231	0.37371258975231464
5502	288940	0.36327506041353363
5502	571951	0.30873917371567144
5502	265008	0.371276275825562
5502	432689	0.36624017860588237
5502	23859	0.3583896048440773
5502	375751	0.35696134968675436
5502	284219	0.3501613794038238
5502	158268	0.3440830973886455
5502	435722	0.3714839869202708
5502	119102	0.34955944120663107
5502	110368	0.3591602749177279
5502	469059	0.3338637761471134
5502	17220	0.34834125755910933
5502	542918	0.3427838505269437
5502	121543	0.3507437358868516
5502	302879	0.3337351770810119
5502	215497	0.35643679744798445
5502	543563	0.3590633936808482
5502	345548	0.35812007750100067
5502	540750	0.3312595055446561
5502	309462	0.34710282110477153
5502	436439	0.3604054532170083
5502	205946	0.35615657837220255
5502	557279	0.37172205977396156
5502	29371	0.3524807032013292
5502	320229	0.335047576920281
5502	320231	0.33463699765681865
5502	320232	0.3405084702181641
5502	91838	0.3515408787591901
5502	205046	0.34452476426034034
5502	530681	0.3512433625742033
5502	341370	0.31024743878224065
5502	174843	0.33569584039010136
5502	264958	0.36496675606085055
5502	87167	0.33455965893554224
