5507	402432	0.5744061019492459
5507	516102	0.53962334223378
5507	19977	0.5467820125780488
5507	418837	0.5814210310784109
5507	271898	0.5770262075769966
5507	538139	0.548444852962942
5507	373791	0.5756787535866005
5507	240166	0.5766481104665389
5507	144917	0.5865765865027004
5507	267311	0.582044186871854
5507	126473	0.5741121012307875
5507	548418	0.5811517021165716
5507	419397	0.57605420235426
5507	548428	0.5783565376184223
5507	495695	0.5756544532663398
5507	527958	0.5829823247391702
5507	311896	0.5800883106922783
5507	266342	0.5720673514270551
5507	266344	0.5749636158281759
5507	181363	0.5570354479609209
5507	355445	0.5713829812250097
5507	506488	0.5757064171710788
5507	17535	0.5691137128756286
5507	363648	0.5756580413884939
5507	385497	0.58214807424417
5507	120451	0.5795659384701127
5507	409732	0.570572929098876
5507	359048	0.54272832939854
5507	271500	0.5802642231409938
5507	271519	0.5802449748033677
5507	97953	0.5748582112051209
5507	517794	0.5548960767125265
5507	389296	0.5729016167345685
5507	160953	0.5671537412924518
5507	323258	0.5781048645363918
5507	489150	0.5809067684065915
5507	310982	0.5785514081779739
5507	312521	0.5751266357493745
5507	126171	0.5696191598914789
5507	208097	0.5692947472355052
5507	227564	0.5752141146755182
5507	99573	0.5711717592973173
5507	312959	0.5807930192696912
5507	210902	0.5749081945952096
5507	372499	0.5790742351647324
5507	374039	0.5634374267501602
5507	24860	0.5722216014521377
5507	259204	0.5708232279175874
5507	72483	0.5763377406661375
5507	526813	0.5648599694162594
5507	94008	0.5748916647280433
5507	73533	0.5830693440612675
5507	59198	0.5786444201531598
5507	487243	0.572022630012535
5507	297806	0.5779371702435753
5507	366431	0.5746160882778749
5507	364388	0.5699884324266427
5507	120179	0.5751748383830368
5507	94068	0.5748436135173558
5507	116088	0.5809030504734514
5507	517505	0.5771007531793613
5507	89998	0.579525370215696
5507	457616	0.5779997818648157
5507	478615	0.581479403290966
5507	99738	0.5225264491323436
5507	389531	0.5800867618978309
5507	373146	0.577691859241171
5507	30111	0.5699998921280686
5507	311219	0.5738758825034813
5507	135092	0.5768397496565993
5507	87540	0.5704455247438825
5507	412605	0.5750044603144169
5507	185280	0.5741302195553103
5507	55235	0.5767308048954588
5507	454084	0.5774168639097251
5507	222663	0.5737121522308992
5507	392651	0.5581576669689167
5507	423382	0.5780517304630992
5507	187352	0.5779615484645202
5507	394713	0.5763350205919933
5507	548317	0.5793627989330258
5507	385503	0.5855504970766792
5507	16869	0.5716624457011101
5507	308198	0.5733944917804943
5507	191978	0.5757341405497058
5507	429552	0.5812930791472204
5507	266737	0.5821642584914885
5507	354804	0.5792795215307308
5507	105462	0.5776374405207196
5507	283647	0.5764395253131773
