5583	29824	0.34206003115226646
5583	201345	0.3787194118717608
5583	402946	0.35477746317507003
5583	529796	0.38890507813017405
5583	59441	0.3700237995202385
5583	177928	0.37939107832321983
5583	168201	0.3803052327591074
5583	29834	0.37716946346206
5583	239157	0.378720227511059
5583	576524	0.2387167800419884
5583	178190	0.3954482578009699
5583	552720	0.38965337040307596
5583	378003	0.34193526020785325
5583	329365	0.3822900241636048
5583	422294	0.394236650527457
5583	503193	0.37666415642166134
5583	73880	0.38295217079677013
5583	13977	0.36921894922510695
5583	337562	0.367568252554739
5583	316975	0.3753766607558951
5583	419485	0.3672172972338408
5583	190750	0.3755183377037342
5583	455839	0.3964480686846806
5583	200368	0.37992254258505187
5583	67876	0.32584117115566397
5583	379697	0.37384753172812213
5583	131624	0.3920372296610088
5583	239017	0.3817308304347851
5583	519724	0.3789064534760473
5583	339373	0.3583215915471938
5583	289070	0.38395462383696055
5583	127791	0.38728282258213725
5583	44720	0.37858530301452537
5583	131848	0.3822882346060691
5583	87090	0.37500529726635484
5583	549475	0.3753361379988327
5583	200373	0.3641480959942664
5583	185041	0.37684044707714964
5583	76334	0.3991717551824305
5583	249107	0.366121290243159
5583	165311	0.3199162238803929
5583	56256	0.3880448707270073
5583	213442	0.37844412656691023
5583	455492	0.35345539064821613
5583	578166	0.36579238689755694
5583	519624	0.374853662689248
5583	315404	0.3541211709578754
5583	549474	0.3756902254512647
5583	534136	0.3807586428396537
5583	248018	0.3819103371757182
5583	382035	0.31576185788339073
5583	186324	0.3823585740319101
5583	238222	0.37916012824778406
5583	342998	0.3613652133720736
5583	122711	0.3923124005868497
5583	456028	0.37933820796412615
5583	177886	0.3833009721227785
5583	524257	0.36659203411012226
5583	335970	0.378982461344848
5583	378235	0.37771213498197365
5583	545383	0.32905670202702664
5583	252392	0.40758004483398885
5583	415723	0.3850386086396012
5583	29805	0.3907765883895944
5583	195263	0.3614055345466515
5583	42344	0.41362567800345074
5583	29843	0.40119464428766455
5583	472308	0.3826805086236237
5583	401653	0.38594924530271696
5583	262774	0.38331857148440884
5583	262057	0.3940402565287651
5583	81016	0.3672172972338408
5583	553083	0.38699177611155383
5583	542837	0.3876712184592996
