5611	419328	0.2797263398532558
5611	382337	0.27337872437852717
5611	28930	0.2702051826762499
5611	548872	0.2814232669856753
5611	273930	0.28912279960158266
5611	150679	0.2545874664021639
5611	330124	0.28625005618649374
5611	72973	0.2760772364529868
5611	534161	0.24936653219084173
5611	405778	0.24955944761109006
5611	333715	0.27619412408314375
5611	231513	0.30059479070935374
5611	76441	0.2912919811767134
5611	112026	0.27506803412928116
5611	306899	0.23242368168569527
5611	156828	0.21752960603633725
5611	535582	0.2487191037450566
5611	240548	0.2921811984381498
5611	192037	0.2812635019798356
5611	350887	0.28726694669956243
5611	339752	0.2750413234676907
5611	575210	0.26230517224715877
5611	531884	0.28664362998395954
5611	77875	0.2819689609818972
5611	21684	0.24772813068732283
5611	366902	0.2922840548044783
5611	28346	0.2891201951255304
5611	517691	0.23754572364864135
5611	267327	0.2712921040005388
5611	400576	0.24755092962909642
5611	171329	0.2819689609818972
5611	10818	0.28785528316322523
5611	437443	0.28168456611884657
5611	548036	0.27079735453821346
5611	338521	0.22856240145092035
5611	156999	0.28283114854961744
5611	157000	0.27836616626642674
5611	457806	0.2807100015753103
5611	569296	0.27732978135647146
5611	464722	0.2392199933810303
5611	180051	0.25814513724783955
5611	528852	0.2580141569130861
5611	327893	0.2743939775920484
5611	249969	0.26594202458810157
5611	299865	0.3090626126600691
5611	478045	0.25327056732358655
5611	548705	0.2349129013260481
5611	548706	0.2814185756518386
5611	419301	0.28115663566760196
5611	575206	0.2461209365703706
5611	121322	0.26235481268655714
5611	405869	0.28626067787189596
5611	178045	0.3176999685983629
5611	472048	0.2726144859809289
5611	382321	0.27337872437852717
5611	100083	0.24104764545985927
5611	381162	0.23196736810783927
5611	332667	0.26898843280649953
5611	76028	0.23233966644639847
5611	76029	0.28234510705493604
5611	119125	0.2579609967388051
