5660	33802	0.5166296544634705
5660	10765	0.4936375982554083
5660	34327	0.517640664377048
5660	252953	0.515440574286209
5660	90138	0.5101148953346651
5660	130736	0.5040038824407836
5660	457250	0.5066056349409153
5660	97320	0.516452304400023
5660	307246	0.5104442611653401
5660	491232	0.5106231296700101
5660	179637	0.5118273075429909
5660	395847	0.5041786257217812
5660	130124	0.5171133571246221
5660	169038	0.5096980009196657
5660	352269	0.5107380561910154
5660	175697	0.5086438284876761
5660	97363	0.5026945869807412
5660	445627	0.4787279253057293
5660	444519	0.5068269901781959
5660	550515	0.49975941256721096
5660	212602	0.5110976953880373
5660	252038	0.504640979088504
5660	33416	0.5207917435229423
5660	92810	0.5106258236598662
5660	32396	0.516456202407187
5660	500373	0.4908518610895813
5660	35993	0.5160257638734042
5660	533148	0.5038199694625386
5660	478878	0.4759258336605917
5660	252068	0.49209220018374117
5660	191656	0.5044673212790859
5660	130222	0.5181091596653733
5660	529584	0.5053543082676817
5660	230098	0.5123677777918786
5660	529593	0.5125610178299175
5660	104635	0.5223856235070274
5660	149180	0.5158432255776686
5660	297118	0.5036100908528985
5660	501967	0.5103112184259702
5660	368850	0.5046448551909829
5660	408796	0.4613673784266839
5660	224	0.5073617912406431
5660	277731	0.47857475665473503
5660	257318	0.48740120683544436
5660	149740	0.5176131161624168
5660	377042	0.4940553470015367
5660	261361	0.48473329698835277
5660	33522	0.5182096771591089
5660	194292	0.47746735743514446
5660	169208	0.5034868603164785
5660	210175	0.5160963205100788
5660	296704	0.4486035062194393
5660	91915	0.5189701060749863
5660	423692	0.510446913125813
5660	221454	0.5045132892955304
5660	369426	0.5054904490263694
5660	32131	0.519124097914705
5660	395544	0.49713477321088767
5660	490265	0.5157236500795119
5660	364318	0.5125294300037923
5660	302367	0.3655158197474409
5660	305798	0.5087471207170995
5660	282918	0.43801615408350025
5660	37673	0.5163192777769144
5660	295222	0.5097943705067325
5660	482104	0.5053772494908786
5660	294880	0.4942998519745134
5660	491830	0.5062113751363027
5660	210246	0.47328188537822136
5660	491336	0.47877390996925684
5660	394570	0.5018793924503566
5660	150357	0.5125398755190712
5660	169820	0.507358375202894
5660	33638	0.5176727877568923
5660	239988	0.5059731292732974
5660	427387	0.5119076891659381
5660	138627	0.4983447293130175
5660	193928	0.5061223865611227
5660	201965	0.515667985570347
5660	22928	0.5077679584225998
5660	30106	0.5100906785637788
5660	30110	0.5089838959543365
5660	163750	0.5199272290793612
5660	241070	0.5153348970852145
5660	11701	0.5216473342924638
5660	392120	0.5132091033720998
5660	389049	0.5045601824884676
5660	297407	0.5246789468008439
5660	407495	0.5182037810961098
5660	354252	0.4989669361114128
5660	379341	0.5110074833332641
5660	33747	0.5166163855273219
5660	357334	0.5036008208880451
5660	32217	0.5151857079110085
5660	33759	0.5166058269079237
5660	395744	0.4942074275178469
5660	168933	0.5043962534436175
5660	169958	0.5092792003145875
5660	432112	0.5166010244100757
5660	36849	0.5183785670953899
5660	10741	0.5089057736461846
5660	218102	0.4843288791062815
5660	265207	0.5162355714681682
