58	1669	0.6188820138269127
58	172935	0.6048809865071293
58	89115	0.4431267265745803
58	20775	0.5818204980426922
58	556970	0.39444534751234034
58	12461	0.45908505039204067
58	80049	0.6292564465826365
58	570803	0.6082991783882594
58	571706	0.5737843298828278
58	407374	0.630954334948543
58	127185	0.623814830384783
58	407378	0.6308975883293076
58	190932	0.6211024982580747
58	119002	0.616539905703526
58	86363	0.6034698202703117
58	479200	0.58739584596453
58	72936	0.6143633929940884
58	20850	0.5699605931867702
58	20851	0.5434588829787285
58	20852	0.5401488552203056
58	20853	0.48935729051158605
58	108285	0.6409892012812766
