5825	507874	0.3449744659508892
5825	176642	0.38380537102213946
5825	5763	0.35724529911970454
5825	427269	0.3530577222697161
5825	562054	0.36551179295407904
5825	562056	0.36572899674524284
5825	343831	0.36049428192493554
5825	72972	0.3808236081711845
5825	275387	0.3513190368830891
5825	43918	0.41262326297211604
5825	365841	0.30564512854456144
5825	176919	0.4052946773030207
5825	551837	0.3630762131735925
5825	542041	0.3602349382594703
5825	31109	0.363584162428171
5825	341296	0.3461160124787519
5825	561828	0.3689629169242424
5825	177446	0.404767375112178
5825	150443	0.3303128490685691
5825	337837	0.3390469362317477
5825	99888	0.38464922470940616
5825	551857	0.34534664632193784
5825	28727	0.3514316415200838
5825	414776	0.34194048240260033
5825	239033	0.36906697019390783
5825	265951	0.3443675979220841
5825	72384	0.2986340193371657
5825	339522	0.3756216368638635
5825	139915	0.36767994010447846
5825	75592	0.32504006917924794
5825	46476	0.32949871894406096
5825	174412	0.3631974335513181
5825	86861	0.3838139525190549
5825	109517	0.2616795214644135
5825	44627	0.3673849137953288
5825	539732	0.37037807585378174
5825	76887	0.3598070688986018
5825	301017	0.36080468399606747
5825	99897	0.3537165802167894
5825	402525	0.34732645649573224
5825	195934	0.3612165636707059
5825	11877	0.3402092234706403
5825	195938	0.36241407314595436
5825	330083	0.38213744695194873
5825	334437	0.38712263417740095
5825	370790	0.3723745467299874
5825	43880	0.3517071333784733
5825	236010	0.3585908312054268
5825	276845	0.35313571013332373
5825	43901	0.35308408190087687
5825	359280	0.3151562064275454
5825	43889	0.33161644980597116
5825	241013	0.3577505369524406
5825	57975	0.36540717236406134
5825	528252	0.3493273590816364
5825	523389	0.36220142353620355
