5830	460806	0.4165140430225965
5830	276490	0.4114922412996883
5830	423437	0.40598191076393136
5830	406048	0.41790749686538387
5830	30299	0.41118509245568957
5830	497158	0.40819903101125915
5830	283686	0.40572715143806104
5830	395815	0.40638716340100123
5830	133673	0.4051156860960378
5830	187435	0.4093891505887276
5830	15921	0.40330564483684267
5830	487987	0.41223506076284044
5830	144949	0.4115599086748173
5830	552506	0.4067461804462748
5830	546883	0.3924192763891538
5830	119878	0.4151722516332298
5830	206408	0.40706363833580667
5830	488014	0.41237923755133565
5830	127570	0.4122981743976725
5830	312411	0.3951211493427941
5830	431709	0.4129858133819212
5830	30312	0.40752723711030614
5830	120941	0.41630653716462995
5830	232047	0.4066457869803315
5830	436850	0.41294721613226415
5830	441975	0.4155275218211874
5830	380539	0.40874709880643884
5830	488061	0.4045330906898815
5830	141442	0.38503913867379924
5830	427642	0.40776504700145577
5830	383115	0.4110192332683533
5830	148620	0.406253579362124
5830	296599	0.42187108907151427
5830	433312	0.41083089285400365
5830	457381	0.4019257023303412
5830	554157	0.41164546925410267
5830	266421	0.41268595409692094
5830	486095	0.4153960684778178
5830	553679	0.39820601552316637
5830	146653	0.418745953404568
5830	146662	0.40818513461487393
5830	185068	0.40195687760734966
5830	235765	0.40292709803286353
5830	525561	0.40415666149520213
5830	220413	0.40754277484441215
5830	470783	0.4110511967553438
5830	362243	0.4116688144656631
5830	263428	0.4159500556891566
5830	184079	0.4216653227139182
5830	258321	0.4072562476115061
5830	538387	0.413801952903355
5830	13597	0.41629884256040645
5830	97056	0.4163135232857174
5830	443682	0.4060597116844629
5830	194851	0.3161504386383438
5830	134959	0.3716696697821667
5830	104241	0.39936267677749315
5830	438580	0.4000215329817348
5830	257337	0.4064953543515277
5830	257342	0.39829066596475093
5830	119930	0.41846081729476586
5830	538439	0.4139629504348523
5830	442696	0.38467554019425276
5830	77131	0.41198579301835786
5830	188748	0.40999149858026374
5830	231764	0.41300542987174943
5830	97111	0.4111248085250432
5830	492387	0.3988335563755574
5830	380261	0.414004885662018
5830	192366	0.4124775282612786
5830	280435	0.41747842209477365
5830	284479	0.41559481258689807
5830	487402	0.4217708004336402
5830	140681	0.3982440118140825
5830	219530	0.40699379966106325
5830	295820	0.4131137325829702
5830	538509	0.4094777713719742
5830	1940	0.4065914452168912
5830	1951	0.4064495270690745
5830	285106	0.40722508566584487
5830	515510	0.40356281445742553
5830	377271	0.392911644448427
5830	268218	0.4133646141294126
5830	208315	0.41854110047257265
5830	284605	0.4065461759622556
5830	126403	0.3949256121380574
5830	298098	0.4079873817173703
5830	255943	0.4113921533529021
5830	486345	0.4154710848642499
5830	380882	0.4161413343233436
5830	2013	0.4085157224631965
5830	99814	0.4211519350695728
5830	515562	0.41005432949717013
5830	554191	0.4087167497060254
5830	365044	0.41240542351907894
5830	306168	0.41331527301961024
