5892	502870	0.2638382331884235
5892	158220	0.3199661784602161
5892	1557	0.34679166201389233
5892	524313	0.35183967890234286
5892	356379	0.33593578956676845
5892	356380	0.33993564327339615
5892	60165	0.35612833994553267
5892	1059	0.3331721731934771
5892	26673	0.3473039900738062
5892	263733	0.3233709058489361
5892	420417	0.293890504497887
5892	260166	0.32449741527461756
5892	463943	0.25365889245440926
5892	1102	0.33405612075501356
5892	3670	0.3232656812466755
5892	267867	0.3568657479210618
5892	359519	0.32405633787634447
5892	447074	0.30218700576311114
5892	138340	0.3392317850862368
5892	576621	0.29992740406607243
5892	576622	0.2795035580110896
5892	324214	0.34785302334017815
5892	287866	0.35660936516931957
5892	3196	0.3657422896928688
5892	238207	0.33588792256184336
5892	237700	0.3653355336269709
5892	559756	0.02820936160637431
5892	554646	0.2733178748464234
5892	539287	0.3582280985134173
5892	539288	0.3572051372134959
5892	551791	0.3467598332792458
5892	247749	0.34523623357237104
5892	515232	0.353098281092555
5892	287907	0.3724354809851026
5892	577203	0.24061384968180086
5892	1739	0.352376524812025
5892	500102	0.35335582209261124
5892	330442	0.30456736279852265
5892	288971	0.3559495692453921
5892	144077	0.3534946880551494
5892	4301	0.3407473355718979
5892	94930	0.2878844199934679
5892	376023	0.2934954001681673
5892	238811	0.3617255939363184
5892	176861	0.36645208966444476
5892	74465	0.31732939171492375
5892	320756	0.30506899973818974
5892	447224	0.3357523342686208
5892	541437	0.3525663416393128
5892	541438	0.3609049141834217
5892	314111	0.3685104662399978
5892	141059	0.3220107486915869
5892	100100	0.35527281594954085
5892	404741	0.34202087071728504
5892	175886	0.31685444989223255
5892	240913	0.34549556136532905
5892	172821	0.3252578352671143
5892	407830	0.33544107297837455
5892	469807	0.36610638619602587
5892	3357	0.3251074189762378
5892	3358	0.36099984343448766
5892	500101	0.3388908531132354
5892	543009	0.35859370380455524
5892	426274	0.3561697176610833
5892	396068	0.34325947165479526
5892	327558	0.3467505986088729
5892	426799	0.2957148672901518
5892	432434	0.3852029407190444
5892	432435	0.3408195174442883
5892	432436	0.3400194834967433
5892	162101	0.2819840913470618
5892	543551	0.34135034799136643
5892	116039	0.35663644437897946
5892	208213	0.375078959873356
5892	42327	0.29017129266119823
5892	364892	0.34565359485087976
5892	212843	0.33669311546208164
5892	327535	0.36035662877188823
5892	85878	0.3441244541722564
5892	174971	0.3427594603450109
5892	500092	0.316724336083112
5892	131966	0.35808527057187106
5892	10111	0.2599423979514851
5892	378241	0.3456409173938526
5892	539286	0.33351358953553933
5892	56710	0.36765368019086264
5892	327566	0.3505840900673371
5892	178064	0.3532282228595339
5892	268179	0.3560698227558006
5892	327572	0.3498936896524262
5892	27030	0.3430253429691338
5892	525729	0.34814226570191437
5892	56739	0.3328026232777237
5892	436135	0.350917515145631
5892	545863	0.325467683588674
5892	512432	0.2880029799879901
5892	512433	0.25033877314067843
5892	3508	0.30782865916320645
5892	220087	0.35304085127920587
5892	220092	0.3366640041282424
5892	580549	0.29403742154973106
5892	40353	0.3425043379905636
5892	523211	0.33555578649197365
5892	214485	0.3388602969600989
5892	238561	0.36337701206489975
5892	227820	0.32878492672739573
5892	202734	0.3596600512253114
5892	197103	0.3464847308360512
5892	76785	0.34654830060660635
