597	312326	0.3881805383647395
597	454401	0.36517892936266905
597	494092	0.38949193616449274
597	494098	0.4007657749391845
597	405526	0.38992512544402436
597	316953	0.39592723242557526
597	514586	0.38534914797654124
597	198180	0.39244508967240466
597	98341	0.38612218950908966
597	208939	0.39057233394239416
597	172080	0.3900475769173607
597	405046	0.40063347438846875
597	311865	0.38943540490052775
597	405050	0.40125423483797673
597	405055	0.37696197469825227
597	405056	0.4052010835090969
597	405060	0.40076096324648935
597	405061	0.37800180635598246
597	405062	0.3897305626085685
597	405063	0.403271460107161
597	407112	0.3958922176024653
597	405065	0.40239368928600205
597	498263	0.40735732665068813
597	437852	0.3964980644583508
597	145016	0.39493554329269714
597	172556	0.36199918611721577
597	186498	0.3037296014257381
597	187014	0.3927148145008677
597	388239	0.4292694861700984
597	204946	0.39073206406027394
597	174233	0.38232652544901624
597	187044	0.38944317653356375
597	254118	0.3859855536613658
597	162209	0.39155734304980033
597	447668	0.3906728756812186
597	331451	0.3916223223021576
597	521404	0.40856346012641964
597	521405	0.38616643402288564
597	576190	0.39683012607033363
597	521407	0.39201364527519617
597	521408	0.41167814179630136
597	521410	0.4063815199024694
597	521411	0.3813292768884162
597	357060	0.39054010327589594
597	710	0.3800318186511056
597	173768	0.3689674766869573
597	320714	0.41900329531879205
597	150224	0.3929541136420381
597	725	0.3798485538344454
597	148697	0.39610939337656503
597	453851	0.41501350859284586
597	172765	0.35517723296580667
597	392929	0.36398172249508487
597	361325	0.4156187763210961
597	162548	0.3772160487332527
597	344532	0.38686860047183447
597	221441	0.39226409843838184
597	357124	0.3879470055357146
597	447750	0.4097795075690788
597	447753	0.3987492438929299
597	357130	0.3992118852820406
597	42114	0.3930455319354582
597	135455	0.39907813356916666
597	431910	0.38786512873073775
597	116103	0.38435057199701206
597	557876	0.3832820362798083
597	121310	0.38770546739145106
597	261944	0.3965860511001663
597	311099	0.3823269210060472
597	127804	0.3861443766281167
597	363326	0.38975978063386696
597	135506	0.38285274005369435
597	53079	0.3932628275129445
597	33629	0.3907773407067221
597	517473	0.39682739747583395
597	424808	0.390061540083034
597	439149	0.3987946432194603
597	362868	0.3853340122528012
597	177526	0.4065617433434215
597	283521	0.3956442642176422
597	357250	0.39164594188108615
597	471430	0.40434218726386006
597	471431	0.40103794571127976
597	215443	0.38952117404097825
597	466329	0.4087043098181572
597	250267	0.37521021322980525
597	357281	0.38113068690253327
597	549288	0.3887663434851099
597	250281	0.370180172031787
597	94126	0.38726037375251515
597	250287	0.37333766330020324
597	383920	0.37566786328548785
597	47538	0.39875365625256454
597	233911	0.3451579883076655
597	184564	0.3666947078571757
597	494010	0.39655242195975543
597	503747	0.4069292944041325
597	259012	0.42113769225894654
597	250273	0.37523214308778363
597	283092	0.3905087233795246
597	434133	0.3924510557464511
597	579550	0.39263543515363275
597	513503	0.385150641202298
597	156642	0.3646426988510395
597	437220	0.3882308930078761
597	506862	0.383213437506592
597	195063	0.38746997952866263
597	37884	0.3898098828239898
