6065	165382	0.5705819216438907
6065	550929	0.5984147418611561
6065	519700	0.5474236333234925
6065	546335	0.5814457634476898
6065	136237	0.5590601982356888
6065	464437	0.5518339521346936
6065	162359	0.5478547481012174
6065	532551	0.547560082830593
6065	546894	0.5928063640882036
6065	562255	0.5889926716696526
6065	532560	0.55411279209368
6065	187988	0.525371179113809
6065	74837	0.5500886659913459
6065	449624	0.5616093274108507
6065	431198	0.5617642714563176
6065	574049	0.5578753473619692
6065	364731	0.5475759443625948
6065	306277	0.36877588611900586
6065	370278	0.591638430803156
6065	194152	0.23382855341439143
6065	399548	0.5579347797285685
6065	404076	0.5512705096147409
6065	38003	0.5578606890550867
6065	298614	0.5475037807539932
6065	48249	0.5213953597541948
6065	507514	0.5518380267410783
6065	189059	0.5514858219061467
6065	184455	0.5628362242460747
6065	80010	0.5757267297961199
6065	434320	0.5626069518394883
6065	219285	0.5480649457692918
6065	262305	0.5682205226474386
6065	446627	0.5563755478983664
6065	570533	0.5348227148046474
6065	225449	0.55934717098242
6065	33650	0.5604350550978497
6065	261808	0.5543523639305947
6065	34995	0.5571501892467404
6065	109750	0.5492460709947138
6065	423967	0.5746208553942806
6065	447164	0.5594884601843709
6065	522430	0.5640685600564165
6065	149705	0.5594195587234634
6065	534222	0.5649416706858128
6065	131791	0.5627160248004627
6065	360147	0.5571092409618833
6065	136407	0.544578957129395
6065	32474	0.5629748988092693
6065	391392	0.5631681679245358
6065	548582	0.5516857419569235
6065	89325	0.5542647880568357
6065	532726	0.5817960819605172
6065	561911	0.549520655386215
6065	233729	0.5567975004836115
6065	291589	0.5631133042931665
6065	481240	0.5512996196028537
6065	458517	0.5669764204707611
6065	257315	0.5434592323811492
6065	369453	0.5565687314843933
6065	303413	0.575150694732176
6065	411446	0.5382786817169478
6065	97930	0.5559235871477145
6065	442711	0.5421086388134808
6065	551258	0.5835819081746088
6065	485724	0.5533246975866498
6065	40678	0.5797653649188236
6065	46951	0.5628377900683902
6065	123245	0.5585099442684928
6065	147314	0.5572004810251604
6065	494464	0.5734482915650542
6065	222612	0.553827820578083
6065	168855	0.5492109647611005
6065	567879	0.6042741916009825
6065	196599	0.5315668251400021
6065	415182	0.5750309489067367
6065	395729	0.546735633959321
6065	572372	0.557725289814517
6065	21976	0.5559443153346466
6065	187984	0.5214951669430617
6065	505318	0.5418200160721086
6065	141799	0.5890770186696526
6065	141807	0.5738321847256459
6065	505847	0.5474970534628701
6065	495608	0.5602960518391327
