6103	291848	0.264078145534972
6103	213004	0.2798204157286097
6103	116756	0.4612651391472395
6103	116757	0.3871722413829724
6103	81434	0.28984057777238476
6103	179228	0.2921025575177943
6103	382385	0.27948817005314475
6103	385584	0.3058507695309974
6103	472115	0.28016338063441276
6103	483508	0.2958235176838202
6103	558139	0.27854828272262666
6103	121098	0.27919035055982927
6103	413759	0.30612040397114
6103	336226	0.24956052255950348
6103	456807	0.28708283164092746
6103	486504	0.2845512487887603
6103	459373	0.2706233255354498
6103	448110	0.2777179006922194
6103	459375	0.296939703841223
6103	130167	0.2738523887026588
6103	433428	0.3902755224488601
6103	474752	0.27422907853080924
6103	122499	0.28506150626018323
6103	288390	0.3984360029273447
6103	170635	0.2894074114696009
6103	191629	0.2813410075658396
6103	501869	0.29233114038155866
6103	498832	0.2649851447856103
6103	53913	0.13321582640277743
6103	439963	0.2851263535814648
6103	172191	0.26798017264685015
6103	358048	0.26842516382031406
6103	310947	0.2895813128773566
6103	311461	0.2874802390960594
6103	310954	0.2935907868275364
6103	386225	0.26615349196234955
6103	487092	0.3309855093045092
6103	514747	0.27425024316501095
6103	321212	0.28022654439127687
6103	134337	0.37622372553342953
6103	529608	0.28769505698389
6103	243401	0.2480991485955014
6103	527063	0.2371149591636794
6103	483035	0.276972739703126
6103	546017	0.29264910252650744
6103	482536	0.27044524362442146
6103	505581	0.2519986561833639
6103	70382	0.2744061395442594
6103	487157	0.24849270724442674
6103	171262	0.28661189544486015
6103	69892	0.26563551976703903
6103	277258	0.26923165883947003
6103	497422	0.30290380788624055
6103	162063	0.33065027128464225
6103	225552	0.2697552628667299
6103	283412	0.26739170262513656
6103	390704	0.29027548296543454
6103	307496	0.2765631198222621
6103	492353	0.2974140265923303
6103	560267	0.2602383571049996
6103	386379	0.27478887902985405
6103	140108	0.28202507347915784
6103	376150	0.341542061204775
6103	307036	0.3078867406100028
6103	266592	0.266668591380445
6103	188257	0.27982867004443346
6103	188258	0.27136683366438025
6103	531839	0.2847899814341366
6103	170881	0.2877159096668273
6103	339777	0.43591088295793806
6103	121225	0.28652115535204603
6103	485262	0.3083290545493894
6103	8086	0.2794144551183253
6103	486809	0.27948401309812954
6103	370843	0.30290181496726054
6103	333739	0.2872733039859948
6103	111533	0.3167390497760596
6103	339889	0.4816817538707735
6103	492466	0.2912792960849785
6103	335283	0.28633385807044126
6103	549815	0.3361077810097215
6103	97210	0.27612831619660083
6103	519612	0.27920976256873636
6103	428021	0.2696945942091536
6103	8129	0.2642751211796818
6103	464944	0.2792766191809171
6103	350155	0.287914032001259
6103	325581	0.2889793225353165
6103	113112	0.2823031668755542
6103	176091	0.2783942736413297
6103	134622	0.3742939633380094
6103	543713	0.4786765304918579
6103	302567	0.2825412100165635
6103	539114	0.2629330892924777
6103	487406	0.27544608329294834
6103	428017	0.26511073289508097
6103	393717	0.2693994554909351
6103	308215	0.25686512734759603
