6109	109056	0.3199635019086899
6109	376833	0.3285326466684484
6109	319916	0.3113987845981769
6109	115214	0.32889485300707755
6109	539153	0.3302358590518552
6109	478745	0.3234581863570697
6109	111535	0.3244668615226931
6109	134684	0.31140295872050927
6109	12319	0.31447964156245145
6109	486953	0.327287102448876
6109	401965	0.31278090800508096
6109	380472	0.3262235673058347
6109	113735	0.3332361998847448
6109	546376	0.3221365913204307
6109	464982	0.32565680084534065
6109	437338	0.3209002843571642
6109	320092	0.32888274416541
6109	319585	0.3166337039724349
6109	284782	0.3242234792447185
6109	378993	0.32547102595877925
6109	69243	0.32510381413256856
6109	433794	0.3220058562744316
6109	466569	0.3233410598991424
6109	379020	0.32601735337859816
6109	111257	0.35179151376660006
6109	133788	0.28163555452845807
6109	543391	0.32576342804998404
6109	462498	0.32248146002595496
6109	514729	0.31681525723765575
6109	431986	0.3281713415259291
6109	310961	0.32507416949101675
6109	486583	0.32166110456057717
6109	166585	0.23946747643759134
6109	362175	0.32353948350956
6109	425664	0.32144346911384347
6109	312514	0.3105388516354399
6109	285133	0.32476145516295735
6109	318414	0.31753191168387424
6109	389338	0.32887600985670196
6109	219359	0.3328071723627481
6109	392934	0.3077536611360985
6109	269555	0.32690846801132895
6109	189684	0.32678084936739066
6109	26870	0.31962966501426543
6109	17146	0.40781370552644286
6109	134402	0.16777920060190488
6109	161539	0.328649903732619
6109	388870	0.3283257627076248
6109	124173	0.3169588116380333
6109	284435	0.31415561825509686
6109	505109	0.31658539688515613
6109	354074	0.32467943087698786
6109	226591	0.3210889963951635
6109	460584	0.3266629471482456
6109	534313	0.3116967272188731
6109	527661	0.32804503654126177
6109	146734	0.3249384991359231
6109	440634	0.32529418223986506
6109	271168	0.32409505029328634
6109	134981	0.29099642849184953
6109	415562	0.2563766785694144
6109	517451	0.3237871591700551
6109	30541	0.3195939819880261
6109	390997	0.3218060274278305
6109	175959	0.32615911406309467
6109	25914	0.32508332550709185
6109	385509	0.3269890106707033
6109	543586	0.32237422957160117
6109	554340	0.3201940563077975
6109	446310	0.32097755309433457
6109	440683	0.32626697959777706
6109	102258	0.3289761736484068
6109	425331	0.32620665120864006
6109	385399	0.3253858161271059
6109	164218	0.33467970712421136
6109	404350	0.32897422030301554
6109	404364	0.3273754343014838
6109	54670	0.3257425836486549
6109	541586	0.31090958337962776
6109	151459	0.32847713225001196
6109	404396	0.3166702119737896
6109	404397	0.30375321108312203
6109	16303	0.3239275678744855
6109	236979	0.3302572809824858
6109	354742	0.3278660048034029
6109	423372	0.34089505436409584
6109	134818	0.3021230669333243
6109	11214	0.3285803756972199
6109	157136	0.3446536467998163
6109	310179	0.316487284575191
6109	285142	0.32434812114376765
6109	478679	0.32881981832481255
6109	487392	0.31791033579778677
6109	111585	0.3268782045555958
6109	487394	0.31784942271358524
6109	404399	0.33569513780136534
6109	392683	0.32000124597340646
6109	326636	0.318784597237331
6109	433145	0.3366153685298998
6109	80378	0.3141908697078233
6109	126463	0.321371789877658
6109	175957	0.3314373106453271
