6120	303105	0.3393761262169579
6120	246276	0.3268486806502535
6120	86017	0.32730280291396063
6120	118287	0.26087993541249943
6120	252846	0.3253238332922118
6120	446486	0.3279998504926457
6120	307740	0.33413956612163676
6120	253987	0.3439095059760632
6120	465960	0.34301236222035675
6120	567853	0.31556736140826575
6120	475191	0.3380547851222493
6120	499654	0.3360855299027517
6120	344123	0.3519320311393045
6120	117821	0.265134996107443
6120	117310	0.32155441999844664
6120	414276	0.2896923372419935
6120	116295	0.3524227623355882
6120	116296	0.3524227623355882
6120	253006	0.33139672458587327
6120	475216	0.32292852469659106
6120	470031	0.34691436238034584
6120	63072	0.24417364046592147
6120	170256	0.35330062401687734
6120	194663	0.3297258216543388
6120	575081	0.351898033643053
6120	118387	0.38600742295784496
6120	58484	0.33969612690346884
6120	116344	0.3472275342031927
6120	134780	0.3500465846006509
6120	82061	0.3457554569784347
6120	117908	0.28475449075691406
6120	116901	0.34811438407380685
6120	116902	0.29267177383106746
6120	528557	0.3563744761039263
6120	293552	0.2999193195025168
6120	369346	0.3279495331275654
6120	559301	0.34519602983353365
6120	87752	0.35705946779221853
6120	190667	0.36629838319077407
6120	238797	0.37247859426112456
6120	376526	0.33064398888945695
6120	276694	0.3381644078628566
6120	539863	0.3671140893656865
6120	242407	0.3278161794886624
6120	242408	0.3423431743798818
6120	418856	0.2890633615222724
6120	55538	0.33706357518810637
6120	24307	0.3259609671216378
6120	281849	0.33601423074838316
6120	334077	0.37470687541192377
6120	58634	0.31311497150690115
6120	58640	0.3133647746717284
6120	58641	0.311470140650893
6120	178963	0.3880436459659018
6120	581919	0.3899766707474904
6120	94496	0.3483630369390841
6120	368937	0.32740879344899976
6120	293166	0.33397200733080445
6120	267567	0.34018599368275937
6120	117552	0.2831103138864774
6120	567604	0.3526431353271071
6120	468277	0.344420883896835
6120	468276	0.35296790609747225
6120	332605	0.3360595041790106
6120	298832	0.33873440635300767
6120	502098	0.3552648379558529
6120	543572	0.2002019974270689
6120	568662	0.34204818217571986
6120	123223	0.3454327174479357
6120	394597	0.32570139872284726
6120	512363	0.3166005341288615
6120	447341	0.3225313929195821
6120	273265	0.3507982547313668
6120	99187	0.3283995324801754
6120	237944	0.33992513949890857
6120	30590	0.3451058099546993
6120	23940	0.3320992408899171
6120	470411	0.3309516594465072
6120	180621	0.3542537430106339
6120	5011	0.31625033816953046
6120	229782	0.3271567964483117
6120	341931	0.24226752879624913
6120	115118	0.33912870066726625
6120	252847	0.32280886113075763
6120	252849	0.3502864919845184
6120	252850	0.3432520197373139
6120	564158	0.3295277077403188
6120	499653	0.329091538488732
6120	275910	0.3346910130695114
6120	499655	0.3388323204077236
6120	418761	0.321654035263582
6120	340942	0.3285793573372355
6120	333776	0.33099928084461583
6120	175061	0.3330101853172236
6120	307670	0.3329844436413305
6120	240088	0.36738434441401824
6120	47075	0.3353264715746245
6120	528550	0.3445182814681752
6120	116720	0.2861264920099301
6120	370673	0.34683597463254084
6120	438259	0.34373986336225826
6120	438260	0.3449540312489852
6120	308216	0.34212681025078706
