6142	428032	0.231240329386211
6142	44039	0.28469308195338533
6142	535563	0.28028193130989587
6142	334361	0.2748881009674767
6142	44069	0.32061838404157567
6142	331819	0.25207117510202326
6142	335917	0.21907957999978628
6142	180789	0.2721424463448786
6142	116802	0.24650986807774547
6142	581198	0.3217943772998817
6142	283215	0.2213037398175649
6142	84323	0.2244292322749542
6142	400981	0.235585143038699
6142	256385	0.2452953634113167
6142	118392	0.28630624554845413
6142	118393	0.24996461419106283
6142	401019	0.1925024732627663
6142	401020	0.1925024732627663
6142	401021	0.1925024732627663
6142	401022	0.1925024732627663
6142	444036	0.24322070059919695
6142	168069	0.25979653271247416
6142	46730	0.2929040755006475
6142	116367	0.2448514003639382
6142	345744	0.1899428682551062
6142	116370	0.25051964434343643
6142	336025	0.24897038847679964
6142	340129	0.24306794499983125
6142	252073	0.2155127521575283
6142	261814	0.2748285381917846
6142	79486	0.23806496085599146
6142	195779	0.2078840712958053
6142	121030	0.30549808009195856
6142	134855	0.29821415009274693
6142	401096	0.26185666153969217
6142	226252	0.18006254826600118
6142	134351	0.2979931935341789
6142	192208	0.3318199747677858
6142	424659	0.2403195069360036
6142	420565	0.25884833767146836
6142	190687	0.339014481754603
6142	150243	0.26114547761965623
6142	468604	0.22714776244496362
6142	500972	0.2709356923398502
6142	295156	0.2662161681358582
6142	192245	0.34253899620060035
6142	339194	0.25183190741590267
6142	573699	0.2383193382951623
6142	15745	0.3132249704779337
6142	134924	0.20809320464409178
6142	288026	0.28950820206542804
6142	254748	0.2656049884299029
6142	549154	0.2701824518685625
6142	269092	0.23705223751046642
6142	254765	0.2656049884299029
6142	117040	0.2443517826316671
6142	117049	0.18073727853463614
6142	69946	0.22447673430686388
6142	117052	0.251415562105297
6142	117053	0.2879907283010672
6142	220478	0.25826205941160935
6142	153141	0.2776502907085424
6142	252224	0.19166721739526837
6142	252225	0.27918084362050366
6142	549190	0.2613092265693531
6142	333650	0.25559625190553414
6142	15706	0.3058572072580273
6142	312668	0.26167041636363025
6142	15715	0.2573795212003937
6142	252262	0.1625117680034431
6142	252263	0.16199771083300205
6142	178541	0.3397209791570199
6142	176494	0.3090468072784024
6142	372081	0.29623709289239775
6142	372082	0.2761173407686777
6142	552833	0.23373753595570285
6142	372101	0.20567606559470294
6142	208265	0.26183028885629106
6142	468606	0.35225318538665545
6142	44014	0.21273728497648067
6142	306229	0.1938090186756944
6142	340383	0.23250707601651466
6142	207776	0.2587307573282304
6142	468388	0.2170102439817921
6142	468389	0.3085503160483269
6142	449958	0.2528733910096538
6142	449959	0.2354834495689867
6142	449960	0.25389100572355405
6142	403881	0.2365077967262553
6142	341421	0.2418427320250515
6142	279995	0.26184850394744497
6142	505791	0.3039497065228854
6142	505792	0.2940220936771394
6142	535500	0.2865975261572473
6142	468429	0.2121884860606262
6142	468437	0.24294533345996094
6142	468445	0.24742780366100167
6142	338402	0.2465271553693962
6142	117220	0.2451003967474063
6142	339430	0.25918136344644194
6142	543720	0.28877095949705817
6142	337902	0.2455753433222749
6142	155124	0.21304568938406107
6142	134648	0.3001583400906395
6142	247801	0.16730681033968778
6142	580605	0.24395491899519434
