6276	15874	0.36193592974637134
6276	312328	0.3553431273346129
6276	298505	0.3636255884359098
6276	247306	0.35733339978533424
6276	11277	0.34921793819341096
6276	326672	0.3541128245329023
6276	385368	0.35878563070439434
6276	424793	0.3566660386433643
6276	166425	0.3550471666759174
6276	15390	0.352750823759125
6276	412703	0.3634394526025941
6276	365088	0.35497833843239657
6276	548386	0.35601344462565626
6276	179753	0.35343358564805744
6276	373291	0.3559661205460749
6276	414257	0.3233868959138823
6276	362034	0.3557705059680634
6276	414259	0.3515953062452054
6276	250420	0.3522521779776072
6276	248893	0.3518392792007794
6276	515134	0.379823554092614
6276	518720	0.3617548564860672
6276	181827	0.36102741053534515
6276	381514	0.3553320088536111
6276	558667	0.3584352432258987
6276	5709	0.35833321219114866
6276	1614	0.35785907067466804
6276	560217	0.35889306749921424
6276	4702	0.351535162443411
6276	407056	0.35789059276179064
6276	470119	0.3523391210262382
6276	561782	0.35267423922763963
6276	327288	0.3581262258994983
6276	312461	0.3593714844856945
6276	426638	0.33571350920007265
6276	326801	0.36154687957186465
6276	139930	0.35253227938958565
6276	321701	0.35482487754909753
6276	188070	0.35689138942173765
6276	532256	0.35781732656092097
6276	157382	0.35462195376313055
6276	39113	0.36327897780229446
6276	296994	0.35162021782394426
6276	389842	0.3551628353764131
6276	571612	0.2830948344345055
6276	6894	0.3591255244757963
6276	510726	0.3562234996479675
6276	431382	0.3494716839827593
6276	431492	0.3552555518391394
6276	260896	0.3549633270338141
6276	114480	0.32992364848909755
6276	295722	0.35816076080932807
6276	440285	0.3606146587104043
6276	278832	0.3456190028140747
6276	326622	0.3609998048844379
6276	305980	0.3523209029485942
6276	97112	0.35460697308039474
6276	340825	0.35895086889584793
6276	99692	0.33372738700053617
6276	374128	0.3549598701441875
6276	207220	0.3534917107296987
6276	225342	0.3532162465412345
6276	164215	0.3535410466174191
6276	112507	0.35936162858214826
6276	134013	0.3557974668115089
6276	19332	0.3524615316976411
6276	250758	0.361259760879797
6276	489352	0.3538354810139228
6276	309129	0.3493722553927226
6276	30091	0.3534203894174624
6276	200076	0.3612254298684061
6276	397	0.3598543702054284
6276	81301	0.34172417989202214
6276	266648	0.14591873684072773
6276	146338	0.35041013029824153
6276	27555	0.3520732637193321
6276	557991	0.3544574476023094
6276	330154	0.3472596480074295
6276	434610	0.3541396193868916
6276	513779	0.35553996610930705
6276	109214	0.35751220637706244
6276	416695	0.35673845519057634
6276	297412	0.36406557639058323
6276	454090	0.3552745097705652
6276	487885	0.36133792528004816
6276	555982	0.3596755342542314
6276	5594	0.36179011279304274
6276	478683	0.35781365055834463
6276	21981	0.3567860983267136
6276	111075	0.340578342432803
6276	329706	0.21762678946401037
6276	447989	0.3575391622567642
6276	354809	0.3610752378371831
6276	28154	0.34217338270397163
6276	90109	0.35145064635699796
