6287	359199	0.18379706084459668
6287	21270	0.20620845168033128
6287	339206	0.2067283141244143
6287	572039	0.014177879828558275
6287	7689	0.2719118272601941
6287	7690	0.31434259688455046
6287	7691	0.3017133849933671
6287	577548	0.22715315098790823
6287	572175	0.2265560454868416
6287	575001	0.21763061660079408
6287	575000	0.23210677384102466
6287	568469	0.2316167263762104
6287	568470	0.25564794307381156
6287	568471	0.2374157361317456
6287	572184	0.2184792280938231
6287	568473	0.252836989519147
6287	45978	0.22926623117345934
6287	577564	0.2481328637557079
6287	568474	0.2500289889927342
6287	577566	0.24098704404510557
6287	577567	0.23468243642824693
6287	577568	0.23605413287629606
6287	577569	0.2275629421085229
6287	575522	0.19232294493429875
6287	575523	0.20128176173011292
6287	575524	0.21735214454070567
6287	572038	0.19198112720522692
6287	478766	0.16156383290294557
6287	577565	0.23534913310417957
6287	568880	0.22511571701044292
6287	573234	0.220155931739637
6287	151626	0.18528492212370268
6287	115230	0.21730981816916026
6287	548537	0.1775071630118243
6287	570682	0.22318603683104754
6287	570683	0.2202014771359285
6287	572554	0.23276136735305977
6287	572176	0.22384847834825555
6287	28448	0.18396709964767924
6287	105283	0.2593058994116996
6287	105284	0.24442598613375272
6287	408136	0.20035510807718657
6287	260428	0.20030667131715094
6287	572490	0.2253086983632676
6287	572491	0.23787329835621568
6287	572492	0.2328935497669688
6287	384207	0.18629183533215163
6287	260432	0.19423497719959817
6287	569681	0.22050730969972943
6287	565202	0.2191525776121275
6287	569571	0.2491896356171963
6287	30932	0.23715044728127715
6287	30933	0.23731216945471859
6287	201430	0.17181636530896352
6287	569572	0.23909933876923595
6287	570016	0.21173268437211998
6287	118308	0.2006238691430832
6287	56166	0.22083613717561912
6287	572641	0.22796564286507767
6287	570338	0.2307075278953195
6287	570339	0.22842756082037274
6287	570340	0.2396257891823062
6287	56165	0.20464044389412597
6287	572646	0.21364171920723615
6287	332519	0.20061533577466115
6287	332520	0.1935960484133365
6287	58603	0.23166506690150832
6287	299986	0.20223197874656107
6287	384211	0.19989700651830872
6287	359198	0.19946993522916898
6287	568058	0.21802868196984834
6287	574204	0.16435173232708383
6287	574205	0.21875785201558054
6287	575125	0.1967563842557542
