72	433024	0.35812385998980567
72	154369	0.3805663206519527
72	66181	0.28739539966252986
72	560262	0.3604990833033982
72	535809	0.35933545127376865
72	367368	0.3734816095552114
72	279049	0.37232238023178243
72	372567	0.35958337582189676
72	34444	0.36909056191603756
72	413172	0.3697889770377165
72	172524	0.36015298303109167
72	435856	0.3361376895282632
72	289301	0.36631424971661153
72	413078	0.3731267706777637
72	406937	0.36767321990671553
72	248751	0.3072051375273706
72	190238	0.36486559668873486
72	219269	0.3669887603220915
72	198432	0.36314398840280576
72	305057	0.3737952835876751
72	461858	0.3697410311914641
72	491555	0.3602806663455443
72	153892	0.35459022235748944
72	156851	0.3700126561580297
72	154150	0.3734482434861762
72	192884	0.37404181981091905
72	34375	0.3685140829614543
72	508502	0.35580147486314734
72	423854	0.36033046690611215
72	202031	0.342384127232381
72	549680	0.36367860109516076
72	232753	0.35562538935654997
72	358195	0.37734592930225813
72	493880	0.3652618173854435
72	541369	0.3642288270044376
72	143067	0.36200902044315575
72	189758	0.3667371335990273
72	2239	0.36115358764055305
72	465728	0.3722655722550305
72	447968	0.352592128439998
72	557478	0.302895782568097
72	132705	0.3730393954827618
72	252360	0.33820861366446847
72	372425	0.3629567680512146
72	436280	0.3611185617973188
72	33527	0.36943807973364223
72	525902	0.3485213590073301
72	476111	0.35955504563436314
72	457528	0.3738452162743411
72	372563	0.36419669444451724
72	410708	0.3683543388509607
72	508246	0.34884318214956506
72	133689	0.37120369826010874
72	410713	0.3519155605647829
72	80730	0.36790424890552276
72	33359	0.3680407595584575
72	476126	0.35641670352294874
72	465503	0.3723724625576663
72	155872	0.3538477511311812
72	367120	0.358018851538232
72	61538	0.3530787130970172
72	243713	0.32124212736151997
72	508582	0.3334180898081106
72	271591	0.321778305587419
72	186857	0.36319570114456523
72	305516	0.3587832595851512
72	186094	0.36408345915810586
72	250991	0.36998204591967365
72	12529	0.3650002181396371
72	193107	0.35736705406470864
72	323700	0.3675132140558453
72	91893	0.3634293440751522
72	60521	0.37231766570733765
72	132984	0.360586720265499
72	224123	0.35438668241634874
72	208892	0.3675162839771327
72	276793	0.36536707505204785
72	299262	0.3602041150421993
72	490517	0.368021898337352
