756	262156	0.222424010398635
756	150542	0.25561611651858535
756	23567	0.23807139221815812
756	150544	0.24485656677604395
756	217619	0.2341079248328902
756	359444	0.24549559851307676
756	355758	0.262063033391794
756	232480	0.23525535291883948
756	412196	0.24914131971213946
756	412197	0.25372193167501617
756	80425	0.22876220190928498
756	80427	0.25587530913816664
756	184878	0.25449785181297746
756	383024	0.24928556380401357
756	279089	0.253415998776509
756	174642	0.25706912527292164
756	470590	0.2435604949611744
756	470591	0.2538213778089461
756	157768	0.2570000742681922
756	405070	0.24095717612387954
756	450128	0.24230793375781154
756	430674	0.2557276329517261
756	150543	0.2535969035866629
756	23568	0.2290999860994209
756	467043	0.2582394705667253
756	336491	0.2437761494990475
756	62573	0.23892725400652576
756	470640	0.2517587897504371
756	359028	0.25173807831026934
756	359029	0.2479519885217792
756	562313	0.14679291863116198
756	580759	0.17440096420968124
756	426651	0.25633439718322976
756	426654	0.24664855224590593
756	174363	0.24717981992287272
756	40119	0.26257599656556685
756	155326	0.2113585842104725
756	155327	0.21509090146458448
756	191691	0.24330009176849215
756	74961	0.23421438685171353
756	74962	0.22737627017739367
756	74963	0.2579627262343541
756	74965	0.25072236976339557
756	74966	0.2489458268445059
756	526046	0.2532901700733091
756	279266	0.23993367976322505
756	548076	0.2578918921293333
756	464630	0.24941975609566805
756	466682	0.2538573370274745
756	466683	0.2565668458361542
756	384767	0.2530824098599813
756	23814	0.2515804880636271
756	15624	0.23031112697888664
756	469777	0.24363932385365714
756	384787	0.25313748833741573
756	131353	0.2547218495701065
756	44315	0.2714877652931446
756	392485	0.24823719710526146
756	392486	0.24948424059953705
756	392487	0.24935128499900935
756	392488	0.24557199418494863
756	401714	0.1966039288756017
756	99630	0.2562305280128544
756	388401	0.24929370366860887
756	388402	0.2560075457354801
756	144691	0.24490834700593453
756	529716	0.2455577636120265
756	529717	0.2363875692104567
756	529718	0.23623264453798964
756	529719	0.23131525179076787
756	529720	0.2363875692104567
756	308026	0.2336334496612707
756	236344	0.2129120750592214
756	288082	0.25749281920355044
756	244565	0.2494953631148053
756	481113	0.24892751855462372
756	306527	0.2621509032781217
756	382817	0.2314852463161255
756	382821	0.27853320931571596
756	354665	0.260631075122965
756	302954	0.22565808737157797
756	573308	0.24409258272121231
756	97155	0.2605839508324019
756	542086	0.24980542859813898
756	53649	0.23231132295088266
756	446360	0.24626382338130717
756	388510	0.24869675926740872
756	207778	0.25069782530635076
756	18853	0.18954978230118427
756	528295	0.24115560452433882
756	207784	0.24825049915336067
756	330667	0.22025268902524825
756	56750	0.24692958496337788
756	174003	0.249989526786012
756	64445	0.2329804402379949
756	213445	0.22811152976513635
756	305098	0.22760372922688943
756	207783	0.2516715018089207
756	509429	0.24559647635469697
756	228344	0.27341535815049484
756	343035	0.2390431082793924
756	214014	0.2560027949178418
756	531762	0.2421531329786844
