787	157958	0.36932146748452904
787	202477	0.3156664463788517
787	444548	0.38186518027038874
787	82181	0.3921574694103504
787	253574	0.3540933034732415
787	183944	0.4089970107806091
787	361098	0.3852766603366415
787	320267	0.3556457779564894
787	513036	0.4063560841811972
787	395917	0.4008942117966661
787	429199	0.351615553461755
787	82193	0.37626639493545355
787	320146	0.3504990436585293
787	469523	0.38974203254149214
787	170261	0.3813112225003219
787	230806	0.32872076109291765
787	365591	0.3965593671933594
787	361988	0.39297534013774166
787	475931	0.2968784650301785
787	144157	0.3586428474594499
787	32542	0.3901342856771431
787	283167	0.34079120305398986
787	305826	0.3918458890949891
787	7387	0.3921522269604517
787	466596	0.297815497533046
787	108294	0.33868600120504033
787	53681	0.35659559138420743
787	462535	0.36288909362428406
787	510380	0.38494009786363087
787	357295	0.35224305206395395
787	62000	0.3601614771523517
787	420616	0.4681860141498256
787	505736	0.39701665404007663
787	69172	0.10493637956626377
787	658	0.3682251470681983
787	220947	0.38808507094134687
787	261945	0.4160552027654778
787	444575	0.32936546611296075
787	460989	0.37424307544800683
787	45758	0.36826271050680764
787	284991	0.3924712513859119
787	505152	0.390387664213716
787	567039	0.34139670241804193
787	322375	0.3389265726250359
787	481608	0.36019134937510155
787	119692	0.31695842367806454
787	511821	0.3819669622235317
787	182222	0.37624258797398835
787	195149	0.2442701487403122
787	539985	0.3298962651586193
787	308436	0.3881325328348069
787	31310	0.33361005677337363
787	568790	0.36861879386749274
787	518999	0.2635300224951726
787	374727	0.3898801083686098
787	410329	0.3887032917435076
787	576209	0.3760913190065862
787	467419	0.49212526923377015
787	527901	0.3362121346235137
787	19421	0.3679022090510756
787	407547	0.3776983295538279
787	428004	0.3399663650884293
787	406373	0.3776907628858514
787	189391	0.39138601506450105
787	48721	0.3641863608648527
787	517481	0.3734190230879182
787	499336	0.3646842852030458
787	24338	0.2500674233233534
787	247023	0.36223412408333366
787	185715	0.37096811883217184
787	19985	0.35838320091951753
787	153590	0.2525178745339373
787	478967	0.2693942025129539
787	82168	0.3819401191569737
787	14180	0.11081894872224808
787	248301	0.3626602514406727
787	178299	0.474198362319085
787	15229	0.37707023088383357
787	138238	0.3928870498290125
787	224127	0.3875261824746325
