911	536066	0.3970174836708604
911	491523	0.3913159481635699
911	466438	0.41138305355857124
911	66058	0.33107124320417236
911	408587	0.3893887933871272
911	217101	0.3984676171113553
911	187918	0.4015505640822248
911	245271	0.4005303003874538
911	193048	0.39806342404792866
911	45092	0.4073976610515528
911	135205	0.40925276378603775
911	175281	0.39044064802185274
911	105001	0.3989063913865598
911	217644	0.3884631138834795
911	246321	0.4107854326176755
911	107530	0.39438737933791684
911	92224	0.4002350322853959
911	296001	0.4008865145051127
911	505930	0.40116191073632024
911	91725	0.3349964345357572
911	57426	0.4105755311455366
911	504917	0.4037512435863216
911	198742	0.389263085437372
911	504924	0.3956712322036185
911	539237	0.4047160704841168
911	264294	0.40255408426595174
911	198759	0.39665388218056735
911	405101	0.3949352345915288
911	248943	0.3938631811481293
911	273023	0.4190249426801447
911	56964	0.4013858012197794
911	580234	0.3959212140431562
911	37519	0.4080353808327021
911	175249	0.3923787747025996
911	274070	0.40584520365834365
911	185500	0.3862771951164056
911	245922	0.4020094575977985
911	549544	0.39166846702565833
911	188586	0.39570243880546113
911	149681	0.3785389972540554
911	187570	0.40902668136380316
911	209598	0.40748091271016396
911	68799	0.3758066104351767
911	536256	0.3826063626066048
911	558274	0.3616293672710237
911	186053	0.40645052143074467
911	448732	0.3833785350256081
911	579806	0.39325475250524117
911	47852	0.36634071484594244
911	28911	0.4049328776170925
911	192762	0.3995572943785524
911	57219	0.41114168986986227
911	195460	0.4008476653367572
911	217886	0.4081673793681983
911	124709	0.3954571766712291
911	216685	0.39013065587480134
911	172864	0.39148005387428575
911	311818	0.4108288571599534
911	60740	0.39030709872380404
911	464205	0.4042150385125502
911	245584	0.41250676964914457
911	413010	0.3999693107131947
911	12629	0.224872077601112
911	504670	0.4004935876754257
911	473961	0.3854873952267631
911	261994	0.39871590080227964
911	509820	0.38978962439028336
911	42366	0.3960595173027032
911	189825	0.41048110183050024
911	116099	0.39458985305732724
911	558468	0.3786024617684103
911	97170	0.3996336163731813
911	460692	0.4004109560283221
911	54855	0.4028734529041084
911	275373	0.4066818088487139
911	555952	0.405328675437533
911	202675	0.4004867819858717
911	153533	0.4074621255370048
911	445376	0.39669249030315257
911	289218	0.40848901726495906
911	289219	0.3965063521034596
911	57284	0.4088676760182415
911	447942	0.3153668536137861
911	555497	0.4030679199260949
911	13480	0.40404253806406093
911	237054	0.4170750060539275
911	47609	0.39221467540209887
911	16894	0.39984532422640273
911	71253	0.22959715360737232
