233473	0
392716	0
32272	0
294419	0
392731	0
469022	110.0
15391	30.0
343673	6824.644828125001
111145	0
144943	0
443445	0
144961	61.875
34657	0
276558	0
37646	0
200800	0
40549	0
400145	0
112233	0
258164	40.0
390777	0
517755	157.5
387710	0
232063	0
313992	16.875
313487	0
18069	0
365720	0
44698	0
142495	0
235693	0
1208	0
1209	0
419002	0
534211	0
402628	0
495818	0
520396	0
458446	0
266481	0
382201	0
2813	0
91903	0
470798	0
274705	39.375
299284	0
490773	0
538390	0
458009	61.875
417562	510.0
535836	0
40746	0
478003	0
484148	0
254264	50.625
210236	0
417085	330.0
232718	0
328245	0
276108	0
484686	0
108881	0
484694	0
418144	0
500577	0
425316	0
507241	0
92529	0
363892	0
108918	106.875
579462	0
131464	61.875
308619	0
163739	0
122272	0
89506	0
38047	0
21951	0
115104	0
484809	90.0
444366	0
305106	73.125
231385	110.0
305116	0
471519	6408.7891875000005
485351	0
114667	0
10733	0
233458	0
559608	0
