189450	0
113676	0
378894	0
19476	0
470037	0
247326	0
255529	0
232494	0
386143	0
364042	0
471614	132.05267307692307
544839	0
534111	0
495200	0
106090	24.75
175738	0
26762	3510.6923076923076
161423	0
215696	0
433811	0
231579	0
351902	0
553652	0
345781	90.75
350902	0
530625	0
55491	24.75
128708	0
226514	0
102100	57.75
189656	0
285916	0
352998	206.25
471784	1415.5294153846155
113387	0
190700	0
471800	0
390906	0
220926	0
469248	0
80647	91.38461538461539
556297	189.75
375564	0
192728	0
321298	0
212755	0
9774	413.2715653846154
321305	173.25
445723	0
530213	0
104156	0
317747	173.25
233274	0
166719	327.5879538461539
523588	258.9230769230769
384325	0
151368	45.69230769230769
510282	0
239435	187.91989615384614
190293	0
206683	0
377694	0
396131	0
516973	0
6510	523.1232346153846
314430	0
89975	0
541570	0
354693	0
104839	0
104841	0
352143	0
543635	0
151964	0
164165	0
370593	0
384412	0
378283	68.53846153846153
416688	0
384328	0
236943	0
471479	0
140732	0
204738	0
354762	0
187341	0
494547	0
302039	0
302040	0
9690	0
425438	0
231391	0
262114	228.46153846153845
550376	0
279531	24.75
299503	0
579060	0
187381	0
482294	0
