172549	0
23	0
565274	0
9253	0
23593	0
450617	0
450618	0
126559	0
200257	0
558774	0
329287	0
501332	0
86	0
450742	100.0
19132	0
463978	0
176237	220.0
431217	0
201849	0
126588	0
90751	0
371845	23.076923076923077
24202	0
93845	0
427205	0
40902	0
264359	0
58024	0
450732	162.5
464052	0
514742	0
126652	207.69230769230768
558781	0
559298	0
458949	0
376007	0
323788	0
259790	0
536797	0
111328	0
309985	237.5
558819	0
1776	0
102641	0
81140	0
267510	0
464122	0
29311	0
451842	0
54531	23.076923076923077
48390	0
558865	0
360727	0
198937	0
360733	0
804	0
5926	0
261943	0
364348	0
9030	0
290121	0
270051	687.5
61273	0
81759	0
6497	1594.328533653846
129891	0
266092	0
17776	192.30769230769232
383346	1100.0
502136	0
502137	0
6015	0
338821	2387.5
69510	0
358465	200.0
258967	0
77199	0
251793	0
126868	860.0
211351	0
27035	0
558495	0
26019	0
517031	0
500144	23.076923076923077
427958	0
447415	225.0
500152	23.076923076923077
515013	0
127942	69.23076923076923
268231	187.5
359883	0
251857	0
89046	0
126938	0
74212	69.23076923076923
126441	0
129524	0
278518	0
390135	0
