537088	57.10526315789474
419158	26.052631578947366
426002	103.84615384615385
102422	54.0
196636	0
132638	40.263157894736835
575519	0
35877	0
242729	0
550442	130.26315789473682
182319	27.692307692307693
11831	0
22593	81.5
138833	0
296027	0
396383	0
481888	0
300130	65.25
44133	0
498279	30.789473684210524
243304	0
300143	0
242803	108.03268125000002
300166	157.5
144520	34.61538461538461
270985	132.17852960526318
300171	26.052631578947366
472208	0
300185	266.0526315789474
300188	413.52631578947364
266399	54.473684210526315
391025	55.38461538461539
57116	0
424618	354.0160657894737
263339	75.78947368421052
551610	562.4372812500002
391358	0
300236	96.05263157894737
38092	0
367825	0
368854	108.35526315789474
198362	172.74094342105266
42719	16.57894736842105
498405	0
183027	49.73684210526315
258293	0
377590	0
526077	7.105263157894736
40703	0
459012	470.52631578947364
131339	0
279820	20.76923076923077
368401	249.16518218623483
308185	144.0
474908	34.61538461538461
497968	0
198450	7.105263157894736
255284	7.105263157894736
43743	0
567105	0
24915	0
459094	121.26923076923077
141146	16.57894736842105
523104	0
301410	0
184163	270.09337500000004
578405	59.210526315789465
366950	0
204653	193.75
418673	0
124798	67.10526315789474
253321	84.07894736842105
81810	0
484772	0
550330	375.8304187500001
260043	26.052631578947366
579543	0
223192	655.11470625
570329	0
425946	0
567259	0
329694	26.052631578947366
242656	0
300113	76.15384615384616
425960	228.46153846153845
162794	63.94736842105263
75249	0
132600	0
111098	16.57894736842105
392190	0
