284267	80.40001627764129
558596	84.61363636363637
138373	0
138375	12.322523310810816
138376	9.954545454545453
438025	25.977477477477475
138378	0
110605	0
287675	109.15188685503689
110606	0
378639	0
67856	55.507730359336634
488593	28.42943074324325
408650	0
287022	27.65151515151515
65688	46.67087297297299
89882	0
481052	5.530303030303029
288187	74.76371826371826
183070	0
336287	15.873464373464373
26736	346.3479787315726
347227	28.42943074324325
475558	11.613636363636363
89802	4.9772727272727275
62876	74.31953553439804
305194	4.424242424242424
399531	55.52221041154793
561266	39.48718421375922
287534	155.58646417895173
66002	39.48718421375922
327546	21.56818181818182
475573	11.613636363636363
1463	45.91978458230959
286896	129.59118734643738
286523	260.15105210892716
229308	4.424242424242424
558141	10.343161343161343
65601	7.742424242424242
379458	5.530303030303029
205567	0
2503	4.424242424242424
65223	39.48718421375922
573384	0
89801	0
572746	10.343161343161343
53872	0
238925	27.09848484848485
493263	15.873464373464373
493264	129.0552725839476
454738	61.052513441850955
553171	22.674242424242426
571124	0
229079	28.42943074324325
67928	9.401515151515152
77145	13.272727272727272
514639	31.522727272727273
184314	16.59090909090909
435299	17.143939393939394
435300	46.123547850122854
435301	40.590392229729744
565478	47.007575757575765
101483	46.123547850122854
60013	39.48718421375922
572271	17.143939393939394
572272	22.348950000000006
290290	22.348950000000006
290292	118.30364455364455
67833	33.40670347051598
284282	39.265151515151516
574971	0
66686	34.509911486486494
181759	52.20402859336611
