570369	0
496132	0
496137	0
238167	0
68269	79.71304347826087
461844	636.4315789473684
461847	0
263203	40.89359267734554
299558	0
245299	0
422153	558.3684210526316
496185	0
395328	0
421956	0
199245	0
421966	1565.4350114416477
363095	0
421979	665.2574370709382
245344	0
199266	0
421987	439.7216132723113
426086	7.589473684210526
13415	0
63596	297.203671624714
422000	176.89130434782612
426100	0
501365	0
426104	0
422010	381.6421052631579
422015	1042.656979405034
457344	0
304259	0
66180	310.6384542334097
456840	0
422030	651.7755148741419
147091	7.589473684210526
371860	0
421742	670.8670480549199
421743	2080.0107551487417
371870	0
422048	413.0842105263158
426150	206.0
422058	0
19116	0
244909	248.36975296910762
453806	15.673913043478262
68277	36.55675057208238
461940	11.926315789473684
471243	0
422091	2133.278489702517
43219	0
383192	0
457946	0
422113	365.5439359267735
450788	0
581885	0
268031	0
93056	0
310019	0
530694	0
376585	0
450830	0
387860	0
155925	0
581399	0
381255	9.757894736842106
107339	0
460109	0
57180	0
137566	0
215395	0
297831	0
37224	0
251754	0
116076	0
310638	0
558959	0
97649	0
57203	0
421753	1810.9851258581236
358272	0
421761	450.86659038901604
421764	1289.149885583524
316304	51.5
421778	190.32608695652175
421779	1020.2730500457667
439700	0
421787	354.7725400457666
27558	16.263157894736842
445866	0
149429	0
68544	180.76146453089245
342985	55.45224611556065
462799	0
498642	0
167901	21.02425629290618
122848	0
94694	43.056833089244854
488427	0
184301	25.43180778032037
421881	100.83157894736843
478205	0
127998	0
