325637	0
297729	0
433068	0
315403	72.0
209837	0
397841	0
368146	43.2
347673	0
273444	0
347685	0
397866	0
270894	0
307253	0
54111	0
265277	0
116799	0
244808	0
550477	0
273490	0
54868	0
159834	0
494689	54.0
252517	0
103019	0
103020	0
455789	0
244852	0
363125	0
51321	0
322175	0
244864	874.900845
43372	0
237706	0
317067	0
547469	0
526485	0
526487	0
320664	0
398703	0
574627	0
269484	0
526516	0
46781	0
223438	0
145103	168.2235
256725	138.042
240855	0
253220	0
489182	0
321248	0
320743	0
533745	0
449778	0
552692	0
552693	0
552694	0
51242	0
337536	0
406277	0
122113	0
499981	0
55065	0
237313	0
71966	0
240928	0
240932	0
572713	99.0
234283	79.2
541496	0
287550	124.2
260936	0
233290	0
542690	53.581500000000005
200532	0
308053	203.4
365399	0
302431	0
208229	0
317287	0
149352	64.8
318825	325.8
213354	0
395495	172.10250000000002
456044	0
491375	0
397683	50.400000000000006
425344	0
398724	0
455560	0
51601	0
497059	0
316839	0
265131	0
51116	0
480173	0
241074	0
493494	0
397751	0
521145	0
490939	0
324036	0
277750	0
319441	0
150493	0
267746	0
501736	0
316909	0
207348	21.6
