175020	65.76923076923077
406027	65.3125
321556	0
51224	0
295451	17.8125
319524	0
224805	0
321581	0
479155	356.25
239173	10.961538461538462
247369	0
378446	0
239183	10.961538461538462
90198	0
468058	0
324193	0
420963	109.61538461538463
159846	109.61538461538463
42087	95.0
18024	0
320105	0
202347	0
296048	0
97909	0
495721	17.8125
209529	0
215676	17.8125
325762	0
294531	0
131723	10.961538461538462
325781	0
309914	0
296093	0
414884	53.4375
9390	0
51891	0
511673	10.961538461538462
110779	0
117954	0
18631	0
164043	0
513233	40.19230769230769
398039	0
398714	0
54497	0
50914	0
264811	0
392421	0
489169	433.4375
298449	58.46153846153846
492787	261.25
345857	0
345862	0
301689	0
349229	25.576923076923077
55569	0
319263	0
531232	0
209718	0
349004	25.576923076923077
270157	51.15384615384615
303957	0
371036	0
314719	112.8125
399201	17.8125
320365	0
553332	17.8125
553334	47.5
346490	10.961538461538462
338299	0
180092	142.5
52100	0
55689	0
465816	65.3125
343924	0
6043	0
175010	10.961538461538462
332196	535.2884615384615
289707	0
564140	0
318899	0
230220	0
479697	0
81367	0
374746	0
18918	0
54759	0
346611	71.25
346612	0
540158	0
289783	0
289784	0
319483	0
159741	237.04326923076925
246782	17.8125
