287730	38.59375
351236	0
351367	14.444444444444445
472584	14.21875
338313	14.21875
7051	16.25
184717	21.666666666666668
77933	0
369045	16.25
287123	20.3125
135000	10.833333333333334
525845	22.34375
479127	25.27777777777778
211098	8.125
109790	0
273949	0
117918	0
7071	0
7072	0
317348	0
187505	0
26153	46.94444444444444
382637	39.72222222222223
166702	0
462557	0
338098	14.21875
105530	16.25
352564	6.09375
524254	10.15625
274358	10.15625
472247	39.72222222222223
93368	40.625
196276	0
287290	117.13541666666666
265403	12.1875
58429	6.09375
95429	0
356938	0
205134	0
288990	69.0625
264952	0
365010	0
378837	0
513880	12.1875
96732	0
524381	12.1875
462558	18.28125
524255	14.21875
204897	8.125
101435	10.15625
109799	0
332392	0
100073	0
351979	6.09375
178258	10.15625
502511	10.833333333333334
502512	0
255985	0
123634	0
332307	0
559220	35.43402777777778
571127	111.94444444444444
351352	0
534396	0
303743	0
