272896	0
141321	0
552460	0
184333	0
425486	125.0
481299	915.0
359965	0
418334	585.0
507426	0
554537	0
559146	0
535091	160.0
428599	0
377406	75.0
562240	0
262740	0
152153	0
108130	0
344680	96.42857142857143
116330	0
488562	957.4985714285715
482420	0
420030	450.0
316025	0
300680	30.0
522385	0
474773	0
457881	0
96922	140.0
250015	0
257188	0
206504	0
3758	250.0
234684	0
365249	150.0
418500	75.0
522449	0
359131	0
418012	0
391390	0
522465	0
510178	0
445165	430.42857142857144
442611	70.0
231669	0
258295	70.0
235251	2300.0
466176	0
522498	650.0
391439	0
260886	0
432413	0
453919	0
423713	0
266530	0
523995	300.0
497969	0
442158	70.0
414512	0
298289	0
262878	0
190774	57.142857142857146
194871	75.0
547646	0
395584	0
230209	0
285007	0
500054	0
363362	0
362341	0
72039	0
443753	0
471405	0
175479	0
395647	0
55172	0
257416	0
187275	1605.3231428571428
533389	0
488328	0
485272	0
244121	721.6666666666667
14747	620.0
479142	1752.2437500000005
500136	42.85714285714286
77225	0
362415	242.8571428571429
520640	0
142281	0
499660	1024.5169285714287
414671	141.66666666666669
374736	140.0
54521	0
269235	100.0
148446	0
547303	0
481260	158.33333333333334
481263	400.0
484857	0
449532	0
