189440	0
481284	196.20000000000002
353285	0
117768	0
539148	0
477713	0
277019	0
473630	0
410143	0
506402	0
505381	0
144946	0
327739	0
125500	0
366144	0
460870	0
496711	0
237642	0
366155	68.125
77392	0
452184	0
494682	1039.5027525
65628	129.4375
434279	0
36975	0
166513	0
389481	0
574075	81.75
100477	0
100478	0
396424	170.3125
396427	0
420632	305.35832250000004
425622	0
153753	0
14491	218.0
428188	0
173729	0
536241	0
80565	0
289978	0
315584	0
291532	0
218829	0
90831	0
61648	0
223524	0
189647	0
457276	0
439012	0
14571	0
504557	0
46322	81.75
445174	0
259323	0
404732	0
367873	0
216836	0
362254	0
445201	68.125
149270	129.4375
149272	88.5625
536353	0
207650	156.6875
520484	0
228134	0
457514	0
142640	0
247944	0
149303	68.125
363836	0
481086	81.75
492870	0
165191	0
165194	0
142669	0
536404	0
558421	0
121690	0
548190	0
547167	0
384358	0
415081	239.8
455028	0
222072	0
305531	0
390015	0
296000	0
529287	218.0
563094	0
21914	0
555940	0
7589	156.6875
570279	0
54087	0
443311	0
513460	0
165814	0
119224	0
187322	0
347586	0
269774	0
215503	0
61394	0
269785	0
125408	0
383458	0
467434	109.0
218615	0
