248838	0
401418	790.7364392156863
562188	0
69134	0
334866	835.6666666666667
548884	0
314902	0
265244	0
476193	0
532660	0
223278	0
266288	196.84562196078437
438329	0
493626	0
24636	0
132158	0
578623	222.35965803921573
436794	0
221455	0
72298	0
395885	0
390255	0
499826	0
470131	0
521337	0
534650	0
267388	0
561289	0
260237	0
347283	196.84562196078437
550084	0
105628	0
20128	0
402597	0
456884	0
144570	0
505534	0
500420	0
469703	0
287435	1003.1122101960785
314744	64.11764705882354
536792	0
135387	0
412389	0
520942	0
227570	57.70588235294118
248054	0
117498	0
344316	0
39893	0
447233	0
346885	0
357128	0
466818	0
283407	0
486616	0
182063	0
438320	0
325510	0
139049	0
314671	0
147249	0
95543	0
295225	0
76602	0
357185	0
66372	0
499018	0
324428	0
455002	0
184156	79.93333333333334
555834	0
373989	0
329577	0
333170	0
529272	222.35965803921573
546681	0
167809	0
529282	0
529283	123.53333333333333
550278	145.81754980392162
63371	298.9017662745099
337292	50.86666666666667
15761	0
495000	324.332705882353
357789	120.30351372549022
551328	0
243621	0
243622	0
580009	0
332202	835.6666666666667
140715	76.94117647058823
191923	0
65974	0
391097	0
529341	0
464325	0
471494	0
362952	0
401365	0
416225	0
408548	0
198119	0
508905	0
142324	0
517626	0
8700	0
140714	64.11764705882354
426494	0
