165760	88.84744277673546
434475	62.926829268292686
297477	0
231176	0
462474	43.90243902439025
337291	124.54065478424015
426892	14.634146341463415
336654	36.58536585365854
312593	124.09756097560975
498834	21.951219512195124
472597	146.34146341463412
68246	23.414634146341463
118042	0
304986	10.24390243902439
178335	71.73254409005628
178352	94.70110131332083
330786	46.829268292682926
102565	8.78048780487805
43430	13.170731707317072
138673	43.90243902439024
435240	84.45719887429644
336811	81.97644652908068
314156	19.024390243902438
58541	10.24390243902439
258717	122.6311632270169
116144	122.63414634146342
496945	19.024390243902438
58313	10.24390243902439
249913	21.0
386490	4.390243902439025
581436	14.634146341463415
341438	342.4390243902439
59637	16.097560975609756
287168	38.70731707317073
50116	10.24390243902439
50166	10.24390243902439
560455	389.9194390243902
19656	33.65853658536585
276809	19.024390243902438
461263	0
575758	0
343000	127.02439024390245
386009	23.414634146341463
464602	38.048780487804876
91750	16.097560975609756
56294	0
359527	36.58536585365854
382076	157.75311444652908
415850	4.390243902439025
256237	54.14634146341462
505841	20.48780487804878
273780	20.48780487804878
338293	100.5547598499062
204534	10.24390243902439
166010	46.28323452157599
48379	116.26829268292683
86780	78.4783564727955
57981	27.0
31102	87.80487804878048
339327	131.41463414634148
