192897	0
179586	0
154502	0
129287	0
474248	0
185610	240.0
153867	422.4
540686	0
184977	0
142098	100.80000000000001
211731	0
329620	0
184727	0
15770	0
445084	0
15773	43.2
243102	0
522400	91.19999999999999
128803	0
119460	0
395813	0
356775	0
197929	129.6
127879	115.2
171437	100.80000000000001
32733	0
456264	0
184754	0
217012	0
269982	0
35700	0
236218	0
32659	0
154559	0
72072	0
245059	0
490180	0
554437	0
483398	0
260935	2232.0
524232	43.2
35738	0
372941	14.399999999999999
423759	0
323107	158.39999999999998
360660	0
370773	33.599999999999994
575481	0
193240	0
10073	52.8
413018	0
81501	91.19999999999999
15909	0
257416	0
138472	0
400167	124.8
72300	0
208878	0
104047	0
502770	0
97523	0
486004	0
380335	0
87798	0
407593	0
36058	0
115705	0
89466	0
154438	0
107260	14.399999999999999
33533	0
441498	100.80000000000001
