438042	23.629629629629633
245147	3.2222222222222223
558368	0
303531	0
515758	6.444444444444445
303537	70.9136275
501329	7.518518518518519
258750	0
310336	0
360771	0
258757	46.309085
272714	38.66666666666667
575179	20.407407407407412
575180	62.712113333333335
575181	120.1227125
338896	83.67037037037038
303569	7.518518518518519
498004	0
501334	62.712113333333335
501335	7.518518518518519
92	7.518518518518519
565469	9.666666666666668
558816	29.906056666666668
575184	22.555555555555557
181223	3.2222222222222223
516585	46.309085
303568	7.518518518518519
338682	125.34444444444443
401277	18.366666666666667
