464393	158.30769230769232
6666	0
383507	0
364053	0
429596	0
243742	0
73256	0
436268	0
447537	0
361139	0
431670	0
330250	0
554052	0
381516	0
336981	4083.8756000000003
121946	0
429660	0
158303	52.76923076923077
562276	0
416358	0
75371	0
213613	98.0
369774	0
102002	0
240659	0
386677	0
354422	0
311418	0
59524	0
523911	0
109194	0
78476	0
78482	0
216211	0
507548	0
349341	0
361074	0
95347	0
79539	0
280787	0
168152	0
230117	0
414441	0
55534	569.3102692307693
151284	0
556792	0
477435	0
213272	143.23076923076923
361245	0
527135	0
387370	0
311604	0
383460	0
119098	0
463498	0
102718	0
362816	0
383300	0
425798	203.53846153846155
219475	0
53590	0
425817	0
213851	0
457530	0
17246	0
248682	441.0
479597	0
425789	0
417661	0
268608	0
223117	52.76923076923077
180628	67.84615384615384
439189	0
91546	0
569755	0
223140	52.76923076923077
325548	98.0
247965	0
76215	0
98232	0
190396	0
540093	0
366526	0
222148	52.76923076923077
506822	0
21455	0
162297	0
572376	0
58841	0
159711	135.69230769230768
333280	0
25851	0
389604	0
493549	0
373231	0
557561	0
111099	0
327166	0
