201222	0
289288	0
354826	0
246803	0
181274	0
548381	0
483358	0
541739	159.9230769230769
72750	0
259631	0
300592	22.846153846153847
436276	0
412725	144.69230769230768
246343	0
556620	0
43600	0
138324	114.23076923076923
37985	0
558690	0
271975	0
335976	1416.7201177884617
349292	0
374382	0
22639	0
165489	0
316018	99.0
415251	0
277115	0
291967	0
5249	68.53846153846153
326786	0
544022	0
408732	0
220101	272.25
379050	0
271901	0
389316	0
15046	0
172743	0
324812	0
421069	0
132305	0
152787	0
87261	0
529641	0
251122	352.0
483063	0
204541	0
364804	0
446728	0
25901	0
457489	0
537875	0
55854	0
191766	0
241947	0
428319	0
197928	0
363309	0
552157	0
543029	0
166206	0
490549	0
32577	0
446794	0
239438	110.0
413525	0
428388	0
72044	0
382831	0
251248	407.0
245619	0
533364	0
240504	0
191865	0
492412	0
315285	0
485264	0
178581	165.0
118683	0
373670	0
211375	0
207284	0
223158	53.30769230769231
283070	0
427457	0
180677	22.846153846153847
297417	0
299475	0
453077	0
342999	353.856033173077
549850	77.0
59357	0
97872	0
71138	0
159728	53.30769230769231
354804	0
271861	0
556542	0
