279875	0
77655	43.2
303628	0
440847	0
147986	414.0
310832	918.0
485937	264.0
255583	0
409148	612.0
557634	182.4
393799	0
276552	0
170065	0
484949	0
310879	0
453227	0
560260	38.4
316097	129.6
556695	120.0
135341	0
381617	324.0
402101	504.0
580794	0
198844	0
364734	0
557761	0
189663	504.0
476385	0
69863	0
79080	14.399999999999999
35561	0
488171	0
556274	0
284916	0
2815	0
423179	0
157461	0
354084	0
580486	0
40746	0
525627	979.2
380742	360.0
320482	0
482638	0
370018	0
370027	52.8
465263	0
59249	0
380275	0
192374	1656.0
465271	0
350586	0
484736	0
465286	0
305035	0
484748	0
16269	0
482707	52.8
247700	0
200085	259.2
507287	62.4
130457	0
275372	0
285103	162.0
70577	0
432569	0
432595	0
443354	43.2
460770	0
327142	0
372730	81.6
116221	0
