19463	0
487945	0
386075	0
483868	0
225323	0
275500	0
320050	0
341564	496.00000000000006
523838	0
409167	0
482386	0
298070	0
354395	0
117865	0
376428	2428.3178333333335
310893	0
226423	0
445580	0
556736	0
354498	0
191181	0
175825	0
300754	0
393948	0
488160	0
130599	0
303347	0
441083	0
191754	0
265997	0
486670	0
343331	0
124200	0
535851	0
545072	0
275257	0
486736	0
275297	0
208228	0
13671	0
238958	341.0
455541	0
433191	0
146820	0
512834	0
528280	0
465314	0
465316	0
302506	0
136621	0
482231	227.33333333333334
108472	0
21955	0
355272	0
509904	0
49109	0
215006	0
365032	330.6666666666667
380403	0
254452	0
411132	0
221695	0
