188420	0
54285	10.384615384615385
480271	0
172561	0
210456	10.384615384615385
473644	0
404537	0
252476	0
269892	0
52296	1000.3846153846154
321098	0
273498	0
476251	0
323677	79.61538461538461
261729	0
121454	0
189552	0
455793	10.384615384615385
9346	0
412295	0
325770	65.76923076923077
365206	0
13976	315.0
365210	0
72864	24.230769230769234
189614	0
112818	0
130227	38.07692307692308
390329	45.0
322242	0
32965	0
117961	0
308427	0
218318	0
262357	51.92307692307693
393431	0
489185	0
297698	0
313212	0
499960	2690.4045288461543
104190	0
315138	0
472327	51.92307692307693
177426	1293.5525769230771
59669	45.0
317215	86.53846153846155
253224	0
480041	0
537971	75.0
308525	0
339256	375.0
319290	0
370826	0
200512	0
253255	45.0
317259	0
200525	0
318798	0
160594	0
257878	0
375642	58.84615384615385
209244	0
116062	0
538975	0
120163	0
456041	0
321900	72.6923076923077
28531	0
43388	0
200577	0
233858	0
398725	0
457606	0
350617	0
480155	31.153846153846153
407964	0
318365	0
119198	0
352680	0
326077	79.61538461538461
318427	0
263649	24.230769230769234
152546	0
54244	10.384615384615385
295916	0
323572	72.6923076923077
177406	833.0434615384617
321014	0
208378	0
207356	0
