453122	0
514566	0
200713	52.5
522264	0
105501	0
387615	68.25
235355	15.75
307973	0
161844	0
77368	0
461889	0
461890	0
48710	0
48711	0
63560	0
358989	701.9533500000001
332882	0
461155	0
329822	0
476255	0
285286	0
368241	68.25
94836	105.0
185468	91.875
44672	71.33823529411765
203398	47.25
203399	0
425100	0
314515	0
557724	147.0
518814	0
5318	94.5
399017	0
397997	0
558257	0
461493	0
251062	0
105076	665.5903290441178
324287	142.05882352941177
209092	0
449734	187.45588235294116
282315	0
131281	0
478422	0
117976	0
461533	170.625
201951	0
456930	47.25
115939	0
535786	160.58823529411765
337643	357.0
571120	0
528634	0
462076	0
557312	0
557313	0
283396	0
304389	0
557323	0
208660	0
351510	0
456984	196.875
286	0
531745	0
446244	0
457012	0
472886	238.43547463235296
278839	0
372025	355.45588235294116
303930	47.25
29499	0
8002	0
78153	0
202062	0
251733	0
377657	0
38747	0
49507	0
198501	0
534377	723.9016466911764
193389	99.75
518708	0
315760	117.3529411764706
109948	0
470250	0
439531	0
272772	0
528263	0
446345	0
544148	170.98786764705883
74145	67.94117647058823
424366	0
558513	0
151479	592.4106948529412
151483	0
106940	0
152016	0
397785	0
370650	0
151523	0
151525	0
151530	0
80187	0
330226	187.6141466911765
177661	911.2780919117648
