293381	0
293383	0
293384	0
107020	62.35965070422536
446992	0
296707	53.46505827693434
575322	0
103344	4.12987012987013
564771	57.03860000000002
117805	0
475192	94.28595492957749
117306	0
117307	0
117822	0
571970	33.37203603438816
331849	0
475212	16.990772379732945
475220	0
53856	0
280849	41.07544788732395
391272	19.79124507042254
184945	26.674361953539425
292980	57.03860000000002
115839	11.48427887323944
331908	60.16273235778307
388231	0
81554	4.12987012987013
81555	25.112295774647894
81556	25.112295774647894
81557	35.754397183098604
286363	35.754397183098604
10397	0
134303	34.88460581671849
49827	0
528551	46.767384196085615
53930	0
524464	62.35965070422536
332997	80.25575460032925
46800	0
125659	46.3964985915493
206045	0
296167	33.37203603438816
375532	80.25575460032925
293617	19.79124507042254
47349	0
117816	0
495359	53.46505827693434
568579	57.03860000000002
448262	41.07544788732395
293649	19.79124507042254
293650	19.79124507042254
293651	19.79124507042254
238367	25.112295774647894
502050	46.3964985915493
117028	0
168745	46.3964985915493
45866	30.433346478873247
546781	0
465200	33.37203603438816
298807	57.03860000000002
117048	0
293184	73.00175211267607
499521	33.37203603438816
111939	19.79124507042254
316231	73.00175211267607
134478	34.88460581671849
251216	46.767384196085615
490833	46.767384196085615
116570	0
116571	11.48427887323944
317277	60.16273235778307
183147	46.767384196085615
571247	73.00175211267607
410481	0
322931	0
237941	19.79124507042254
237943	25.112295774647894
205179	67.45454545454547
51078	11.48427887323944
97673	30.433346478873247
447131	100.34877684287545
413612	33.37203603438816
52144	25.112295774647894
52658	16.990772379732945
116675	0
372177	0
412118	0
412119	4.12987012987013
412120	4.12987012987013
412121	40.06971011523689
292828	51.71754929577466
292829	51.71754929577466
292830	51.71754929577466
292831	51.71754929577466
292832	51.71754929577466
292833	51.71754929577466
292834	51.71754929577466
292835	51.71754929577466
292836	51.71754929577466
292837	51.71754929577466
3561	120.44179908542164
412652	26.674361953539425
116717	0
292848	0
292856	0
293460	0
