417286	0
18956	0
523278	0
310808	0
386074	0
259100	0
464930	0
235867	0
208390	0
416810	0
485932	0
220731	0
411830	0
474694	0
343223	37.51428571428571
70228	0
467546	0
389725	0
238687	101.0
402238	0
124518	20.2
557671	0
376430	0
284786	37.51428571428571
445567	0
310912	0
246921	0
341647	0
89758	0
312991	0
310945	0
275111	11.542857142857143
275117	0
72886	0
499895	0
113340	0
30398	0
484036	0
362871	0
341196	37.51428571428571
393935	0
275154	20.2
499930	0
287451	0
555231	17.314285714285713
393952	66.37142857142857
171755	37.51428571428571
70385	20.2
172275	0
280312	0
70397	0
334591	0
42757	0
115469	0
69904	0
42774	0
370972	11.542857142857143
386348	0
5434	0
362207	0
512829	0
441150	0
363331	0
562519	0
376152	101.0
580953	0
580954	31.74285714285714
69982	0
175823	0
487273	0
436076	37.51428571428571
468285	0
117107	0
252789	0
418281	0
465784	0
97662	0
503179	0
170893	0
375709	0
375710	0
355231	0
355232	60.6
275185	0
549803	0
145567	25.97142857142857
172478	34.628571428571426
484288	0
508867	0
340422	0
335309	0
464860	20.2
464353	0
454117	0
343529	5050.0
483818	0
472271	0
310356	0
395762	0
458836	60.6
454140	0
