295429	0
519687	0
363528	1378.0
84507	0
34309	0
444452	0
252976	0
344629	0
35388	0
190218	0
86080	291.5
84547	0
149065	0
169553	0
34901	0
82518	0
83034	291.5
431195	0
462429	0
462430	0
84575	0
276579	0
444005	0
15479	0
36992	0
36993	0
136323	0
169096	0
40591	0
423060	0
169621	0
209048	0
423594	0
36524	0
169136	0
33470	0
487618	0
78535	0
262860	402.79999999999995
75471	0
86224	0
202460	0
114042	0
299230	0
407264	0
174818	0
276710	0
253161	0
535789	0
524529	0
233714	0
561908	0
37626	0
319230	0
83716	247.33333333333334
169222	657.2
135944	0
135945	0
215818	0
449291	0
36623	0
40727	0
532258	0
117553	265.0
310569	0
33416	0
37685	0
271162	0
18243	0
89928	0
271178	0
29521	0
117076	0
144225	0
83811	0
486759	0
159368	63.599999999999994
126316	0
32232	0
84852	212.0
83831	450.5
233337	0
261498	0
168827	0
224126	0
45455	0
83860	706.6666666666667
354722	0
381359	0
486332	0
33729	0
33735	0
367049	0
471500	0
181709	0
32723	0
84986	662.5
270820	0
215889	0
507368	148.39999999999998
471529	0
37869	0
96762	0
507387	148.39999999999998
71165	0
358398	0
