549378	195.38378712406012
233993	0
58891	0
290316	34.66666666666667
50093	0
526866	0
90134	0
210967	0
168480	0
278050	83.39277631578948
520743	0
110633	0
303155	0
412737	510.38346381578947
262210	0
376388	1374.704265820802
133815	0
35172	0
61014	0
520281	0
173071	0
433777	0
141944	0
99449	44.57142857142857
287167	105.86597039473685
175234	0
169606	0
319625	0
13458	0
430227	0
285332	0
102038	105.86597039473685
218263	0
22683	0
365215	0
551585	0
296390	0
447145	0
19120	728.0
337586	38.31578947368421
117943	0
505016	0
491707	0
559822	0
226513	264.44417584586466
547031	27.36842105263158
475353	0
122590	0
248544	14.857142857142858
68329	373.05418843984967
424686	0
424186	0
106751	0
69376	0
305924	0
61707	0
424204	0
232207	0
335632	69.81431907894736
186641	138.70807565789474
104213	0
94937	0
125215	0
60715	74.28571428571429
399667	240.70513486842106
172153	166.65495394736843
124223	194.6018322368421
75092	0
360279	34.66666666666667
349016	0
437081	0
313180	0
204637	0
284004	24.761904761904763
305512	0
61801	0
292722	0
228214	0
309126	0
466831	0
406932	0
310682	0
60828	0
443297	47.9195822368421
260518	125.89473684210526
313261	0
499631	0
97720	0
387513	0
364989	448.8589722744361
38009	0
140736	0
31172	0
269254	0
97735	0
94125	0
60876	0
105934	248.86320097117797
260565	0
20958	0
41958	0
457193	0
458738	0
488444	0
