19979	0
368657	0
191011	0
115753	118.28571428571428
429611	521.3333333333334
169516	0
187953	598.0
187954	598.0
363444	0
222786	92.0
320582	0
187976	738.1904761904763
74317	0
560210	0
480854	0
274007	0
74328	0
169562	0
15973	0
207980	0
364142	0
247409	0
510071	0
383108	0
27276	0
169101	0
193166	0
106646	521.3333333333334
231065	0
252578	0
33650	0
169654	0
387767	0
529594	337.33333333333337
389314	0
188363	0
577733	0
550598	0
478415	889.3333333333334
77524	0
475356	705.3333333333334
181982	0
169186	0
389348	0
107753	0
413930	0
478420	889.3333333333334
360190	0
355585	0
496394	0
174863	0
191760	0
174880	0
360234	0
563499	0
81715	92.0
169268	0
497982	0
94015	0
534851	0
32589	0
58702	0
223057	92.0
187741	0
559967	0
131424	0
414054	0
136050	0
439157	0
224120	0
158015	0
49031	0
37267	0
393111	0
560030	0
298913	0
131490	0
395685	0
489897	249.7142857142857
276910	0
278964	0
191424	0
185761	0
549320	144.57142857142856
188367	0
168918	0
452568	0
452579	0
368617	0
92656	0
170489	0
508414	0
