154117	120.85714285714286
23558	32.900000000000006
343052	0
59410	0
124505	0
577563	0
245253	335.7142857142857
2595	0
466981	0
438834	0
38964	122.20000000000002
163391	0
511044	0
133046	0
469064	0
19745	0
176718	295.42857142857144
465497	0
102496	0
243300	0
569960	0
509033	0
494149	0
154236	470.0
549502	0
351377	0
91798	0
155803	111.09090909090908
34460	0
35486	0
417957	0
496814	61.1
496815	61.1
206195	32.900000000000006
71861	0
79544	0
55484	0
219838	0
284358	0
402631	0
177868	112.8
148688	1452.3
108249	0
449757	0
330789	0
108260	0
210662	0
431344	419.94805194805195
488689	0
149750	0
112380	0
290557	42.72727272727273
496392	122.2
130832	25.636363636363633
275730	79.9
211731	0
411425	128.1818181818182
283952	582.8000000000001
137010	0
269112	0
11072	0
508740	94.0
48457	0
477002	0
216402	0
75091	0
555354	0
383327	0
296809	147.71428571428572
388458	51.7
192876	0
533875	42.72727272727273
363899	0
460679	79.9
156555	179.45454545454544
260501	0
133016	389.42857142857144
253342	42.3
61343	42.3
572322	0
24489	0
383408	0
57266	0
548788	76.9090909090909
434590	0
456630	0
153527	32.900000000000006
538051	0
146897	0
469468	0
214500	155.10000000000002
9468	0
116207	0
368631	0
