493570	0
259591	0
189698	0
420879	176.75
240144	0
312152	0
332818	0
558102	0
81943	0
181281	0
347173	0
383530	0
505905	0
179762	0
373811	0
259637	58.916666666666664
484415	0
166977	0
437317	0
149577	0
383565	0
87130	0
405596	0
372831	0
150116	0
96357	101.0
380143	0
121462	0
121468	0
120446	0
524931	0
34949	0
301702	0
43152	0
311954	0
363677	0
327853	0
32430	0
327858	0
327860	0
556727	1540.25
515768	0
331455	176.75
331456	176.75
544452	92.58333333333333
117958	56.11111111111111
310996	0
97496	0
425691	0
373541	0
316133	193.58333333333331
191206	0
54507	25.25
373487	0
389363	25.25
433790	0
446712	0
330494	0
439042	0
232717	0
259346	126.25
330517	0
112924	0
146206	0
517407	109.41666666666666
429190	0
159528	0
572206	359.1111111111111
164146	0
437564	0
80195	0
526149	0
63303	2962.6666666666665
208200	0
177483	101.0
59212	0
202584	0
59225	0
510300	0
97119	0
379747	0
358778	0
252797	0
404864	0
97154	168.33333333333331
328089	0
344815	0
185245	0
111522	0
580515	0
403878	126.25
431530	0
135083	75.75
390573	92.58333333333333
327089	0
520644	0
197590	0
548312	0
151514	25.25
563171	493.7777777777777
518140	0
