472069	118.84615384615385
149519	37.94736842105263
213014	0
252451	150.53846153846155
252464	60.10114375000001
494643	92.15789473684211
418356	0
359478	0
268859	0
340028	69.28782894736842
307776	0
282694	0
321097	0
315750	0
200295	0
122044	0
267884	75.1264296875
461501	0
578690	0
581692	37.94736842105264
81029	0
498826	0
537229	0
397456	55.813929687500014
81041	0
343700	105.17700156250002
46745	114.84660937500003
455847	9.65625
195240	0
419498	0
137900	0
329906	0
498360	0
104633	0
537276	0
537277	0
368319	0
176832	55.813929687500014
46786	0
200389	0
220361	0
248020	9.65625
238297	9.65625
123610	38.63835781250001
200421	9.65625
499958	75.1264296875
499959	126.65314531250003
385276	0
537342	0
499967	75.1264296875
313098	0
200460	79.42700156250002
525442	0
268558	0
304401	60.10114375000001
72978	55.813929687500014
566043	0
308009	150.53846153846155
248106	0
248107	0
469300	0
397110	0
190776	70.47368421052633
494644	0
516413	135.5263157894737
38718	9.65625
253256	0
455497	0
455498	9.65625
152399	64.375
397138	197.49236093750005
63320	38.63835781250001
240987	0
448348	55.813929687500014
131935	0
455522	9.65625
200550	0
268860	0
248177	0
202046	0
401270	9.65625
455572	0
42363	114.84660937500003
248188	0
177023	0
65936	0
455571	48.789473684210535
258452	0
405405	90.15171562500002
523167	0
53664	103.0
294306	0
194478	0
390078	28.96875
260035	0
56265	103.0
80333	0
490959	0
67558	38.63835781250001
80874	105.17700156250002
131571	0
439797	0
536572	60.10114375000001
