548873	0
132106	140.9401785714286
297999	0
394770	0
316846	0
374295	0
353314	0
349225	0
410669	154.8
282670	120.39999999999999
246331	190.42857142857144
151109	0
479304	0
304718	0
555088	0
243811	380.8571428571429
473690	0
315919	0
504419	0
477542	21.5
38506	0
51827	0
157312	0
542337	0
317058	0
319109	0
579723	0
375447	0
197784	0
391837	0
397987	0
391848	64.5
404649	0
366255	43.0
273584	0
479933	73.71428571428572
397514	0
206036	0
206046	0
18657	0
127216	0
505587	0
402985	0
534777	0
324863	0
188163	0
206092	21.5
320782	0
425236	0
409562	0
275231	0
54060	0
301869	0
55091	0
246072	61.42857142857143
415035	71.66666666666667
75076	92.14285714285715
310606	86.0
492856	0
436054	0
323416	0
344934	0
317293	0
404849	372.25714285714287
382840	43.0
305534	0
479621	104.42857142857144
262295	122.85714285714286
233361	139.5733928571429
349587	0
312724	0
521117	0
30116	202.0232142857143
309670	0
167850	154.79999999999998
385966	0
314799	387.0
314810	0
96700	0
149959	64.5
409556	0
320474	0
34270	0
211536	0
552358	43.0
399341	0
