257024	0
74240	0
474117	0
74248	0
462348	92.30051180124227
55309	0
406544	0
415151	0
438300	0
256541	0
153118	118.80000000000001
263344	0
228389	118.80000000000001
405030	337.5
291367	0
297517	66.58622608695654
199732	0
547381	0
152119	0
184891	0
184892	0
184893	458.6365565217393
498240	239.51714534161493
257089	115.2638385093168
132678	70.43478260869566
187405	0
443997	15.42857142857143
244318	0
520814	88.36363636363637
47220	0
47226	0
470143	0
402049	265.0909090909091
447116	0
123021	0
410265	61.04347826086957
210087	0
155816	248.40000000000003
419613	0
155824	0
155828	0
291358	206.1818181818182
155831	115.2638385093168
301240	244.7909217391305
54900	0
491194	0
227006	138.22716521739133
533695	0
554688	0
136393	0
285387	0
547024	155.6885739130435
183505	270.0
432851	0
149717	0
492759	0
580827	0
154844	0
232145	0
163560	298.97045217391315
146898	206.1818181818182
132335	0
246001	0
137459	0
198396	0
144129	0
125193	124.90669565217394
257802	84.40669565217394
132365	0
11535	724.1844923080182
184091	0
168733	0
562974	0
156125	0
143157	0
551739	0
551751	603.0802527103333
547025	155.6885739130435
551757	184.15381863354042
509779	0
257880	0
422459	570.7256216544326
152954	0
150401	0
183689	801.3524503416152
183690	465.7994222727274
137099	0
168351	0
378275	0
355243	0
364972	0
154542	0
74159	0
159153	0
498105	0
394685	0
124866	432.0
445390	0
377807	1066.597682841615
124370	0
452059	0
132573	0
291806	0
312817	0
229715	0
210427	0
257021	120.04763478260874
115198	0
