76802	0
289797	0
327177	0
325643	0
460812	0
29709	0
363023	0
471571	0
101911	86.72727272727273
259099	0
130077	0
147999	0
292909	0
379951	0
117171	28.90909090909091
407604	0
386107	0
369214	0
377867	221.63636363636363
437317	0
440390	0
540089	0
240221	0
470113	706.6890597402598
328803	0
185449	0
415341	0
532925	0
259195	0
234116	0
418439	0
450187	236.84777662337663
54413	0
233123	0
481963	0
319665	0
283315	468.1890597402598
241853	0
198335	125.27272727272728
512705	0
26306	0
486600	0
158411	0
371916	0
234190	0
326869	0
276698	196.85714285714286
502984	0
425693	0
334047	0
374496	0
441062	0
330474	0
354542	0
556276	0
60665	0
550654	0
223489	556.5
364295	0
171273	0
273165	0
122136	0
208665	0
159516	0
418589	397.5
230175	0
273199	0
40752	0
345779	0
501562	0
393020	0
278859	318.0
119118	144.54545454545456
403791	0
300516	0
365914	0
109921	0
373603	0
21872	0
16241	0
188788	0
204666	136.28571428571428
385404	0
384385	0
543637	0
111524	0
330672	0
399282	0
460211	0
191415	0
508344	0
74681	0
305597	0
280004	0
178138	125.27272727272728
112606	257.42857142857144
541668	0
470502	0
137194	0
393196	0
479727	0
488435	0
547828	0
498168	0
240122	0
61427	0
