125952	24.86842105263158
169705	63.55263157894737
413206	19.342105263157894
392736	0
59940	318.2136631578948
294950	0
17460	0
413239	106.10526315789474
33337	0
246843	0
185916	19.342105263157894
132670	0
520270	0
361044	0
442453	0
277083	143.1818181818182
124509	372.43472368421055
212582	0
444007	0
290422	0
469111	58.026315789473685
169592	0
392827	0
122493	0
169086	0
237184	0
335493	1123.76145
449164	0
396941	369.7706815191388
346767	0
378001	41.44736842105263
422547	46.973684210526315
144536	0
81562	95.45454545454545
7327	359.9468250000001
504998	0
7347	458.28158953349293
534196	0
315063	0
262851	80.13157894736841
149712	0
136405	0
299232	0
163042	19.342105263157894
302822	30.39473684210526
101607	208.958952631579
434408	0
34537	0
124654	155.33534210526318
212214	0
33019	0
136661	0
274700	0
274703	229.3421052631579
449808	69.07894736842104
416535	0
37144	0
485663	0
169250	0
464164	0
282917	41.44736842105263
411956	554.8421052631578
210232	0
302400	0
384652	0
346765	0
494392	0
187732	0
291163	441.0
34653	0
444258	0
551781	0
412012	0
214384	934.8486000000001
257393	0
497523	8.289473684210526
557118	30.39473684210526
512375	0
36216	0
89465	0
464254	0
131455	0
169345	0
131465	0
490378	0
169355	0
260493	0
452500	218.28947368421052
169370	196.18421052631578
261537	0
257444	0
169382	0
176552	742.0458684210527
256426	0
289202	41.44736842105263
18361	397.958952631579
444354	0
557000	0
203342	0
36312	0
33771	0
370669	0
358385	41.44736842105263
399862	27.63157894736842
143353	30.394736842105264
