146445	0
190478	0
518685	0
248864	0
248865	0
301602	0
348196	0
296485	0
209447	0
342569	1300.4418683814106
234026	0
282668	150.7325174825175
64047	0
558130	0
158771	128.8181818181818
375348	187.37422458333333
79416	0
461379	594.0250381424827
552524	0
196191	192.84615384615387
563299	0
331622	0
348777	0
490102	0
322876	109.0
196218	0
325246	0
540807	16.35
76951	0
525465	0
351901	0
15012	0
325798	0
275626	0
425643	0
299890	16.35
383664	0
51899	0
161472	0
206026	54.5
180433	54.5
496340	2071.0
103641	158.56155681818183
59100	0
13544	0
373483	0
398583	0
12538	0
343935	643.0750381424828
164092	0
399622	795.7019599038464
45832	0
102668	0
343853	0
262943	100.96571597222226
362277	0
295	0
359725	0
161843	0
257846	0
98356	0
532796	990.450471027098
270654	0
174399	160.5199702777778
138051	133.66571597222224
270664	0
200745	106.81146166666667
543062	0
264536	1064.9639681730769
487257	0
26598	0
468838	0
555369	0
111467	0
264562	0
386420	0
386421	16.35
304233	0
278395	0
264575	0
402221	0
537491	0
330135	0
163737	0
160154	0
331676	712.6923076923077
278947	0
54180	0
462246	0
553383	443.54811375000014
575400	0
26031	0
250802	125.35000000000001
528307	0
572853	0
335800	0
205756	0
324030	109.0
374207	0
58615	0
28631	0
199645	92.23076923076923
352230	0
273896	89.18181818181817
139753	0
76780	0
133111	0
250873	386.1115384615385
463018	0
