502791	25.84066214887641
65033	0
537617	43.88424964887641
333842	57.50924964887641
304156	34.86245589887641
235551	0
356899	27.124744637385085
356906	16.818868398876408
356907	30.351559023876412
356908	30.351559023876412
265906	43.88424964887641
541744	39.37335277387642
541746	66.43873402387642
279092	43.88424964887641
541749	0
134199	0
356920	25.84066214887641
4230	46.010183171603686
284224	39.37335277387642
399938	34.51111669433096
421457	52.90604339887642
134236	0
134240	0
342113	28.76158345569459
100968	25.0039225772472
260716	16.818868398876408
160371	52.90604339887642
168053	39.37335277387642
129657	43.88424964887641
464508	25.84066214887641
464511	57.41694027387642
416897	0
464518	52.90604339887642
295532	80.50738260342187
176785	39.37335277387642
265924	34.51111669433096
297122	30.351559023876412
416943	40.26064993296732
343218	40.26064993296732
190644	9.909090909090908
238263	40.26064993296732
142020	39.37335277387642
416969	0
294602	0
294604	0
568016	0
190674	29.5565712397855
186070	0
64727	39.37335277387642
384238	0
568054	0
417015	39.37335277387642
30456	16.818868398876408
265977	91.92805696820739
229118	21.32976527387641
229121	16.818868398876408
229122	16.818868398876408
292611	0
190593	25.84066214887641
528650	30.351559023876412
186071	0
528652	39.37335277387642
417042	71.04194027387642
417043	39.37335277387642
296213	33.20658835546476
477467	52.90604339887642
272677	43.88424964887641
356914	30.351559023876412
334643	57.50924964887641
64833	30.351559023876412
125765	0
213831	25.84066214887641
341324	40.26064993296732
568802	0
176462	16.818868398876408
212820	21.32976527387641
4952	25.84066214887641
358747	0
410461	39.37335277387642
464492	34.86245589887641
86884	30.351559023876412
542353	16.818868398876408
239601	0
4488	30.351559023876412
4490	30.351559023876412
335758	40.26064993296732
495507	0
424860	9.858533321629217
474526	0
495527	52.90604339887642
4523	0
338860	51.759716410240046
281023	25.84066214887641
539587	70.94963089887642
434508	0
539594	75.46052777387642
454603	44.27081205311543
288725	94.21929382022473
288216	107.75198444522474
95194	30.351559023876412
95195	57.41694027387642
95196	61.92783714887642
2525	43.88424964887641
565730	28.76158345569459
103907	0
541692	30.351559023876412
7665	70.94963089887642
239612	30.351559023876412
101885	39.37335277387642
