439297	0
439298	0
439299	0
16902	82.39271639928702
276652	0
23562	71.7262026069519
326488	0
106002	94.54973201871661
106003	53.99136711229948
106004	53.99136711229948
202784	114.39225777629237
304677	50.39317502228166
272938	0
308289	0
445510	8.558823529411764
445511	0
445512	0
445513	8.558823529411764
445514	8.558823529411764
308309	0
110696	23.18135955882354
72307	0
326334	0
26743	0
26744	0
327359	0
326336	0
307850	0
326822	0
326823	0
296104	71.7262026069519
276649	0
326826	0
508075	0
566956	0
566957	31.38235294117647
326846	0
326335	0
179392	61.03565062388593
326855	0
326857	0
326349	0
570576	0
251000	135.10809692513374
326866	0
479981	53.99136711229948
327406	0
463088	34.84046345811052
408312	0
498426	0
26741	34.59312426470589
327424	0
118022	0
408334	0
569107	0
312084	0
312085	39.72666122994654
312105	0
179399	0
566955	50.39317502228166
312150	39.72666122994654
23896	8.558823529411764
326491	0
326492	0
326493	0
236005	8.558823529411764
306538	0
306539	0
326512	0
326515	0
326519	0
24444	93.05923019162213
326549	0
326537	0
326539	0
326546	0
326548	0
448750	71.7262026069519
326551	0
326824	0
326559	0
97696	93.05923019162213
229800	0
326575	0
326581	0
276650	0
267211	61.03565062388593
276651	0
375767	93.05923019162213
276646	0
236006	8.558823529411764
236007	8.558823529411764
53231	94.54973201871661
276648	0
326827	0
326825	0
24746	50.39317502228166
