77058	0
71540	0
157526	0
22948	0
402252	0
282122	0
179467	0
135184	0
98027	0
436115	0
232341	0
127569	0
237465	0
171546	0
453660	0
369567	0
146336	0
147617	0
139103	0
362437	0
130341	0
309946	0
365481	0
422828	0
47918	0
128989	150.0
241586	0
495601	0
223798	0
460617	0
371369	0
216121	0
114490	0
447591	0
128062	0
41921	0
59467	0
33092	0
423365	0
216007	0
140105	0
332895	0
88439	0
17868	0
402253	0
221385	0
35535	0
194257	0
406866	0
55763	0
322644	0
194902	0
191908	0
97242	0
118491	0
199773	2925.0
172638	0
208735	0
579298	0
327267	0
239973	0
92518	0
370538	0
9127	0
488781	0
394477	0
180974	0
114928	0
241	0
92511	0
6675	0
446836	0
327287	0
37814	0
525694	0
