184325	0
355850	0
116823	9.048780487804878
116824	9.048780487804878
117780	0
473109	0
360476	10.341463414634147
124448	0
124449	0
124450	0
124451	0
178725	3.8780487804878048
162346	28.439024390243905
138291	29.731707317073173
138292	37.48780487804878
336440	91.53810975609757
447042	0
162375	0
239180	23.1875
447054	18.097560975609756
400977	97.36407012195123
253014	0
253015	0
253016	0
253017	0
253018	0
253019	0
253020	0
253021	0
253022	0
253023	0
253024	0
53352	55.10060975609756
497773	11.634146341463415
134770	29.650914634146343
401013	97.36407012195123
22655	14.21951219512195
468623	94.6890243902439
46740	338.773212652439
231574	0
178848	9.9375
463533	14.219512195121952
527022	0
497949	0
134321	29.650914634146343
460659	43.8704268292683
401092	97.36407012195123
343752	128.3795731707317
192203	230.01676829268294
528079	3.8780487804878048
343762	100.7484756097561
539861	0
337110	73.11737804878048
300760	3.8780487804878048
16090	23.1875
276700	9.048780487804878
276701	5.170731707317073
276702	5.170731707317073
58599	37.40701219512195
497896	0
468211	0
446198	3.8780487804878048
281848	0
291069	0
256255	0
379652	23.1875
84694	0
276744	0
94482	0
90900	0
192280	218.22103658536585
72495	0
134429	29.650914634146343
449830	21.975609756097562
531756	27.146341463414636
531757	0
531758	0
531759	0
117043	9.048780487804878
117044	9.048780487804878
535353	0
8507	0
8508	9.048780487804878
83773	63.90701219512195
291142	10.341463414634147
400984	97.36407012195123
394611	0
138109	0
450943	96.0625
138116	66.89634146341463
138117	0
412556	96.38567073170732
257950	0
332715	0
134573	29.650914634146343
506295	9.048780487804878
446398	0
446399	0
468418	80.5846417682927
546552	0
276946	0
80860	16.804878048780488
468463	55.10060975609756
543729	89.65887195121951
399858	0
475645	16.804878048780488
