384000	140.2534006725267
267273	0
503818	174.2024338978186
173911	116.55872809863725
134167	0
109593	0
119836	0
206365	0
384033	107.00507616659786
557603	0
350246	20.567164179104477
554535	17.402985074626866
384040	107.00507616659786
384042	140.2534006725267
173662	108.78585334198571
576056	0
220740	91.43267829331606
107590	0
384079	123.62923841956228
384086	107.00507616659786
122967	0
473182	34.565217391304344
384096	90.38091391363344
481381	30.09409474367294
97899	0
173677	108.78585334198571
273012	0
476789	0
551545	0
13436	0
183933	72.39779364049319
503945	632.9830693168772
504470	0
254108	0
174242	128.33180252583236
137891	0
524969	0
503470	632.9830693168772
358088	0
139446	155.74625167598464
476857	0
357050	63.180402336145356
359102	0
357056	214.43470942569763
387778	0
504005	36.38805970149254
244424	163.05578725761583
185037	0
560422	73.29059428942247
474861	20.567164179104477
448754	0
472312	64.30331136250187
536830	0
357126	39.00194678780013
383758	123.62923841956228
292111	0
170769	26.8955223880597
244498	110.2666380119394
571156	227.56841908091909
243483	64.62491888384166
144159	0
244513	101.90194110376972
571173	371.58430284710425
571174	436.2445784664071
244007	0
244522	77.6512533965548
503608	146.4649827784156
357177	66.34458144062297
558394	154.1161583387411
244541	138.59424879607738
173887	432.258159750697
36165	0
383815	90.38091391363344
539976	0
539977	184.47171388459043
173900	116.55872809863725
244557	110.2666380119394
362320	0
558423	53.963011031797535
86373	0
503659	63.18040233614536
383852	107.00507616659786
503661	632.9830693168772
383862	1326.005076166598
396962	17.402985074626866
509819	0
509822	0
357247	221.156606524235
504202	160.99415694603906
86416	0
69525	0
44976	20.567164179104477
356786	0
440244	0
329653	0
133564	0
503744	104.78300803673937
503748	160.99415694603906
175565	0
406991	9.492537313432836
413138	0
173530	122.42939150401837
383968	90.38091391363344
155619	0
151019	78.34782608695652
384094	163.20592113444636
