457217	0
123395	0
551430	0
357385	0
31759	629.1999999999999
51739	0
484381	0
372775	0
329770	0
26674	0
537143	0
144444	0
495684	0
374856	0
312394	0
495705	0
372314	0
372315	0
130655	0
200808	0
418408	0
374393	0
474239	0
63680	0
237699	0
6281	0
60056	0
392349	0
101024	0
568995	0
263848	0
4266	0
289965	0
182958	0
430771	0
488628	0
420536	44.57142857142857
24256	0
171202	0
102596	0
363719	0
37578	0
123596	0
123600	446.50955142857146
454356	0
375014	0
199400	0
270058	0
374510	0
103664	0
524025	0
184058	0
4359	0
445199	858.3237000000003
427651	0
311064	0
445209	0
148251	0
189725	0
481566	0
116514	0
318246	0
482477	0
307512	0
177985	546.0
383308	0
300880	240.2603542857143
215894	0
555354	0
156508	0
154461	0
386402	358.16196
161128	0
248172	342.3492800000001
316648	0
179571	0
123257	0
216447	0
323465	0
567705	0
439197	0
406256	417.1127628571429
117666	0
457125	780.0
64938	0
325042	0
9659	0
438205	0
539072	0
24516	0
347589	0
133062	0
133063	0
30371	0
399832	0
121819	0
143326	0
430049	0
350181	0
207341	0
328686	0
300534	0
255997	0
40958	0
