189450	-0.00234367 -0.00624013 -0.01428386  0.00474164  0.00939015 -0.00496198
  0.00304331  0.0159673   0.01374431  0.0095619 
113676	 0.00387277 -0.01076355 -0.00783157 -0.00968168 -0.00209023  0.00465064
  0.00542644 -0.00485094  0.00096618  0.01730109
378894	-0.01310742  0.01194166 -0.01066757 -0.01330057  0.002934   -0.00065226
  0.0006984   0.00250144  0.00035407  0.00228496
19476	 3.1258186e-04 -6.7145480e-03 -5.4826937e-03 -8.3911149e-03
 -9.9613250e-04 -7.5191056e-05 -5.7400600e-03  6.2412019e-03
 -7.9710865e-03  3.5645247e-03
470037	 0.00285372  0.00990108  0.0049996   0.0012608   0.00168859 -0.00960967
  0.00647761 -0.00764076  0.00215487  0.01011199
247326	 0.0037662  -0.00424238  0.00598328 -0.00280483  0.00080949 -0.00582178
 -0.00213694  0.00660876 -0.00042878  0.00128694
255529	-2.6343055e-03  4.7023958e-03 -1.4921537e-03  3.1247674e-03
 -3.1893320e-05 -1.9266142e-03 -1.5169120e-03  1.0456816e-02
 -5.3004818e-03 -2.2504949e-03
232494	-6.6871392e-03  9.0982602e-04  1.3631358e-03 -4.9770470e-03
  1.2158122e-03  5.1345583e-03 -7.7951229e-03  1.1714343e-04
  4.8922226e-05  7.2360113e-03
386143	-0.00282389 -0.00589104  0.00170387 -0.00691442 -0.00884559 -0.00362683
 -0.0019965   0.00994285  0.00262506  0.01753059
364042	-0.0006934  -0.00220153  0.00485104  0.00849293 -0.00570979 -0.00163494
 -0.0051333   0.00812861  0.00112303  0.01550276
471614	 0.00148771 -0.01338266 -0.00397478  0.004098    0.00064344 -0.00087709
 -0.00562487  0.00489462 -0.0003045   0.00692986
544839	-0.0047721  -0.01141933 -0.00735396 -0.01034614  0.00247163  0.0026087
 -0.00026025  0.01551178  0.01735602  0.01181553
534111	 0.00468786 -0.00548893 -0.00373904  0.00292269 -0.00031632  0.00157578
  0.00376738  0.00115304  0.00413478  0.0072742 
495200	-0.02012398 -0.00420255 -0.00239383 -0.01418628  0.00364634 -0.00672559
 -0.00103205  0.001429    0.0067157   0.00497998
106090	-0.00654498  0.00668668 -0.00325155 -0.00106751  0.00829987 -0.00205146
 -0.00675578 -0.00299372  0.00103343 -0.00275044
175738	-0.00940608 -0.00323187  0.00684792 -0.0043072   0.00022697  0.00347911
 -0.00904133  0.0123207   0.0080258   0.0062634 
26762	 0.00434708 -0.00051375  0.00104328 -0.00972437  0.00255644  0.00208215
 -0.00343978  0.00346169  0.00070467  0.00240996
161423	-0.00332311 -0.0031794   0.00559476 -0.00797571 -0.00257359  0.00358318
 -0.00049238 -0.00049209  0.00608112  0.00481852
215696	-0.00085505 -0.01894649  0.01293969 -0.00874479  0.00152455  0.00381758
 -0.01484073 -0.00187121  0.00806312  0.00134418
433811	 0.00047727 -0.00121345  0.00325514 -0.00723723 -0.00147052  0.0026311
 -0.00722926  0.00574886  0.00372823  0.00598406
231579	 0.00451048  0.00895068 -0.00812862 -0.0022427  -0.00207168  0.00405153
 -0.01477941  0.00380247 -0.00535832  0.01768406
351902	-0.00333815 -0.00591026  0.00770715 -0.00823179  0.00505639  0.00744316
 -0.00569054 -0.00475718 -0.00774265  0.0075558 
553652	-0.00261463 -0.00538415 -0.00503889 -0.00587633 -0.0034124   0.00320565
 -0.00711155  0.00232692  0.00217889 -0.00114869
345781	 0.00370459  0.00721687 -0.00168335 -0.00066179 -0.00300087  0.00728272
  0.0001216   0.00775716  0.00365903  0.00682635
350902	-0.00583848 -0.00618593  0.0054776  -0.00536265 -0.00239807 -0.00313641
 -0.00121884  0.00675996  0.00080435  0.00799739
530625	 3.0401240e-03 -1.2561274e-02 -1.3315220e-02  6.0829083e-03
  1.0356307e-06 -5.7409522e-03 -8.7318057e-03 -8.7502692e-03
  8.8103878e-04 -1.0348840e-02
55491	 0.00531196 -0.00849714 -0.00853523 -0.01225998 -0.01774948  0.00830325
  0.00517249  0.01530226 -0.01862692  0.00858126
128708	 0.00561653 -0.01081258 -0.00287747  0.00784696  0.00608781  0.00928523
 -0.01283738 -0.00227966 -0.00347288  0.00066841
226514	 0.00049382 -0.00344111  0.00330452  0.00706138  0.00560692  0.00332357
  0.00041468  0.01092815 -0.00334319  0.01170256
102100	 0.00134273 -0.00920038 -0.00049174 -0.00280889  0.00499936 -0.00437429
  0.00093927  0.01006525 -0.00561473 -0.0019438 
189656	 0.01230549 -0.00083571  0.00217013 -0.00899576  0.00460841 -0.0088074
  0.00496659 -0.00431301 -0.00465373  0.01268108
285916	-0.00473652 -0.01309455  0.01105853 -0.0051204  -0.00013978 -0.00269436
 -0.00449141 -0.00173802  0.00704465  0.00567344
352998	 0.00090977 -0.00137407  0.00383955 -0.00448935  0.00668598  0.00085147
 -0.00589453  0.00558939  0.00246097  0.00743878
471784	 0.00102182 -0.00661921  0.00124683 -0.01140844 -0.00779625  0.00510759
 -0.00270774  0.00467631  0.00286793  0.00828139
113387	-0.00372237 -0.00409199 -0.0015764  -0.00341888  0.00043351  0.0016013
 -0.00202866  0.01130724 -0.00755624  0.00393162
190700	 0.00808376 -0.00250973 -0.00281369 -0.01640924 -0.00180395  0.002924
 -0.00432296  0.00248289  0.0044438   0.00899676
471800	-2.4773893e-03  3.4018361e-04 -1.1838048e-04 -5.4149786e-03
 -3.4846878e-05 -4.4875150e-03 -3.3293962e-03 -6.3931253e-03
 -9.5407252e-04  1.2766618e-03
390906	-0.00536925  0.00246851 -0.00461658 -0.00508461  0.00209354 -0.00201036
 -0.00912692  0.00296232  0.00276267 -0.00546056
220926	 0.0034342  -0.00097311 -0.00277236 -0.00378139 -0.00472678 -0.00061544
 -0.00186664  0.00524959  0.00426418  0.00181737
469248	 0.00385291 -0.01075879  0.01729756  0.00203091  0.00501638  0.00058952
 -0.01464422  0.01098839  0.01148814  0.00113287
80647	 0.0005545  -0.00501979 -0.00683246 -0.00403798 -0.00166268 -0.00489255
 -0.00115338  0.00082488 -0.00526705  0.00509694
556297	 0.00184113  0.00036948 -0.00136225 -0.00331168 -0.00271773 -0.00086286
 -0.00435292  0.00686566 -0.00071046  0.00422347
375564	 0.00236489 -0.00030305 -0.00422068 -0.00590428 -0.00726221 -0.00716206
  0.00207307  0.00432383  0.00151248 -0.0003205 
192728	-0.00153233  0.00298619 -0.00146852 -0.00536626 -0.00155997 -0.0033983
  0.00318092 -0.00656502  0.00153549  0.00250159
321298	-0.00403068 -0.0027787  -0.00450263 -0.0018493  -0.00885834 -0.00700837
  0.00283177  0.00148526  0.00601381  0.00558162
212755	-0.00305963  0.00112685 -0.00155623 -0.00913379  0.00832304 -0.00619705
  0.00202985  0.01201682 -0.00073109  0.00185594
9774	 0.0015666  -0.00823392 -0.00096317  0.00310783  0.0031986  -0.00314872
 -0.00412603  0.00129733  0.00049502  0.00166862
321305	-0.00230128 -0.00470959 -0.00232661 -0.00510591 -0.0019258   0.00044417
  0.00130244  0.00607759  0.00384533  0.00489352
445723	-0.00553112 -0.00479254  0.00214157 -0.00604893 -0.01227799 -0.00723972
 -0.00783815  0.01247966 -0.00411199  0.00721414
530213	 0.00739565 -0.00562446 -0.00231503 -0.00082007 -0.00370521 -0.00336841
  0.00389609  0.00178518 -0.00059483  0.01221279
104156	-0.00719366  0.00696512  0.00105916 -0.00214875 -0.0009634   0.00582214
 -0.00128208  0.00218108  0.00356915  0.00121121
317747	-0.0016996   0.00034911 -0.00101507 -0.00353316 -0.00238094 -0.00181407
 -0.00049446  0.00316925  0.0014968   0.00368243
233274	 0.00766074 -0.00451496 -0.00711703  0.00196936 -0.01561022  0.00453978
  0.00865724 -0.00254033 -0.00122536  0.00629013
166719	 0.00076477 -0.00831824 -0.00091388 -0.00342921  0.0039312   0.00308093
 -0.00937544 -0.00135965 -0.00529892  0.01204375
523588	 0.00304561 -0.01542512 -0.00098293 -0.00026531  0.00305881  0.00503676
 -0.00967601  0.00375109  0.00196915  0.00440375
384325	 0.00918381 -0.00485685  0.00199252 -0.00635455  0.00033765  0.00259741
  0.00828811  0.0049117   0.01051871 -0.00252017
151368	 3.1428644e-05 -7.5732777e-03  5.3969733e-03  3.7199113e-04
 -7.2559109e-03  3.0912473e-03  5.4097921e-03 -1.7484218e-03
  9.1421511e-03  4.1328687e-03
510282	-4.1865339e-03  9.0391724e-05  1.2983072e-03 -6.8770628e-03
 -9.6455552e-03  2.6929944e-03 -7.4526826e-05  1.2785233e-04
 -8.4122773e-03  7.1818554e-03
239435	 0.00626636 -0.00230276  0.00105734 -0.00298945  0.00375513  0.00518863
 -0.00856987  0.00144029  0.00433957  0.00954153
190293	 0.00063952 -0.00496624  0.00039121  0.00326174  0.00287334  0.00149154
  0.0013251  -0.00305805  0.00699511  0.00997193
206683	 0.00530159 -0.00319302 -0.00362394 -0.01997646 -0.00115966  0.00437434
 -0.00175799  0.00195791 -0.00606105  0.01861762
377694	-0.00043083  0.0043033  -0.00425955 -0.01029861 -0.00138301 -0.00358772
 -0.00330253  0.00909881  0.00662999  0.00294973
396131	 0.00514014  0.02191418  0.00015543 -0.01383622 -0.01808888 -0.00707362
 -0.00772326  0.01305982  0.00507782 -0.00748478
516973	 0.00798923 -0.0013073  -0.00911476  0.00378607  0.00767916 -0.00591147
 -0.01151803  0.00733585 -0.00019767 -0.00064158
6510	-0.00132707 -0.00546197 -0.00393601 -0.00589354  0.0029812  -0.00139761
 -0.00237378  0.0088604  -0.00158949  0.00617447
314430	 1.1630451e-03 -8.1625831e-04  4.4856803e-05 -6.4163767e-03
  2.5322937e-04 -3.2436890e-03  1.6784662e-03  6.4451173e-03
  6.2812413e-03  5.9565259e-03
89975	 0.01146423 -0.00036401 -0.0043884  -0.00436828  0.00617943  0.00613401
 -0.00282338  0.01010284 -0.00528019 -0.00590156
541570	-0.0029795   0.00048597 -0.00037083 -0.00705279  0.00175639  0.00188773
 -0.01138929  0.00033129  0.00182074  0.00751645
354693	 0.0026815   0.00463812 -0.00663278 -0.00311468  0.00509508 -0.00259154
  0.00456619  0.00615808  0.00849659  0.01088709
104839	-0.00723627  0.00043249  0.00753356 -0.00324589  0.009325   -0.00277976
 -0.00894235 -0.00668893  0.00388563  0.00425425
104841	-0.00423325 -0.00493442 -0.01117327 -0.00591263  0.00915428  0.00715715
 -0.00631884  0.00034232  0.00365715  0.00731987
352143	 0.00034129  0.00409088 -0.00029841 -0.01056784 -0.0039537   0.00312156
 -0.00696879  0.00891876 -0.00122335  0.00376718
543635	-0.00847154  0.00013588 -0.00320883 -0.00642625 -0.00744713  0.00104098
  0.00318733 -0.00043133  0.00066828 -0.00510371
151964	 0.00205309 -0.00916987  0.00312124 -0.01867195 -0.00792283  0.00071419
 -0.00379368  0.01657781 -0.00644043  0.00480247
164165	 0.00019298  0.00028751 -0.00749967 -0.0102786  -0.00417702  0.00120939
 -0.00243866  0.00649662  0.00188479  0.00648036
370593	 0.00655875 -0.00658246 -0.00803223  0.00187734 -0.00087428  0.00226268
 -0.01170142 -0.00821451 -0.00086718  0.0012859 
384412	-1.1078732e-05  5.3875246e-03  4.2498512e-03 -4.6660355e-03
 -1.9926785e-03 -6.9591324e-03  5.4107636e-04  8.2920091e-03
 -1.4038257e-03  3.7447326e-03
378283	 0.0082146  -0.00209558  0.00060551 -0.00202793  0.00225687 -0.00049767
 -0.00297958 -0.00138526  0.00122794  0.00212706
416688	-0.00110348  0.00269642 -0.01086294 -0.02508404 -0.00387024  0.00216143
  0.00472903 -0.00042052 -0.00695769  0.00189535
384328	-0.00225234 -0.00748508 -0.01056224  0.00361532  0.00445753 -0.00412781
 -0.00208658  0.00318225 -0.00320965  0.00145274
236943	 0.00076348  0.00062159 -0.00588324  0.00301776  0.00543419 -0.0059002
 -0.00477226 -0.00324873 -0.00184566  0.00458054
471479	-0.00617429 -0.00834034  0.0017904  -0.01741051 -0.0126094  -0.00250917
 -0.01610853  0.00923733  0.00951406 -0.00234414
140732	 0.006012   -0.00393002  0.00386363 -0.0005837   0.0011641  -0.00289031
  0.00372325  0.01113914 -0.00036266  0.00915378
204738	 0.00311618 -0.00177679  0.00025653 -0.00920453 -0.00153555  0.00023485
 -0.00014329  0.00444167  0.00564218  0.00276915
354762	-2.2728918e-03 -1.7548505e-03 -6.4013177e-03 -1.2734120e-02
  5.4519153e-03 -2.7560247e-03 -1.8861126e-03  5.2531189e-03
  2.3195340e-04 -7.6960125e-05
187341	-0.01299392  0.00750623 -0.00497046 -0.01113026  0.00019891  0.00481662
  0.00274939  0.00901772 -0.00406625 -0.0047188 
494547	-0.00473684  0.00681884 -0.00313447  0.0003669   0.00242068  0.00232172
 -0.00212208  0.00116926  0.00809961  0.0008549 
302039	 0.0067423   0.00618774 -0.00667478 -0.01233836 -0.00011407  0.00105162
 -0.00209601 -0.00538459  0.00192324 -0.00094842
302040	 0.00109287 -0.00197202 -0.00576993 -0.00374988 -0.00301543  0.00416599
 -0.00128727 -0.00260836  0.00586849  0.00318987
9690	-0.0003312   0.01045816 -0.01543398  0.01022082 -0.00761197  0.00387013
 -0.01607511 -0.00506095  0.01290935  0.00517659
425438	-0.00334669 -0.00210579 -0.00258009 -0.00160367  0.00285896  0.00875831
 -0.00427688 -0.00804312  0.00903687  0.0041426 
231391	-0.01093318 -0.00467809 -0.00926625  0.00816183 -0.00027749  0.00542475
  0.00408061  0.00632163  0.01305947 -0.0041568 
262114	 0.00300252 -0.0159602   0.00213377  0.00228814  0.00074053 -0.0004101
 -0.00782756  0.00308987  0.00111721  0.00520521
550376	 0.00834152 -0.00803201  0.0058967  -0.00184826 -0.00293423  0.0033234
  0.00062449  0.00389348  0.00287723 -0.01001219
279531	-0.00388624  0.00019995 -0.00119396 -0.00812867  0.00905907  0.00023345
  0.00239159  0.00260046 -0.00265037  0.00073157
299503	 9.6277958e-03 -4.9457089e-03  3.8068714e-03 -4.3052607e-03
  4.6949270e-03  2.6940706e-03 -4.0734354e-03  2.5863801e-03
  2.8494569e-03 -7.8778379e-05
579060	 0.00989358 -0.0023737  -0.00734291  0.00584073 -0.00314412 -0.00247855
  0.00029429 -0.0118397   0.00397997 -0.00373914
187381	 0.00138496 -0.00283915 -0.00037485 -0.00430972 -0.0004273  -0.00273228
 -0.00082869  0.00736011 -0.00030836  0.00247163
482294	-2.6736144e-04  2.0045176e-05  1.9452610e-03  1.0546489e-03
  5.0136298e-03  4.9684169e-03 -1.5512668e-03  5.1327506e-03
 -9.1112488e-05 -2.2771568e-03
