109355	-0.01335946 -0.00519143 -0.01573882  0.00102133  0.00258772 -0.00624038
  0.00254318  0.00131225  0.00084243  0.00028765
71300	 0.0126518  -0.00182107  0.00376985  0.00414004  0.00735583 -0.0155567
  0.00640827  0.00193006  0.00313155  0.00318854
89992	 0.00202861 -0.00392731 -0.0113952  -0.00267854  0.00622536  0.01172095
  0.0004634  -0.0148463   0.00071055  0.01550841
235530	-0.0082905   0.00423672 -0.01258879 -0.01762672  0.0029571  -0.01060222
 -0.00455131 -0.0120759  -0.00804737 -0.00327913
494039	-6.7437352e-03  3.2240616e-03 -6.0628159e-03 -1.5908906e-02
 -7.5657931e-03 -3.0208111e-03 -1.2858264e-03 -1.9418318e-03
 -5.0187968e-03 -4.9088161e-05
476428	 0.01313033  0.00339127  0.00143053 -0.01015647  0.00062914 -0.00524124
 -0.00371311 -0.00744596  0.0037564   0.02036438
166082	 0.00202723  0.02077916  0.00088498  0.00547692 -0.00155908 -0.00542832
 -0.00014963 -0.00748483 -0.01740241  0.00229061
429942	 0.00030451  0.00921996  0.01176008  0.00218142  0.00943521 -0.0124885
 -0.00739548 -0.00812231 -0.0048723   0.01167189
297360	 0.01364501 -0.00296193  0.00622012 -0.00757738  0.00050306 -0.00460208
  0.00011534 -0.00673095 -0.00511712 -0.0012432 
442411	-0.00436651  0.00021124  0.00429706  0.00086551 -0.00384069 -0.0088976
  0.00186552 -0.00097083  0.00036935  0.00409448
202201	 2.9274768e-03 -4.3388298e-03  8.9183468e-03  9.4892335e-04
 -9.7782770e-03 -2.7405256e-03 -5.5226902e-03 -3.6855983e-03
 -1.9375399e-03 -2.2340388e-05
423446	 0.00135775  0.00340813 -0.00206118 -0.00122177  0.00077906 -0.00398345
  0.00352001 -0.00010448 -0.00139224  0.00426824
492183	-0.00117676 -0.00330799 -0.0006339  -0.00249955  0.00611654 -0.00420459
 -0.00424636  0.00174601 -0.00152473  0.00401272
559940	-0.01118332  0.01310786 -0.0024003  -0.00161902 -0.0055362  -0.00618491
  0.00415439 -0.00419191  0.0027581   0.00042329
149530	-0.00563145  0.00873412 -0.00336858 -0.0095928   0.00396671  0.01073254
  0.00374638 -0.00647914 -0.00670434  0.00557435
405743	 0.00476677  0.0010243   0.00362035  0.00092129  0.00250565 -0.00167935
 -0.00225098 -0.00620702 -0.00143239  0.0074356 
345882	 0.00363751 -0.00089264 -0.00922474 -0.00917671  0.00755848  0.00225828
 -0.01032139 -0.00527825 -0.00123432  0.00926655
238498	 0.00173246 -0.00174526 -0.00256653 -0.00574279  0.00140298  0.00466873
  0.00247526  0.00015061 -0.00750322  0.00170755
170147	 0.00828726 -0.00322974 -0.00856316  0.00273956  0.01133334 -0.00942549
 -0.00636632  0.00540923 -0.00533322  0.00153235
29092	 0.00059122  0.0010326   0.00099514 -0.00653123 -0.00017686 -0.00017829
 -0.00390529 -0.00214723  0.00076673  0.00365566
389285	-0.00065472  0.00293568 -0.00434925 -0.00454468 -0.00452007  0.00630263
 -0.00461397  0.00052658  0.00263893  0.00316667
453033	 0.0055904   0.00191205 -0.00401653 -0.00810795 -0.00071579  0.00560227
 -0.00347205  0.00025421  0.00063098  0.00551102
40618	 0.00300492  0.00180101 -0.00060323  0.00141084 -0.0009238   0.00139191
 -0.00652692  0.00322097  0.00051482 -0.00010435
525867	-0.00075021 -0.01065726  0.00010744 -0.00084624 -0.00025906 -0.0079328
 -0.00228674  0.00230566  0.00322332  0.00051321
74924	-0.0014891  -0.00938466 -0.00563818  0.00273156 -0.00375346  0.00318116
 -0.00554511 -0.00305456  0.00327423 -0.00263608
54063	 4.9126260e-03 -3.5007962e-04 -7.5524896e-03 -3.2612884e-03
  6.7523768e-05  2.8585161e-03  3.1499893e-03  4.6265284e-03
 -1.0617798e-02 -4.0791277e-04
189616	-0.00229267  0.00332712 -0.01014333 -0.007922   -0.00263096 -0.00346992
 -0.00381674  0.00319414 -0.00080264  0.00039355
219185	 0.00183766 -0.01125921 -0.00381557  0.0055315  -0.00653953 -0.0012522
  0.00382223 -0.00221799 -0.00298782  0.00093692
525875	 0.00520544 -0.00133481 -0.00394317  0.0011877   0.0086129  -0.00793751
 -0.00518128 -0.00162682  0.00789694  0.00593515
198836	-0.00413879  0.00312739  0.00121272 -0.00806786 -0.0088783   0.00679212
  0.00039226  0.00178046  0.00200518  0.00606894
285109	 0.00389595 -0.00724399 -0.01154883  0.00032303 -0.00167489  0.00186728
 -0.00015318  0.00124468 -0.00182089  0.00662502
417718	-0.0007713  -0.00172997 -0.00146225 -0.00420817 -0.00221046  0.00027934
 -0.00253485  0.00559076  0.0034156   0.00382797
229175	 0.00578213 -0.00440793 -0.00478501 -0.00326087  0.00601897  0.0084548
  0.02896609  0.01471758 -0.00817059 -0.00448563
306488	 0.00769161 -0.00970076 -0.00456225  0.00274517 -0.00128498  0.00427898
  0.00369271  0.0032364  -0.00135247 -0.00573829
191988	-0.0004203   0.00490511  0.00031524 -0.01291771 -0.00359024 -0.00097746
  0.00365854  0.00042235  0.00629834 -0.00733257
188090	-0.00073509 -0.00327815  0.00204025  0.00057672 -0.00381351 -0.00579414
 -0.0108299   0.01674116  0.01544091  0.00771783
326990	 0.00413314 -0.00415654 -0.00199161 -0.00158326 -0.00956555  0.00073863
 -0.00094029  0.00605669 -0.00060754  0.01037808
372469	-3.8645384e-03 -8.2541974e-03 -7.2656930e-03  1.5012191e-03
 -4.1820072e-03 -3.4453635e-04 -2.8517721e-05  2.8088703e-03
  3.3659120e-03 -1.2799971e-03
135106	-3.2404247e-03  3.7856023e-03  1.6675048e-03  1.0089864e-02
 -9.1546553e-06  1.4591666e-02 -5.0050244e-03  1.1163187e-02
  2.6693761e-03  5.4199896e-03
426690	 0.00642972 -0.00164312 -0.00095564 -0.00327487  0.00547727  0.00124909
 -0.00380787  0.00364498 -0.00023982 -0.00192057
189131	 0.00534025  0.00205408 -0.00053396 -0.0017485  -0.00179784 -0.00677258
 -0.00270649 -0.00140712 -0.00161934 -0.00462578
399300	-0.00602537  0.00126196 -0.00794447 -0.00082864  0.01570197  0.00914354
  0.00902534  0.00472691  0.02095153  0.03050951
448054	 0.00376346  0.00553665  0.00242803 -0.00997993 -0.00440714 -0.00368258
 -0.004387    0.00420845  0.00347648 -0.0024628 
492614	-0.00243786  0.00406225 -0.01154315 -0.00085395  0.0073747  -0.00897263
  0.0086503   0.00757549 -0.00325004 -0.00431879
373923	 0.00858705 -0.00218088 -0.00709049  0.00248736  0.00192503 -0.00379515
 -0.01396669  0.01582614  0.00855649  0.01685721
311112	-6.3792034e-03 -3.9360900e-03  3.3673190e-03 -2.3319111e-03
 -3.9637443e-03 -3.0553555e-03  3.9556948e-03 -1.3259179e-03
  9.8856421e-05  2.8740887e-03
328649	 0.00655102 -0.00120126 -0.00122978 -0.00588653  0.00179548 -0.0049824
 -0.00378896  0.01246596  0.01079864  0.0054086 
403767	 0.00028681 -0.00110646 -0.00060318 -0.00411195 -0.00310555 -0.00017542
  0.00154608  0.00066646 -0.00342853  0.00392249
11212	 0.00057512  0.00206263  0.00650885 -0.00371615  0.01027425  0.00234105
 -0.00266093 -0.00376176  0.00333416  0.00030103
321869	 0.00167511  0.00489773  0.00122276 -0.00148472 -0.00129422 -0.00094494
 -0.00621073 -0.00786859 -0.00770085  0.00223556
189902	-5.1830462e-03 -2.1405029e-03  6.2692357e-05 -1.8462185e-03
 -3.5411635e-04 -6.0719112e-04 -4.9658506e-03 -2.5209021e-03
  1.5632488e-02  3.1401298e-03
55757	 0.00480811 -0.00337874  0.00286346 -0.00246639 -0.00217377 -0.00213543
  0.00369292  0.00604577 -0.00544542  0.00147374
112802	 0.00397071  0.00117605  0.00221319 -0.00434305 -0.00405322 -0.00507921
  0.00124421 -0.0009501   0.0034201  -0.00290148
518499	 0.00368324 -0.00169804 -0.01040662 -0.00314352  0.00188108  0.00177447
  0.0021457   0.00428763 -0.00654601  0.00641647
20053	 1.9089371e-03  2.8805640e-03 -9.5604197e-04  1.8103706e-03
 -3.7392934e-03 -6.0831900e-03 -5.4782873e-04  4.4323118e-05
  1.0653368e-02 -8.4502582e-04
344791	 0.00426503 -0.00100205 -0.00640064 -0.0034882  -0.00042991  0.0100479
  0.00202098 -0.00147723  0.00072272 -0.00109581
428331	-0.00638607  0.00232229 -0.00502062  0.00260859 -0.00032342 -0.00093603
  0.00394432  0.00404709 -0.00160477  0.00151146
302554	-0.00803204  0.00136861 -0.00410733 -0.00834314 -0.00471071  0.0018804
 -0.00526878 -0.00322308 -0.00128794 -0.00119621
98575	 3.8152502e-03  4.5664469e-06 -3.1129497e-03 -4.3258499e-03
 -5.0350735e-03  8.3943008e-04  5.8917194e-03  1.2650917e-03
  3.5684998e-03 -1.7221004e-03
548317	 0.01535048 -0.00671732  0.00488296 -0.00956807 -0.01082545 -0.01845843
  0.00154089 -0.00588376  0.00672754 -0.0165266 
468983	-0.00619859  0.00367512 -0.00958866 -0.00762206 -0.00374222 -0.00183921
  0.00471758 -0.00161703  0.00568018 -0.00728219
166499	 0.00202723  0.02077916  0.00088498  0.00547692 -0.00155908 -0.00542832
 -0.00014963 -0.00748483 -0.01740241  0.00229061
130148	-0.00915038 -0.00504204  0.00614478 -0.00443956 -0.00644008 -0.01066665
 -0.00869181  0.01606581  0.00674694  0.00612576
104155	-0.00184837 -0.00416879 -0.00311141 -0.0035533  -0.00344268 -0.00152291
  0.00540844  0.0006107   0.00308132 -0.00175386
284774	-4.2639691e-03  9.2593897e-03  4.8280670e-03 -6.6458224e-03
 -1.2562970e-03 -8.3019296e-03  1.3807691e-02 -1.5373428e-02
 -4.4085584e-05 -2.4034914e-03
490855	 0.00123357  0.00303402  0.00188585  0.00190414 -0.00327773 -0.0060376
  0.00222417 -0.00423112  0.00581706  0.00047833
277480	-0.00362593  0.00431303 -0.01251787 -0.00690481 -0.00478386 -0.00346593
 -0.00448907 -0.00273721 -0.0061544   0.00312506
16987	-0.00019874 -0.00319817 -0.00507844 -0.00319152 -0.00750464  0.00165204
 -0.00023434 -0.00700605  0.0001756  -0.00042802
425835	 0.00503305  0.0030785  -0.00499678  0.00368565  0.0010705  -0.00021572
 -0.00144597 -0.00434256  0.00019953 -0.00129831
471535	 0.00438114 -0.00103788  0.0071353   0.00480084 -0.00211889 -0.01267631
  0.012358    0.00164102  0.00737127 -0.00128632
521840	-0.0034733  -0.000209   -0.0032087  -0.00149214 -0.00195904 -0.00029387
  0.00479845  0.00184432 -0.00103419  0.00321278
402290	-0.00687401  0.00241727  0.00877179 -0.00027094  0.0029082   0.00452435
  0.01167192  0.00345646  0.01088535 -0.00251833
423379	 7.5550115e-04  5.5202688e-03 -1.2518666e-03 -2.6806088e-03
  1.7496196e-04 -2.1449937e-03  1.0420749e-03 -1.2734978e-03
 -4.3016695e-05  6.9410293e-03
205494	-0.00167362 -0.00299754 -0.00158993  0.00316711 -0.00625186  0.00672153
  0.00139851 -0.00379932 -0.0075865   0.00357351
158197	 0.00208082  0.00082367 -0.01577884 -0.00819401  0.00745867  0.00750942
  0.00793134  0.00854157  0.00854289 -0.01058978
460790	 0.01364843  0.00213446 -0.01041223  0.01034048 -0.00667229 -0.01036815
 -0.00673589 -0.00421799  0.00305909 -0.00588414
470954	 0.00407979  0.00323437 -0.00255225 -0.01449233  0.01245926 -0.00149998
  0.0023091  -0.00719203  0.00733785 -0.00030604
487672	 0.00503158  0.01384619  0.00318598 -0.00935599 -0.01023703  0.00397105
  0.00171259 -0.0196577   0.00467357  0.02255649
190143	 0.00631324  0.0011361  -0.00279012 -0.00411483 -0.00190006 -0.0029416
  0.00066963 -0.00115205  0.00020931  0.00232922
200700	 0.0011969  -0.00337687 -0.00772771 -0.00485939 -0.00322911  0.00806908
  0.00364378 -0.00284991 -0.00805583  0.00095819
345853	 0.00457277 -0.00391151 -0.00243628 -0.00736767  0.00269228 -0.00304907
 -0.00276527  0.00238931  0.00076303  0.0049653 
94037	 0.00161556 -0.00840629 -0.01113647  0.00861605  0.00786129  0.00320652
 -0.00145394 -0.00014358  0.00195373 -0.00430137
