561494	 0.00646862 -0.00207182 -0.00823924 -0.00280096  0.00539672 -0.00361318
  0.00198115 -0.00594375  0.00876733  0.01060193
312850	-0.00357268  0.00145505 -0.00597673 -0.01250865  0.00325946  0.00165372
 -0.00180288 -0.00324291 -0.00137416  0.00311156
427542	 0.00710224  0.00523871 -0.00535835 -0.00887992  0.00374982 -0.00697965
 -0.00431749 -0.002335   -0.00171335  0.00754273
488989	 0.00508771 -0.00589037  0.00899329  0.00017276  0.00035068 -0.0013197
 -0.00074996  0.00228938  0.00206092  0.00328717
144927	 0.0022255   0.00584463  0.00202168 -0.0072806  -0.00389616  0.00616114
  0.00553171  0.00264488  0.00397568 -0.0037486 
126497	 0.00189724 -0.01229031  0.01045537 -0.00728505  0.00259604  0.0055649
 -0.004055    0.0106103  -0.00237112 -0.00508841
457766	 0.00654814  0.00990856 -0.00567099 -0.00505159  0.00347413 -0.00778697
 -0.00308204 -0.00644845  0.00222485 -0.00528672
71720	-0.00458809 -0.00350391 -0.00437734  0.00337463 -0.00419078 -0.00639089
 -0.00610051  0.00472554  0.00223543  0.00687501
373297	-0.00816965  0.00784436  0.00236957 -0.00150675  0.01204094  0.00337481
  0.00352757 -0.00251135 -0.00674172  0.00756125
518194	-1.2274438e-03 -5.9793508e-03  8.2213730e-03  4.0195445e-03
  3.3212607e-03 -8.2095629e-03 -6.6470951e-03 -2.6086123e-05
  6.7145946e-03 -2.5658184e-04
47156	 0.00098613 -0.00376215  0.00013851  0.00261258  0.00739781 -0.00414318
 -0.00260367  0.00227573  0.00504603 -0.00171329
183863	-0.01097788  0.00932364 -0.0074745   0.00959501  0.00231006 -0.00568156
  0.00382111 -0.01148634  0.00726462 -0.00101374
58036	 0.0016172   0.0024149  -0.00280783 -0.00420815 -0.00089891 -0.00408984
 -0.00648493  0.00234956  0.00027873  0.00353176
375365	 9.4920341e-03  6.7280904e-05 -8.8353246e-04  1.0072538e-03
 -2.3304611e-03  5.7255048e-03  2.9041991e-04 -1.3155417e-03
 -5.3739492e-03  7.2211744e-03
471628	 0.00677813 -0.004463   -0.01839793  0.00195019  0.00217073  0.00772475
 -0.0017048  -0.01120867  0.00071071  0.01716907
237646	 0.01179378  0.01642749  0.01879518  0.01555606 -0.01145936 -0.00122555
 -0.01091239 -0.00854576 -0.00932206  0.01380418
15952	-0.00052407  0.00230167 -0.00094379  0.0015101   0.00797901  0.00052919
 -0.00384456 -0.00424374  0.00103178  0.00160548
575569	-0.0046659  -0.00717243 -0.00025479 -0.00267757 -0.00317598 -0.00082591
 -0.01421987  0.00275878  0.00089357  0.00262183
437334	-0.00559971 -0.00324297 -0.00365852 -0.01540712  0.00545254  0.00561124
 -0.00531081 -0.01006522 -0.01035896  0.00247777
190043	 0.00567793  0.00554022  0.0074657   0.00474132 -0.00734827  0.00416806
 -0.01057401 -0.01453932 -0.0076597   0.00907222
114783	 3.8616781e-03 -4.6711848e-03 -4.9477581e-05 -3.7174611e-03
  1.3145125e-03  6.6657765e-03 -7.9388078e-03 -3.3943807e-03
 -4.2053396e-04  1.5565595e-03
396386	-1.1539386e-02  1.8459111e-03 -1.9490130e-03 -7.2693201e-03
  4.8523634e-05  6.3362729e-04  7.1733835e-04  1.6626138e-03
  6.0414267e-03  4.4266758e-03
106084	 8.7680090e-03 -2.8482864e-05 -3.8017225e-03 -8.1646964e-03
  8.1192767e-03  2.1537873e-03  1.0679996e-03 -8.5065449e-03
  5.9764204e-04  1.3963915e-02
535654	 0.00539639 -0.01311697 -0.0125138   0.00691039 -0.00782432  0.00046431
 -0.00856961 -0.00583002  0.00389064 -0.00109218
203889	-0.00081279 -0.00115991 -0.00081155  0.00661652  0.00242124  0.00150208
 -0.0111278  -0.01300039  0.00276644 -0.01626731
471666	 0.00101644 -0.00341643 -0.00819323 -0.00859123 -0.00230926  0.00170824
 -0.00306938 -0.010737   -0.00092305  0.00879605
410743	 6.3726436e-03 -1.0240308e-04 -3.3478407e-06  7.4340911e-03
  2.7759443e-03  7.0184390e-03 -7.4806940e-03 -2.7740598e-04
  2.7845816e-03  2.4259831e-03
575104	-0.00161351 -0.00241603  0.00116121  0.00094922 -0.00504424 -0.00514573
 -0.00271447  0.008724    0.00127518 -0.00169808
250902	 8.2076313e-03  4.4456455e-03  3.9324488e-05  9.1310788e-04
 -2.2486525e-04  3.8276089e-03 -2.3008883e-03 -1.2037681e-03
 -1.6272151e-03  3.8924080e-03
373894	 0.00065174 -0.00522292  0.00090437 -0.00018861  0.01653981  0.01076761
 -0.00932948 -0.00057862 -0.00988528  0.00895999
494736	-0.00227792  0.00201619 -0.00073419 -0.00776678 -0.00382179  0.00337485
 -0.00424427 -0.00151517 -0.00096108  0.00170103
92099	 0.00718163  0.00158615  0.00126673 -0.00954361  0.00392561  0.00192861
 -0.00357397  0.00170075  0.00754835  0.00142215
291989	 0.00483379 -0.00202652 -0.00288128 -0.00912675  0.0009091  -0.00706785
 -0.00165985 -0.00208166 -0.00360686 -0.00375825
327600	 0.01342235 -0.00813157 -0.00453619 -0.00481328 -0.0014061   0.00010382
  0.00099457 -0.00158306 -0.00082941  0.00073604
373427	-4.83891368e-03 -7.28953601e-05 -2.14793347e-03 -5.89061622e-03
 -3.55371926e-03  5.80819184e-03 -1.23572685e-02  5.85874496e-03
 -4.64424444e-03 -5.29360084e-04
25780	 0.00282124  0.00369327 -0.00155641 -0.00611979  0.00157338 -0.00247827
 -0.00228522 -0.00153161  0.00407864 -0.00398653
413884	-9.0918224e-03  2.1819568e-03 -7.8073964e-03 -3.5841160e-03
  1.4550192e-02 -4.4434038e-03  3.8714041e-03  9.9361117e-05
 -2.0093636e-03  3.5254685e-03
17089	-0.00651941  0.00170021 -0.0043796   0.00059907  0.00176004  0.00590986
 -0.00260632  0.00699526  0.00087968  0.0022257 
312518	-7.5933919e-03 -9.3059600e-05 -1.0888989e-02  1.5078258e-03
 -8.1324782e-03 -3.6856465e-03  7.8846532e-04  8.3563675e-04
  2.1606795e-03 -2.7465371e-03
458953	 0.01118004  0.00274555 -0.00349062 -0.01196792  0.00127183 -0.00311971
 -0.00603505  0.00825189 -0.00855165 -0.00701509
247500	-0.00404779  0.00510835  0.0040502  -0.01114387 -0.00172283 -0.01822077
  0.00024168 -0.00321619  0.00412267  0.00021289
87760	-0.0260747  -0.00902159 -0.00027055  0.01695535  0.00635673  0.0002376
  0.00880659 -0.01634704  0.01216947  0.01315674
467665	 0.00606214  0.00181902  0.00357457 -0.0130652  -0.00233073  0.00449757
  0.00011062  0.00098156 -0.00402614 -0.00656688
330456	-0.00725011  0.0078846  -0.01122154 -0.00418505 -0.00059448  0.00156478
  0.00289468  0.00501256 -0.00409816  0.01142607
57050	-2.8829600e-03 -3.1379489e-03  2.1699702e-03 -3.6280966e-04
  1.8269573e-03 -8.4989127e-03  1.1910538e-03  6.9923088e-05
 -4.2901072e-03  7.8878098e-04
29406	 0.00105082 -0.00690832 -0.00866767 -0.0090219   0.00018455  0.0004236
  0.00196667 -0.00085823 -0.00066926  0.00755859
308451	 0.00396684 -0.00248353  0.00458981 -0.0023482   0.00411792  0.00244405
  0.00372022 -0.00165639  0.00321126  0.00172682
229608	 0.00682553  0.01253038  0.00833192  0.01285941  0.01571173  0.00145331
 -0.01293752  0.00015401  0.00012855  0.00884491
305393	-0.00620805  0.00568859 -0.00361877  0.00067762  0.00732117 -0.00029888
 -0.006747   -0.00678496 -0.00154763  0.00208181
282495	 0.00111685 -0.0098552  -0.00245589 -0.0037233   0.0020787  -0.00549184
 -0.00591473 -0.00852321 -0.00416835  0.01231598
159484	 0.00969185  0.00035337 -0.00079325  0.00680612 -0.00470576 -0.00414748
 -0.00809133  0.00052091 -0.00089244 -0.00081537
330495	-0.01053754  0.00198972 -0.0071829  -0.0004299  -0.00521679 -0.00241416
 -0.00065324 -0.00224436 -0.00812468  0.00548962
151811	 0.00425171 -0.00243765 -0.0082372  -0.00771612  0.00117753  0.00387732
 -0.00100594 -0.00466879  0.00562096  0.01556406
311560	-0.00976528  0.0217673  -0.00903247  0.01710627  0.0157102  -0.0131114
 -0.00155552  0.00521355  0.00053716  0.02749406
410894	-0.00412885  0.00351866 -0.00466738 -0.01726483  0.01115098 -0.00418062
 -0.02337734 -0.00661468 -0.01045297  0.01378421
249560	 0.00186499  0.00107479 -0.00114478  0.00561661  0.00020076  0.00833856
 -0.00556586  0.00013626  0.00247431  0.00930545
166618	-0.01862889  0.00208439  0.0081821  -0.00147027 -0.0109412   0.00831325
  0.01429605 -0.01436335 -0.00531248 -0.01402599
135146	-0.00389982  0.01100416  0.01258093 -0.01414144  0.00097837 -0.00999088
 -0.00994434 -0.00499516  0.02222813  0.00697957
97926	 0.00983154  0.00291479 -0.00280576 -0.00897712 -0.00084134  0.00110014
 -0.00755286 -0.00158024  0.00144149  0.00246186
331562	-0.00176746 -0.00431359 -0.00745522 -0.00476411  0.0078892  -0.00567966
 -0.00806594 -0.0068062  -0.00916028 -0.00181432
102703	 0.00198209  0.00506223  0.00518449  0.00076194  0.00269986  0.00110186
 -0.0033844   0.00863209  0.00162804  0.00490561
375602	 0.00111802  0.00272539 -0.0052089  -0.0046136  -0.00143767  0.00506022
 -0.00193079  0.00026717 -0.00119077  0.00325582
22835	-2.6407039e-03 -3.9206776e-03 -1.7689692e-02 -3.3916808e-03
  8.4270927e-05  4.7746842e-04 -4.0470427e-03 -4.4592833e-03
  5.7821610e-04 -3.0292084e-03
471867	 0.00302319 -0.00216729 -0.01032513 -0.00938939  0.00432945  0.00142434
 -0.0015306  -0.00659767  0.00710543  0.01391417
237377	-0.00485159  0.00148921 -0.00049074 -0.01068473 -0.0050976   0.00029196
 -0.00210926  0.00205811  0.00165656 -0.00134229
387402	 0.00119206 -0.00158175 -0.00090518 -0.0080393  -0.00771273  0.00497145
 -0.00962543 -0.00832665  0.00015132  0.00018403
250703	-0.00629753  0.00091739 -0.00648642 -0.00036502  0.0009854  -0.00025092
 -0.00204542  0.00800012  0.00371465 -0.00123945
281430	 0.00146006 -0.00115538 -0.00109244 -0.0001226  -0.00242237 -0.00569954
  0.00328346  0.00666166 -0.00299051 -0.00286387
167267	-0.01911026  0.00740847 -0.00411823  0.01656277 -0.01376085 -0.01510682
 -0.01283335  0.01415414 -0.03167771  0.00524037
577893	 1.0809784e-02 -5.0874990e-03 -6.8804249e-03 -1.3317625e-02
 -3.7826796e-03 -4.5823338e-03  3.7748441e-03 -1.3755008e-02
  1.0728759e-05  5.8440561e-03
153966	 0.00080542  0.00709723  0.00189904 -0.00535208 -0.0039234  -0.01134482
  0.00099456  0.00329633  0.00225941 -0.00089524
414580	 0.00070715 -0.00114138  0.00156817  0.00349139  0.00263936  0.00221892
  0.00493194 -0.0015637   0.00200996 -0.00247821
16757	 0.00185312 -0.00339307 -0.00687191 -0.00522632  0.00075376  0.00064315
 -0.00175527 -0.00231467  0.00233417  0.01391789
120188	-0.00364291  0.00220056 -0.00508045  0.00162647  0.00227682  0.00873931
 -0.00977651 -0.00399167 -0.00568107  0.00639457
156029	 0.00736216 -0.01166357 -0.01293077  0.00534726 -0.00094207  0.00763436
 -0.0075219   0.00555119  0.00124022  0.000211  
77695	 9.7850403e-03 -6.8582278e-03  1.3834166e-03  7.1809278e-05
  1.0008383e-02  6.6803335e-03 -7.9524666e-03  2.7080937e-03
 -4.8921108e-03 -1.7243230e-03
24965	 0.00189229  0.00936167 -0.00324979  0.00886065  0.002389    0.00719501
  0.00340575 -0.00083817  0.00875901  0.00446599
573833	-0.00348684 -0.0197523  -0.00199922  0.00686386 -0.01211236 -0.00063227
 -0.00067223 -0.00149713  0.00611045  0.00021428
541585	-0.00430364  0.00242613 -0.01573474  0.00474329 -0.00702751 -0.00938355
 -0.00470877 -0.00853078  0.00078584  0.00398596
115091	 1.2781387e-02  9.0839788e-03 -9.5924002e-04 -2.1803433e-03
 -6.4197018e-05 -7.3408843e-03 -3.9983788e-03 -3.5340968e-04
  6.4899479e-03 -1.4170381e-04
213912	 0.00450563 -0.00179311 -0.00872549 -0.01007161  0.00500745  0.00588416
 -0.00229331 -0.00742604 -0.00173651  0.00969011
77213	-0.01372223  0.0024419   0.011278    0.00198059  0.0042557  -0.00963378
  0.01477013 -0.00145331 -0.00380422 -0.00287773
334242	 0.00619296  0.0017929  -0.00535169  0.0026461  -0.00732115 -0.00396862
  0.00327612  0.00059297 -0.00339966 -0.00501079
292272	 0.00078979 -0.00379282 -0.00525334 -0.01135173 -0.00702421 -0.00566781
 -0.0083038  -0.00574909 -0.00074211  0.00226507
189361	 0.00909662  0.00901653  0.00187294 -0.00268394 -0.00126527  0.003196
  0.00158967 -0.0043751   0.00205533 -0.00280358
517560	-0.00453369  0.00162096  0.00013206 -0.00386168 -0.00315834  0.0055377
 -0.00422963  0.00081469 -0.0052251   0.00476849
566715	-0.00148906 -0.00128451 -0.00211     0.00534147 -0.00084382  0.01298465
 -0.00156131 -0.0075056   0.00119395  0.00522836
8643	-7.7986983e-03  3.0637898e-03 -4.4006724e-03  8.4780883e-03
  7.8127036e-05  4.2221225e-03  9.4996551e-03  3.0396271e-03
 -8.2248898e-04 -1.5003097e-03
262092	 0.00917103 -0.01436395 -0.01127981 -0.00212878  0.01679434  0.01283384
 -0.00715274 -0.01996213 -0.01181067  0.01257167
269774	-0.0008355   0.00457676  0.00852011 -0.00944559 -0.00157222 -0.00983181
  0.00154586 -0.00267306  0.00590475 -0.00129272
424916	 8.2429387e-03  4.2033875e-03 -1.3740740e-05  5.1209247e-03
 -4.1287267e-03 -3.1183034e-03 -1.7896193e-03  5.5896147e-04
  1.5479831e-03  1.8845033e-03
540632	-0.00090141  0.01249847  0.00303457 -0.0066276  -0.00436464 -0.00075939
 -0.00779421 -0.00815928  0.0126439  -0.00544694
335323	 0.00225547 -0.00404673  0.00742308  0.00464307  0.00865318  0.0057454
  0.00190974 -0.00916785 -0.00852209 -0.00490396
440284	 1.2471922e-03 -5.8536691e-05  1.3374548e-03  1.1283137e-03
  2.3837304e-03 -3.9631599e-03 -2.1403893e-03 -3.4262745e-03
 -2.5888116e-03  9.0025389e-04
156646	-0.0044146   0.00645456 -0.00477148 -0.004738    0.00403582  0.00154519
  0.0008015  -0.00332472  0.00421398  0.00329026
469994	-3.5122882e-03 -3.5397052e-03 -1.3191785e-02  3.5470829e-04
  4.8713782e-03  6.7205488e-05 -1.6830941e-03 -2.4295964e-03
 -7.0312200e-03  1.0676368e-02
72689	-0.00753981 -0.00224    -0.00117854 -0.01001258  0.0078828  -0.01909932
  0.0130538  -0.0095879   0.00172776  0.00073927
365555	 0.00852888  0.01229198 -0.00317612  0.01041431 -0.00937844  0.00251718
  0.00381265 -0.0020175  -0.00682446 -0.00950327
511482	-0.00556449  0.01514515  0.0108714   0.00485249 -0.0021373  -0.01327118
 -0.00739885 -0.01370907 -0.00065217 -0.01401573
59387	 0.00270504  0.00574388  0.00497794  0.01383223 -0.00229066  0.01388283
  0.0015235  -0.00138118 -0.0113473   0.00508408
568316	-0.00111409  0.00105441  0.00249683 -0.01019027 -0.00479215 -0.00146476
  0.00144668 -0.00603714  0.00322372  0.00437911
193534	 4.2281448e-05  7.3458408e-03  1.3410588e-03  5.4305128e-04
 -1.6593708e-03  1.1394488e-03 -2.6843389e-03  7.5582461e-03
 -4.7513279e-03 -1.6218795e-03
511487	-0.0005053  -0.00750501 -0.00735772  0.01319168 -0.00145262  0.0005358
 -0.00627174  0.00614058 -0.00429354 -0.00132216
