306178	-0.0003431  -0.00453399 -0.01021675 -0.00466905  0.00344386 -0.00583194
  0.00087775  0.00118428  0.00115613  0.0110961 
77846	 0.00787943  0.01048967 -0.0048343  -0.00104749 -0.00138489 -0.00666733
  0.00141175 -0.00917876 -0.00178868  0.00560892
402977	 0.00403263 -0.00420367  0.0066978   0.00700982  0.01063984 -0.00399361
 -0.00333176  0.00265466 -0.00494948 -0.00959434
130085	-0.00488558  0.00321264  0.00551511 -0.00920326  0.00208558 -0.00018675
  0.00082285  0.00579104  0.00305316  0.00703994
152120	-4.7915662e-03  6.4117839e-03 -8.8412547e-03  5.8202506e-03
  9.0306029e-03 -3.1244548e-03  9.4408705e-04  9.9681718e-03
 -3.3948862e-03  6.0235830e-05
548415	-0.00461564  0.01011365  0.01126434 -0.00012508 -0.00040154 -0.00221631
  0.00151598  0.00160919 -0.0115996   0.00068153
229957	 6.7541312e-04  1.9220124e-03 -5.8835205e-03  6.9619124e-03
  6.8608247e-04 -3.7707840e-03 -1.3532644e-03  6.0332553e-05
  4.4298135e-03  7.9180896e-03
225351	 0.00086578 -0.00092898  0.00129126 -0.00023405  0.00208797 -0.00385107
 -0.00190931 -0.00380911  0.00038259  0.00016352
366154	 0.00599154  0.00193753 -0.00572928 -0.00296328  0.00084879  0.00343828
 -0.00553463 -0.00344728 -0.00501538  0.00404159
215115	 0.0079677  -0.00680854 -0.00792741 -0.00577513 -0.00448633  0.00468365
 -0.00110232 -0.00821809 -0.00607634  0.00637906
149088	 0.00074449 -0.00421392 -0.00265778 -0.00223649 -0.00091943 -0.00369658
  0.00012582  0.00103746  0.00162635  0.00077433
386146	-0.00480478  0.01584538 -0.01340081  0.01058303  0.00081842 -0.0012951
  0.00026281 -0.00753936  0.01174335  0.00783054
483939	 0.00085977  0.00220708 -0.00164603 -0.00624927  0.00019895  0.00732555
 -0.00394985 -0.00426512 -0.00977184  0.00881359
103012	-0.00204651 -0.00873066 -0.00672715  0.00222422  0.00435308 -0.00125601
  0.00134075  0.00334308 -0.00079634 -0.0018936 
402021	 0.00304448 -0.00431025 -0.0064088  -0.00540685 -0.00160818  0.00345764
 -0.00548533 -0.00423615  0.0019071   0.00385804
493674	 0.00249971 -0.01001136  0.00456675 -0.00118438 -0.00261553  0.0060179
  0.00094437 -0.00408308 -0.00475653  0.00127853
505193	-0.0080107  -0.00773884 -0.01101169  0.00535795  0.00284867 -0.00174321
 -0.00216244 -0.00532341 -0.00439716 -0.00085328
405632	 0.00075836 -0.00295235 -0.00272679  0.00190225 -0.00260168 -0.0018117
  0.00208648 -0.00296955 -0.00383095  0.00686694
211073	 0.00070867  0.00125708 -0.00195169  0.00011299  0.00165903 -0.00012413
  0.0017445  -0.00517667 -0.00085073  0.00298665
102029	 0.00344173  0.005199   -0.01368513  0.00380025  0.00874288 -0.00280678
  0.00351814  0.01255833 -0.01134243 -0.00411928
299662	-0.00018767 -0.00292635 -0.00850698 -0.00813561 -0.00313178  0.00564131
 -0.0001816  -0.00012751 -0.00568595  0.00212211
532112	 0.00678081 -0.00381155 -0.00587595 -0.00450545  0.00208735 -0.00120823
  0.00335439  0.00447234 -0.00214324  0.00481035
532123	 0.00327248  0.00122769 -0.0070136  -0.00353891 -0.00115871  0.00104666
  0.00357606 -0.00317628  0.00225924 -0.00121321
483484	 0.01749241  0.01007485  0.00423449 -0.01298895  0.01035982 -0.02177884
  0.01397748 -0.00252338  0.01104649 -0.02008062
429216	 0.00038995 -0.0019294  -0.00669822 -0.00224137 -0.00177259  0.00796678
 -0.00158898  0.00316481  0.00289566  0.00712625
375973	 0.00075913 -0.00019793 -0.00308588 -0.00399755  0.00382153 -0.00060219
  0.00215925 -0.00586335  0.00192977 -0.00699935
9500	 0.00567854 -0.00905083  0.00265584 -0.00697861  0.00654542 -0.00889452
  0.01689606  0.00057269  0.00284216  0.01497231
218289	-0.0184867  -0.00651656 -0.01768383  0.00608611  0.01409131  0.00438294
  0.01678109 -0.00704482 -0.02459513 -0.00900207
148153	 0.00218466  0.00445872 -0.00951068 -0.00102032  0.00344869  0.00710962
 -0.00708813  0.00742906 -0.00321468  0.00095306
519877	 1.05350735e-02 -1.50987022e-02  2.94310525e-02  5.61328093e-03
 -3.33356932e-02  4.14809398e-03 -2.22103950e-03 -1.37697905e-04
  4.55379195e-05  1.47386617e-03
272586	-0.00283455  0.01472454 -0.02586432 -0.0131198   0.0087638   0.02158752
  0.01124662  0.00634995  0.00644069  0.00962087
9420	-0.00187198  0.00167431 -0.01161164 -0.00301003  0.00391514 -0.00140289
 -0.00221506  0.00098603  0.00544134  0.00294116
151245	 0.00407569 -0.00738741 -0.00860145  0.00121997  0.00440346  0.00301945
 -0.0156505   0.00144944  0.0021144  -0.00515054
239314	 0.00640855 -0.00162796 -0.00569887 -0.00155722 -0.00080266  0.00702475
 -0.00384194  0.00359448 -0.00584195  0.00602574
487125	 0.00427873  0.01392511  0.00272295  0.00076275  0.00161365 -0.00845173
  0.00482676  0.00812452 -0.00243508 -0.00214337
56028	 0.00455475 -0.00017984 -0.00260741 -0.00188477  0.00363422  0.00532925
 -0.00422541  0.00966949 -0.01028742 -0.00501883
481508	-1.4127984e-03 -2.0594634e-03 -3.9390111e-03 -7.6195586e-04
  7.2949071e-04 -3.7526987e-03  1.9456760e-03 -6.1608084e-06
  2.2968955e-03  2.1843775e-03
125308	-0.00355097 -0.01121777 -0.02133035  0.00773358 -0.00760542 -0.00215721
  0.01091342 -0.00556401 -0.01629685  0.01684045
324306	 2.4762533e-03  1.1399506e-03  2.9831897e-03  2.7638273e-03
  7.0735812e-05 -1.5607433e-03  3.6758208e-03 -2.0992572e-03
  4.5135482e-03  1.7571242e-03
209134	 0.00531155  0.00170724 -0.00363528  0.00850937 -0.00033618  0.00054555
 -0.0052793  -0.00343432 -0.00918532 -0.00100884
429808	 0.00577756 -0.00267949 -0.00010488  0.00623066 -0.00414415  0.00190654
  0.00446609 -0.01242859 -0.000962    0.00141435
269574	 6.2755327e-04  5.3943172e-03 -7.2288173e-03  4.2154309e-03
 -5.5725486e-03  9.0502203e-05 -3.2604288e-04  8.6834626e-03
 -1.0878559e-03  2.2926442e-03
354058	 0.00288899  0.0010314  -0.00246117 -0.0043191   0.00697589 -0.00289844
 -0.00309009  0.0014604   0.00392662 -0.00656418
493835	 0.0041709   0.00457026 -0.00493369  0.01344529 -0.0055729   0.00096301
 -0.00828119  0.0015511  -0.01193918  0.02610866
268565	 0.00282557  0.00151147 -0.00654595  0.00183402  0.00243658  0.00308929
 -0.00380461 -0.00129976  0.00394182  0.00099968
55063	-0.00195372 -0.00887822  0.00321911  0.00434728  0.01055508 -0.00577171
 -0.00768714  0.00229127 -0.00602524  0.01413182
392782	-0.00046413  0.00233833 -0.00510735 -0.00412805 -0.00432544 -0.00293202
  0.00103065  0.00559737  0.00320503  0.0007289 
148258	 5.9587252e-03 -1.1921912e-04 -5.2445694e-03 -2.5452951e-03
 -9.3029710e-05 -1.0805962e-03 -5.6785261e-03  1.7132094e-03
 -8.4058067e-04 -4.3578478e-04
347434	 0.00134312  0.00131274 -0.00984232 -0.0003382   0.00098045  0.00433849
 -0.0016782   0.00024708 -0.00162147  0.00475536
347435	-0.00051088  0.004072   -0.01616128  0.01181741  0.00092019  0.00431915
 -0.00438948  0.00757792  0.00186892 -0.0049734 
522543	 0.00130056 -0.01447614 -0.00572676  0.00021221  0.00438839 -0.0004524
  0.00311618 -0.00132829 -0.00263734  0.0046542 
570677	 0.00780594 -0.00672758 -0.00063213 -0.00218908  0.00079682  0.00223322
 -0.0062412   0.00521541 -0.00341476  0.00273729
289593	 0.00481497 -0.00373634 -0.00854679  0.00031551 -0.00538327  0.00439554
 -0.00199057 -0.00510904 -0.0018884   0.00958754
192826	-7.2609138e-04 -5.1940912e-03 -1.7656648e-03  2.8744629e-03
  3.0879187e-03 -3.8224514e-04 -1.9863141e-03  2.5883401e-03
  3.4355358e-04 -3.7443253e-05
228155	-0.00441435 -0.00541859 -0.00304045  0.01091733  0.00409221 -0.00378768
  0.00658913  0.01014376 -0.00204804  0.00105552
290622	 7.2193639e-03  3.8567525e-03 -5.3288685e-03 -8.1724059e-03
 -3.4063202e-03 -6.9770194e-03  4.3253517e-03 -1.1587056e-02
 -2.5754387e-03 -6.9299538e-05
193165	 0.00117858  0.00777163 -0.00217553  0.00099618  0.00177329 -0.00654782
  0.00622101  0.00350868 -0.0076115   0.00331112
493907	-0.00143309  0.00096906 -0.00522585  0.00445588 -0.00082296  0.00289697
  0.00198314  0.00017045 -0.00278838  0.00793764
577368	-0.00249419 -0.00953342 -0.00665165  0.00311634 -0.00550451  0.00558334
 -0.00069085 -0.00500689 -0.00559755  0.00093634
302939	 0.00680509  0.00365898 -0.00601495  0.00404449 -0.00699257 -0.00234849
 -0.00550502  0.00546264 -0.00054645 -0.00329753
302948	 0.00861299  0.01171371 -0.00865753  0.00664024 -0.01943576 -0.00176873
 -0.00485438 -0.00479724  0.00533934  0.00140697
509798	 6.4569330e-03  3.8909155e-03 -5.8947499e-03 -2.3470934e-04
 -1.1450091e-03  1.3315688e-03 -6.5109147e-05 -3.5460867e-04
  6.0257042e-04 -2.8052828e-03
577383	-3.6243550e-03 -1.0443731e-02 -5.4295580e-03  2.4346593e-03
 -5.2701505e-03  4.8917932e-03 -8.4351901e-05 -4.8657185e-03
 -5.3496547e-03  1.4558159e-03
65897	 9.9337148e-03 -4.8452946e-03 -8.5928179e-03 -3.1009223e-03
  6.3475221e-05 -6.5490440e-03 -3.8431331e-03 -2.5813005e-04
  1.1100915e-03 -3.6902349e-03
215118	 0.00975125 -0.00351979 -0.01051706 -0.00390314 -0.00083021  0.00343682
 -0.00222052 -0.00492868 -0.00279035  0.01011279
569716	 3.2534257e-03  1.7331224e-03 -5.7790424e-03  4.8036985e-05
 -9.2219526e-04  2.4265987e-03 -5.1141246e-03  6.1207013e-03
 -6.7872452e-03 -4.0970729e-03
125307	-0.00355097 -0.01121777 -0.02133035  0.00773358 -0.00760542 -0.00215721
  0.01091342 -0.00556401 -0.01629685  0.01684045
536956	 0.00455597 -0.00180583 -0.00703751 -0.00095025 -0.0001013  -0.00167139
  0.00745022  0.00211256  0.00058365  0.00106008
195468	-0.00562845  0.00490846 -0.00449476 -0.00106041 -0.00151733 -0.00336549
  0.00520613 -0.00046528 -0.00076671  0.00453867
215706	 0.01517588 -0.00832111 -0.00727475  0.00702201 -0.0010512  -0.00138616
 -0.00564432  0.00141664 -0.0011722  -0.00565403
481187	 0.00768521 -0.00116103 -0.00910589  0.00138812 -0.00097502  0.0057126
 -0.01029419  0.00402596 -0.00267992  0.00201892
117157	-0.007991    0.01010204 -0.01747111 -0.00815832  0.0005588   0.00095456
  0.0053351  -0.01161697  0.00297569  0.00044864
147373	-0.00048567  0.00062452 -0.01231722 -0.00146732 -0.0064617  -0.00030286
 -0.0030793  -0.00477661 -0.01087382 -0.00128157
555952	-0.00616092 -0.00193729 -0.00544143 -0.00060303  0.00015391  0.00724861
  0.00214174 -0.00352452 -0.00084369 -0.00029578
525238	 2.5865750e-03 -1.8514835e-03 -1.2279460e-03  5.0189887e-05
  3.3309017e-03  4.1173184e-03  3.7781487e-04  4.7787314e-04
 -3.5183651e-03 -6.4061922e-03
440250	 0.00150582 -0.00022392  0.00484296 -0.00093002 -0.00385195 -0.0020064
 -0.00065582 -0.00792223 -0.00212882  0.00521937
195519	 0.00205379 -0.00183178 -0.00950851  0.00106975 -0.00019113  0.0006809
  0.00221651 -0.00280664 -0.01002433  0.00463048
189889	 0.0024205   0.00229048 -0.0066364  -0.01092948  0.00268634  0.00690617
  0.00135872  0.00299005 -0.00332075  0.00808026
579150	-0.00195335  0.00594609 -0.00381569 -0.00342642  0.00372746 -0.00115742
 -0.00537799 -0.00012463  0.00087183  0.00091791
398811	 0.00767182 -0.00171119 -0.0107704   0.01053588 -0.01274382  0.00267778
 -0.00769273  0.0070551  -0.01593766  0.01843733
256478	-5.37151750e-03 -1.45464555e-05 -1.21718249e-03  1.95531221e-03
 -5.89869916e-04  1.83422212e-03  7.04340590e-03 -6.64673466e-03
  5.00439992e-03 -3.01139872e-03
284642	 1.4342375e-03  1.8456107e-04  4.8011043e-03  8.7063350e-03
 -2.1493362e-07 -3.2029036e-03  4.7928412e-03  2.7396947e-03
 -2.3699005e-03  8.6934622e-03
197603	 0.00954134  0.00458365 -0.00111395  0.00324414 -0.00429733  0.00182032
  0.0013208   0.00645391 -0.00224197  0.00206873
117735	-5.6314147e-03  8.5620750e-03 -1.1201202e-02 -8.2367919e-03
  2.5741239e-05  9.1075618e-03  2.7112936e-04 -6.2567112e-03
  7.9138977e-03 -4.7223875e-03
106988	 0.00186676 -0.00146735 -0.00366118  0.0064648  -0.00295669 -0.00721624
  0.00282772  0.00987615 -0.0023402   0.00478213
451579	 0.00486512  0.0075863  -0.02621561  0.00422048 -0.0001355   0.00067927
 -0.00328607 -0.00052905 -0.00693216  0.00231024
