6155	-0.00282406 -0.00373012 -0.01400255 -0.00534918  0.00266633 -0.0012716
 -0.00869732  0.00395934  0.01054076  0.00052764
6157	-0.00438958 -0.00030804 -0.01090331 -0.00439114  0.00244917 -0.0005918
 -0.007574    0.00535083  0.01373511  0.00319844
293396	 0.00806695 -0.0070939  -0.01764949 -0.00342808 -0.00151558 -0.00215086
 -0.00927387 -0.01246101 -0.00273435  0.00738425
123414	-1.7232748e-02  4.5515597e-05 -1.8706389e-02 -1.6047960e-02
 -8.2903327e-03  1.4423316e-03 -5.6229555e-03  4.1462104e-03
  9.4374940e-03  2.6357004e-03
103966	-0.00024194  0.00414766 -0.00948407 -0.01926908  0.00106077 -0.00206554
 -0.01100785 -0.00495928  0.01022475  0.00820511
98342	 0.00224865  0.00743165 -0.01494299 -0.0126267   0.00548403  0.00636882
  0.00032583  0.01205099  0.01714682  0.00915338
573480	-0.01647766  0.01505394 -0.0218497  -0.01982827  0.00359064  0.00312155
 -0.01810724 -0.01702237  0.01883511  0.00965174
293424	 0.00811628 -0.00115974 -0.01332318 -0.00552155 -0.0020749  -0.00169379
 -0.00916471 -0.00907397 -0.00502308  0.00999303
465972	-0.00287478  0.0012336  -0.01416366 -0.00689697  0.00027941  0.00715896
 -0.00493394  0.00222924  0.01040092 -0.00360627
293431	-0.00341269 -0.00035951 -0.02048573 -0.01671321 -0.00016127 -0.00059041
 -0.01652451 -0.00963396  0.00786335  0.0100965 
272957	-0.00816638  0.01113925 -0.00933831 -0.01148107 -0.00225648  0.00170887
 -0.01678946 -0.01737643  0.0075838   0.00268492
578059	 0.0019676  -0.00738108 -0.02125136 -0.00627444  0.00324987  0.00432607
 -0.00595261  0.00031441  0.00513102 -0.00186735
67141	-0.00101818 -0.00115686 -0.00659666 -0.00689996 -0.00136073 -0.00200264
 -0.00612118  0.00185991  0.00119506  0.00153952
546914	-0.00030068  0.00496906 -0.00199796 -0.02078331  0.00129438  0.00993868
 -0.00384776  0.01090963  0.00614933 -0.00846729
10360	-0.01367516  0.00869541 -0.0166391  -0.00986529 -0.00223881  0.00592297
 -0.0100959   0.00327176  0.00804179  0.00753871
52350	-0.00726136  0.01078867 -0.01557475 -0.0164933  -0.00843071 -0.00167402
 -0.01419608 -0.00017891  0.00756617 -0.00715025
292994	-0.0070466   0.01664943 -0.02291841 -0.03142696 -0.00278915  0.00355563
  0.00080269  0.00716879  0.02547832  0.01038558
10372	-6.7590517e-03  5.4657186e-05 -1.4608441e-02 -1.0744881e-02
 -4.6714800e-03  2.2955193e-05 -5.1223352e-03  2.7847444e-03
  1.4940959e-02  2.0973433e-03
62597	-0.00639426 -0.00311345 -0.01491615 -0.00628033 -0.00424545 -0.00170625
 -0.00306853  0.00480557  0.00840696  0.00896428
95878	-0.00617495 -0.00042796 -0.01465707 -0.0110962  -0.00060289  0.00071336
 -0.0057858   0.00512672  0.01745756  0.0042558 
10379	-0.00085172 -0.00244088 -0.0132557  -0.00643005 -0.00175908  0.00132829
 -0.00325567  0.00162259  0.01147774  0.00170713
22157	-0.00844316 -0.0002716  -0.01242306 -0.01230867 -0.00084951  0.00122587
 -0.00934561  0.00320649  0.0084014   0.00710486
559254	-0.00617495 -0.00042796 -0.01465707 -0.0110962  -0.00060289  0.00071336
 -0.0057858   0.00512672  0.01745756  0.0042558 
6810	-0.00805501  0.00076522 -0.01687975 -0.00857136  0.00277553 -0.00065801
 -0.00973491  0.00523118  0.01365427  0.00187834
293022	-0.01018763  0.01640095 -0.01456827 -0.02104259  0.00210299 -0.0018546
 -0.00727353 -0.00433833  0.00699549 -0.00120725
95908	-0.00731598 -0.00054773 -0.01691757 -0.00744954  0.00039165  0.00083953
 -0.00933745  0.00293674  0.00924415  0.00692389
95909	-0.0058471  -0.00046358 -0.01547277 -0.01101335  0.00062932  0.00268853
 -0.00540635  0.00342612  0.01237095  0.00746284
94390	-0.00552679 -0.00078283 -0.02436209 -0.01181109  0.0060939   0.01055471
 -0.0082606   0.00210884  0.01736554  0.00603355
179383	-0.00634297  0.00405025 -0.00377693 -0.01016439  0.00304344 -0.00023372
 -0.00358037 -0.00024346  0.00542328  0.00821241
84160	-0.00516623 -0.0054316  -0.01919319 -0.01130472  0.00105681  0.00703862
 -0.01085764  0.00054989  0.01500915  0.00462162
22212	-0.00147361 -0.00047636 -0.01325814 -0.00896069 -0.00128586 -0.00197286
 -0.01363807  0.0008775   0.01380398  0.00610819
93383	-0.003837   -0.0010264  -0.02012864 -0.01034755 -0.00105888  0.00563852
 -0.00594502  0.00105983  0.0124947  -0.00011592
38861	-0.00588618 -0.00162269 -0.02498693 -0.0156939   0.00265255  0.01201142
 -0.0074966   0.00571201  0.01619633  0.00206053
5847	-0.00475618  0.00158404 -0.0107357  -0.01229745  0.00036463  0.00092853
 -0.00408809  0.00103395  0.01377908  0.00666164
6360	-0.00318194  0.00047161 -0.01101326 -0.00648656  0.00478289 -0.00062737
 -0.00264077  0.00403604  0.01315483  0.00623407
6361	-0.00617495 -0.00042796 -0.01465707 -0.0110962  -0.00060289  0.00071336
 -0.0057858   0.00512672  0.01745756  0.0042558 
6362	-0.00345863 -0.00245622 -0.01190241 -0.00876267  0.00080498 -0.00302984
 -0.00482603  0.00477699  0.01521678 -0.00081236
50398	-0.00568211  0.01084478 -0.01125846 -0.00495501 -0.00436331 -0.00534442
  0.00068491 -0.00617259  0.00089786 -0.0031679 
333047	-0.00035653  0.00304152 -0.00413923 -0.00982515  0.00382748 -0.00060376
 -0.01356972 -0.00973834  0.00290456 -0.00552477
333050	 0.00540764  0.0091346  -0.01107433 -0.009902    0.00242201 -0.00120755
 -0.01256533 -0.00809978  0.00641567  0.00388384
562941	-0.00124401  0.00770164 -0.0091149  -0.01830181  0.00255408 -0.00056657
 -0.00767178 -0.00309843  0.00523673  0.00346264
408319	 0.00012694  0.00144399 -0.00513925 -0.0152844   0.0045427   0.01054221
 -0.00485625 -0.00492807  0.00544211  0.00392288
111877	 0.00222983 -0.00440087 -0.01830088 -0.00916405  0.00405691  0.00587614
 -0.00863527  0.00017531  0.00211394 -0.00389849
111878	-0.0060923   0.01121967 -0.02389807 -0.0159252   0.00949972  0.00905488
 -0.0135252  -0.00688014  0.02263596  0.00807915
563978	-0.00834336  0.00125688 -0.0149077  -0.01180374 -0.00355411  0.00076724
 -0.00821327  0.00183434  0.01671024  0.00421028
137488	-0.00841036  0.00599555 -0.00699319 -0.01639738 -0.00373786 -0.00060542
 -0.00148845 -0.00893613  0.00507816  0.00632929
93972	-0.00812454  0.00138142 -0.0138219  -0.01032732 -0.00179022 -0.00032742
 -0.00828896  0.00253091  0.01699941  0.00386958
6937	 2.12715217e-03  3.52568412e-03 -8.57190788e-03 -1.22360075e-02
 -3.26944632e-03 -3.29865236e-03 -1.02471327e-02  1.83577708e-06
  1.02886576e-02  1.02856336e-02
71451	-0.00362062  0.00341032 -0.00744596 -0.01787542 -0.00367164  0.00225076
 -0.00102319 -0.00487734  0.01056632  0.01323361
63280	-0.00455266 -0.00021899 -0.00665939 -0.00199307 -0.00866549  0.00455893
  0.00649767  0.01388983  0.01893634  0.00875379
280889	-0.00510686  0.0002826  -0.01371184 -0.00959266 -0.0025105  -0.00108762
 -0.00736846  0.00232381  0.01883895  0.00277972
7487	-0.00470075  0.00190366 -0.00766323 -0.010794    0.00071185  0.00217298
 -0.01492309  0.0064984   0.01232665  0.00417426
131402	-0.00312421  0.0043121  -0.0126587  -0.01907878  0.00021305  0.00429434
 -0.00638663 -0.00072329  0.00728542  0.01126535
564556	-0.00994795 -0.00168019 -0.01402765 -0.00975317 -0.00308189 -0.00247461
 -0.00649304  0.00392337  0.007396    0.00276918
454484	-2.1826818e-03  1.7006862e-03 -1.7342336e-02 -5.5430904e-03
  5.5995857e-05  1.8058085e-03 -6.6354149e-03  4.7343126e-03
  1.0903581e-02  5.3251339e-03
109399	-0.01372788 -0.00299754 -0.0178576  -0.01232308 -0.00154422  0.00386592
 -0.00383522  0.00418565  0.01123872  0.00371086
285538	-1.4104131e-02 -4.3654459e-04 -9.3844039e-03 -1.7178992e-02
 -4.1300147e-03  6.8251039e-03 -4.4090436e-03  1.3699662e-05
  1.7508609e-03  5.9379637e-03
564074	-0.00529494  0.00593363 -0.01023689 -0.0044304   0.00711183  0.01183603
 -0.01322533 -0.00544612  0.01031839  0.01114169
29550	-0.00634615  0.00429752 -0.01526203 -0.01031351 -0.00332835 -0.00428474
 -0.01725478  0.00159471  0.01517889  0.00562533
119665	-0.01948043 -0.00016505 -0.02952905 -0.01934499  0.00189964  0.01033519
 -0.01556547  0.00847688  0.01488831  0.00957514
182647	-0.00424555  0.00349759 -0.01681636 -0.00675631 -0.00296777 -0.00116779
 -0.0049477  -0.00636926  0.00438184 -0.00431697
182655	-0.01393796 -0.00147672 -0.01228552 -0.00310756 -0.00428458 -0.00098092
 -0.00508298 -0.00061081 -0.00773456  0.01437259
87937	-0.00755982  0.00030992 -0.01341489 -0.0104868  -0.00078852 -0.00077531
 -0.00622591  0.0016031   0.0181125   0.00506067
62343	-0.0120667  -0.00121045 -0.01501208 -0.00996829 -0.00914313  0.00591863
  0.0026735   0.01656778  0.02250479  0.01045339
48008	-0.01313804  0.00011179 -0.01522777 -0.01480958 -0.00284939  0.00289174
 -0.00500191  0.01056381  0.01405874  0.00531091
6538	-0.00920513 -0.00014612 -0.01258621 -0.0113409  -0.00228095 -0.00119866
 -0.0080987   0.00366208  0.00544956  0.00130649
110476	-0.02180551  0.0071647  -0.02514908 -0.02270627  0.00254356  0.01130037
 -0.0181941   0.00016913  0.01910854  0.00514097
259999	-0.01313804  0.00011179 -0.01522777 -0.01480958 -0.00284939  0.00289174
 -0.00500191  0.01056381  0.01405874  0.00531091
454564	-0.00169332  0.002171   -0.01768618 -0.00538088  0.00039923  0.00206076
 -0.00626112  0.00511128  0.0109157   0.00568959
293287	-0.01345664  0.01327935 -0.00989091 -0.01802371 -0.00205478  0.00383879
 -0.00793974  0.00153139  0.0103599   0.00588371
123316	-8.4128547e-03  4.7271335e-03 -1.7133355e-02 -1.1508081e-02
 -5.2551785e-03 -1.4622715e-05 -6.5684156e-03  4.0900921e-03
  1.1818883e-02  2.6412539e-03
92087	-0.00784841  0.00102279 -0.0034133  -0.01094675 -0.00834359 -0.00448295
 -0.01348839  0.00394396  0.01134376  0.00557866
110522	-0.01070061  0.00165247 -0.01337762 -0.01017602 -0.00153706  0.00267652
 -0.01265348 -0.00102448  0.01384498  0.00505316
88507	-0.0036711   0.00186068 -0.01030533 -0.01180636  0.00074716 -0.00422067
 -0.01298275 -0.00203481  0.01883767  0.00969869
88513	-0.00205965  0.00293966 -0.01098834 -0.01437405 -0.00010007 -0.00550962
 -0.00956552 -0.00405668  0.01495895  0.00838944
238023	-0.00483014  0.00199126 -0.01230551 -0.00881402 -0.004088   -0.00303718
 -0.01199855  0.00066964  0.01026784  0.00633927
68557	-0.0120667  -0.00121045 -0.01501208 -0.00996829 -0.00914313  0.00591863
  0.0026735   0.01656778  0.02250479  0.01045339
23504	-0.01665735  0.00256715 -0.01292771 -0.01819117 -0.01024891 -0.0048478
 -0.011758    0.00325517  0.00596992  0.00345247
372177	-0.0111137   0.00171646 -0.00475546 -0.00501321 -0.00580899  0.00039272
 -0.00497582 -0.0010594   0.00734358  0.00676724
412117	 0.00547215 -0.00190176 -0.00329373 -0.0021069   0.00102538  0.00511237
 -0.00244333 -0.0049383  -0.00485714  0.00195012
564708	 0.00045287 -0.00280683 -0.01325544 -0.00987045 -0.00125845  0.00230548
 -0.00559736  0.00826043  0.01090243  0.00061547
293356	-0.01070061  0.00165247 -0.01337762 -0.01017602 -0.00153706  0.00267652
 -0.01265348 -0.00102448  0.01384498  0.00505316
64493	-0.00600832 -0.00157913 -0.00834677 -0.00585483 -0.00344526 -0.00987583
  0.00341132 -0.0053168   0.00418202  0.00686967
293358	-0.01031574  0.00593321 -0.01462607 -0.00720514  0.00190586  0.00294792
 -0.0062308   0.00136448  0.0029587   0.01038797
280916	-0.00454926  0.00693093 -0.00432026 -0.01488086 -0.00755916  0.00273962
 -0.01396761 -0.00100686  0.00369588  0.00604947
96254	-0.00573435  0.00553564 -0.00861525 -0.00744853 -0.00254931 -0.00429138
 -0.00991839 -0.00390491  0.01857632  0.00701442
6143	-6.7590517e-03  5.4657186e-05 -1.4608441e-02 -1.0744881e-02
 -4.6714800e-03  2.2955193e-05 -5.1223352e-03  2.7847444e-03
  1.4940959e-02  2.0973433e-03
