206595	 1.9328656e-03  5.3124939e-04 -8.0300057e-03  2.7793613e-03
  6.5886758e-05 -4.6193018e-03 -2.4634802e-03 -2.9089025e-03
  3.5057939e-03  5.7251882e-03
390276	-0.00105144  0.00437201 -0.00607664 -0.01133932 -0.0108439  -0.00600299
  0.00110671  0.00423914  0.00064305  0.0002925 
361094	 0.00735662  0.00621541 -0.00175514  0.00107701 -0.00426684 -0.00601698
 -0.00245131 -0.00327585 -0.0040045   0.00471964
490633	-0.00426005  0.00389127  0.00323783 -0.00134428  0.00103559 -0.00299165
  0.00727351  0.00292959 -0.00144155  0.00080792
429962	 0.00026912  0.0052446   0.00110345 -0.00474501 -0.00175504 -0.0087771
 -0.00640486  0.00282876  0.0026786   0.0011393 
250891	-0.00128331  0.00213631  0.00475853  0.00010279  0.00293091  0.00082849
 -0.00175804  0.006325   -0.00316127  0.00987438
524041	 0.00087609  0.00604252 -0.0034742   0.00305123  0.00400378 -0.00103652
 -0.0022614  -0.00288862  0.00481561 -0.00144879
457358	-0.00861086  0.00536196  0.00595857  0.00610652 -0.00042506  0.00267611
 -0.00922614 -0.00541037  0.00751588  0.00060866
311213	 0.01086741 -0.00169341  0.00279537 -0.00351373  0.00163623  0.00021504
 -0.01071777  0.00299713 -0.00626634  0.00396276
147345	 0.00405489 -0.00069758 -0.00220489  0.0015559  -0.00265219 -0.00119536
 -0.002584   -0.00293212 -0.00396119  0.00424755
374290	 0.00236717  0.00306729  0.0019384   0.00354801 -0.00140203 -0.00403357
 -0.01090641  0.00246027  0.001381    0.0031508 
361107	 2.8052584e-03  2.7945421e-03  6.3216640e-04 -5.4428638e-05
 -2.8764827e-03 -4.1018915e-03 -8.2207983e-03 -1.5701174e-03
 -5.1075416e-03  3.6475583e-04
196117	 0.00138126 -0.00034936 -0.00299747  0.00059259  0.00158726  0.00925723
 -0.00741173  0.00225788  0.00088097  0.0114807 
491414	 0.01039063  0.00033701  0.00362407  0.00739282  0.00162511 -0.00343482
 -0.00631217  0.00160017  0.00428147 -0.0025007 
450458	-4.8017171e-03  2.6224812e-03  1.0521335e-02 -5.1191230e-03
 -6.1787278e-03  2.8020422e-05 -5.8150161e-03  5.8745751e-03
 -1.5854754e-04 -4.0967353e-03
157421	-0.0019652  -0.00222097 -0.00265847  0.00413704  0.00160313  0.00160368
 -0.00303978 -0.00221713 -0.00271839 -0.00154467
195613	 0.00600991  0.0031815  -0.00046002  0.0033492   0.0011073   0.0019569
 -0.00343389 -0.00032943 -0.00530406  0.00326582
303390	 0.00117534 -0.00336174  0.00300926 -0.00418714  0.000908   -0.00794037
  0.00153083 -0.00772851 -0.00589535 -0.00050959
434591	 0.00448667  0.01166408 -0.00786409  0.01573225 -0.00032731  0.00719628
 -0.00435756  0.00454818 -0.00254593 -0.0018872 
558499	-0.00299461 -0.00263821 -0.00198718 -0.00524648  0.01011039  0.0045401
  0.0003982  -0.00196952 -0.00524493  0.00519458
207781	 0.00354894 -0.00074732 -0.0063691  -0.0034429  -0.00425283 -0.00185998
  0.00039868 -0.00073127  0.00181293  0.00232792
399270	 1.30587677e-02 -9.02163665e-05  3.67143727e-03 -2.71952967e-03
 -6.77590491e-03 -4.56549972e-03 -3.32749332e-03  1.15272505e-02
 -1.68550783e-03 -4.82297363e-03
150569	 3.8152244e-03  3.4722614e-03  2.1210941e-03 -8.2786987e-03
 -3.3436326e-04  2.3482789e-03 -9.2579704e-03 -1.5879752e-03
 -9.6800970e-05  1.1057181e-03
175402	 0.00075668  0.00632915 -0.00263129 -0.0091192   0.00039027  0.00097036
  0.00245184  0.00577188 -0.00153566 -0.00130869
262827	 0.00127329 -0.0033704  -0.00486312  0.00257283 -0.00595381 -0.0022726
 -0.00057392  0.00894188 -0.00678987  0.00400187
247213	 0.00071145  0.01575056  0.0091189  -0.00633178 -0.00583789 -0.00140717
 -0.01039902 -0.00194608 -0.00523836  0.00275906
225682	-1.2386206e-03  3.5821614e-03 -3.0572040e-03 -7.4261869e-04
 -9.5782008e-05  1.3289786e-03  1.5208938e-03  2.1790448e-03
 -2.1002428e-03 -1.4410480e-03
491439	 0.00272227  0.00172368  0.0053545   0.00478315 -0.0115074   0.00210103
 -0.00516184  0.00613907  0.0080603  -0.01076583
438065	-0.00072412  0.00467775 -0.00062113  0.00080113 -0.00340021 -0.00751262
 -0.01495772  0.00348901  0.00873515 -0.00676878
327674	 0.00054242  0.00654266  0.01059666  0.00053564 -0.00347135 -0.00720795
  0.0069435   0.00423578  0.00164745 -0.00181705
427700	-0.00353569  0.00123757 -0.00541788 -0.00179746  0.00454803  0.00026112
 -0.00503954  0.00798226 -0.00062437 -0.00310827
424245	 0.00016203 -0.00385839 -0.004718    0.00066008 -0.00485412 -0.00705574
  0.00274363  0.00054703  0.00776054  0.0018312 
365494	-0.00373214 -0.00424821  0.00313074 -0.01032915  0.00244975 -0.00511548
  0.00318397  0.00806659 -0.00273629  0.00060427
548279	-0.00074305 -0.00270365 -0.00241933  0.00447694  0.00548255  0.00138821
  0.00516027  0.00097771 -0.0109982   0.01531537
522171	 0.00248171  0.006893   -0.00148071  0.00089479 -0.00670486 -0.0097976
 -0.00278281  0.00459791  0.00032285 -0.00716912
391357	 8.7098277e-05  7.5546256e-04  6.3309330e-03 -1.0113203e-02
 -1.3305846e-03  3.3241152e-03 -4.2428952e-03  3.0510861e-03
 -7.5082174e-03  7.6019093e-03
424639	-0.00074115  0.00165667  0.00035869  0.00110737 -0.00161262  0.00018528
 -0.00547741  0.00057208 -0.00315372  0.00053181
413120	-9.4208907e-04  1.9229110e-03  3.5180489e-03  5.1547764e-03
 -1.7025385e-03  1.5229827e-03 -5.3703938e-05  2.5680726e-03
 -2.9341676e-03 -2.4127481e-03
232001	 0.00547852  0.00191336 -0.00600542  0.00268111 -0.00456609 -0.01416789
  0.00298941  0.00428817 -0.00524338  0.00089744
361311	 0.00050764  0.00369668  0.00704603  0.00617206  0.00024462 -0.00515176
 -0.00336031 -0.00290346 -0.00649999 -0.00083854
110147	-0.00563252  0.00618208  0.00038296  0.00954056  0.00197968  0.00315108
 -0.00528621  0.00085792 -0.00341151  0.0077639 
313670	-2.1173218e-03  6.1114193e-03 -1.5688728e-03 -5.9567173e-03
 -5.9827253e-05 -3.5764533e-03 -6.6798432e-03  1.9345653e-03
  2.5344626e-03  2.1621140e-03
395207	-0.00122432 -0.0010615  -0.00282435 -0.00106335 -0.00736697 -0.00029952
 -0.00025043  0.004769    0.00137255  0.00430748
395208	 7.9629208e-05  1.0538766e-03 -9.4411513e-03  7.7808793e-03
  4.2904695e-03 -4.1657751e-03 -3.6042414e-03 -2.7209441e-03
  2.7174661e-03  4.3578069e-03
161609	 5.3300587e-03  3.6939264e-03 -5.8896481e-03 -6.4045289e-03
  5.7768477e-03  2.8387259e-03 -6.0230808e-04  9.4894227e-03
 -3.5458244e-05 -3.5299696e-03
387147	-0.00262889 -0.0022033  -0.00528313  0.002035   -0.00841923 -0.00388353
  0.00195075  0.00655468 -0.00139297  0.00176465
281164	-0.00534069  0.0065404   0.00105717 -0.00132476 -0.00624671 -0.01063147
 -0.01292146  0.00414285 -0.00281925  0.00130973
195664	-0.00375939  0.00330874 -0.00920475  0.00332588 -0.00165793  0.00333163
 -0.0010506  -0.00396632  0.00288743  0.00443444
297553	 0.0013037   0.00628043 -0.00523731 -0.0004175   0.00032446  0.00136652
 -0.00467289  0.00312793  0.00436617  0.00341347
283730	 0.00157901  0.01594048  0.0003278  -0.00292316  0.00122669 -0.00144881
  0.00052853  0.00275955 -0.00861039  0.00715553
191315	 3.0757448e-05  1.8241134e-03 -5.2850731e-03 -2.7963824e-03
 -8.1016375e-03 -1.4704194e-04  3.9029233e-03  3.4890559e-03
  1.2540882e-03 -4.2840485e-03
197865	-0.00110823 -0.00260919 -0.00698525  0.00124777  0.00034664  0.00048424
 -0.0033104   0.00669177 -0.0018515  -0.00114688
73941	-0.00342027  0.00146061 -0.00885551  0.00201668 -0.00247674 -0.00227082
 -0.000476    0.00147489  0.0061699   0.0002765 
185046	-0.00122392  0.00268661 -0.01071939  0.00425777 -0.00573545 -0.01502063
 -0.00725201  0.01578271 -0.00354695 -0.00876732
183255	 0.00824749  0.00626456  0.00465983 -0.00083649 -0.00105135 -0.00224684
  0.01023029 -0.00209036 -0.00567387 -0.00356742
204632	-0.00127929  0.00685403 -0.00033846  0.00836414 -0.0096874  -0.00314194
 -0.0118687   0.00184795 -0.00225709  0.00231177
116057	 0.00238256  0.00325656 -0.0049107  -0.00767347 -0.00763127  0.00093473
  0.00733444  0.00522936  0.00168097 -0.00200014
523099	-0.00289205  0.00524171 -0.00753079  0.00032698 -0.00477501 -0.0104152
 -0.00129953  0.00088794  0.00625728 -0.00356787
399994	 0.00667955 -0.00880768 -0.00258331  0.00772419  0.00190016  0.0008615
  0.0043518   0.00866297 -0.00447098  0.00185749
132702	-0.00240446  0.00153755 -0.0080773   0.00104047 -0.0023431   0.00204229
 -0.00632794  0.00446304 -0.00780429  0.00154338
545631	 0.00286562  0.00728519 -0.00789343 -0.00018298 -0.00253588  0.00536592
 -0.00094213 -0.00529188  0.00140714  0.0018704 
545632	 3.1525353e-03  5.9189964e-03 -6.7213126e-03  3.1636159e-03
  3.2851985e-03  2.8090723e-04  7.4099582e-03 -7.3891206e-05
  3.5527777e-03  3.4196128e-03
469857	 0.00642559  0.00635823 -0.00283039  0.00277692 -0.00056163  0.003957
  0.00288147  0.00250114 -0.00699461  0.0070397 
345443	 0.00760787  0.00524813 -0.01363165  0.00045386  0.00112653 -0.01572348
 -0.00278782  0.00939385 -0.00907919 -0.00474612
11492	 0.02238183  0.01280332  0.00318767 -0.0023768  -0.00458591 -0.00227824
  0.00417903  0.00176542  0.00102067 -0.00538415
286693	-1.7553736e-03 -6.5329486e-06 -8.3940681e-03  2.0574115e-03
 -5.0217295e-03 -1.2551311e-03 -5.3193909e-03  5.8025001e-03
 -6.8762439e-04 -7.6350305e-05
202079	-0.00889195  0.00198713  0.00477561 -0.00092585 -0.00332549  0.00134781
  0.01031084  0.00409412  0.0059851   0.00084873
351464	 0.00695495 -0.00259602 -0.00525742  0.005503   -0.00273461 -0.00087119
 -0.00131853  0.00071236 -0.00311754  0.00401724
39657	 0.00038836  0.00318783 -0.00524772 -0.00036921 -0.00486643  0.00631989
 -0.00233431  0.00337183  0.00182564  0.00082555
361067	 0.00057819  0.00640626  0.00315903  0.00313033  0.00345872 -0.00824164
  0.00180021 -0.00213593 -0.00114141  0.00055597
361068	 0.00134002  0.00698125  0.00294386  0.00300401  0.0026359  -0.0079824
  0.00195182 -0.00271216 -0.00138605  0.00062991
32100	 0.00319621  0.00130172 -0.00459746  0.013009   -0.00648439  0.00059688
  0.00146376 -0.00349797 -0.00899648  0.00142766
349015	 8.7058157e-05 -3.2911920e-03 -5.8338302e-03 -3.6411911e-05
  1.0485122e-03  1.3222203e-02 -5.9907907e-03 -8.6612059e-03
 -4.1604098e-03 -7.4140960e-04
354792	-0.008214   -0.00193562  0.0042987   0.00339849  0.00951055  0.00617173
  0.00034465 -0.00381709  0.00156557  0.00207562
196115	 0.00029506 -0.00011616 -0.00187306  0.00124673  0.0017455   0.01006784
 -0.00699406  0.00279404  0.00129016  0.01114066
476329	 0.00173084  0.00726377 -0.01559036  0.00026847 -0.00114801 -0.00076
 -0.01216302 -0.00588736  0.00491056 -0.01558785
297466	 0.00512979  0.01052188 -0.00856572  0.0020424   0.0042253  -0.00020427
 -0.007655   -0.00256308  0.00159773  0.00373092
236223	 0.00207621  0.00135362  0.00387686 -0.00513711 -0.00127556 -0.00268122
  0.00390735  0.00410884 -0.00031474  0.00121454
560124	 5.8651767e-03 -3.0790623e-03 -7.1268703e-04 -3.4936517e-03
 -6.8782270e-03 -1.1028004e-02 -7.8960992e-03 -1.4710093e-03
 -1.9046147e-05  1.0956575e-03
37010	 0.00319621  0.00130172 -0.00459746  0.013009   -0.00648439  0.00059688
  0.00146376 -0.00349797 -0.00899648  0.00142766
171157	 0.00034296 -0.00115474 -0.00703366 -0.00137369 -0.00429413 -0.00172811
 -0.00030466  0.00625863 -0.01072492  0.00362845
