270854	-2.0442552e-04  6.4813318e-03  6.2968638e-07 -6.4153080e-03
  3.5194424e-04 -5.4193418e-03 -1.2987347e-03 -6.6546574e-03
  2.4733462e-03  7.1452851e-03
202247	 0.0022064  -0.00277384  0.00715648  0.00445611  0.00693238 -0.00471708
 -0.00049926 -0.00027681 -0.00350554 -0.00070245
321032	 0.00282795  0.00190737  0.00346173  0.00207781  0.00476525  0.00242477
 -0.00437025 -0.00173903  0.00137068 -0.00071687
442392	 0.00126321  0.00840143 -0.00335515  0.00061592  0.00102838 -0.00304413
 -0.00648135  0.00361051  0.00399603  0.00479802
363548	-5.0214301e-05  1.6202038e-03  4.8940452e-03  6.4076809e-04
 -1.6971818e-03 -1.7416786e-03  2.9052210e-03  1.5288942e-03
  7.9074465e-03  9.2231520e-03
457764	 0.00532628 -0.000127   -0.00468367  0.00201369  0.00264606 -0.00037835
 -0.00728564 -0.01001409  0.01358691  0.00498739
409127	-0.00242753  0.00508023  0.00060987  0.00155421  0.00308442 -0.00096108
 -0.0023631  -0.00372528  0.00635683  0.00357325
245289	 6.2584113e-03  2.7241611e-03  3.8657414e-03 -5.1248638e-04
 -8.6577660e-05 -1.6840061e-03 -3.2339552e-03 -2.0620525e-03
  1.7495962e-03 -1.4212603e-03
290347	 0.00396697 -0.00084957 -0.0017007  -0.00132301  0.00203531 -0.00906428
 -0.00991816 -0.00289256  0.00482314  0.00183123
164913	 0.00098474  0.00642426  0.00681835  0.00636884 -0.00076404  0.0090035
 -0.01040898 -0.00703475 -0.00293107  0.00664555
537707	-0.00355923  0.00180247 -0.0015453  -0.00246797 -0.00098878  0.00026302
 -0.00342796 -0.00055321  0.00035974  0.00060719
469044	 0.00456055  0.00040759  0.00579347 -0.00470256 -0.00367877 -0.00083199
 -0.00692349  0.00327516  0.0072748  -0.00696218
194613	-0.00128227  0.00387171 -0.00050166  0.00305266 -0.00552348 -0.00544907
 -0.00399523 -0.00711787  0.00399638  0.00143674
302647	 0.00029965 -0.00218573 -0.00695376  0.00907776  0.00137907  0.00059879
 -0.00915815 -0.00641649  0.00483241 -0.00655088
409144	 0.00457797  0.0052981   0.00130925  0.0058604   0.00101884  0.00034787
 -0.0064015  -0.00701312 -0.00136205  0.00262223
494676	 0.00374767 -0.00022228 -0.00740878  0.00234556  0.00475078 -0.00690635
 -0.00028135 -0.00363495  0.00271916 -0.00139406
15961	-0.00241947  0.01049016  0.00683296 -0.00117691 -0.00040063  0.00308702
 -0.00137604 -0.00028195  0.00658179  0.00065416
166491	-0.02114746 -0.01860838  0.00663696  0.00315307 -0.00171907 -0.01540099
  0.0168065   0.00749722 -0.02546862  0.0054642 
560235	 6.9711776e-04  5.9658763e-05 -1.0292024e-03  6.1077666e-03
 -4.2216419e-03  5.6849783e-03  1.5456512e-03  1.4670748e-03
  4.6459683e-03 -5.7245779e-04
312427	 0.00147206  0.00164492 -0.00118191 -0.01067228  0.00038281 -0.00347436
 -0.00288557 -0.00880975  0.00956196  0.00924384
391813	 0.01174689  0.00256562  0.00190285 -0.00200732 -0.00930215 -0.00330019
 -0.00868693  0.00034807 -0.0001012   0.00442903
391304	-0.0015387   0.00121251  0.00557723 -0.00560871  0.00038764  0.00443404
 -0.00728779 -0.00928499  0.00406432  0.00202159
316556	 0.00198019  0.00190995  0.00038236 -0.00058833 -0.00148222  0.00189278
  0.00150002 -0.00036533  0.00316114 -0.00490568
408717	-0.00073141  0.00624613 -0.00068316  0.00467031  0.00526393 -0.00153143
 -0.00100373 -0.00276458  0.00030633  0.00151576
441998	 9.9963516e-05  5.5897958e-03  9.2456816e-04  5.0457511e-03
  1.6780404e-03 -2.5364638e-03 -3.1552387e-03  2.1168378e-03
  5.6942753e-03  7.2060516e-03
150671	-9.5327334e-05  1.4421454e-03 -2.9730046e-04  7.8244004e-03
 -8.4969576e-04 -2.7900531e-03 -5.7018816e-04 -1.5412025e-03
  3.3090916e-03 -8.1691850e-04
122904	 0.00392914  0.00912042 -0.00429263 -0.00525346  0.00625923 -0.00800756
 -0.00626329  0.00120255  0.00579783  0.0023942 
433300	-0.0005579   0.0070892   0.00094619 -0.00419868  0.00378646 -0.0065864
 -0.00238332  0.00127826 -0.00038198 -0.00066508
490138	 0.00081995  0.00074249 -0.00167533  0.00058622  0.00211622 -0.01282478
 -0.00132927  0.0018169   0.00405505  0.00478392
488097	-0.00040392 -0.00155541  0.00167503  0.00140276  0.00216086 -0.00248107
  0.00623606  0.00140167 -0.00028441  0.0009613 
317611	-0.00011132  0.00041977  0.00436196 -0.00016264 -0.00178353  0.00032281
  0.00123363 -0.00232112  0.00750625 -0.0041543 
111280	 4.7567408e-04  6.6356296e-03  1.0787236e-02  1.4961486e-05
 -2.9986701e-03 -1.2450130e-03 -5.5396324e-03  9.0870846e-05
 -3.1150558e-03 -1.5601850e-03
550583	 7.73661828e-04 -1.09820445e-04  9.92701098e-05  2.12929840e-03
  1.41765096e-03 -7.03221594e-04  2.22925519e-04 -7.19047710e-03
  1.93020108e-03  4.95426636e-03
432316	 0.00307969 -0.0015561  -0.00676072 -0.00092244  0.00316561  0.00448311
 -0.00521121  0.00095998  0.00358068  0.00341498
33982	 0.00458563  0.00450318 -0.0024787   0.00089088  0.00512776 -0.00789328
 -0.00383209  0.00498372  0.00652183 -0.00412735
130248	-0.00504975  0.00095403 -0.00319533 -0.00056769 -0.00073594 -0.00213718
 -0.00199813 -0.00011523  0.00475058  0.00148077
509642	-0.00200047  0.00742608 -0.0045747  -0.00614286  0.00149965 -0.00355551
  0.00091483 -0.00537395  0.00180933 -0.00231261
86740	-0.00121603  0.00196313 -0.00180304  0.01179327 -0.00068023 -0.00966644
  0.00035592  0.00016037  0.00704481  0.00197867
383196	 1.3146601e-03  1.7973265e-03 -4.0112593e-04 -2.6244733e-03
 -3.4862815e-03 -5.0116132e-04 -3.2199881e-05  8.1587408e-04
 -3.6823654e-03  3.7125617e-03
445669	-0.00185442  0.00106035 -0.0021285   0.00623425 -0.00057234 -0.00501193
  0.0036897   0.00082981  0.00737606  0.00150761
389872	 0.00332076 -0.00035186 -0.00261397 -0.00246142  0.00279594 -0.00595527
  0.00439254 -0.00440548 -0.00117131 -0.00692761
280276	 0.00802181 -0.00554285  0.00220422  0.01294611  0.00500342 -0.00616351
  0.00189835  0.00130363 -0.00037584  0.00040784
93949	 0.01044184 -0.00376064 -0.01259132  0.01100782  0.00607195 -0.01210751
  0.00131775 -0.0100229  -0.00569002 -0.00531468
174335	 0.00584481  0.00264974  0.00888706  0.00766222  0.0007463   0.00272289
  0.0002286  -0.00122761  0.00119945 -0.0042613 
360196	 0.00628066  0.00867803 -0.00308097 -0.00264597 -0.00127037 -0.00358183
 -0.01226529  0.0060973  -0.00073931  0.00682383
472843	 0.00152432 -0.00887216  0.00083529  0.00952687  0.00311704 -0.0009469
 -0.00115082 -0.00039636  0.00149218 -0.00066192
555805	 0.00502912  0.0005526   0.00295151  0.00266311  0.00357075 -0.00624602
  0.00693189 -0.00245287 -0.00194562 -0.00157662
33571	-0.00598844  0.00079691 -0.0012714   0.0053102   0.01012644 -0.01288416
  0.00850018 -0.00130138 -0.00980916  0.00286135
37671	-0.00598844  0.00079691 -0.0012714   0.0053102   0.01012644 -0.01288416
  0.00850018 -0.00130138 -0.00980916  0.00286135
201001	-0.00366332  0.00454802 -0.0009036   0.00189277  0.00202888 -0.01079838
  0.00433033 -0.0051395   0.0063998  -0.00356871
378162	 0.01067665  0.01073489 -0.00428837  0.01391607 -0.00637726 -0.00644431
 -0.00971156  0.00476474  0.00246018  0.00087419
36150	-0.00598844  0.00079691 -0.0012714   0.0053102   0.01012644 -0.01288416
  0.00850018 -0.00130138 -0.00980916  0.00286135
201020	 0.00067954 -0.00110802 -0.01032067 -0.00399781  0.00179439 -0.00747518
 -0.00221136 -0.01627999  0.0015902  -0.00424037
395767	 0.00077745  0.00146465  0.00442264 -0.00438507  0.00164134  0.00683876
  0.00257731 -0.00042681 -0.00349484  0.00026028
163146	-0.00207478  0.00062957  0.00357082  0.00040678 -0.00240636  0.00620848
  0.00558683 -0.01426134 -0.00113968  0.00554496
470862	 0.00802181 -0.00554285  0.00220422  0.01294611  0.00500342 -0.00616351
  0.00189835  0.00130363 -0.00037584  0.00040784
406669	-0.00202977  0.00115595 -0.0012752  -0.00126619  0.00702259  0.00549176
  0.00199119  0.00023184  0.00444198  0.00435955
369503	 0.00590965  0.00148888  0.00425776  0.00390794  0.00170734 -0.00074255
  0.00514666 -0.00356274  0.00218659  0.00240378
294752	 0.01078235  0.0143088   0.01267334 -0.00253379 -0.00183985 -0.00241852
 -0.00068199 -0.00751395 -0.00236788  0.00085727
32916	-0.00598844  0.00079691 -0.0012714   0.0053102   0.01012644 -0.01288416
  0.00850018 -0.00130138 -0.00980916  0.00286135
97126	-0.00173756  0.00459014 -0.00640702 -0.00265321  0.0089873  -0.0005154
 -0.00231975  0.00240785 -0.00309547  0.00606579
414055	 0.00351269 -0.01336376  0.01740558 -0.00899299  0.0007018  -0.02617533
 -0.00467654 -0.00663267 -0.00848081  0.00056072
428348	 0.00014066  0.00509549 -0.00476345 -0.00177153 -0.00158034 -0.00478891
 -0.00122122 -0.00555658  0.00054986  0.00105395
414576	-0.00908442  0.00362844  0.00576485  0.00866364 -0.00287547 -0.0007879
 -0.00021497 -0.01213384  0.00680278  0.00531009
32628	-0.00586653  0.00072883 -0.0016404   0.00219378  0.00378169 -0.00156626
 -0.00279757 -0.00951894 -0.00436222  0.00998406
116086	 0.01350653  0.00653909 -0.00434989 -0.00601559  0.00719618 -0.01275664
  0.00315043 -0.01898198  0.00324659 -0.00645454
127357	 0.00337475  0.00548073  0.00209716  0.00041532  0.00617097  0.0037698
 -0.00900816 -0.00139171 -0.01335202  0.00154663
434050	 0.00427874  0.01112174  0.0060005  -0.00434262 -0.00115279  0.0014732
  0.00281581  0.00765295  0.00264106  0.00048521
60291	-0.00488999  0.00538826  0.00016508  0.00453336 -0.00569659 -0.00885678
 -0.00127464 -0.00318983  0.01023182  0.00405504
312214	-0.00307423  0.00975852  0.00846585  0.01302103  0.00025683 -0.00403069
 -0.00379467 -0.00144645  0.00376949 -0.00115695
33684	-0.00598844  0.00079691 -0.0012714   0.0053102   0.01012644 -0.01288416
  0.00850018 -0.00130138 -0.00980916  0.00286135
347029	-0.00116831  0.00156892  0.00467582  0.00541127  0.00493407 -0.00061924
 -0.0009169  -0.00269017  0.00398661  0.00330604
219542	 0.00693802  0.00861521  0.00300297  0.01115148 -0.00347897 -0.00190747
  0.00056301 -0.00229209  0.00329904  0.00150736
92568	 2.5618353e-03  6.9092633e-03 -1.3726921e-04  2.3806798e-03
  3.6414452e-03 -8.7678321e-03  6.8602661e-05 -1.6128643e-03
  2.8124163e-03 -3.1862434e-03
9625	 0.0015922  -0.0021101   0.02540716  0.00463751  0.00191265 -0.0046108
 -0.00305609  0.00768226  0.0135354  -0.02291989
38300	 0.00458563  0.00450318 -0.0024787   0.00089088  0.00512776 -0.00789328
 -0.00383209  0.00498372  0.00652183 -0.00412735
322461	 0.00053382 -0.00513462  0.00629639  0.00328698 -0.00555379  0.00040942
 -0.00083324 -0.00164273  0.00288985 -0.00358241
163747	 0.00320168  0.00763228  0.00371716  0.00311307  0.00090094 -0.00120541
 -0.0065988   0.00620817 -0.00155649  0.00550162
33701	-0.00598844  0.00079691 -0.0012714   0.0053102   0.01012644 -0.01288416
  0.00850018 -0.00130138 -0.00980916  0.00286135
210855	 0.00313922  0.01024241 -0.01302455  0.00539822  0.00424593 -0.00501722
 -0.00433359 -0.00761295  0.00248869  0.00265663
36272	-0.00598844  0.00079691 -0.0012714   0.0053102   0.01012644 -0.01288416
  0.00850018 -0.00130138 -0.00980916  0.00286135
373685	 0.00196035  0.00177431 -0.00454388  0.00205422 -0.00497049  0.00809257
 -0.01074041 -0.00499506  0.00139635  0.01072099
32699	-0.00171237 -0.00073353  0.00054629  0.00456681  0.00575429 -0.00575812
  0.00143431 -0.01104164  0.00072326 -0.00179769
189372	-0.00026885  0.01517843  0.00147332  0.00487929  0.00551101 -0.00715993
  0.01414036 -0.00189025  0.00066778 -0.00036495
62455	 0.00076241 -0.0003833   0.00239015  0.00575453  0.00311323 -0.00408112
 -0.0037603  -0.00024058  0.00326915 -0.00161337
174543	 1.35282939e-02 -1.65335406e-02  8.59737396e-03 -2.71215639e-03
 -8.18963163e-05 -2.97929480e-04  1.39246425e-02  6.29889593e-03
 -1.12031782e-02  1.67107750e-02
402384	 0.00578397 -0.0029145   0.00496697  0.00180809  0.00104985 -0.00355016
 -0.00207359 -0.00292758  0.00361573 -0.00010768
472531	 0.00450848 -0.00206793  0.00294448  0.00686173  0.00057444 -0.00221834
 -0.00043263 -0.00357581  0.00028754 -0.0033123 
9172	-0.00723026  0.00050097  0.00347604  0.00579127  0.00693498  0.00303555
  0.00254383 -0.00297435  0.0023259   0.00559512
33249	-0.00598844  0.00079691 -0.0012714   0.0053102   0.01012644 -0.01288416
  0.00850018 -0.00130138 -0.00980916  0.00286135
403426	 0.00796052  0.00523318 -0.00524505 -0.00211727  0.00097264 -0.00209835
  0.00836667 -0.00536605  0.00025193  0.00358389
442341	-1.4048840e-03  6.9999406e-03  2.3006469e-03  3.0307055e-03
 -5.0579285e-05 -1.2773514e-03 -6.6599422e-03  1.8095220e-03
  4.6623182e-03  7.9079745e-03
486374	 0.00059723 -0.00615388  0.01002418 -0.01920882 -0.00716836 -0.00222411
  0.0127249  -0.00537826 -0.0002757  -0.00165571
392685	 0.00382947 -0.00090147  0.00264263 -0.00116724 -0.00095161 -0.00427237
 -0.00409478  0.00564825  0.0012974   0.0087858 
319479	 0.00351526 -0.00366029  0.00198605 -0.00178387  0.0003148  -0.00109703
 -0.00058493 -0.00351723  0.00833221 -0.00440402
433236	-0.0005579   0.0070892   0.00094619 -0.00419868  0.00378646 -0.0065864
 -0.00238332  0.00127826 -0.00038198 -0.00066508
350203	 0.00196653 -0.00815469  0.00845124 -0.00658757  0.00471338  0.0084827
 -0.00291277 -0.00654291  0.00207227 -0.0016304 
