251905	 0.0010583  -0.0010422  -0.0105288  -0.00047448  0.00149016 -0.00268277
  0.00026709 -0.00012892  0.00563918  0.00615743
126978	-0.00770061  0.00016852 -0.01377504 -0.01252699 -0.00940947 -0.00543012
 -0.00341013  0.00944732  0.00383529  0.00785509
334852	 0.00936805  0.01010869  0.005136   -0.00235925 -0.00168542 -0.01060907
  0.0050643  -0.00223964 -0.00233531  0.00460778
174853	 0.00161078  0.0030424   0.00362496  0.00057783 -0.00170877 -0.00694795
 -0.01317732 -0.01006749  0.00180344 -0.01149176
543622	-0.00096077  0.00416361  0.00397396 -0.00349016  0.00221884  0.00263717
  0.00442004  0.00398409 -0.00483608  0.00405897
167047	-0.03492134  0.00675107  0.0080722   0.00210396  0.02734714  0.00307795
 -0.03085457 -0.00643709 -0.00778466 -0.00730115
80392	 0.0028184   0.00443869  0.00141454 -0.00061809 -0.00029088  0.00350646
 -0.00347517  0.00067213 -0.00607243  0.00161108
496266	 0.00116378  0.00650993 -0.00314168 -0.0056592   0.00865461 -0.00425077
  0.00389812 -0.00045758 -0.00151839  0.0038319 
431371	 2.9657024e-03 -5.6214463e-03 -3.2676093e-03 -2.2912417e-03
 -5.7728484e-04 -4.0281564e-03  7.2690850e-04  1.1343224e-03
  5.6858757e-03 -9.6277174e-05
284813	 0.01691558  0.00617367 -0.00749539 -0.00275761  0.00984286 -0.01332928
 -0.01086891  0.00094191  0.00229647  0.02348187
490126	-0.01394256  0.00835049 -0.00660206 -0.00101642  0.00982089  0.00190487
  0.00386106  0.00348117  0.00295703 -0.00489656
514448	 0.00263622  0.00371502 -0.00739259  0.00264642  0.01153215 -0.00502537
 -0.00708908  0.00185609  0.00151671  0.00203551
519516	 4.46769081e-05  5.05136186e-03 -5.47346240e-03 -1.26924515e-02
 -3.08782118e-03 -7.58211967e-03  1.26046315e-03 -8.85488465e-03
 -2.34162365e-03 -7.37392670e-03
96277	 0.00069132  0.0016806  -0.00658994  0.00048434 -0.00021571  0.00017571
  0.00717225 -0.00613446 -0.00453331 -0.00433642
269590	-0.00702334  0.01646401 -0.00208092 -0.00152377  0.00278108  0.00703712
 -0.01169087 -0.0084755  -0.00325582  0.00684342
439065	-0.00619209 -0.00275924  0.00410185  0.00227214  0.00118129 -0.00275657
 -0.00244521  0.0118512   0.00423221 -0.00676857
412597	-0.00162282  0.02462027 -0.00588988  0.00328079  0.00420902  0.0055425
  0.00023028  0.00291737 -0.01264438  0.00367082
18074	-0.00255743 -0.00183644 -0.0037105  -0.00498393  0.00481142  0.00710189
 -0.00658178 -0.00600838 -0.00118371  0.0051479 
514460	 0.00180408  0.0027124   0.00150193 -0.01147716 -0.00190947 -0.00668954
  0.00075004  0.0005472   0.01001818 -0.00035771
514461	-0.00033964  0.00583971  0.00015337 -0.00801286 -0.00800008 -0.00615902
  0.00157838 -0.00375197  0.00750566  0.00547036
166428	-0.03492134  0.00675107  0.0080722   0.00210396  0.02734714  0.00307795
 -0.03085457 -0.00643709 -0.00778466 -0.00730115
532933	-0.00192056 -0.00723956 -0.0063115   0.01015434  0.00492483 -0.00062039
 -0.00753484 -0.00826504  0.00860177 -0.00457857
555936	 1.3840708e-03  6.2035462e-05 -3.8990453e-03  5.8830031e-03
 -2.9489615e-03  6.0439459e-03 -4.5737792e-03 -8.6908805e-04
 -7.0522293e-03  2.3520458e-03
427169	 0.00319851  0.00653401  0.0014595   0.00217375 -0.00079378  0.0011885
 -0.00227754  0.0016072  -0.00285089  0.00332755
463778	-0.00183527  0.00665825 -0.00285211  0.00193988  0.01005234  0.00428834
 -0.0013591   0.00330569 -0.0020466   0.00737609
293767	-0.01503208  0.00806788 -0.00310278 -0.00777315 -0.00012123  0.01281474
  0.00251906 -0.00047493 -0.01108207  0.01015184
219530	 0.00909679  0.00592178 -0.00622695  0.00916329 -0.00199415 -0.00019834
 -0.00076846  0.00129419 -0.0020565   0.00873075
42822	-0.00341537  0.00568886 -0.00189191 -0.00246113  0.0061551   0.00494746
  0.00115517 -0.00109337 -0.0023187   0.00777314
37031	-0.01434753 -0.00374324 -0.00376165 -0.01926557 -0.01191995  0.00843427
  0.00136626  0.01252172 -0.00024305  0.02063371
167324	-0.03492134  0.00675107  0.0080722   0.00210396  0.02734714  0.00307795
 -0.03085457 -0.00643709 -0.00778466 -0.00730115
373685	0.00957559 0.00764786 0.00115357 0.01230559 0.00593528 0.01085885
 0.00663108 0.02129706 0.00371634 0.00831806
440107	 0.00139399 -0.00041118  0.00140651 -0.00494543  0.00476069 -0.01505537
 -0.00492097  0.00363122 -0.00165416 -0.00302953
457317	 0.00210979 -0.001448   -0.0077701  -0.01056613  0.00611775  0.00576327
  0.00014236  0.00656917 -0.00513049 -0.00246118
33844	-0.01434753 -0.00374324 -0.00376165 -0.01926557 -0.01191995  0.00843427
  0.00136626  0.01252172 -0.00024305  0.02063371
98741	-0.00322336 -0.00035786 -0.00498943 -0.00215955  0.0021272  -0.01407547
  0.01167228 -0.00921547  0.00058197 -0.00558848
54070	 0.02020095  0.00246775  0.00892711  0.00052654 -0.00391544  0.01687245
 -0.00659658  0.01317062 -0.0112985   0.01904661
107337	 0.00125011  0.00059169  0.00512939 -0.00252858 -0.00531629  0.00362274
 -0.00338877  0.00173644  0.00144055 -0.00018246
60088	-0.00126538 -0.0013646  -0.01201242 -0.00704909  0.00055175 -0.0056617
 -0.00063905  0.01127626 -0.00064884 -0.00331504
274100	-0.01097964  0.00983195 -0.00541002 -0.00871618  0.00742609  0.01125124
  0.00265594  0.01807399 -0.00488869  0.00387523
403260	 0.01232966  0.01499386  0.01579099  0.01113673 -0.00203553 -0.00732402
  0.00877046  0.00839103 -0.00258602  0.00543072
222090	-0.00307495  0.00304426 -0.00868806 -0.00256773 -0.00701462 -0.00284941
  0.00354888 -0.0026353   0.00099316  0.00251411
323646	-0.00250447 -0.00300281 -0.00024759  0.00079448 -0.00137638 -0.00537291
 -0.00156983  0.00748335  0.00751231 -0.00761929
93493	 0.00195469 -0.00347576 -0.00144177  0.00059242 -0.0016082   0.00179242
  0.005715    0.00027698 -0.00289987 -0.00666504
364555	 0.00371222  0.00119701 -0.00572572  0.00469176 -0.00408454 -0.00251056
 -0.00265288  0.00158404  0.00208405 -0.00132485
134213	-0.0097376  -0.00737849 -0.00804089  0.0001829  -0.00883713 -0.00164075
  0.01345524  0.00353209 -0.00544503 -0.00392071
145734	 0.00517526  0.00566773  0.00514035 -0.00244507  0.00156663 -0.00144683
  0.00794338 -0.00127442 -0.00405762  0.00058381
450721	 0.00151084  0.01088494  0.0029181  -0.01212602 -0.0153332  -0.01312514
 -0.00807648  0.00601336  0.00245955  0.00465927
500552	-0.00479396  0.00198678  0.00416821 -0.00835581  0.00853511  0.00336982
  0.00069667  0.00095582 -0.0043372   0.00731668
223052	 0.00014798  0.00912072 -0.00674708 -0.00032875 -0.00090857 -0.00626118
 -0.00260348  0.00032249 -0.00402118  0.00033657
145877	-0.00109892  0.00389204 -0.00255277  0.00163713 -0.00601846 -0.00204886
  0.00040222 -0.00265056 -0.00501446 -0.00145722
107084	-0.00100625 -0.00489745 -0.00194757 -0.00408139  0.00177735  0.00407231
  0.0081538  -0.00721564 -0.00442312  0.00058152
403277	 0.00245512  0.01070695 -0.00468334 -0.01120021 -0.00809242 -0.00907931
  0.00379938 -0.00024817 -0.00612379 -0.00319588
77518	 0.00134228  0.01153782 -0.00822368  0.00645005 -0.0071875   0.00400354
  0.00043323  0.01101412 -0.00402875  0.00694704
36943	-0.00309508 -0.00106334 -0.00185908 -0.00242278  0.0010202   0.00661751
 -0.00322317  0.00017311  0.00289001  0.01990172
118966	-8.1180240e-04  2.5656710e-03 -2.8310781e-03 -6.6543738e-03
  1.9738178e-03  2.7879265e-05 -2.7579579e-03  4.8981486e-03
  1.7449602e-04  4.9076700e-03
149073	-0.00857614  0.00542254 -0.00032799 -0.00425962 -0.00164173 -0.00258598
  0.00488398  0.00256112  0.00159624 -0.00230364
266066	-0.00238546 -0.00112026 -0.00554068 -0.00267061  0.00168513  0.0010226
  0.00283534  0.00166066  0.00364968 -0.00320865
407508	-0.00636212  0.0052368  -0.00274226 -0.0059112   0.00623215 -0.00716152
 -0.00012215 -0.00113213 -0.00023935  0.00266545
68821	 0.00066313 -0.00822266  0.00974731 -0.00711726 -0.00776063 -0.00063425
 -0.00731468  0.00299651 -0.00502544 -0.00482106
62294	-0.00484368  0.00960521  0.00023996 -0.00775539 -0.00666081 -0.00592766
  0.00427382  0.00455011  0.00415534 -0.00559268
433111	-0.02721388 -0.01301035 -0.01415036  0.01779226  0.00643844 -0.00280485
 -0.0047323  -0.00330468 -0.00485403  0.00054526
415449	-3.4481122e-03  2.7529595e-03  7.7487108e-05 -2.8843752e-03
 -7.1588140e-03 -9.1111623e-03 -1.8712030e-03  2.7600208e-03
  3.1820257e-04 -3.2062572e-03
301402	-0.00099936  0.00782178 -0.00515198  0.00209736  0.00310668  0.00379698
 -0.00366333  0.00487504  0.00039643  0.00086039
114823	-0.00081537  0.00815694 -0.00254479 -0.00807233  0.00323409 -0.00732283
 -0.00062102 -0.00483751  0.00249435  0.00242875
314213	-0.00058455 -0.00380808 -0.00603629  0.00927773 -0.00185267 -0.00613797
 -0.00172047  0.00405661 -0.00789195  0.00075573
33760	-0.00220255  0.00244924 -0.00233557  0.0012647   0.00066716 -0.00134509
 -0.00081819 -0.00207061 -0.00161392  0.00275844
37345	-5.2322273e-04 -1.1333344e-02 -7.8580724e-03  9.4964104e-03
 -1.0208189e-03  1.7299512e-03 -6.7041535e-03  4.0892223e-03
 -1.3104898e-03  7.6891498e-05
144356	 0.00569826  0.00252953 -0.00351318 -0.00083215 -0.01165237 -0.01230068
  0.00225617  0.00998474  0.00402567 -0.00193591
523494	 0.00456972  0.02176658  0.01405324  0.00092274 -0.00615442 -0.00744357
  0.00334737  0.0101576  -0.0060129  -0.0004495 
45286	 0.00662328  0.00916645 -0.00152003 -0.00487613 -0.00193914 -0.00310585
  0.00899623 -0.00187719  0.00023355 -0.00372211
20049	-4.5655225e-03  1.3085785e-03  4.5682108e-03 -2.8089343e-03
 -5.0124796e-05 -4.7473791e-03  4.2726621e-03  9.0507482e-04
  4.5155338e-03 -8.0279410e-03
237372	-0.00102063  0.00947117 -0.00260973 -0.00931385  0.00493788 -0.00074655
  0.00571542 -0.00216874 -0.00446068 -0.00142773
1386	 0.00396268 -0.00015211  0.00335973 -0.00035723  0.00012019  0.00062275
  0.0037545   0.00468946 -0.00156901 -0.00272952
515686	-0.01402907 -0.0025607  -0.00820903  0.00616211  0.00898737 -0.00151107
  0.01523351 -0.00445052  0.00605588 -0.00689902
56430	 0.00171962  0.00781776  0.00377781 -0.00012754 -0.00318192 -0.00256811
  0.00051498  0.00762572  0.00301316  0.00243072
38273	-2.6789360e-02  3.2241140e-05 -8.7253824e-03 -1.0910663e-02
 -1.3729498e-02 -6.4114714e-04  4.4890316e-03  9.1417218e-03
 -4.0174550e-03  2.5970524e-02
134768	-0.00028213  0.00159032 -0.00526609 -0.00341419  0.00033839  0.0104547
  0.01583355 -0.00037388  0.00272801  0.00476279
70897	-0.01237111  0.00335969 -0.01288796 -0.00105709 -0.00012858 -0.00107014
  0.00119667 -0.00155664 -0.00306539  0.00552414
127476	-0.01074061  0.00881538 -0.00880167 -0.0004427  -0.00017316  0.00018942
  0.00706416 -0.00072355  0.00208945 -0.00317894
267513	-0.00207606 -0.00122413 -0.00691375 -0.00298949  0.00343794 -0.00215498
  0.00249489  0.00442449 -0.00038929 -0.00123709
32972	-0.01434753 -0.00374324 -0.00376165 -0.01926557 -0.01191995  0.00843427
  0.00136626  0.01252172 -0.00024305  0.02063371
389886	 0.00022348  0.00412388  0.0011199  -0.00190288  0.00531926  0.00144789
 -0.00326382  0.00481679  0.00226646  0.00114213
464127	-0.00572848  0.00683575 -0.00484852 -0.00532927 -0.01497825  0.00843982
 -0.00010901 -0.00240387 -0.00436831  0.00906708
