111616	-0.00123208  0.00284093 -0.00718248  0.01327264 -0.00032348 -0.00037049
 -0.00685802  0.00572244  0.00277935  0.01444025
390658	 0.00241091  0.00640928 -0.00045944 -0.00056189  0.00223117 -0.00387333
 -0.00588427  0.00140932 -0.00258447  0.00049627
305671	-0.00620627  0.00559304  0.0028004  -0.00121893  0.00824619 -0.0036861
 -0.00412356  0.00791104 -0.00055115  0.00224928
483851	 0.00328781  0.00467814 -0.00439836  0.00218929 -0.00443328 -0.00295679
 -0.00386438  0.00086119 -0.00579486 -0.00274923
389138	-0.00356539  0.00100959 -0.0027933   0.0044082   0.00244292 -0.00037614
 -0.00112038  0.00511513 -0.00440367  0.00027072
284692	-0.00550537  0.00071134 -0.00030859  0.00311873  0.00200547 -0.0016699
 -0.00674781  0.01094744  0.01073919  0.00712225
183815	-0.02163611 -0.01070972  0.01598578 -0.00072598  0.04466487  0.02628443
  0.01058938 -0.00481405 -0.00147876 -0.00102362
305708	-0.01695205  0.00552952 -0.00739214  0.00769694  0.00628941  0.00087126
 -0.01802995  0.00083247 -0.00362588  0.00078461
461870	-0.00269162  0.00266644 -0.00015376  0.00430854 -0.00072529  0.00466113
 -0.01222422  0.01110714  0.00145247  0.00642055
270902	-0.00112858 -0.00631354 -0.00301542  0.00817419  0.00176495 -0.01155066
 -0.00260254  0.00341017  0.01626443 -0.00523037
246624	-0.00883088  0.00437146 -0.00770393 -0.00213377  0.00153816 -0.00841338
  0.00386103 -0.00211063  0.00222568 -0.00072482
175683	 0.00026384 -0.00351599 -0.00589172  0.00596585  0.00490429  0.01230999
  0.00575247 -0.0030778  -0.0020434   0.00390462
75332	-0.00023396  0.00134919  0.00075792  0.00083896  0.0016619   0.00131172
  0.0014743   0.00376889 -0.00232935 -0.00616866
224334	 1.1307547e-03  4.0130704e-03 -3.2213554e-03  5.7663247e-03
  3.8271779e-03  8.1799808e-05 -1.1299466e-02  3.0403971e-03
 -2.5881762e-03  1.7335571e-03
497231	-0.00166882  0.01000752 -0.00395513 -0.00390471  0.00177462 -0.00673154
 -0.01020451 -0.00488457  0.00061699 -0.00074428
377784	 3.6602185e-05 -1.5183964e-03  6.4947195e-03 -1.0692612e-03
 -6.2031713e-03  4.5561761e-04  1.6069355e-03  6.6886534e-04
 -1.3547501e-03 -9.0881938e-04
354393	-0.00299417  0.0021401  -0.00201132  0.00031625  0.00638045  0.00686982
 -0.00937316  0.00232505  0.00095854  0.00671064
415323	-0.00023605 -0.00059091 -0.00240148 -0.00020771 -0.00270995  0.00015495
 -0.00476949  0.00348594  0.00279035  0.00275636
118886	-0.00277969 -0.01378082 -0.00676898  0.0043514  -0.00597975 -0.01289578
 -0.00953122 -0.00297179  0.00232512 -0.00286626
268907	-0.00946133 -0.00530179  0.00893083  0.01558998  0.02489081 -0.01835774
 -0.0280936   0.00547859  0.00287896  0.00630473
147569	-0.00590333  0.00859724 -0.00304962  0.01140053  0.00289929 -0.00645004
 -0.00783603 -0.01494338  0.00233072 -0.01310299
428668	-0.004958   -0.00791463 -0.00730358  0.00420076  0.00360819  0.01141341
 -0.011349    0.0053396  -0.01121731  0.00917799
483455	-0.00634185  0.00092004  0.00468106  0.00551775  0.0003562   0.0028502
 -0.01852788  0.00486759 -0.00176865 -0.00350255
460422	 0.0006283  -0.00018055 -0.00361481  0.00643803  0.00234424 -0.0004463
 -0.00290297 -0.00439388 -0.00225668 -0.00104509
9864	-0.00174232  0.00468034 -0.00013233  0.0008564   0.00121635  0.00168638
 -0.00812697  0.00105156  0.00114574  0.00678274
33418	-0.00263545  0.00043247  0.00187146 -0.00143312  0.00122752  0.00040833
  0.0026613   0.01373227 -0.00445562  0.00050442
408719	-0.00180199  0.00778025 -0.0015829   0.00158063  0.00306568  0.00343916
 -0.00556051 -0.00337117  0.00396895 -0.00470964
452753	-0.00474356  0.00106496 -0.00722155  0.00088563  0.00484277 -0.00532299
 -0.00483902  0.00489226 -0.00724954  0.00119056
452758	-0.00230235  0.00288095 -0.00105353 -0.00534633  0.00257498 -0.00686016
  0.00699865 -0.00057188 -0.00638598 -0.00602662
487576	-0.00225678  0.00253537 -0.01016956  0.00480421  0.00246526 -0.00215638
 -0.00618334  0.00398347 -0.00179991  0.00512541
86172	-0.00685404  0.00372296 -0.00408809  0.00517035  0.00099629  0.0013638
 -0.00796441  0.00287532  0.00040954  0.00137124
59040	 0.00882517  0.0047907   0.00895172 -0.00700042  0.00457742 -0.00344845
 -0.01790958  0.01499977 -0.00408192  0.00088879
452784	-0.00725555  0.00190685 -0.00293449  0.00378224  0.00043138 -0.00229932
 -0.00470908  0.00276683 -0.00385832 -0.00149039
400053	-0.00099893  0.00171516 -0.0007091   0.00513747  0.00469981 -0.0018174
 -0.01115958  0.00200347 -0.00035006  0.00188825
483000	-0.00590333  0.00859724 -0.00304962  0.01140053  0.00289929 -0.00645004
 -0.00783603 -0.01494338  0.00233072 -0.01310299
452794	-0.00451195  0.00211736 -0.00402431 -0.00013767  0.00348392 -0.00523545
  0.00054884 -0.00311016 -0.00547529 -0.00167115
481980	-0.01635802 -0.0015093  -0.005697   -0.01151249  0.00606043 -0.00554459
 -0.00879782  0.00861428 -0.00787359 -0.00134838
442563	 0.00038994  0.00406006  0.00376604 -0.00163461  0.00338474 -0.00144542
 -0.00299125 -0.0004125  -0.00552255  0.00322443
33482	 3.6602185e-05 -1.5183964e-03  6.4947195e-03 -1.0692612e-03
 -6.2031713e-03  4.5561761e-04  1.6069355e-03  6.6886534e-04
 -1.3547501e-03 -9.0881938e-04
485073	-0.00619698  0.01210157  0.00680484 -0.00611025  0.01095616 -0.00175974
 -0.00071911 -0.00314295  0.00160349 -0.00633012
367317	-0.00195739  0.00673888  0.00215558 -0.00493933  0.01239924 -0.00281439
 -0.00537908  0.00208266  0.00388487 -0.00230775
468184	-0.00238338  0.00588036 -0.00059855  0.00223759  0.00240411  0.0019128
 -0.00411236  0.0030945  -0.00827975  0.00329482
295133	 5.6170607e-03  4.8985565e-03 -1.1511340e-03  6.8429732e-03
  1.5801079e-04 -2.2477736e-03 -4.7891107e-03 -2.8354491e-03
  1.5323883e-03 -7.8608347e-05
187102	-0.0172275  -0.00397999 -0.00616059 -0.01947253 -0.0044619   0.00764305
  0.00685495  0.00057624 -0.00956221 -0.00692659
367335	-0.00195739  0.00673888  0.00215558 -0.00493933  0.01239924 -0.00281439
 -0.00537908  0.00208266  0.00388487 -0.00230775
367336	-0.00195739  0.00673888  0.00215558 -0.00493933  0.01239924 -0.00281439
 -0.00537908  0.00208266  0.00388487 -0.00230775
143595	-0.00647542 -0.00277883  0.00278102  0.00335428 -0.00208769 -0.0040196
 -0.00176797  0.00206978 -0.00452537 -0.00156686
114929	 0.00598789  0.01088454  0.00149399  0.00982173  0.00651816 -0.00475027
 -0.00474987 -0.00579011  0.0102483   0.00463914
367353	 0.00269071  0.00426586 -0.00513206 -0.00025027 -0.00044665 -0.00240663
 -0.00727335 -0.00219724  0.00083668  0.00227178
366805	 0.00121174  0.00339415 -0.00880282  0.00345994  0.00809199 -0.00205717
 -0.01321443  0.00093006 -0.00288647  0.00499957
491782	-0.00920503  0.00013736 -0.00408281 -0.00321593  0.00142797 -0.00220079
 -0.00128201  0.00912711 -0.00842323  0.00223746
491789	-0.00920503  0.00013736 -0.00408281 -0.00321593  0.00142797 -0.00220079
 -0.00128201  0.00912711 -0.00842323  0.00223746
508184	-0.0063554   0.00133809  0.00089336  0.00042678 -0.00050068  0.00127903
 -0.00659408  0.00981191  0.00211837 -0.00238388
295194	-0.0066993  -0.00365695 -0.00267007  0.00604005  0.00342836 -0.00255236
 -0.00695452 -0.00353491  0.00351537 -0.00329072
36827	 0.00113075  0.00948301  0.00541297 -0.00087787 -0.00109764 -0.00361413
 -0.00237904 -0.00071077 -0.00341742 -0.00665179
443172	-2.7739946e-03  3.6780711e-03  2.7994998e-03 -5.2108680e-04
  5.1192013e-03 -2.0123164e-03 -2.6367595e-03  1.5337106e-05
  2.4889535e-04 -5.1797559e-03
141097	 0.00362633  0.00966761 -0.01458913  0.0023377   0.01119214 -0.00747886
 -0.01382863  0.00368698 -0.0063922   0.00928809
246586	-0.00647901  0.0106048   0.00858505  0.00081882 -0.00225939  0.01016187
 -0.00228557 -0.0110393  -0.0089539  -0.00113996
409409	-0.00663079  0.00139549  0.00012607  0.00360893 -0.00031499 -0.00039704
 -0.00636275  0.00591635 -0.00220067 -0.00348909
556354	-0.00127923  0.00320847 -0.00875609 -0.00831433 -0.00467696  0.00225085
 -0.00971339  0.00207783 -0.00477957 -0.0030353 
443207	-0.00483513  0.00905257 -0.00089911  0.0066456   0.00555195 -0.00309048
 -0.00519883 -0.00643176 -0.00185994 -0.00695007
511304	-0.00069044 -0.0040129   0.00655325  0.0062406   0.00894682  0.00117534
  0.00664097 -0.00155479  0.00114253  0.0109498 
505162	 0.00262114  0.00787674 -0.00521414  0.00338611 -0.00075885 -0.00176541
 -0.01119034  0.00175248 -0.00601636  0.00662649
445771	 0.00132111 -0.00273951  0.00650469  0.00145384  0.0012861   0.00120202
 -0.01109888 -0.0019537  -0.00305591  0.00020813
330573	 0.00273784  0.00338018  0.00259051  0.00182706 -0.00365261 -0.0011764
 -0.00645481  0.00736788 -0.00879564 -0.00460269
399694	 0.00285982  0.01360685 -0.00146075 -0.00326425 -0.00292297  0.00263296
 -0.00355989 -0.01367715 -0.00153652  0.00921173
550735	 0.0049876   0.00610873 -0.00677189  0.00021506  0.0049467  -0.00090273
 -0.01154629  0.00158691 -0.00604473  0.0022122 
334162	 0.00273462  0.00558662 -0.00055669  0.00594237 -0.00191511 -0.00365212
 -0.0138144  -0.0013656  -0.00260402 -0.00174798
550740	 0.00669661  0.00285835 -0.00330346  0.00085818  0.00741013  0.00189849
 -0.01134468  0.00589026 -0.00562862  0.01103247
449423	 0.00241783  0.00461317  0.00228717 -0.00074134  0.00433882 -0.00127918
 -0.00201362 -0.0001044  -0.00449094  0.00485481
203102	-0.00070374  0.00127846  0.00324096  0.00388132 -0.0003217   0.00068293
 -0.00830803  0.00302374  0.00138441  0.00355583
284516	-0.00350454  0.00508069 -0.00509353 -0.00051094 -0.00018323 -0.00266068
 -0.00119334 -0.00284976 -0.00044571 -0.00361626
33645	 3.6602185e-05 -1.5183964e-03  6.4947195e-03 -1.0692612e-03
 -6.2031713e-03  4.5561761e-04  1.6069355e-03  6.6886534e-04
 -1.3547501e-03 -9.0881938e-04
340356	-2.8480461e-03  5.0548618e-03 -1.8221737e-03  4.4800988e-03
 -8.2084839e-04 -5.4535456e-03 -7.8465184e-03 -2.7549982e-05
 -2.6336515e-03 -5.3560344e-04
284047	-6.2473449e-03 -1.2810054e-03 -3.0870244e-03  6.6383700e-03
  8.5164256e-06  2.5567280e-03 -9.7260475e-03  8.2353037e-03
  1.5533559e-03  2.3331696e-03
284048	-0.00871761 -0.00197003 -0.00584207  0.00445346  0.00029685  0.00466211
 -0.00917468 -0.00567619  0.00445063 -0.00015601
545174	-0.00057217 -0.00280033 -0.00459966  0.0042764   0.00312244  0.00387709
 -0.00040799 -0.0082669   0.00355211  0.00411033
482726	-0.00273697  0.00859397 -0.01026983 -0.00289463  0.00011768  0.00012106
 -0.00187793  0.00423391  0.00102923 -0.00819148
535977	-0.00320958  0.00990639 -0.0054942   0.00885961  0.00218298 -0.0019767
  0.00037477 -0.00276015  0.00386805 -0.00037417
491959	 5.3334506e-03  2.6741384e-03  5.0829803e-03 -9.2541444e-04
  7.0956182e-03 -4.0881434e-03 -3.0695049e-03 -3.2101129e-04
 -1.7654807e-05  5.4538605e-04
389048	 0.00199196  0.00575543 -0.00244687  0.00782172 -0.00095079  0.00289409
 -0.00696721 -0.00143906  0.00317621 -0.0012944 
225721	-0.00850881  0.00582602 -0.00205013 -0.00104236  0.00150224 -0.00053609
 -0.00207623  0.00586349 -0.00055213  0.00324245
482747	 0.00465145 -0.00466567  0.00074991  0.0067867   0.00090905  0.00087688
 -0.01751408  0.00428542 -0.00478895  0.0002949 
206782	-0.00157144  0.00377015 -0.00445685  0.00684704 -0.00078159 -0.00278843
 -0.00829443  0.00052654 -0.00621682  0.00148405
183236	-0.00496901 -0.00015133 -0.00349097  0.00412857 -0.00233761  0.00125761
 -0.00650532 -0.00743306  0.00194497 -0.00289576
35781	-1.1062569e-03  1.0399616e-02  7.6555880e-03  1.5437660e-03
 -1.2125928e-02  7.2330644e-05 -9.5064389e-03 -3.1527756e-03
  5.7770638e-03 -5.7556559e-03
422855	-0.00151554  0.00050919 -0.00604224  0.00810086  0.00163471  0.00191345
 -0.00919155  0.00495606 -0.00282221 -0.00128412
389066	-0.00320647  0.01009958 -0.00136842  0.00870859  0.0006927   0.00180022
 -0.00789809  0.00863114  0.00120489  0.00404322
504653	 0.00288686  0.00494273  0.00125684 -0.00321156  0.00694452 -0.00675434
 -0.00693272 -0.00138696 -0.00186145  0.00349297
130513	 0.00037093  0.00255431 -0.00377405  0.00578303  0.00832062 -0.0045939
 -0.01938214  0.00436321 -0.00558981  0.00795896
503255	-0.00973246  0.00239364 -0.00220198  0.00316705 -0.00288521 -0.0022312
  0.00279901 -0.00119361  0.00127137  0.0004424 
292687	 0.0025382   0.00190007  0.00138592  0.00381234 -0.00250773 -0.00231562
 -0.00329921  0.0019502  -0.0028668   0.00106088
183794	-0.00358175  0.00718691 -0.00365214  0.01103083 -0.00043676  0.00281005
 -0.0121403   0.00428047  0.00049779  0.00488294
424440	-0.00118741  0.00382496 -0.00553509  0.00794401  0.00522249 -0.00032412
 -0.01370248  0.00352834 -0.00490191  0.00235498
148475	-0.00011964  0.01006201 -0.0006962  -0.0025438  -0.00262062 -0.00320478
  0.00237422  0.00454277 -0.00334571 -0.00694656
124925	 0.00093075 -0.00146403 -0.00868472  0.00196282  0.00742671 -0.00636065
 -0.01201235  0.00749111  0.00057066  0.00854918
