366720	-0.00727235 -0.00080162  0.00241738 -0.00350631  0.00034377 -0.0094056
 -0.00406927  0.00320901  0.00339531 -0.00023422
533761	 0.01004222  0.0013837  -0.01108434  0.00520632  0.00707873  0.00065617
  0.00493025 -0.00073984  0.00408945  0.01323613
94161	-0.00479831  0.00708651  0.00150751 -0.00294349  0.00668059 -0.00717991
 -0.00570117 -0.00377975  0.00099442  0.00334239
491947	 0.00228088 -0.00041787 -0.0061247  -0.00450977 -0.00521541 -0.00349727
 -0.00498286 -0.00532109 -0.00179194  0.00801775
466083	 0.00330398  0.00432643  0.00855438  0.00985518  0.00256544 -0.00787011
  0.0003699  -0.00476285  0.00077487  0.00659372
559366	 0.00159525 -0.00149083  0.00436542 -0.00041683  0.00164345 -0.00338312
 -0.0053873   0.0021396  -0.00163465  0.00434353
33601	-0.00548309 -0.00433672  0.00729002  0.00790974  0.01033944  0.00333725
  0.00063346  0.01133132 -0.0001418  -0.00444388
233610	 0.00909382  0.01368341  0.00345495  0.01258066 -0.00092203  0.001181
 -0.00734268 -0.0140836  -0.00585755 -0.00859762
560140	-0.00243177  0.00668439  0.00326185  0.00135795  0.00460515 -0.00546674
  0.00065452 -0.00178941 -0.00192822 -0.00342505
265870	 0.01581515  0.00137422 -0.00135857  0.00113033  0.00242747 -0.00855553
 -0.00443934  0.00657128  0.0014503   0.01190484
406415	-0.00056156 -0.00796465  0.00533043  0.00279863  0.00640125 -0.00429903
 -0.00391558 -0.0018109   0.00406818  0.00624518
133393	 5.4771621e-03 -8.0081485e-03 -1.0540449e-03  4.2853709e-03
  6.6809789e-03  1.3656580e-03 -5.3683110e-04  9.5462754e-05
  3.5588085e-03 -1.7563073e-03
535698	-0.00250411  0.00075607  0.00162912 -0.00272099  0.00443993  0.0067746
 -0.00095645 -0.00669817  0.00442998 -0.00694101
34435	-0.00128097  0.00140319 -0.01793327  0.00223195  0.01908066 -0.00203269
 -0.00793558 -0.01388905  0.01438526  0.00358167
231001	 0.00134354  0.0014068   0.00262173 -0.0079173   0.01426879 -0.00551795
 -0.02245318  0.00644065 -0.01132428  0.00646096
399556	 0.00227201  0.01316117 -0.0022624  -0.01463575  0.00509813 -0.01695278
 -0.00538427 -0.00399599  0.01270833  0.00110845
299931	 0.00714403 -0.00814988 -0.00368564 -0.00967855  0.00133344  0.0034071
 -0.00550321 -0.00271245  0.00219033  0.00529316
253212	 0.0023363   0.00141991  0.00080833  0.00330999  0.00278341 -0.00362176
  0.00533166  0.00085239  0.00132472 -0.00256806
226973	-0.00664832 -0.02348231  0.0056727  -0.00298     0.00391682 -0.01051653
 -0.01781068  0.00447281  0.00023424  0.0017932 
242846	-0.00786934  0.01074592  0.00123104  0.00882023 -0.00021294 -0.00153503
 -0.01727487  0.00479814 -0.00399839  0.00722865
152864	 0.00126292 -0.00778484  0.00175728  0.00261534  0.00059609  0.00888987
 -0.00251568 -0.00565076 -0.00706049  0.00010042
302832	 0.00637334  0.00137939  0.01029201 -0.00814228  0.00372954 -0.0056343
 -0.00892685  0.00092067 -0.00078065 -0.00120314
466082	 0.00330398  0.00432643  0.00855438  0.00985518  0.00256544 -0.00787011
  0.0003699  -0.00476285  0.00077487  0.00659372
447779	 0.0052575  -0.00487692  0.00898145  0.0015515   0.00402393 -0.00689371
  0.00116742  0.00030006 -0.00305377  0.00192919
151076	 0.00350736 -0.00292676  0.00516873  0.00326388 -0.0001125  -0.0054132
 -0.00564574 -0.00300182 -0.00333082  0.00039608
394533	-0.00426484 -0.00400987  0.00657347  0.00305136 -0.00977689 -0.00673696
 -0.01187548  0.00218533  0.00090833  0.00618731
7335	 2.6931979e-03 -5.2718422e-03  1.3960410e-03  4.0552621e-03
  5.3502982e-03  1.1816283e-03 -3.5154021e-03  3.5890853e-03
 -3.9594386e-05 -2.6534475e-05
36087	-0.00478435  0.00467034  0.00883596  0.00896686  0.01021094 -0.00083919
 -0.00590721  0.01271256  0.00085367 -0.00524736
36777	-4.49878676e-03 -1.19021535e-02 -2.16004509e-03  3.58260795e-03
  5.15363226e-03  9.77692325e-05 -5.28741535e-03 -1.52177806e-03
 -2.71557271e-03 -3.10744188e-04
511531	 0.00073507 -0.00545573 -0.00021319  0.00634318  0.00590255  0.00107846
 -0.00030334 -0.00664317 -0.00059742 -0.00031983
470701	-0.00297734 -0.00134954 -0.00030037 -0.00098028  0.00187153  0.00153148
 -0.00385429 -0.00383877 -0.00251317  0.00683697
437348	 0.00430194  0.00173493 -0.00880314 -0.01198547  0.00786273 -0.00224763
  0.00132817 -0.00460962  0.0079652   0.00485128
74213	 0.00579288 -0.0002187   0.00538858  0.00664739 -0.00353379 -0.00025902
 -0.00498445  0.00992954  0.00071553  0.00350301
60339	 0.00101879 -0.00492567  0.00536614  0.00065031  0.00510928 -0.00115374
 -0.00169959  0.00253792 -0.00311631  0.00124425
136120	-0.00224824  0.00290075  0.00417493 -0.00289644 -0.00466815  0.00118177
 -0.00692819 -0.00242359  0.00193443  0.00308557
15931	-1.5364797e-03  2.0281591e-03  4.1388514e-05  1.7882129e-03
  4.2022518e-03  5.3977906e-03  2.5499603e-03 -1.0808270e-03
  9.2708720e-03 -1.8311292e-03
12093	 0.00058599 -0.00217715 -0.00384143  0.00068732 -0.00432924 -0.00484998
 -0.0098152   0.00435012  0.00098244  0.00945127
383321	 0.00080853  0.00081034 -0.00563366  0.00549845  0.00238204  0.00179604
 -0.0021004   0.00540987 -0.00169313  0.00139542
451903	 0.00238342  0.00276219  0.00920484 -0.00325152  0.01013185 -0.01051512
  0.00687736 -0.00085267 -0.00161412 -0.01089277
276448	-0.00334992  0.00067636 -0.00084309 -0.00492483  0.0062039   0.01079926
  0.00565314 -0.00119595 -0.00249611  0.0040542 
36547	 0.00413335 -0.00623696 -0.00061756  0.00017054  0.00416    -0.00140695
 -0.01135089 -0.0048319   0.00565403 -0.00018237
261572	-0.00099856 -0.00163178  0.00376514 -0.00277813  0.00074132 -0.00617031
 -0.00095047  0.00455064 -0.00188796 -0.00141275
291653	-6.6862586e-03  5.2424945e-04  8.2141499e-04  1.8441213e-03
 -6.1337836e-04 -1.4452217e-03 -4.8819187e-04  5.0348961e-05
  9.6214900e-04  2.5230104e-03
34247	-0.00696669 -0.00421346  0.00433869  0.01192279  0.01318542  0.00541697
  0.00226263  0.00737223  0.00059383  0.00224619
407244	 0.00275088 -0.00390923  0.00686699  0.00243561  0.00221159  0.00146695
  0.00115456  0.00259331  0.0008636   0.00278846
209994	-0.00426454 -0.00388037 -0.0030128   0.00064714  0.00189668 -0.0023943
 -0.00594389 -0.008306    0.00052931  0.00019738
551115	-0.007305    0.00607224 -0.00184126  0.00466686  0.00371612  0.00690871
 -0.01247936  0.00103683 -0.01148751  0.00196355
411980	 7.0539035e-04 -2.7539723e-03  7.1920869e-03 -3.1249516e-03
  3.3441165e-03 -3.5915792e-03 -5.5486239e-03  2.3484754e-03
  9.4487346e-05  2.8666893e-03
77773	-0.00107425 -0.01739286 -0.00261481  0.00027478 -0.00134233 -0.00287034
 -0.01449362 -0.01800851 -0.00063707  0.00021946
168401	-0.0003402  -0.01504226 -0.00091802  0.00239609  0.00919056 -0.00066012
  0.00586812 -0.00363419  0.00264348 -0.00091037
82515	 0.00112131 -0.00305123  0.00062091  0.00276931 -0.00368661 -0.00425169
 -0.0047017   0.00317864 -0.00034292 -0.00432794
143375	 0.00659307 -0.00332804  0.00429016  0.00348708  0.00123874 -0.00551789
 -0.00135936 -0.00188291 -0.00500095  0.00245911
273885	 4.0903133e-03 -3.4933975e-03  3.5273195e-03  5.6854310e-04
 -8.1890954e-05 -5.9650053e-04 -2.0181555e-03 -1.3166765e-03
 -2.4971196e-03  4.0784716e-03
80990	 0.0070079  -0.00820671 -0.00479072  0.0078768   0.00884014  0.00270789
 -0.01085406  0.00155196  0.00774134  0.00462099
162803	 0.00235988  0.00519869 -0.00022602  0.0005296   0.00322043 -0.00544653
 -0.00301987  0.00426615  0.01480829  0.00128527
38346	-4.49878676e-03 -1.19021535e-02 -2.16004509e-03  3.58260795e-03
  5.15363226e-03  9.77692325e-05 -5.28741535e-03 -1.52177806e-03
 -2.71557271e-03 -3.10744188e-04
38589	-0.00128097  0.00140319 -0.01793327  0.00223195  0.01908066 -0.00203269
 -0.00793558 -0.01388905  0.01438526  0.00358167
34275	-0.00128097  0.00140319 -0.01793327  0.00223195  0.01908066 -0.00203269
 -0.00793558 -0.01388905  0.01438526  0.00358167
490340	 0.0055187   0.00291014 -0.00159501  0.00216185  0.00234342  0.00378023
 -0.00453026  0.00239624  0.00402094 -0.00081493
412005	 0.00229092 -0.00754202 -0.00042185  0.00071001  0.00499035 -0.0046182
 -0.00527695  0.00099536  0.0029883  -0.00051593
152934	 0.00243533  0.00562406  0.00375641  0.00115067  0.00365143  0.00196122
 -0.00770447 -0.00029652  0.00192174  0.00385417
185959	 0.00047052 -0.00145143 -0.00044059  0.00087213  0.0001222  -0.0062459
 -0.00374513 -0.00141454  0.00278839  0.00193583
437352	-0.00661455  0.00181378 -0.00791265 -0.00724452 -0.00120563  0.0046378
  0.00263546  0.00337912  0.00508336  0.00024269
242	-0.000455   -0.0071261   0.00660551 -0.00089502  0.00263329 -0.00104267
 -0.01036141  0.00960101  0.00616125 -0.00553971
571623	 0.0131221   0.00174901 -0.00915596  0.00349429 -0.00749467 -0.00329557
  0.00192051  0.00433207  0.00162906 -0.00128215
357486	 0.0171052   0.00242724 -0.00711654 -0.00280281 -0.02140743 -0.01055489
  0.01566967 -0.00786976 -0.01226512  0.00129422
124655	 0.00932094 -0.00641393  0.0036426   0.00059215  0.00232793 -0.00722481
  0.00213694  0.00259106  0.00084128 -0.00749393
261362	 0.00058379  0.00090776 -0.00482792 -0.00173051 -0.00214358 -0.00352615
 -0.00248431 -0.00445043  0.00172452  0.00194977
434547	 0.00973767 -0.00304742  0.00566161  0.01792239  0.00357358 -0.0012368
  0.00390428 -0.02358459  0.01280191 -0.00554714
392721	-0.00338645  0.00446867  0.00501968  0.00593428 -0.0004691  -0.00280563
  0.00523556 -0.00197788  0.00380289  0.00049326
510453	 0.011507   -0.00013901  0.00080608  0.007157    0.01617206  0.00122236
 -0.00770983 -0.00208077  0.00976434  0.00587825
571638	 0.00190865  0.00095158 -0.00362754  0.00566812 -0.00175081  0.00263587
 -0.00348248 -0.01038211 -0.00154973 -0.00169461
427767	 0.00764616 -0.00454556 -0.0057285  -0.00330294  0.00336446  0.00573384
 -0.00116835  0.00103604 -0.00159151 -0.0032466 
36415	-4.49878676e-03 -1.19021535e-02 -2.16004509e-03  3.58260795e-03
  5.15363226e-03  9.77692325e-05 -5.28741535e-03 -1.52177806e-03
 -2.71557271e-03 -3.10744188e-04
290045	-0.00198612 -0.00638236 -0.00521797 -0.0019202  -0.00155022 -0.00522398
 -0.00650063  0.00282996 -0.00768914 -0.00336887
36152	-0.00128097  0.00140319 -0.01793327  0.00223195  0.01908066 -0.00203269
 -0.00793558 -0.01388905  0.01438526  0.00358167
