63659	-0.00019348  0.00143415 -0.00296296 -0.01051009  0.00071836 -0.00396594
 -0.0036449  -0.00052352  0.00242743  0.0051692 
423946	 9.29462665e-04 -6.46672997e-05  2.56367470e-03 -9.66692285e-04
 -1.10130415e-04 -1.75690011e-03 -5.56300068e-03  1.03100890e-03
  2.89547537e-03 -1.70721742e-03
209424	-0.00099867 -0.00034102  0.00141984  0.00189417  0.00262166 -0.00211783
 -0.00806207 -0.00238937 -0.00045473  0.00365996
33300	 0.00240902 -0.00282599  0.00172646  0.00132991  0.00456693 -0.00454315
  0.00287218  0.0009027   0.00148571  0.00480966
507448	-0.00876213  0.00084435 -0.00364016  0.00256101  0.00140288  0.00378802
 -0.00371343 -0.00370832  0.00296591  0.00312547
400442	 0.00899487  0.00807301 -0.00032783 -0.00284815  0.01328768 -0.00348031
 -0.01856539 -0.00110081 -0.0047969  -0.00119695
134204	 0.00635899 -0.00373602 -0.00145448 -0.0048696  -0.00495795  0.00399096
 -0.00792618 -0.00289506 -0.001402    0.00275925
392254	 0.00090442  0.00515792 -0.00185986 -0.002465   -0.00343779  0.00212833
 -0.00788602 -0.00625567 -0.00370327  0.00683949
169539	 0.00179508 -0.00103167  0.0038277   0.00200201 -0.00618777  0.00251547
 -0.0103712   0.0071695  -0.00483798  0.00063368
507460	-0.00199317  0.00391082  0.00084242 -0.00218901 -0.00478888  0.00146916
 -0.00344679 -0.00670152 -0.00070993  0.00782095
302663	-0.01071333 -0.01592445  0.00038782  0.01126217  0.00194595 -0.0094919
 -0.01762049 -0.00520035 -0.00618188 -0.00903656
456555	 0.00704685  0.00178444 -0.00357958  0.00266396 -0.00523856  0.00314126
 -0.00242436  0.00036208 -0.00304807  0.00210254
194124	 4.1026170e-03  5.3630283e-05 -2.2665432e-03  1.1922891e-03
  9.4804674e-04  2.0197849e-03 -7.3300833e-03 -1.8380774e-03
 -6.8824796e-04  4.9433890e-03
452692	 0.00540534  0.00356537 -0.00024581 -0.00346138  0.01245569 -0.01334973
 -0.0087635  -0.00680578 -0.00974892 -0.00907811
411752	 7.2709848e-03  2.9703140e-06 -1.4919102e-03 -1.0228582e-02
 -4.4044494e-03 -7.4008964e-03 -8.3033955e-03 -4.4555967e-03
 -1.5412268e-03 -1.8904904e-03
430723	 0.01020055  0.00418454  0.00519701 -0.00392796 -0.00996275  0.01044188
 -0.01200122  0.0055633   0.0056305   0.00156177
377485	 0.00676448  0.01010009 -0.00099745 -0.00911098 -0.00045179  0.00296981
  0.0050032   0.00107787  0.00337534 -0.00267668
209040	-0.0080052  -0.01007949 -0.00526271  0.00699722 -0.00083225 -0.00293231
 -0.00525355  0.01115724 -0.00176198 -0.00114617
206995	 0.00357705  0.00402603 -0.00409531 -0.00689421 -0.00050946  0.00288127
 -0.01014621  0.00382881  0.00148303  0.00226217
172184	-0.00339111  0.00313849 -0.00211284  0.00307265  0.00281747 -0.00271114
 -0.01123327  0.0021853  -0.0035084  -0.00302007
305312	 0.000543   -0.0027981   0.00175289 -0.00556243 -0.00155724 -0.00446478
 -0.00335545 -0.00231457  0.00158324  0.00316479
253096	-0.0048093  -0.00457863  0.00763934  0.01596741  0.00018044 -0.00756047
  0.00743557  0.01340533  0.00819673 -0.00808094
475819	 0.00442463  0.00754271 -0.0014698  -0.00602883  0.00142237 -0.00232737
 -0.00751158 -0.00339106  0.00463108  0.00402867
266924	 0.00641162 -0.00974172  0.00891832  0.00437825  0.00838478 -0.00838361
  0.00609011 -0.00606837 -0.00237288  0.01356593
406702	 0.00050043 -0.01409533 -0.0035077  -0.00407169  0.00065997 -0.00307455
  0.01010067 -0.00254914  0.00464646  0.00084055
412847	 0.00762606  0.00346803  0.00305839 -0.00059031 -0.00665547 -0.00061207
 -0.00013116  0.00037664 -0.00781712  0.01085099
245960	-0.00847862  0.00165819 -0.00741777 -0.01569821 -0.00832477  0.0038652
  0.00224989  0.01421036 -0.00532604  0.01301844
413363	 0.0014888   0.0074929  -0.0023302  -0.00247006 -0.00087387 -0.00128827
 -0.01023117 -0.0034522  -0.00017415  0.00288428
388793	 0.00493038  0.00095822  0.00363404 -0.00324735 -0.00075703 -0.00432976
 -0.00430633  0.0054239  -0.00424511  0.003993  
555194	 5.8686580e-03 -3.9153423e-05  1.1640381e-03 -2.1546204e-03
 -3.2784194e-03 -1.3661572e-03 -1.9398568e-03  8.1820053e-04
 -9.4245025e-04  1.5999160e-03
555195	 0.00317209  0.00175968  0.00130936 -0.00386642 -0.00063679  0.00240859
 -0.00311807 -0.00415477 -0.00130444  0.00869992
507581	-0.00216679  0.00136221 -0.00101979 -0.00445844 -0.00213969 -0.00104863
 -0.00403268 -0.00135015 -0.00153324  0.00442803
408781	-0.00426984  0.00421087 -0.00182594 -0.00708969 -0.00205224 -0.00248874
 -0.00606829 -0.00554135 -0.00023525 -0.00284019
448215	 0.00695102  0.00262897 -0.00395597 -0.00208195  0.00245355  0.0002672
 -0.00467774 -0.00625709 -0.00062203  0.00472839
492760	-0.00390918 -0.00023608 -0.0018298  -0.00994738 -0.00293912 -0.0020437
 -0.00457029  0.00655443  0.00067021 -0.00405993
159963	-0.00188577  0.00350629 -0.00706464  0.00768474 -0.00182129 -0.00156678
 -0.00511302  0.00371785 -0.002952    0.00097547
522987	 4.9131461e-03  2.9411989e-03 -3.9450955e-05 -1.9518026e-03
 -4.4956594e-03 -3.4827029e-03 -8.5679453e-04 -6.2672643e-04
 -1.9394752e-04 -2.2317603e-04
563447	 0.00798004  0.0025675  -0.00072026 -0.00204968 -0.00672397 -0.00127741
 -0.00403469 -0.00233244  0.00014726  0.00526309
117503	 0.00487389  0.00784838 -0.00282521 -0.00877787 -0.00619546 -0.00557099
 -0.00355908 -0.00827281  0.00394509  0.00700188
533761	-0.00578398  0.01134842 -0.0031677  -0.00771418 -0.00045473 -0.00265932
  0.00024283  0.00664147 -0.00535158  0.00415838
520966	 0.00410967  0.00336667 -0.00072798  0.00500965  0.00113214  0.00237125
 -0.00379691 -0.00364225 -0.00182553 -0.00348839
563478	 0.00877267  0.00833912 -0.00672277 -0.00184451 -0.00166939  0.00372901
  0.00333552 -0.0090866  -0.00164476  0.00363915
435996	-0.00103827  0.00411985 -0.00257305  0.00143138  0.00100953  0.00734548
 -0.00297504 -0.00348624  0.0051958   0.00083916
556829	 0.00243601  0.00098819 -0.00020508 -0.00315285  0.00262846  0.00110639
 -0.00305528  0.00159405  0.0012627   0.00289895
493856	-0.00379473  0.00294369  0.00086966 -0.01131796 -0.00229064 -0.00612381
  0.00129841 -0.00263269  0.00413634 -0.00400434
326433	 0.0146157   0.01564754  0.01279885  0.00059702  0.00510143 -0.00851464
 -0.01072528 -0.0096245   0.0048805   0.00374079
563490	 0.00877267  0.00833912 -0.00672277 -0.00184451 -0.00166939  0.00372901
  0.00333552 -0.0090866  -0.00164476  0.00363915
252199	 1.9331935e-03 -7.7490899e-04 -2.7616799e-03 -1.3483855e-03
 -3.7664955e-05  1.3777673e-03 -3.6371925e-03 -1.5298193e-03
 -2.1418028e-03  4.5175667e-04
470312	 0.00196865  0.00370174  0.00362322  0.00495141 -0.01199622  0.00179791
 -0.00761088 -0.00477497 -0.00295231  0.00558044
400688	 0.00231412  0.00465147  0.00872723  0.00385141  0.00770519 -0.01416033
 -0.00637807  0.00453192 -0.0105096  -0.00875219
563506	 0.00025651  0.00592743 -0.00397225  0.00045084 -0.00512089 -0.0003152
 -0.00596343 -0.00109857  0.00144795  0.00252774
400696	-0.00127693 -0.00149285 -0.00801248  0.00150359  0.00131271 -0.00358016
  0.00285295  0.00331189 -0.00606222  0.00228778
208351	 0.00780324  0.00882442  0.00844611 -0.00224549  0.00705603 -0.01188194
 -0.00961582  0.00419236  0.00375187  0.01778885
352060	 0.00053313  0.00030963 -0.00346073 -0.00173879 -0.00024064 -0.00020539
 -0.00408637 -0.00507109 -0.00258582  0.00822878
184639	 0.00374154  0.0059421  -0.00411069 -0.00300759 -0.00129114 -0.00646013
  0.00419057 -0.01100938 -0.00285093  0.00216214
392521	 4.50156583e-03  1.03625348e-02  9.45645198e-03 -2.81538325e-03
 -7.21727192e-05 -5.96732316e-05 -1.27281705e-02  4.47870977e-03
 -2.31994828e-03  3.97217227e-03
368973	 0.00986444 -0.00502257  0.00373778 -0.00011037  0.00987036  0.00913961
 -0.00917134  0.00652574 -0.00092933  0.0070346 
350861	 0.00535026  0.00144696 -0.00213735 -0.0148948   0.00352211  0.00143008
 -0.00951335 -0.00435334  0.00186888  0.00810379
368976	 0.00986444 -0.00502257  0.00373778 -0.00011037  0.00987036  0.00913961
 -0.00917134  0.00652574 -0.00092933  0.0070346 
488275	-0.0012994  -0.00221073 -0.0091044   0.00264523 -0.00543227 -0.00144404
  0.00227841 -0.00361794  0.00167524 -0.00245669
450903	 0.00130167  0.00547527 -0.00034188 -0.00020579 -0.0014615  -0.00265289
 -0.00283586 -0.0012702   0.00390056  0.00168778
210122	-0.00318269  0.00322165 -0.00617455 -0.00572944 -0.00222227  0.00892996
  0.00048197 -0.01758695  0.00271525  0.00902489
298842	 0.00573642 -0.00221707 -0.00773987 -0.00541317 -0.00079019  0.00816022
 -0.00941728  0.00015148 -0.00452954 -0.0022909 
298859	 0.01192668  0.00633838  0.007885   -0.00582751 -0.00021406 -0.00422053
  0.00832873 -0.00133898 -0.00992111  0.00539112
386929	 0.00212532 -0.00133313  0.00504858 -0.00081546 -0.00425578  0.00502872
  0.00036732 -0.00041152 -0.00715903  0.00013581
243058	 0.00321135  0.00149917 -0.00602521  0.00279983  0.00162071 -0.00302572
  0.00190824  0.00234002  0.00743932  0.00486408
366964	 0.00390404  0.0071649  -0.00493333 -0.00974477 -0.00291782 -0.00593086
 -0.00518384 -0.00420926  0.00312398  0.00777116
382526	 0.00506412  0.00781884 -0.0014904  -0.00753834 -0.00843918 -0.00558058
 -0.00191271  0.0027479   0.00409701  0.01340111
266618	 0.00996772  0.01058234  0.00368538  0.00020478  0.00230293  0.00048583
  0.00140544 -0.00717639  0.00572492  0.00425078
32646	 0.00693433  0.00454815  0.00722954  0.00012516 -0.00543996  0.00061349
 -0.02231919  0.00422892 -0.00235847 -0.00136707
453512	-0.00195865  0.00807732  0.00246018 -0.00286368  0.0035609  -0.00886781
  0.00106501 -0.00084219 -0.00519613 -0.00789701
35213	 0.00217838  0.00195346  0.00578305  0.00023735  0.00048659 -0.0061505
  0.00171777 -0.00370075 -0.00694241  0.00307147
560017	 0.00287926  0.00713475 -0.00748575 -0.00659313 -0.00853725  0.00158553
 -0.00470544 -0.00484787  0.00651499  0.0006853 
483220	 0.01291872 -0.01750297  0.02643131  0.01392779 -0.00495432 -0.00491747
  0.00045455 -0.01742001 -0.00406685  0.0150666 
20886	-0.00667507 -0.00376875 -0.00344662  0.00350008 -0.00646679 -0.00913906
 -0.00318057 -0.00810274 -0.00139232  0.01033532
418732	-0.00111575  0.00882683  0.00759695 -0.00469348 -0.00027961 -0.0024172
 -0.00880095  0.0039822   0.00434012  0.0065203 
489951	-4.7557084e-03 -1.3926398e-03 -5.6047868e-03  2.0621954e-05
 -1.8265668e-03 -7.0929789e-04 -1.9225886e-03 -2.6958899e-03
  3.0457131e-03 -7.4567413e-03
360883	-4.6838923e-05  4.1957540e-03 -3.4244088e-03 -3.5786447e-03
 -5.6783750e-04 -3.5124016e-04  1.8166577e-03 -2.3067929e-03
 -6.4939982e-04  8.3813891e-03
198588	 0.01491736  0.00788979  0.00049553 -0.00050519  0.00262362 -0.00598604
  0.0008723   0.00169047 -0.0034845   0.0040519 
92619	-3.0867592e-03  4.0335273e-03 -1.1952820e-03  5.0616339e-03
 -4.7348477e-03 -4.0641909e-05 -1.4067683e-03  5.4623852e-03
 -3.9608623e-03  2.2088385e-03
352730	-1.35837499e-05  1.14878174e-03  1.16954756e-03 -3.69830010e-03
 -2.21295073e-03  4.99906484e-04 -4.80722263e-03  2.75941170e-03
 -1.21167934e-04  3.57768615e-03
36319	 0.00693433  0.00454815  0.00722954  0.00012516 -0.00543996  0.00061349
 -0.02231919  0.00422892 -0.00235847 -0.00136707
253410	 0.0008171   0.00866518  0.00306291 -0.00519696  0.00112569 -0.0036741
 -0.00795026  0.00148155 -0.00226685  0.00285955
353254	 0.01319557  0.0057863  -0.00516126 -0.00023586 -0.00089416 -0.0080748
  0.00020241 -0.00299237  0.00462423  0.00115083
353255	 0.00570205  0.00657859 -0.00104945  0.0010439  -0.00328885 -0.00102548
 -0.00799982 -0.01129656  0.00202778 -0.00038947
36329	 0.00693433  0.00454815  0.00722954  0.00012516 -0.00543996  0.00061349
 -0.02231919  0.00422892 -0.00235847 -0.00136707
351724	 0.00518703 -0.00100285 -0.00262836  0.00071503  0.00022294 -0.00051261
  0.00047183  0.00415576  0.00342745 -0.0004467 
370159	-0.01593978 -0.02935472  0.00548847  0.01454401  0.01713123 -0.01603827
 -0.02675569 -0.01328523  0.00545327 -0.0333739 
552435	 3.8322753e-03 -5.3372895e-03 -3.1125801e-06  1.6262509e-03
 -1.4982423e-03  7.7738764e-04  9.7800780e-04 -4.2586485e-03
  1.0933017e-03  1.9301788e-03
123380	 0.00331039  0.00283954  0.00645431 -0.00484337  0.00772264  0.00697248
 -0.00797256 -0.00852955  0.00188967  0.00049851
437749	 0.00371617 -0.00425013 -0.00132246 -0.0079788   0.00556201  0.00097205
 -0.00627471 -0.00117928  0.00335842  0.00918604
470006	 2.00475520e-03 -3.11121321e-03 -5.69900567e-06 -1.85271131e-03
 -5.01933228e-03  1.06503405e-02 -1.49894729e-02  4.85543162e-04
 -2.55090930e-03  7.88926706e-03
447994	-4.8618607e-04  5.2271239e-03 -2.4167506e-03 -4.0307350e-04
 -4.4871382e-03  2.9054924e-03 -1.0641231e-02 -2.7900606e-03
  5.8652720e-05  9.3858819e-03
366078	 0.00356777  0.00742088 -0.00751361 -0.00122771 -0.00509498 -0.00380478
 -0.00716617 -0.00199424  0.0063441   0.00889424
