115200	-0.00310639 -0.00098758  0.00031615 -0.0124533   0.00482667 -0.01067185
  0.0016571  -0.00661484 -0.00046234  0.00306721
31746	 0.00512599 -0.00035172 -0.00506005 -0.00902666 -0.00371451 -0.00772803
  0.00085041  0.00058995 -0.0063345   0.00060476
90640	 7.7959392e-03  2.6164576e-03  6.1128056e-03  3.5645175e-03
 -5.5758650e-05 -7.3415339e-03 -2.9316600e-03  1.2513145e-03
 -8.9158211e-03 -1.3161299e-03
128018	-0.00060547  0.00055436  0.00892203 -0.00945163 -0.00330382 -0.00649323
  0.00638872  0.00536696 -0.00377592  0.01006787
90643	-0.00095986 -0.00045163  0.00186656  0.00461104  0.00889158 -0.00701305
 -0.00231227  0.00366194 -0.01430972 -0.009362  
397340	-0.00110194 -0.0014776   0.00492957 -0.00356917  0.00650884 -0.0064789
  0.00202656 -0.00710475  0.00015612 -0.00137642
283679	-0.0027504  -0.0145796  -0.00176312 -0.00413216  0.01158618 -0.0008101
 -0.00723836  0.00542364 -0.00203059  0.01234873
269863	 0.00431477  0.0026036  -0.00670442 -0.00101771  0.00907597 -0.00618612
 -0.00372447 -0.0015513   0.0053807   0.00239263
426038	-0.00376034 -0.0021817  -0.00051745 -0.00224855  0.010068   -0.00162042
 -0.0021295   0.00242261  0.00345576  0.01232801
539060	 0.00114492 -0.00484094  0.0088502   0.00182466  0.00544263 -0.00119812
 -0.00183031 -0.00905973  0.00057869  0.00719237
277565	-0.00661387 -0.00306724 -0.00033594 -0.00143074  0.00724395 -0.0059058
  0.00439628 -0.00149739  0.00453482  0.00461273
163903	-5.1119766e-04 -2.1536897e-04 -4.2773676e-03 -8.8777125e-04
  6.7912452e-03 -1.2737486e-06 -1.3916448e-02 -2.3316878e-03
 -4.3802997e-03 -1.9446355e-03
431169	 7.3075327e-03  5.6572468e-03 -1.7538060e-03  2.5971117e-03
 -2.7297784e-03 -4.4831124e-04 -6.8081739e-05 -1.1482291e-02
 -8.9348136e-03 -1.6406126e-03
277573	 0.0055658  -0.00470716 -0.00205949 -0.00144183  0.00488418 -0.00733115
  0.00382747 -0.00545552 -0.00237188  0.00607303
14177	-4.9179872e-03 -9.8905684e-03  6.7746113e-03  2.6537695e-03
  3.9949789e-04  3.1226764e-03 -2.2194045e-02  5.6739650e-03
 -6.5862347e-05  4.4778571e-04
259658	-0.0001625   0.01012003  0.00185871 -0.00378289  0.00106522  0.00492436
 -0.00675912 -0.0033949  -0.01154098  0.00575274
228437	 5.28366864e-03 -6.32247468e-03 -7.34045217e-03 -1.19342985e-04
  5.06966142e-03  9.80496965e-03 -8.49092379e-03 -2.97563616e-03
  3.73334857e-03  9.96444141e-05
395364	-0.0019557  -0.00098187 -0.00025396  0.00569195  0.00084103 -0.00980142
 -0.00664978 -0.00582623 -0.00653278 -0.0038969 
562790	-0.00098553 -0.00029793  0.00496385  0.00369741 -0.00235784 -0.004197
 -0.0102178  -0.0065108   0.00123439 -0.00337663
458343	-0.00063243 -0.00374105  0.00253524  0.00295621  0.00111492 -0.00532647
 -0.00288205 -0.00353657 -0.00083212  0.00444677
566383	 0.00231027 -0.00379282 -0.00127808  0.01161043  0.00113373 -0.00140866
 -0.00760561  0.00305172 -0.00195097  0.00062036
19061	 0.00037897 -0.01042862 -0.003795    0.00593788 -0.00052818 -0.00853574
 -0.00265507 -0.0023997  -0.00714902  0.00104086
192128	 0.01406907 -0.01370665 -0.01534275 -0.00434728  0.01127627  0.00193145
  0.00367601 -0.02493327 -0.00061223  0.00644797
125054	 0.00250369 -0.00261965  0.00611114  0.01104383  0.0048942  -0.00199185
 -0.00145583 -0.00527672 -0.00299595  0.00316766
125056	 0.00353647  0.00014691  0.00389685 -0.01478176 -0.00139896 -0.00302928
  0.00380514 -0.00051606  0.00688961  0.00051257
125059	 0.00250369 -0.00261965  0.00611114  0.01104383  0.0048942  -0.00199185
 -0.00145583 -0.00527672 -0.00299595  0.00316766
576149	-0.00023874 -0.0110047   0.00043129 -0.00126583  0.0060356   0.0079226
 -0.00505477 -0.00810384 -0.00148415  0.00920375
74390	-2.2761917e-03  1.2420614e-03  1.1297462e-03 -5.0133658e-03
 -1.0949519e-03  1.6457959e-03 -9.4635958e-05 -6.1157189e-04
  2.1865712e-03 -4.0157679e-03
197785	 1.6561857e-03  1.4826898e-03  2.8793430e-03 -6.0867140e-04
 -2.9327888e-03  2.1788881e-04 -4.2836196e-05  1.9788356e-03
  1.4052353e-03 -2.9784425e-03
410223	-0.00405232  0.00327053  0.00025814 -0.00112242 -0.00024483 -0.00026534
 -0.00578738 -0.00074182 -0.00081145  0.00314905
112310	-0.00331216 -0.00125395 -0.00679    -0.00429886  0.00246399  0.00366156
 -0.00110776  0.00947436  0.00961653  0.00423912
579379	-1.3546455e-02  7.7985562e-03  1.3825262e-02  1.0512924e-03
 -6.1757010e-03 -5.1316660e-04 -3.3590358e-03 -9.0818088e-05
 -1.1586992e-02 -7.7700992e-03
48833	-0.00355825 -0.00066654 -0.00598538 -0.00744764  0.00601918 -0.002026
 -0.00115989  0.00565149 -0.00513638 -0.00019615
151238	-0.00631908  0.00350195 -0.00219032 -0.00336446  0.00423119  0.00047542
 -0.00462181  0.00092043 -0.00014012 -0.00288187
330956	 0.00870726  0.00657461 -0.00023844 -0.0066678   0.00413833 -0.00138496
  0.00631659  0.00731735 -0.00236872  0.00485729
126160	-0.00396814 -0.00310713  0.00233771  0.00065072  0.00126428 -0.005187
  0.00010259 -0.00190606 -0.00061192  0.00198727
388308	-0.00783934  0.00728899 -0.00093552 -0.01413722  0.00062648 -0.01541884
  0.01448834 -0.0142332  -0.00017816 -0.00928652
210647	-0.02134931 -0.0352601  -0.01581834  0.03868707  0.00287251  0.01805597
  0.00699841  0.01030738  0.00672524  0.00864131
567005	 0.00406856 -0.00405551  0.00339575 -0.00033766  0.00200761  0.00108918
  0.00540985  0.0006283  -0.00154039  0.0089725 
222967	-0.00098059 -0.00085876  0.00023009  0.0061918   0.01523918 -0.00830444
  0.00027682 -0.0074357   0.00088534 -0.00238699
489209	-0.00111898  0.00057587  0.00982799 -0.00515742  0.00149368  0.00333842
 -0.00599008  0.00090637 -0.00224341  0.00129599
397052	 0.00107877  0.00600874  0.00744991 -0.00064086 -0.00446489 -0.01233637
 -0.00779204 -0.00660783 -0.00965929  0.00482025
128767	-0.00931985  0.00565079  0.00609524  0.00242944 -0.00324372  0.00137204
  0.00768469  0.00021346  0.00691981  0.00075184
278144	-4.3041236e-05 -4.4116364e-03 -3.4386039e-04  2.9641304e-03
  7.6707155e-03 -1.0009911e-02  1.7777267e-03 -3.5953252e-03
  2.4597654e-03  1.2480188e-03
140050	 0.01269867 -0.00463098 -0.00565503 -0.01099498  0.01096924 -0.00441665
  0.00039574 -0.0021949   0.00123919  0.00960055
492836	-2.3734849e-03  1.9677726e-03  7.5013447e-04 -3.8428253e-03
  5.7238988e-03  6.3394126e-03 -1.2301204e-02 -2.5911699e-03
  4.6572270e-05  1.5662106e-02
285989	 0.00176286 -0.00068655 -0.00710387  0.00148246  0.00132693 -0.00117516
 -0.00503984 -0.00615643  0.00213574  0.00095464
444713	 0.01090193  0.0015098   0.00494753 -0.0031144   0.00816395 -0.0032878
 -0.00589122  0.00243274  0.00202973  0.00545011
147755	-0.00065471 -0.00111838 -0.00172559 -0.0056312  -0.00015668 -0.0024482
 -0.00226019 -0.00043239  0.00090971  0.00140078
82227	-0.01630525 -0.00376546 -0.00180508  0.00029311  0.00477084 -0.0049387
 -0.00775541  0.00482403 -0.00412748  0.00623432
388916	 0.0040932  -0.00678392  0.00095016 -0.00334367  0.01002728 -0.00572369
  0.00272395 -0.0055853   0.0023484   0.0081024 
61772	-0.00922255 -0.01161082 -0.0038244  -0.01018894  0.00472735 -0.00222038
 -0.00888546  0.00097339  0.00040571  0.0096126 
2894	 0.00177046  0.0002815  -0.00083413 -0.00114658  0.00390836 -0.00431782
 -0.0007614  -0.00241245 -0.00352772 -0.00085612
222543	 0.00137969  0.0040809  -0.00274935  0.00216404  0.0061529  -0.00312575
  0.00341192 -0.0078486  -0.00908358 -0.00185652
199006	 0.00964016 -0.00188009 -0.0028004   0.00571759 -0.00826451  0.00463572
 -0.00214388  0.00090932  0.00091435  0.01057686
547681	 0.00349042 -0.00644775  0.00574151 -0.00757632 -0.00239484 -0.00258933
 -0.00210947  0.00579036 -0.00246234 -0.00171324
101731	 0.00491253 -0.009735   -0.00142148  0.0039969   0.0040591  -0.00695113
 -0.00300379 -0.00327043  0.002064    0.00779859
506727	-0.00100857  0.00623662  0.00752835  0.0027491  -0.00050435  0.00143647
 -0.00368362 -0.00263092 -0.00371017  0.008102  
361832	-0.00083669  0.01640133 -0.00359835 -0.0129965   0.00907594 -0.00577202
  0.00079084  0.00640848  0.01051304  0.00575621
575975	 0.00614531  0.0028676  -0.00258688 -0.00797079  0.00838754 -0.00191831
  0.00543503 -0.00923808 -0.00166162  0.00086023
414060	 0.0007218   0.00618759  0.00476846  0.00652359 -0.01893405 -0.01835361
  0.00899989  0.00014161 -0.00723115  0.00095815
134006	 7.1214545e-03  1.3299747e-03 -4.6688700e-03  9.5245121e-03
 -2.0187756e-03  6.1972969e-04  4.5005556e-05  1.3116089e-03
  3.6904887e-05  2.7961370e-03
147836	 3.3351954e-03  8.1622406e-05  2.2966943e-03 -1.8290039e-03
  1.2520172e-02  4.5942026e-03 -2.0734956e-04 -1.9027742e-02
  3.6006882e-03  1.3885807e-02
532862	-0.00784951 -0.01141197 -0.00280624 -0.00084826  0.00071677 -0.00455795
 -0.00581984 -0.0006907  -0.00886265  0.00520719
215423	-0.00406427  0.00866297  0.01465631  0.01084385 -0.00465864  0.00021138
 -0.00651546  0.00424693  0.00101027  0.00803662
19841	 0.01027295  0.00646138 -0.0017274   0.00037337 -0.00314341  0.01067598
  0.00107532 -0.0123308  -0.00386653 -0.0031531 
19842	 0.00650098  0.01157359  0.00689479  0.000289   -0.00095249  0.01237351
  0.0003437  -0.01917385 -0.00113835  0.00091409
340355	 0.00656235 -0.00835101 -0.00558583 -0.00401977  0.00558512 -0.00181645
  0.00120581 -0.00333442 -0.01134463 -0.00239488
128394	 4.8314882e-03 -2.6526388e-03  2.4417977e-04  7.5174286e-03
  6.4260080e-06 -6.2608100e-03  5.9763170e-03  8.2031773e-05
 -5.9837243e-03 -3.5779979e-03
13465	 0.00341529 -0.00140852 -0.00058598  0.00614931 -0.00086555  0.00200231
 -0.00518709 -0.00443815  0.01120559  0.0013606 
415644	-0.00596886  0.00098986 -0.00196652 -0.00249404  0.00484249 -0.0063273
 -0.00327116 -0.00230737 -0.00121481  0.00235347
184733	-0.00776981 -0.00378624 -0.00434843 -0.0027203   0.00695223 -0.00514152
  0.00228007 -0.016448   -0.00676372 -0.00341103
20384	-0.00175244  0.00748328 -0.00949792 -0.00026195  0.00305064  0.00097057
  0.00512935 -0.00364816 -0.00930832 -0.00060717
288674	 6.1405306e-03 -1.0010667e-02 -4.8762262e-03  7.6303935e-05
  5.0049572e-04 -8.5423263e-03 -4.7461069e-03 -1.3690706e-03
 -6.1377528e-04 -2.9418452e-03
238499	 0.00532708 -0.00984964 -0.0038398  -0.00038233  0.00054305 -0.00517164
  0.00147868 -0.00625029 -0.00398277 -0.00833799
20908	 0.00013172 -0.00189798  0.005392   -0.00202192 -0.00432751  0.00916855
  0.00177621 -0.00473227  0.00109405  0.01098625
263087	-0.0049882  -0.0029336   0.00393056 -0.00607153  0.00929268 -0.00170783
  0.00535326 -0.00132559  0.00076535  0.00468208
263088	 3.6461949e-03  4.3282579e-03 -9.3542039e-06 -5.9143463e-03
  1.3710503e-03 -2.3084336e-03  5.3721038e-03  7.6597277e-04
  4.7521730e-04  3.5713543e-03
305073	-0.00470808  0.00319201 -0.00992021 -0.00409816  0.00921286  0.00159279
 -0.00503582 -0.00318256 -0.00605343  0.00105363
58292	 0.00327404 -0.00875379 -0.00321018 -0.00540251  0.00062528  0.00028246
 -0.00120617 -0.00859651  0.00088342 -0.00197176
71608	 1.3610462e-03 -5.9659644e-03 -1.1004755e-02  2.7835136e-03
 -6.7770117e-05  1.8784872e-03 -1.7022277e-03 -1.5337399e-03
  3.1645177e-03  2.6319651e-03
334781	 0.00546803 -0.00766626 -0.00427513  0.00124405  0.00208621 -0.01202814
  0.00404405 -0.00254432 -0.01362778 -0.00650179
268740	 0.00242982 -0.0096897  -0.00149265  0.00098119  0.00890415 -0.01394397
  0.00249094  0.0024473   0.00526984 -0.0112526 
579526	-0.00092534 -0.00824994  0.00556578  0.00917444  0.00220249 -0.01020419
 -0.00503641 -0.0105049   0.00127009  0.00145692
253388	-0.00693534 -0.00238289 -0.00199385 -0.00179176  0.00032292 -0.00455802
 -0.00058602 -0.00237358 -0.0014838   0.00061703
277410	 0.00316216 -0.00401833 -0.00166794 -0.00267944 -0.00043261  0.00448961
 -0.005716   -0.00813944  0.00073144 -0.00543891
253390	-0.00472388 -0.00137469 -0.00055548 -0.00350111  0.00050889 -0.00549703
  0.00026715 -0.00176583 -0.00169927  0.00304002
25553	-0.00663129  0.00321356 -0.00337097  0.00304812  0.00948485 -0.00165074
 -0.00147551 -0.007378   -0.00176014  0.00056875
479189	-0.00234951  0.00084844 -0.00365945  0.00172569  0.0050055  -0.00383485
  0.00638642 -0.00563718 -0.00188914  0.00591228
3034	 0.00062669 -0.00193309  0.0011552  -0.00332622  0.00400151 -0.00366263
 -0.0019141  -0.00532261 -0.00494786 -0.00277587
281056	 0.00981373  0.00110975  0.00674016 -0.00793763  0.00853468 -0.00618594
  0.00062936 -0.01761347 -0.00980125  0.0029832 
575971	 0.00842455 -0.0024082   0.00699474  0.00875928  0.00566591  0.00447131
  0.00367999 -0.0060894  -0.00166213  0.00412258
575972	 0.0062245  -0.00685059 -0.00012124  0.00154186 -0.00079539 -0.00945879
  0.00331409 -0.00129337  0.0004102   0.00029067
527333	-6.0470207e-05  5.3905700e-03  3.5356432e-03 -9.2428311e-04
 -1.4261495e-03 -9.1639766e-03 -5.8324169e-04 -5.7094288e-04
 -1.0554594e-02 -2.2346796e-03
88550	-0.00355825 -0.00066654 -0.00598538 -0.00744764  0.00601918 -0.002026
 -0.00115989  0.00565149 -0.00513638 -0.00019615
411111	 0.00307932 -0.0058584  -0.00119954  0.00321121  0.00144542 -0.00404694
 -0.00710847 -0.00519783 -0.00342452 -0.00614366
122856	-0.00859481  0.00617611 -0.00961073 -0.00798073 -0.00037787 -0.00303495
 -0.01857925  0.01720263  0.00065387 -0.00216482
455152	 0.00197173 -0.00942205 -0.00321266  0.00505855  0.00143803 -0.005397
 -0.00527104  0.00411186 -0.00127639  0.00526235
149489	-0.00070162 -0.00044453 -0.00960712  0.00464807  0.00037691 -0.00406598
  0.00046394  0.00227044 -0.00199392  0.00680385
72180	 0.00391461  0.00028708 -0.00081473 -0.00492759  0.00819199 -0.00173793
 -0.00126715 -0.00685046  0.00248408 -0.00621557
41470	-0.00066577  0.00500871  0.00936697  0.0014337   0.00100289 -0.0007961
 -0.00875378  0.00464257  0.00406282  0.00313903
