572163	-1.6585335e-03  2.8987320e-03 -1.6557742e-03  3.9386558e-03
  8.1075732e-06  4.3846462e-03  2.7987573e-03  3.6977055e-03
 -8.5097710e-03  1.2461809e-02
104068	-0.00633963  0.00049474 -0.00760451 -0.00217048 -0.00169881  0.01036098
 -0.00255994  0.00658435 -0.00090781  0.00766839
104069	-0.00525979  0.00171999 -0.0050524  -0.00133507 -0.0019988   0.00923148
 -0.00389535  0.00797926  0.00134003  0.00730329
11180	 0.00036479  0.00205683 -0.01062818  0.00032927  0.00381646 -0.00331187
 -0.0030956  -0.00141293  0.00162072  0.00910684
277642	-2.4152352e-03  5.3460170e-03 -1.2301932e-03  3.4286676e-04
 -4.5843096e-03 -2.4124853e-05 -4.2329971e-03  3.6109544e-03
 -2.9597043e-03  1.1304696e-02
198935	-0.00134364 -0.00088876 -0.00081674 -0.00089227  0.00147722  0.00239919
 -0.00347161  0.00405894 -0.00383718  0.00639551
192140	-0.00371296  0.00640249 -0.00461607  0.00081296  0.00085047  0.00641512
  0.0004433   0.00477186 -0.00722296  0.00799692
192141	-0.00371296  0.00640249 -0.00461607  0.00081296  0.00085047  0.00641512
  0.0004433   0.00477186 -0.00722296  0.00799692
192142	-0.00127081  0.00181031 -0.00531202 -0.00195288  0.00189612  0.00147394
 -0.00460121  0.00243867 -0.00233119  0.00018741
192143	-0.0007962  -0.00646972 -0.00656039 -0.00279244 -0.00397551  0.016729
 -0.0101334  -0.00099411 -0.00769697  0.00681402
192145	 0.00382721  0.00396727 -0.00541519  0.00184615  0.0017152   0.00255527
 -0.00444282 -0.00449341  0.00199943  0.01321214
192147	 5.6913830e-03  9.5904368e-05 -1.2597902e-02 -3.7458045e-03
 -1.4354145e-03  4.9758605e-03 -7.3241377e-03 -6.0869637e-03
  1.4348918e-03  1.2472609e-02
104067	-1.0403642e-02  1.6029043e-03 -1.0266927e-02 -4.8674988e-03
 -8.7394823e-05  1.1616798e-02 -6.3694592e-05  5.7281558e-03
  2.3726686e-03  8.8950982e-03
192150	-1.8224572e-03  7.7367104e-03  2.6237490e-03  5.4322015e-03
 -3.4229968e-05 -1.3800825e-03 -7.6548117e-03  5.7317005e-03
  4.3098041e-04  4.3298970e-03
192151	 0.00276002 -0.00146326 -0.0019264   0.00850629  0.00685822  0.00148836
  0.00399853  0.01127501 -0.00136418  0.00088728
177560	 0.00088986 -0.00136362 -0.00137816  0.00704463 -0.00273743  0.00197635
 -0.00448559  0.00024437 -0.00878299  0.00535705
192153	-0.0060734  -0.00330575 -0.01083999 -0.00719483 -0.00289225  0.01837657
 -0.00179582  0.00515114 -0.00870328  0.01733842
427162	-0.00261906  0.00615979 -0.00097149  0.00365526  0.00988907  0.00342395
 -0.00472882  0.00663517 -0.00397546  0.01004202
192156	-0.00311378  0.00411756 -0.00431093 -0.00345593  0.00198648  0.01099996
 -0.00359063  0.00259198 -0.00474434  0.00922475
192157	 0.00074126  0.00351953 -0.00169545  0.00445121  0.00509173  0.00545862
 -0.00730973 -0.00183831 -0.00454294  0.00545595
272038	 0.00335337 -0.00116409 -0.0082231  -0.00750066 -0.00515731  0.00241939
 -0.00278592 -0.00518203  0.00455733  0.00403171
272039	 0.00485226  0.00129402 -0.00396274  0.00029821 -0.00236721 -0.00243829
 -0.00214953 -0.00394961  0.00070433  0.00474468
215080	 0.00128199  0.00743449 -0.0058422   0.00303953  0.0034441  -0.00154338
 -0.00661846 -0.00334819 -0.00102219  0.00790435
11179	 0.00036479  0.00205683 -0.01062818  0.00032927  0.00381646 -0.00331187
 -0.0030956  -0.00141293  0.00162072  0.00910684
280364	-0.00068611 -0.00808118 -0.00417038 -0.00916606 -0.00529979  0.01606148
  0.00174217  0.00513104 -0.00046581  0.01324189
251440	 3.7613772e-03  1.8710515e-03 -4.9056876e-03  7.5773707e-05
  1.7989122e-03  3.0340017e-03 -7.0324503e-03 -1.8383955e-03
 -6.8907663e-03  7.0830197e-03
251441	 0.00517816  0.00448432 -0.00647569  0.00357374 -0.00189241  0.00041236
 -0.00429199  0.00044775 -0.00668888  0.01042306
65715	-0.00764162  0.00236659  0.00013792  0.00030374  0.00844758  0.00501413
  0.0006967   0.00085152 -0.00892082  0.0062972 
88760	 0.00065296  0.01099855  0.00536048  0.00643533  0.00402035  0.00145668
 -0.00697297  0.00658735  0.00155554  0.00502246
75577	 0.00304056 -0.00138426  0.00554542  0.01018243 -0.0008893  -0.00021309
 -0.00761501  0.00834493 -0.00708072  0.00531035
251707	 0.00504546  0.00133523 -0.01155178 -0.00531298 -0.00258664  0.00211678
 -0.0054627  -0.00840515 -0.00016145  0.0149164 
251708	 0.00438967 -0.00177648 -0.00804564 -0.00703956 -0.00533389  0.00200273
 -0.00409068 -0.00432082  0.00456748  0.00443457
272062	 0.00438967 -0.00177648 -0.00804564 -0.00703956 -0.00533389  0.00200273
 -0.00409068 -0.00432082  0.00456748  0.00443457
192139	-0.00559246 -0.00198792 -0.0080404  -0.00747067  0.00258781  0.00403894
  0.00844715  0.00182039 -0.00420834  0.01057671
332231	 0.00250087 -0.00132443 -0.00512158 -0.00679256  0.00046757  0.0088944
 -0.00130865  0.0036036  -0.00232494  0.01234633
259272	-0.0031132   0.00700418 -0.00273332 -0.01297264  0.00029421  0.01443749
 -0.00400946  0.00372456 -0.00072114  0.00915263
66249	-0.00450705  0.00271844  0.00075424  0.00059015  0.00965987  0.00393298
 -0.00180941 -0.0010395  -0.01102335  0.00576074
262865	-0.00836409  0.00015418 -0.01193699 -0.0089211   0.00123852  0.01405024
 -0.00411739  0.00590727 -0.00227227  0.00547463
144338	 0.0102266   0.00217664 -0.01055093 -0.00547326 -0.00313761  0.00228244
 -0.00499495 -0.00549871  0.00066721  0.00916199
262229	-0.00332265 -0.00277332 -0.00041603 -0.00045894  0.00374581  0.0057031
 -0.00540586  0.00284747  0.00385596  0.00680821
66009	-0.00693288 -0.008206   -0.00289739 -0.01061502  0.00869067  0.00892583
  0.00568333  0.00386248 -0.00597948  0.00404176
44251	-0.00039942  0.0089154  -0.00168771  0.0040909   0.00584648  0.00432846
 -0.00415107 -0.00115314 -0.00457615  0.00822394
371805	-0.00055295 -0.00040258 -0.00224777  0.00837445 -0.00242523 -0.00030571
  0.00092117  0.00498088 -0.00687704  0.01056928
65759	-0.01121097 -0.00343527 -0.00108544 -0.00051626  0.00850461  0.00804583
  0.0055995   0.0012512  -0.00977692  0.00138497
11174	-0.01046505  0.00205668 -0.01020514 -0.0015406   0.00783836 -0.00079536
  0.00752333  0.00088001  0.00250882  0.00279517
50481	-0.01148618 -0.00328269 -0.00314244  0.00114027  0.0029005   0.0206894
  0.00237006  0.01026086 -0.00556984  0.00869534
118952	-0.0009786   0.00337662 -0.00025393  0.00123481  0.00019385  0.00608929
 -0.00185397  0.00493205 -0.00548576  0.00364394
65142	-0.01229949 -0.00541429 -0.00517442 -0.00317684  0.00780674  0.00802569
  0.00299269  0.00136658 -0.00855051  0.00486334
20986	-0.00026564  0.00808741 -0.00055063  0.00590618  0.00768475  0.00215377
 -0.00369613  0.00630296 -0.00382128  0.00538094
411377	-0.0028646  -0.00360666 -0.00965563 -0.00293715  0.0036512   0.00642574
  0.00440657 -0.00033722  0.00320101  0.01498407
122751	 0.00033651  0.00231086 -0.00400222 -0.00511992  0.00988268  0.0071253
 -0.00654098 -0.0068992   0.00378509  0.00895788
