182784	-0.00216132  0.00153619 -0.00624555 -0.01683369  0.00812003 -0.00544802
 -0.00526364 -0.00749058 -0.00206188  0.010602  
44548	 4.7615264e-03 -1.6683978e-05 -3.6856711e-03 -6.6945241e-03
  1.9318166e-03 -7.4345637e-03 -4.2272988e-03 -1.3919162e-03
  2.1898246e-03  3.5480135e-03
215571	 0.00860549  0.00311326 -0.00304561  0.00610666  0.00399131 -0.00407597
  0.0009757   0.00418265  0.00163414 -0.00326194
62996	-0.00304119 -0.00142584  0.00298668 -0.00632047  0.00359272 -0.01581916
 -0.00329775  0.00168063  0.00119125  0.00195196
262679	 0.00349647  0.00270031  0.01020072  0.00150659 -0.00412921  0.00822251
 -0.00671353  0.0037505   0.00401611 -0.001727  
273328	-0.00979144  0.00276336 -0.00229998 -0.00063341  0.00360459 -0.00299932
 -0.01057197  0.00219187  0.00480485 -0.00484998
435747	-0.00305737 -0.00131302 -0.00552721 -0.00419946  0.00753071 -0.00373018
 -0.00661715  0.00343141 -0.00351047 -0.00596884
80523	 4.9637277e-03 -7.7087255e-03  5.5129165e-03 -1.3057333e-03
  8.2642306e-03 -1.0239939e-02 -3.2881977e-05 -9.9567510e-04
 -2.7175751e-03  7.2997240e-03
269489	 0.0023212  -0.01380479 -0.00978786 -0.00588334  0.00525275 -0.00703893
 -0.00686034  0.00211481  0.00075237 -0.0097509 
507944	 5.8723749e-03  2.7516203e-03 -1.2239632e-03  5.4258830e-03
  3.5299177e-03 -7.6464890e-03 -3.8570596e-03 -7.5838776e-05
  7.5721457e-03 -1.1249915e-03
435753	 5.1988270e-03 -1.1581841e-02 -6.8534971e-03 -6.1746505e-03
  9.2070680e-03 -4.4199196e-03 -6.1239842e-03 -3.6066307e-03
  2.6544412e-03  5.3666205e-05
534058	-4.0210313e-03  4.2079537e-05 -4.8445249e-03 -8.0831116e-04
  1.8217748e-03 -3.4145270e-03 -4.0655122e-03 -2.9716410e-03
  9.4545051e-04 -8.1338285e-04
308790	 4.8551322e-03  5.7535386e-03 -3.5043142e-03 -3.9519444e-05
 -3.8693945e-03 -2.6552195e-03 -6.2188096e-03 -6.5425120e-04
 -2.8596199e-03  4.8720764e-04
254009	 0.00685245 -0.0002314   0.0031847  -0.00064164 -0.01023935 -0.00659282
 -0.00126737 -0.00418939 -0.00775372 -0.00795619
506433	 0.0078156  -0.00884698 -0.0043791  -0.00185832 -0.00128915 -0.00268517
 -0.00508856 -0.00350459  0.00259749  0.00646052
156233	 0.00164328 -0.00508556 -0.00226478 -0.00254703  0.00687559 -0.01120721
 -0.00591343  0.0054614   0.00447392 -0.0085123 
45133	-0.00565583  0.0091818  -0.00107731  0.00155876  0.00223649 -0.00643371
 -0.00426323 -0.00441521 -0.00314554  0.00283639
45134	 0.0021945  -0.00378248  0.0018145  -0.00380157  0.00510085 -0.00137407
 -0.00699623 -0.00885576 -0.00692039  0.00355409
20047	 0.00674428 -0.00628152 -0.00664374  0.00428162 -0.00206003 -0.00512129
 -0.00533652 -0.0052586   0.00092013  0.00350543
45141	 1.9725785e-03  2.9523922e-03  6.7838184e-03  3.1066640e-05
  4.3871952e-03  1.7186940e-03 -1.0885916e-02 -2.7216689e-03
  5.7450715e-03 -3.1439838e-04
193630	-9.8429841e-04 -4.8091332e-04  2.4655471e-03 -5.9844637e-03
  2.5730876e-03 -1.0082117e-02 -2.3231904e-03 -3.5022048e-03
  2.6189766e-03 -7.9453137e-05
305248	-0.00107131  0.00013731 -0.00189238  0.01209313 -0.00324086 -0.00849894
 -0.00635905 -0.00385137 -0.00063796 -0.01005507
120421	 0.00092119  0.00234739 -0.00826157  0.00844071  0.0005167   0.00381452
 -0.01062622  0.00144215 -0.0024249  -0.00419649
206952	 0.002185   -0.00876766 -0.00323908  0.00492153 -0.0020497  -0.00859067
 -0.00064615 -0.00282807  0.0063389  -0.00719759
335036	 0.00394452 -0.00575679  0.00186714 -0.00181892  0.00921638 -0.00223899
 -0.0086449  -0.00046594 -0.00560537 -0.00095085
90733	 0.01202243 -0.00299963 -0.00147069 -0.00167875  0.00218778 -0.00446648
  0.00378595 -0.00171606 -0.00585634 -0.00408776
385135	-6.2358533e-03 -1.4157207e-03 -7.7105518e-03 -7.7236855e-06
  1.0817116e-04 -2.2850949e-03 -9.1795363e-03 -1.7316706e-05
 -5.5704935e-04 -8.6549791e-03
501364	 0.00578982  0.00528182  0.00514221  0.00274661  0.00482367  0.00517565
  0.00012833 -0.00545732  0.00125857 -0.00518926
412789	-0.00144621 -0.00554386  0.00014511 -0.0037474   0.01653915 -0.00500636
  0.00145644 -0.00252175  0.00587196  0.00526608
31508	-0.00775044 -0.00607546 -0.01382714 -0.01094852  0.01574431  0.00740738
 -0.0192239   0.01188492  0.00521144 -0.00462536
309370	-0.00012277  0.00230267  0.01109015  0.00421261 -0.00418215 -0.00133946
  0.00104424 -0.00242161 -0.00721062 -0.00056705
530053	 0.00599852 -0.00407078  0.00071627  0.00012291  0.00211792 -0.00626979
 -0.00290924  0.00201709  0.00422814  0.00126493
64139	 0.00384478 -0.01025959 -0.0037132  -0.01176221 -0.00442031 -0.00543151
 -0.00381729  0.00486179  0.00042849 -0.00138658
564876	-0.00542115 -0.00347386 -0.00590331 -0.00585033  0.00467026 -0.00774171
 -0.01052416 -0.0015087  -0.00242378 -0.00358619
460948	 0.00250553  0.00040751 -0.0027589  -0.00572407  0.00012514 -0.00990744
 -0.00482293 -0.00211543 -0.00010665 -0.00799008
422039	 0.00338029 -0.001813   -0.00140537 -0.00186866 -0.00011831 -0.0090222
  0.00358892 -0.0011395  -0.00023596  0.00142004
337048	-0.00210287 -0.00172407 -0.00583054 -0.00689525  0.0008913  -0.00441269
 -0.01890145 -0.00656522 -0.00373828 -0.00670281
295070	 0.00372608 -0.00668659 -0.00301718 -0.01192952  0.00129711 -0.00350107
  0.00037837 -0.00253016 -0.00056729 -0.00016665
199848	-0.00347608  0.00113093 -0.00349793 -0.00173716  0.00044174 -0.01330074
  0.00255498 -0.0012772   0.00160389 -0.00376995
231596	-0.00394756 -0.00574668 -0.00718934 -0.00530932 -0.0044166  -0.01286714
 -0.00168956 -0.00777442 -0.00438109 -0.00410301
270001	 4.5443252e-03 -8.5861012e-03 -6.7708394e-03 -5.0061890e-03
  3.0180635e-03 -4.8500798e-03  4.5140269e-03  4.2490510e-04
 -2.3431983e-03 -5.8313926e-06
477362	-0.00125195 -0.00321496  0.00295705  0.00355908 -0.00108555 -0.00345666
 -0.00797652 -0.01118369  0.00263378  0.00706514
57532	 0.00242723 -0.00653454 -0.00108991  0.00248364 -0.0019293  -0.0033004
 -0.01900604 -0.00110265 -0.00042079 -0.00266288
255699	-0.00700039  0.00494747  0.00836899 -0.01120541  0.00558174 -0.00396065
 -0.00408398 -0.0060151   0.00010079  0.00500949
16596	 0.00220855  0.00166543 -0.00043747  0.00569266  0.00945419  0.00314173
 -0.00446395 -0.00373385  0.00321678 -0.0056626 
16598	 0.00131545 -0.00103866  0.00106797  0.00152742 -0.00081251 -0.0004318
 -0.0092145  -0.00137397 -0.00509365 -0.00318328
562394	-1.0721954e-03 -7.9226783e-03 -7.1990112e-04  4.3889927e-03
 -2.3566040e-03 -3.0043107e-03  3.5667690e-04  5.4990412e-03
  4.0936056e-03 -8.5772583e-05
62586	-0.00185297  0.00122735 -0.00052755 -0.00181234  0.00292369 -0.00404613
  0.00140756  0.00648839  0.00529579 -0.00057395
259809	 0.00187946  0.00046959  0.00300106 -0.00181998  0.00311025 -0.00401274
 -0.0063452   0.00498215 -0.00722815  0.00251094
259813	 5.2340049e-03  3.7202037e-06 -1.3471099e-02  1.4569684e-02
  9.8176170e-03  6.6786464e-03 -9.3154637e-03 -2.7579574e-03
 -3.2248560e-03 -1.6118178e-02
263913	 0.00273618 -0.00658583 -0.0023709  -0.00483222 -0.00332203 -0.00807274
 -0.00823079 -0.00657465  0.00492773 -0.00103317
129262	-0.00297759  0.00880663  0.00522132  0.00318246  0.00443344 -0.00221214
 -0.0049704   0.00343015 -0.00433381  0.00439948
403185	 4.7639636e-03 -1.0418902e-03 -1.0131416e-04 -3.4517010e-03
  3.7473354e-03 -1.3520465e-02  4.5370434e-05 -1.9046613e-03
  1.6433235e-03 -5.9957471e-04
67315	-0.00406857 -0.00048855 -0.00388903 -0.00215292  0.00077603 -0.01282787
 -0.00408316  0.0056129   0.0031667   0.00195174
427252	 0.00686727 -0.00076196 -0.01011342 -0.00427849 -0.00165418 -0.00166516
 -0.00450754  0.00619422 -0.00714593 -0.01005605
214773	-0.00680713 -0.00873311  0.00020673 -0.00321549  0.00085361  0.00255769
 -0.00484779  0.00085014 -0.00330151  0.00383248
17656	 0.00127772 -0.0072743   0.00061892  0.00148118  0.00137726 -0.00321821
 -0.00610159  0.00247584  0.00537998  0.00516442
145148	 1.9952138e-04  2.7899758e-03  2.1872064e-03 -6.2730433e-05
  6.0922899e-03 -2.7898708e-03 -7.3961401e-03  2.1591969e-03
  1.5409628e-03 -4.7089151e-04
53511	 0.00207937 -0.00093596 -0.00524164  0.00341591  0.00280035 -0.00560629
 -0.00252597 -0.00172987  0.00412094  0.00325846
280332	-0.00692995 -0.00185985 -0.00082788  0.00771487  0.00567365 -0.00624062
 -0.00704382  0.000373    0.00598904  0.00166423
65808	-0.00489229  0.00018342  0.00224447 -0.00179051 -0.00764029 -0.00802582
  0.00254069 -0.00122286  0.00642657 -0.00100512
273169	-0.00603784 -0.00081343  0.00144753 -0.00394957 -0.00613034 -0.01317411
  0.00054054 -0.00742541  0.00130991 -0.0011686 
310035	-5.5106664e-03  6.2936209e-03 -2.8972683e-04 -7.0215557e-03
  1.0810350e-02 -8.3240187e-03 -8.6193730e-04  5.9294649e-03
  7.4105966e-03  9.4968644e-05
337172	 0.00064824  0.0011477   0.0067801  -0.00311476  0.0017838   0.00383143
 -0.0124898   0.00395084  0.00012944 -0.00308167
272157	-0.00561485 -0.01144639  0.00522586 -0.01065396  0.00449382 -0.01006007
 -0.01400011 -0.00441881  0.003865    0.00307891
454277	 0.00961122  0.00175703 -0.00876863  0.00760889  0.00040373 -0.00947716
 -0.00139827  0.01065444  0.0064031   0.00582844
341290	 0.00067437 -0.00020521 -0.0085118  -0.00425926  0.000499   -0.00270423
 -0.0105556  -0.00287416 -0.01332234 -0.00688865
364844	 0.01513589 -0.00329639 -0.00510666 -0.00380544 -0.00019929 -0.00230884
  0.00294918 -0.00944785  0.00382324 -0.00313367
512308	 0.00428029 -0.00763085 -0.00545053 -0.00966194 -0.00224589 -0.00631664
 -0.00590948 -0.00435259 -0.00361358 -0.00910648
509753	-0.00128703  0.00684302  0.00277274  0.0046601   0.00051603 -0.00504348
 -0.00329257  0.00071113  0.00834102  0.00323499
214842	 0.00802445 -0.00255325  0.01198677  0.0029331   0.00837737  0.00297776
 -0.00945405 -0.00087267 -0.00136051 -0.00600569
435004	-0.00282816  0.00395723 -0.00644407 -0.00161621 -0.00752986 -0.01135727
 -0.00933618  0.00345134 -0.00659029  0.00678124
272011	 0.00598643 -0.00346153  0.00112182 -0.00167833 -0.00271014 -0.00387391
 -0.00461013 -0.00128418 -0.00329154 -0.00239292
74052	-7.4361556e-04  3.9382712e-03 -7.2875177e-04 -6.6085246e-05
 -2.9551107e-05 -1.5995681e-02  1.9795929e-05  6.0059358e-03
  6.7758188e-03 -4.5968192e-03
432459	-0.01400641 -0.00997953 -0.00169451 -0.01271182  0.01768121  0.00448043
 -0.00572943 -0.00272511 -0.00608175  0.00522403
53582	 0.00301289  0.00031031 -0.01079383 -0.00053412  0.00535583 -0.00534009
 -0.00650103 -0.00080098  0.00600771  0.00151193
435026	 0.00749255  0.00358822 -0.00290288  0.00195664 -0.00025113 -0.00748777
 -0.0012172   0.00217696  0.00025286 -0.00106353
529753	 0.00387918 -0.00067809  0.00101266 -0.00375444 -0.00944525 -0.00077863
  0.00661538 -0.00984653 -0.00244589 -0.00232137
62303	 0.00027385 -0.00415515  0.00086232  0.00202624  0.00657755 -0.00879081
  0.00348972  0.00507939  0.0037664   0.00557503
250216	 0.00401123  0.00523885 -0.0073816   0.00104721 -0.00057083  0.00025218
 -0.00331988 -0.01174483  0.00193475 -0.00206776
53629	-7.7124853e-03  3.8528287e-05  1.3724731e-04 -3.0202798e-03
  9.7269397e-03  5.0343722e-03 -3.1259672e-03 -2.1529647e-02
 -4.9715606e-03  8.5552055e-03
366473	-0.0017737  -0.00823678  0.00104966  0.00351882 -0.00436953 -0.00143941
 -0.00621011 -0.00540428  0.00341973  0.01190532
529293	-0.00546828 -0.0049118  -0.01190792 -0.00555999 -0.00328047 -0.00780313
 -0.00579158  0.00204869 -0.00781043 -0.00404844
66456	-0.01008372 -0.00468841 -0.01007073 -0.01002446  0.00393464 -0.01072579
 -0.00211662  0.00891213  0.00486649 -0.00466299
251802	 0.00779716 -0.00757988 -0.00297327 -0.0119831  -0.00364092 -0.00829836
 -0.00556917 -0.00480423 -0.00019838 -0.00467071
384923	 2.6366804e-03 -7.8111151e-03 -7.2723338e-03  3.4695242e-03
  5.9508649e-03 -7.7185808e-03 -1.2861318e-02  4.6017370e-03
 -1.0966795e-03  6.2813169e-06
325536	 4.4334899e-03  4.4958536e-03  2.0021200e-03 -3.2512675e-05
  1.2699340e-03 -3.7806865e-03 -1.4625847e-03  2.0905607e-03
 -3.3319124e-03  1.5062338e-03
239523	-0.00316951 -0.00613433 -0.01020459 -0.00731733  0.00244876 -0.01203868
 -0.00614934 -0.00230046  0.00357638 -0.00806518
334756	 0.00149647  0.00041043 -0.00749054 -0.00605207  0.00139605 -0.00604385
 -0.00663347 -0.00435516 -0.00531463  0.00137519
366503	 0.00186802 -0.00161433  0.00041275  0.00289024  0.00046966 -0.00095046
  0.00049938 -0.00292615  0.00500136  0.00801962
290734	 4.9958559e-04 -1.8957540e-03 -6.4024962e-03  1.1344934e-03
 -2.6061112e-04 -4.1911332e-03 -3.9301608e-03  3.3863846e-05
 -1.2847293e-03  9.3502388e-04
357808	-0.00804034 -0.00745619 -0.00344521  0.00317821 -0.00419389 -0.00212639
  0.00715131 -0.01409022 -0.00300844 -0.00117429
116148	 0.00060009 -0.01042691 -0.01528842 -0.00845103 -0.00418816 -0.00576775
 -0.01112264  0.00517721 -0.00346417 -0.01254854
384437	-0.00324778 -0.00858158 -0.00188991 -0.00291796  0.00720125 -0.01496974
 -0.01108774 -0.00319608  0.00904651 -0.00516477
63422	-2.8580133e-04  8.7115666e-05  1.7967033e-03  2.4457225e-03
  1.7564057e-03 -3.9965976e-03  2.0251081e-03  7.7700783e-03
  3.4393785e-03  1.4132315e-03
428993	 1.2047050e-04  2.4422565e-03  7.9917512e-04 -2.9730224e-03
 -3.4288072e-03 -2.2755677e-03 -3.2152967e-03  8.4793610e-05
 -2.2074825e-03 -3.6948258e-03
268739	 4.9558198e-03  5.0215358e-03  1.9488692e-03  2.9813650e-03
 -4.1672512e-05  7.7255093e-04  3.6092179e-03 -1.2538148e-03
  7.7407639e-03  3.6010195e-03
195022	-0.00046414 -0.00321936 -0.01058904 -0.00698561 -0.00884424 -0.00757254
  0.00268945  0.00288574 -0.00238599 -0.00577021
290768	 0.00330526 -0.00249338 -0.00466858 -0.00188023  0.00033591 -0.0064725
 -0.00348903 -0.00027457 -0.00141503  0.00032535
242138	 0.00413778 -0.00938124 -0.0001678  -0.00937908  0.00476093 -0.00626206
 -0.00339706 -0.00089808 -0.00298395  0.00232193
242139	 0.00555848 -0.00777288  0.00017186 -0.00478785  0.0062811  -0.01981531
 -0.00168626  0.00497457  0.00140646  0.0064804 
215519	 0.00093155 -0.00207959  0.00126929  0.00213389  0.00250236 -0.00385746
  0.00027511 -0.00798175 -0.00084141 -0.00517215
151012	-0.00048114  0.00113323  0.00298076 -0.00551689  0.00137098 -0.01065139
 -0.00325557 -0.00059675  0.0005352   0.00016293
335334	-0.00078781 -0.00011999 -0.00272839 -0.00674361  0.00506205 -0.01041204
 -0.00886662 -0.00321947 -0.00509791 -0.00492742
228341	-0.01128622 -0.00127798  0.01386576  0.00165107  0.00993768 -0.00857292
 -0.00644009  0.01159972 -0.00024328  0.00855837
253432	-0.00230768  0.00149459 -0.00617691  0.00221527 -0.00165938 -0.00768757
  0.0068839   0.01441022  0.00243231 -0.00249975
57852	-0.00571307 -0.00347934 -0.00619297 -0.0015491   0.00011739  0.01307754
 -0.00361553  0.00020329 -0.00721939  0.01429908
