330756	-0.0098099  -0.00350873 -0.00658427 -0.00763076  0.00319238 -0.0057247
 -0.00379909 -0.00170211 -0.00022317  0.00566014
65553	-0.00208363 -0.00241832 -0.00593727  0.00195308  0.00586362 -0.00496899
  0.00310707  0.00818279 -0.00217293  0.01390055
496146	 0.00153566 -0.00342056 -0.01024801 -0.00249798  0.00477592  0.00276253
  0.0003759  -0.00241564 -0.00808561  0.01537269
73750	-0.0022293   0.0002745  -0.01070597 -0.00969953 -0.0016682  -0.00307644
  0.00433333  0.00052984  0.00316753  0.00420322
391192	-6.6309795e-03 -4.8079407e-03 -2.5901650e-03 -7.8747729e-03
  3.7615774e-03 -6.9869054e-03 -2.3981789e-05  2.5964528e-03
 -3.6387637e-03  4.6762717e-03
391210	-0.00381093  0.00742581 -0.00261714 -0.0028824  -0.00044893 -0.00304232
 -0.00111288 -0.00077719 -0.01001312  0.0070957 
350766	 0.00214319 -0.00589062 -0.00329138 -0.00058433  0.00769869  0.00012038
 -0.00108906  0.00130197 -0.00235505  0.00924652
310087	 0.00501013  0.00159492  0.00553953  0.00308097  0.00341226  0.00613069
  0.0100298   0.00248664 -0.00391112 -0.00606472
357941	-0.00595689 -0.00688462  0.00068815 -0.00548659  0.00785162 -0.00213466
  0.00183938  0.00424002 -0.00045538  0.00777277
357942	-0.00589598 -0.004344    0.00501596 -0.00534847  0.00753709  0.00047551
  0.00341408  0.00290412 -0.00511184  0.00361572
401465	-0.006763   -0.01574146 -0.00451533 -0.00759967  0.00857969 -0.00802148
  0.0018997   0.00349329  0.00195134  0.014318  
525371	-0.00717077 -0.00259983 -0.00136386  0.00274665  0.00843831 -0.00214782
  0.00083483  0.00335309 -0.00674934 -0.00317048
152637	-0.00511153 -0.0002713  -0.00710445 -0.01219387  0.00704967 -0.00821245
  0.0069834  -0.00641462  0.00249512  0.01151956
451151	-0.00810302 -0.01019364 -0.00497604 -0.00528796  0.00817271 -0.00248855
  0.00189987  0.00542267 -0.00048452  0.01090703
186451	-0.00788647 -0.00873242 -0.00673017  0.0040326   0.00504252 -0.00052349
  0.00566117 -0.00087192  0.00160758  0.00923812
67162	 0.00085346  0.00361057  0.00769331  0.00013949  0.01031841 -0.0076121
  0.00194898  0.00549801 -0.00089703  0.00794805
546410	-0.00626821 -0.00320576  0.00173409 -0.00471182  0.00626063 -0.01162412
  0.0076943   0.00105476  0.00228859  0.00414703
546411	-0.0097202  -0.00744672 -0.01287209  0.00228865  0.00221848 -0.00174207
  0.00315858  0.01488569 -0.00355712  0.00865715
385136	-0.00045781  0.00298694 -0.00169659  0.00269631  0.00374866 -0.0018265
  0.00571353  0.00868747 -0.00381864  0.00716051
347762	-0.00910076 -0.00503554 -0.00899181 -0.00174565  0.00523639 -0.00771872
  0.00752198  0.01210762 -0.00275463  0.00555393
147562	-0.00822904  0.0037774   0.00204518  0.00284051  0.00877226  0.00885461
 -0.00719432 -0.00354438 -0.00385766  0.00354618
545406	 0.01456775  0.00645712  0.00231449 -0.00298726  0.010758   -0.00705188
 -0.00386126 -0.00929484 -0.00465074 -0.00071538
341124	 5.1608593e-03  8.0527512e-05  1.9038605e-03  1.6948489e-03
 -1.9257099e-03 -2.2286151e-03 -7.0535421e-04  1.8643085e-03
 -4.4837245e-03  4.9758474e-03
215062	-0.00110284  0.00510964 -0.00124541  0.00036331 -0.00512172 -0.00136977
  0.01415238 -0.00413634  0.00428862  0.01027576
63622	 0.00258025 -0.00913874  0.00136758 -0.00632291  0.01745694 -0.0082446
 -0.00567663 -0.00206052  0.00402615 -0.00142097
88711	-0.00387808 -0.00035114 -0.00435798  0.0029253  -0.00494723  0.00174422
 -0.00241795  0.01291257 -0.00475373  0.00521589
385163	-4.4875736e-03  9.2663057e-03  4.0947492e-03  2.4963168e-03
  5.4412680e-03  1.2810486e-03  6.6989596e-05  1.1723194e-02
  8.7782147e-04  1.4340183e-02
445070	-0.00945272  0.00373388 -0.0077167  -0.00414899  0.00648143  0.00115043
  0.00166697  0.01712629 -0.00849479  0.00834565
176784	-0.00685696  0.0157314   0.00790045  0.00370426  0.00368936  0.0035286
 -0.00269488 -0.00467836 -0.00401182  0.00300451
426134	-0.0026789  -0.00167289  0.00426012 -0.00373969  0.0020664   0.00113141
  0.00041159 -0.00664805 -0.0089889   0.00850286
471236	-0.02127812 -0.00111683 -0.01245692  0.01919715 -0.00074288  0.01270702
  0.01333022  0.01354496 -0.01006899  0.01708827
536733	 0.0018527  -0.00114026 -0.00770405 -0.00050768  0.00099563  0.00398891
 -0.00394997 -0.00179828  0.00311173  0.00845587
435361	-0.0071519  -0.00329521  0.00586355  0.00041351  0.00486757 -0.00015013
  0.00616217  0.00331977 -0.00434799 -0.00176471
459948	-0.01560844 -0.02594121 -0.01543732 -0.00520579  0.00193014 -0.00367101
  0.00479629  0.00420976 -0.00214894  0.00879973
453805	-0.00499658  0.00221339 -0.00540515 -0.00712682  0.00369624 -0.01107004
 -0.00476568 -0.00616163  0.00132635  0.00253967
384687	-0.00547989 -0.00322095 -0.00557867 -0.00300972  0.00250058 -0.00380869
  0.00870648  0.00591162 -0.00897905  0.02290283
453808	-0.00474127  0.00421158  0.00797939 -0.00349356 -0.0056005   0.00336017
  0.0001141   0.01082109 -0.00064927  0.00735332
339633	 0.00374244 -0.00888636  0.00297148 -0.00631211  0.00159001 -0.00686267
  0.00340693 -0.00120303 -0.00136223  0.01310073
504513	-0.00517489  0.00664638  0.00462745  0.00283108 -0.00075052  0.00196259
 -0.01083309  0.00424928 -0.00873054  0.00390708
194754	-0.01157024  0.00430253 -0.00443863 -0.00326078  0.01662157 -0.00974604
  0.00478665 -0.00173297 -0.01309128  0.00412881
357572	-0.00102985 -0.01805806 -0.00630346 -0.00711314  0.00468823 -0.00525106
  0.00215013  0.00205692 -0.00154299  0.0076548 
347857	-0.00984728 -0.00669317 -0.0045953   0.00728314  0.00517167 -0.00117247
  0.00597881  0.00595506 -0.00554567  0.00139609
531683	-0.0045129   0.00590826 -0.00317464 -0.00177256  0.00741239  0.00230758
 -0.00038831  0.00137714 -0.00024409  0.00472333
531686	-0.00802476  0.00027    -0.00874547  0.00228341  0.00795847  0.00362899
  0.00111923 -0.0030398   0.00058376 -0.0010964 
273642	-0.02152182  0.00620116  0.00394432  0.01195851  0.00763616  0.00217396
  0.01049549  0.00580133 -0.00554981  0.01234106
99052	-6.8073617e-03 -8.2335779e-03  5.2883057e-05  2.0381915e-03
  1.1019051e-02 -4.7483244e-03  4.8446991e-03 -2.1870651e-03
 -5.2523115e-03  7.4125011e-03
99053	-0.00350178 -0.00731968  0.0005677   0.0013371   0.00904342 -0.00338222
  0.00323708 -0.00172909 -0.00635901  0.00400086
194686	-0.0034477  -0.0067986   0.0073711   0.00860496  0.00411766 -0.00220747
  0.00321027  0.01005268 -0.00270515  0.00292891
2295	 1.1622606e-05 -1.9848964e-03 -4.0070862e-03 -1.9634550e-03
  1.8987441e-03  2.3771843e-03 -4.5440593e-03 -2.9505598e-03
 -9.8560993e-03  8.0088561e-04
251536	 5.6588319e-03 -3.6206935e-03 -1.8012824e-03  1.9610494e-03
  5.7851602e-03 -1.6092781e-06  8.8960938e-03  7.8327622e-04
 -1.1727839e-02  4.1574957e-03
251650	-0.01364111  0.00019138 -0.01069221 -0.00091988  0.00826171  0.00680085
 -0.00183299  0.00582954 -0.00313631  0.01373672
123691	 0.00983806  0.0089828   0.01155218  0.01040752  0.0121675  -0.00126784
  0.00281098  0.0020138  -0.00429256 -0.002384  
227593	-0.00788851 -0.00245528  0.00557588  0.00190696  0.01347697  0.00147617
  0.01670022  0.01038981 -0.0019919   0.01905478
16651	-0.00758449  0.00200831  0.00041606 -0.00351683  0.00940156  0.00185874
 -0.00462628  0.00365994 -0.00722324  0.01216748
99084	-0.00967362 -0.01707433 -0.00846021 -0.00484361  0.01120731 -0.00592372
  0.00048659  0.00950829 -0.00424234  0.01515046
450829	-0.0086861  -0.00952436 -0.00351813 -0.01275232  0.00728447 -0.00388558
 -0.00086219 -0.00815389 -0.00735163  0.00608559
564494	 0.00532384  0.00858614 -0.01382324 -0.0018429  -0.00716198 -0.00189892
 -0.00891006  0.00620593  0.00204985  0.01021368
132142	-0.00120708 -0.00585843 -0.00309543 -0.00514411  0.00423957 -0.00398558
 -0.00115113 -0.00582623  0.00358195 -0.00177989
461593	-0.00733061 -0.00730577 -0.00796222 -0.00631511  0.00581649 -0.00532821
  0.00200036  0.00327803 -0.00197337  0.01004658
2331	 0.00455917  0.00095398  0.00026822 -0.01102962  0.00956791 -0.00527417
  0.00768919  0.00702201 -0.00496953  0.00633079
357669	-0.00594672 -0.01066054 -0.00458874 -0.00678477  0.006011   -0.00311981
  0.00139642  0.00280243 -0.0049721   0.0087075 
18567	 0.0018225  -0.00954544  0.00151221 -0.00602481  0.00428922 -0.00271403
 -0.00168979  0.00159463 -0.00452214 -0.00335013
65326	 0.0049267  -0.00473894 -0.00401911 -0.00650665  0.00635145 -0.01224522
  0.00347899 -0.00498765  0.0042099   0.00102157
99208	-0.00494137 -0.0074935  -0.00403083 -0.00374797  0.01024626 -0.00224864
  0.00022615 -0.00190581 -0.00148834  0.00250251
534328	-0.00835303  0.00585355 -0.00236285  0.00688251 -0.00027631  0.00633786
  0.00196431  0.01569204 -0.00392745  0.00914836
423236	 0.00662913  0.00531904  0.00338825  0.00697307 -0.00150496  0.00177379
 -0.0021381   0.00174876  0.00158436  0.00070786
65863	 0.00191529 -0.00343324 -0.00075685 -0.00177892  0.00941642 -0.01114945
  0.00460707 -0.00017902  0.00606525  0.00294842
75321	-0.00254234 -0.00876497 -0.00305476  0.01227706 -0.00194533  0.00124224
  0.00381356 -0.00136859  0.00325478  0.00347672
357860	-0.00209276  0.00751337  0.00635374  0.00687333  0.00995164  0.00080148
  0.00094829 -0.00253346  0.00388897  0.00553175
350558	-0.00571792 -0.00234077 -0.00775719  0.00024126  0.01100885 -0.00110599
 -0.00210732 -0.00243411 -0.00682611  0.0051339 
251744	-0.00743368 -0.00453138 -0.00993899 -0.00440244  0.00324902  0.00229604
 -0.00092456  0.00565178  0.00150847  0.00240636
119137	-1.1459710e-02 -2.4135916e-03 -7.4646678e-03  7.3412126e-03
  2.9665856e-03  8.7234890e-05 -5.6654019e-03  1.1268339e-02
 -6.0333228e-03  1.3648694e-02
280951	 0.01154231  0.00819885 -0.00488964 -0.0149723   0.00322538  0.01091163
 -0.00258954 -0.00944189 -0.008629    0.00948544
52603	-0.00086226  0.00292359 -0.0035841   0.00678247  0.00162266 -0.00270672
  0.00421125 -0.00375055 -0.00121446 -0.00137941
2282	-0.00312735  0.00298763 -0.00637882 -0.01309252  0.00612047  0.00029438
  0.00475606 -0.00022513 -0.00627601  0.0026699 
357760	-0.00811504  0.00392228  0.00077454 -0.00772768  0.00726037 -0.00191898
 -0.00323829  0.01040385 -0.00078615  0.00677927
201601	-5.11335814e-03 -4.26023849e-04 -4.45014145e-03 -1.51672226e-03
 -5.92781405e-04 -1.04000850e-03  1.86324143e-03  1.13808345e-02
 -1.98432920e-03  1.79001217e-05
99207	-0.00887958 -0.00341006 -0.00784351  0.00190503  0.01116381  0.00515476
  0.00158806  0.00458573 -0.01173521  0.00386411
201608	 3.3717165e-03 -8.8783298e-03 -2.8016597e-03 -7.3974244e-03
  3.5246247e-03 -7.9875682e-03  7.3974929e-04  1.0850062e-02
 -2.8732719e-03  9.2834562e-05
526729	-0.00491823 -0.00713579  0.00297019 -0.00277468  0.00752268 -0.01065718
  0.00685193  0.00603403  0.00440535  0.00690781
357771	-0.0131927  -0.0097372   0.00060634 -0.00535087  0.00748622 -0.00877546
  0.00315028  0.00326966 -0.00159449  0.00166927
422287	 0.00037194  0.00601977  0.00095257 -0.00075069  0.00447014 -0.00199915
  0.00527184  0.00620985  0.00200281  0.00537332
357782	-0.01397085 -0.00916597 -0.00773056 -0.0016997   0.00958527 -0.00291338
  0.00266169  0.01345036 -0.00042418  0.01230792
64922	 0.00394269 -0.00627275 -0.00846836  0.00123959  0.00686868 -0.00574801
  0.00327709  0.0077658   0.00089019  0.0084343 
17824	-0.00967362 -0.01707433 -0.00846021 -0.00484361  0.01120731 -0.00592372
  0.00048659  0.00950829 -0.00424234  0.01515046
50308	-0.01275322  0.000964   -0.00599     0.00812507 -0.00011288 -0.01100019
  0.00366655  0.00329407 -0.01234912  0.00332016
229284	-0.00174836  0.01012117  0.00453518  0.0096827   0.00168174  0.00092044
  0.0049514   0.00369295  0.00013875  0.00142585
122795	-0.00837496 -0.00708414 -0.00675756  0.00064181  0.00950681 -0.00409591
  0.00163187 -0.00140606 -0.00099831  0.00941819
580013	 6.9807163e-03  1.1096523e-02  5.5463272e-03 -2.8115024e-03
  7.1601090e-03  2.4017692e-03 -7.4162373e-05  1.0932878e-03
 -4.8012529e-03  1.0007991e-02
303022	-0.00928968 -0.0058316  -0.00594793 -0.00829631  0.00649574  0.00226666
  0.00335246  0.0026206  -0.00109504  0.00931485
334769	-0.00342103 -0.00940354 -0.00121654 -0.00228401  0.00561072  0.0001938
  0.00876645  0.00316555 -0.00022094  0.00787978
391091	-0.00443489  0.00437619  0.00408639 -0.0068441   0.00764955 -0.01582509
  0.00244068  0.01068282 -0.00747336  0.00397404
358327	-0.01812806 -0.00691551  0.00281676 -0.00643795 -0.00064115  0.00378336
 -0.00412545 -0.00333539 -0.00383169  0.00803735
320441	 0.00458633 -0.00433631 -0.00094762 -0.0036404   0.00609678 -0.00086466
  0.01080931  0.00064766 -0.00662222  0.00849097
236989	 0.00416285  0.00739343  0.00245251  0.00506876 -0.00678581  0.0018688
 -0.00108886 -0.0005084  -0.00551821  0.01092715
65998	-0.00208817 -0.00736667  0.00224836  0.00519252  0.00310335 -0.0037832
  0.01026649  0.00608333  0.00019045  0.01059945
185295	-7.8460760e-03  1.9776055e-03  2.3299493e-03  3.9107339e-03
  1.0968184e-02  1.9843047e-03 -7.9111167e-05  1.2217342e-03
 -3.3555797e-03  5.8716466e-04
99064	-0.0094358  -0.0046509  -0.00358433  0.0028858   0.00165761 -0.00422666
 -0.00071749  0.0137196  -0.00104496  0.0069893 
128466	 0.00266708 -0.00173621  0.00168532  0.01218714  0.00707303 -0.00151462
  0.0069522   0.00074822 -0.00073232  0.00110954
459855	-0.0006293  -0.00588332 -0.01021696  0.00010439  0.01634632  0.00360048
  0.00529303  0.0023452   0.00247045  0.00593216
578530	 0.00072928  0.00887244  0.00819901  0.00779924  0.00034601  0.00668974
 -0.00618174  0.0015829  -0.00425977  0.00032227
384995	-0.00150184  0.00318878 -0.00696348 -0.00644831 -0.0020744  -0.00339951
 -0.00069603 -0.00496408 -0.00762392  0.00225837
576484	 0.0017191  -0.00794725  0.00226343 -0.00352419  0.00295664  0.00703961
  0.0058013   0.00921967  0.00422501 -0.00051573
576485	 0.00182544 -0.0026396  -0.00419423  0.00736094  0.00358156  0.00867249
  0.00578673  0.00667899 -0.01262902 -0.00066199
197102	-4.6144384e-03 -3.7563599e-03  8.7142609e-05  6.5331566e-03
  4.7069783e-03  6.6743552e-04  4.6793837e-03  1.7609623e-04
 -6.1766274e-04  2.6901060e-04
357873	-0.00262369 -0.00923341  0.01618521 -0.00659477  0.00264445 -0.01094456
 -0.00234479  0.00129876 -0.01103252  0.0076209 
506361	-0.01529329 -0.0076369   0.00714372  0.00232498  0.00725364  0.00510852
  0.00862164  0.00414254 -0.01045215  0.0065429 
506364	-0.00479136 -0.00425986 -0.01836581 -0.01220965  0.00130029  0.00288106
  0.00320638  0.00393017 -0.00678226  0.00243485
94718	-0.00071466 -0.00118525 -0.00171921  0.00247307  0.00377397 -0.00100239
 -0.005489    0.00121819 -0.00690853  0.00443725
