79879	-8.5372121e-05  3.9091012e-03 -1.1295634e-02 -1.8831301e-03
  2.7569011e-03 -4.2018038e-03 -2.6941819e-03  2.1842073e-03
  3.5823118e-03  2.1642838e-03
168456	 0.00567325  0.00314021  0.0014969  -0.00229643  0.00165543 -0.00724541
 -0.00119749 -0.00257666  0.00489991  0.00320843
444938	-3.8396285e-03  1.0067589e-02  7.0861657e-05  6.4951950e-04
  6.3628494e-03 -4.3042749e-04  5.5355579e-04 -2.8918585e-04
  2.5990859e-03 -3.3705337e-03
236605	 0.00099526 -0.00010618  0.00372688 -0.00102784  0.00232282 -0.00204518
 -0.00591996 -0.00012833  0.00296386  0.00270609
483854	 0.00595845 -0.00440815 -0.00405302  0.00032796  0.00529723 -0.01087445
  0.00383322  0.00328631  0.00253093 -0.00325755
456723	 0.00276255  0.01172838 -0.00286426  0.00200517  0.00273047 -0.00209046
  0.0002232  -0.00538104  0.00060941 -0.00602596
246292	 0.00386515 -0.00492443 -0.00660684  0.00052121  0.00473841 -0.00694518
  0.00569196 -0.00468623 -0.00091604  0.0027216 
410133	 0.0015168   0.00574181 -0.00417286 -0.00081728  0.00417184  0.00066084
 -0.00302763 -0.00245987  0.00014151  0.00350202
235544	-9.9710225e-05  2.9742636e-03 -2.1707660e-03  2.2007220e-03
  5.8393790e-03 -5.3348839e-03 -1.0771778e-03 -3.2673599e-04
  7.0753410e-03 -4.6478589e-03
274460	-6.6304143e-04 -2.2344834e-03 -3.5022781e-03  4.2699616e-05
 -6.2590153e-03 -9.6128033e-03 -2.9631616e-03 -1.2530620e-03
  2.5755721e-03 -3.3417323e-03
389681	 0.00288776  0.00509715 -0.00341683 -0.00250565  0.001342    0.01377564
  0.00291921 -0.00370522 -0.00084029  0.00830608
130610	 1.9155060e-03 -1.4791576e-03 -3.6670696e-03 -2.0723401e-03
 -2.2460183e-03 -6.5349496e-04 -3.0732150e-03  9.2421705e-04
 -9.6086675e-05 -2.4341121e-03
481339	-3.3271150e-04 -1.9343545e-03 -3.2698761e-03  4.8967917e-03
 -3.5286025e-04 -2.8624225e-03 -4.3289457e-03  7.6660850e-05
  2.2313781e-03 -3.9493432e-03
561725	 0.00209999 -0.00281994 -0.00313548  0.00427074  0.0057976   0.00857565
 -0.00340133  0.00302991  0.00469525  0.00611435
429118	 0.00486671  0.0007108   0.00261001  0.00204908  0.00032841  0.00154151
  0.00207921 -0.00879939  0.00084734 -0.00462408
54858	 0.00594258 -0.00391302 -0.01256089  0.0069523  -0.00483353  0.00983637
 -0.0221999   0.00382211 -0.00173529 -0.00442815
388188	 0.01939154  0.00148772  0.00291856  0.00443255  0.00503918  0.00934692
 -0.01514821 -0.00256132  0.00128507 -0.00704619
431710	 1.6773823e-03  3.9977035e-03 -3.3227116e-05  2.4815635e-03
 -8.4956288e-03 -6.9842064e-03 -7.8413859e-03 -1.0164255e-02
 -3.8663393e-03 -6.5830969e-03
229986	 0.00224364 -0.00153229 -0.00154223  0.00555474  0.0096148  -0.00264042
  0.00358388 -0.00522896 -0.00242538  0.00494579
328313	 0.00413262 -0.00062499 -0.00473351 -0.00571145  0.00270358  0.00271197
 -0.00158718  0.00138147  0.00394199  0.00693142
410234	 0.0096041   0.00751523 -0.00370442 -0.00792291  0.00581867  0.00146099
  0.00389659  0.0045086   0.00763414 -0.0006041 
282754	 0.00089266  0.00224713 -0.00882071  0.00021556 -0.00019631 -0.00141053
  0.00042001  0.00301063  0.00229855 -0.00251619
195206	-0.00309849  0.00039139 -0.00076689 -0.00305127  0.00402105  0.00027185
 -0.00150858  0.00261973  0.00680296  0.00238519
126603	 0.0120249  -0.00055712 -0.00817094 -0.00539206  0.01838093 -0.01061555
  0.0113778   0.01305977  0.01637475  0.00094451
353420	 0.00270546  0.00383087 -0.01148845 -0.00291183  0.00915708 -0.01063618
  0.00074475  0.009912    0.00304643 -0.01108881
507024	 0.00122047 -0.00430119 -0.00312848  0.00240209 -0.00730837 -0.00508406
 -0.00104624 -0.00179162  0.00488251 -0.00373851
486034	-0.00548948 -0.00091028 -0.00357113 -0.00073655  0.00355935 -0.00379683
  0.00306257  0.00213238  0.0018191  -0.00171904
565908	 0.00010799  0.00581885 -0.00094275 -0.00130365  0.00525115 -0.0004062
  0.00141915  0.00179372  0.00013957  0.00047831
532117	 0.00759085  0.00436253 -0.00464567  0.00500384  0.0084438  -0.0084379
  0.00267531 -0.00613923  0.00528362  0.01058701
228503	 0.00251379  0.01190175 -0.00240032  0.00219814  0.00221645 -0.00229642
  0.00048544 -0.00590291 -0.00011204 -0.00677509
537251	-0.00133312  0.01260156  0.00471737  0.01137228  0.00473695 -0.00463615
  0.00052465  0.01005789 -0.00171503 -0.0026574 
494760	-0.00119124  0.00360559  0.0038368  -0.00264061  0.00480788 -0.00258119
  0.00116144 -0.00133621 -0.00248351  0.0004655 
168619	 2.2941472e-03  2.5586647e-04  3.0385240e-03  9.2266463e-03
 -1.1411436e-05  7.8296522e-03  1.0560238e-03 -1.4525038e-03
 -5.9006899e-03 -2.7338385e-03
437258	 0.01006513 -0.00507252 -0.00864568  0.00356311  0.00530869 -0.00254194
  0.00563074 -0.00686056  0.00201774  0.00023902
301761	 0.00142107 -0.00270354  0.00216997 -0.00053513 -0.00180502  0.01001232
  0.01167855  0.00835769 -0.00423823  0.00326035
485589	-1.3466133e-03  9.2911604e-04 -8.6969354e-05  3.2119839e-03
 -1.9380484e-03  3.0613712e-03 -1.9905854e-03  2.1562376e-03
  7.0812162e-03  3.0213553e-03
372958	-0.00753882  0.00410682  0.0051177  -0.00639195 -0.00304588  0.00267452
 -0.00409717 -0.00438425  0.00152427  0.00591069
346356	 0.00431116  0.00084547 -0.00504708  0.0051507   0.00122699 -0.00011053
 -0.0043401  -0.00225728 -0.00047978  0.00164112
45304	 0.00234488 -0.00156866 -0.00623591  0.00473926 -0.00385511  0.00324386
 -0.0019545   0.00252877  0.00608828  0.00461646
247035	 0.00990625  0.00670419 -0.01145999 -0.00304179  0.00262923 -0.00293201
 -0.00918587  0.00153476 -0.00457549 -0.0101324 
364292	 0.00209879  0.00858133 -0.01516884  0.01112377  0.00504556  0.00135585
  0.00679277 -0.00253871  0.00740979 -0.00219437
371470	-0.00066282 -0.00071783 -0.00416155  0.00084699 -0.00428715 -0.00574946
  0.00163241 -0.00081716  0.00660278  0.00266197
281359	 0.00070431 -0.00303812 -0.00578217  0.0101709  -0.00183079 -0.00371219
  0.00625417  0.00030654 -0.00477174  0.0028261 
48686	 0.004069    0.00445523 -0.0077952   0.00578807  0.00209281 -0.00543494
  0.00357725 -0.00278325 -0.00189764 -0.00318623
297325	 0.00104599  0.00240881 -0.00825868  0.00212889  0.00092376  0.00132547
 -0.00529364 -0.00143427 -0.0002368   0.00044937
228639	 0.00619627  0.01295086  0.00047389  0.00181223  0.00738055 -0.00085171
  0.00421646 -0.00445458 -0.00142266 -0.00128372
263459	 0.00122047 -0.00430119 -0.00312848  0.00240209 -0.00730837 -0.00508406
 -0.00104624 -0.00179162  0.00488251 -0.00373851
258343	 0.00807499 -0.00266691 -0.00080149  0.00089517  0.00230478 -0.00631645
  0.00702723  0.00670231  0.00490632  0.00333848
235818	 0.0004333   0.00433995 -0.00556731 -0.0045306   0.00887629 -0.00588187
  0.00410701  0.00045523  0.00412349  0.00238278
508731	-0.01351723  0.00720564  0.00440146  0.00738777 -0.00092008 -0.00225965
  0.0150236   0.00060446  0.00568428  0.00031859
138570	 0.0044698   0.00762098 -0.0048622   0.00479292  0.00158749 -0.00185906
 -0.00396254  0.00055635  0.00118297 -0.00335204
133972	 0.00513701 -0.00090792 -0.01618148  0.00703876  0.00648906 -0.01011196
  0.00459562  0.00379898  0.00618551  0.00585571
138588	 0.00634493  0.00642231 -0.00727479  0.00051209  0.00278284  0.00241764
 -0.00710599 -0.00072343  0.00374454 -0.00044069
502621	 0.00175238  0.00164981  0.0009254   0.0031549   0.00224612  0.00388108
  0.0003931  -0.00568841  0.00454371 -0.00182179
138591	 0.00849352  0.0074926  -0.00538182  0.00335588  0.00541752  0.00292247
 -0.00535906  0.00323636  0.00234046 -0.00186396
488251	 0.01078504 -0.00488711 -0.00793622 -0.00786263  0.02153006 -0.00114853
 -0.01134411 -0.00358301  0.00663613  0.01168645
125288	-0.0088894   0.0100855  -0.00422086 -0.00125953  0.00094151 -0.0020985
  0.00324461 -0.00526062  0.00180717  0.00464083
444777	 0.00299914  0.00635148 -0.00155492  0.00044326  0.00666809 -0.00567223
  0.00618996 -0.00292555  0.00180066  0.00237063
210283	-0.00013871  0.00588329 -0.01174586 -0.00766248  0.00994788 -0.00564492
  0.00422568 -0.00172561 -0.00014035 -0.00246494
534381	 0.00715949  0.00215961 -0.00302762  0.00494621 -0.00087924 -0.00936799
 -0.00720578  0.00736695  0.01443105  0.00090844
126319	 0.01196938  0.01655608 -0.00591902  0.0027007   0.00788582 -0.0052938
  0.00737781 -0.01001657 -0.01881697 -0.00420266
362362	 0.00156586 -0.00127109 -0.00691588  0.00226147  0.00043405  0.00123495
  0.00394595 -0.00491057  0.00611259  0.00631625
248189	 0.00189036 -0.00087328 -0.00131396  0.00494762 -0.00495339 -0.00564149
 -0.00493166  0.00348693  0.00418014  0.00178585
142206	-0.00998562 -0.00263224  0.00040156  0.00133545  0.00354164  0.00466467
 -0.00130899 -0.00798422 -0.00347533 -0.00369612
562568	 0.01669745  0.00590246  0.0006505  -0.00309354  0.0032628   0.00382621
 -0.00387566  0.00757867  0.00653132  0.008495  
174479	 0.00115916  0.00071878  0.00238424  0.00855761 -0.00166812 -0.00221888
  0.00701266 -0.00569126 -0.00451402  0.01055156
469907	 3.1217583e-03  6.6831154e-03 -2.3429133e-03  8.0041144e-05
  2.0144694e-03  2.4517577e-03  2.3805895e-03 -2.7748332e-03
  3.5138989e-03 -6.0280092e-04
367515	 0.01101217 -0.00475198  0.00765164  0.00720212 -0.00455221  0.01341459
  0.00263069  0.00667226 -0.00292542 -0.00099825
164257	 0.00334325 -0.00049091 -0.00461991  0.00059312  0.00428956 -0.00343589
  0.0041749   0.00031944  0.00341044 -0.00271573
232360	-0.000891   -0.00318404  0.00128669 -0.00071544 -0.00162452  0.00040603
  0.00171405  0.00280429 -0.00354563 -0.00670273
346158	 0.00494198 -0.00779822 -0.00022257  0.007212    0.00223156 -0.00104249
  0.0026171   0.00927647  0.00220391  0.00279741
545182	-0.00042642  0.00365255 -0.00633084 -0.00069862  0.00387553 -0.00619118
  0.00696724  0.00030423 -0.0010773  -0.00034006
481354	 4.9519674e-03  3.3162272e-05 -5.4119956e-03  2.2471643e-03
  3.9607878e-03  3.1786666e-03  3.6105751e-03  4.5750821e-03
  5.0344099e-03 -2.8920635e-03
531396	 7.7199643e-03  1.9164919e-03 -1.2474981e-03  3.4296014e-03
  6.1872392e-03  6.3198939e-05 -4.9838889e-03 -1.6492617e-03
  5.5772597e-03  9.2691220e-03
228812	 0.00261294  0.00613719 -0.00240523  0.00080007 -0.00591213 -0.00481844
  0.00286605 -0.00674101  0.00083879 -0.00287408
522189	 0.00168994  0.00850952 -0.00473054  0.01314731  0.00321775 -0.00396053
 -0.01210313 -0.00663618 -0.0022825  -0.01327681
285647	-0.00155124 -0.00198226  0.00046261  0.001386    0.00126568 -0.00439731
 -0.00015261  0.00629972  0.00140622  0.00135506
366034	-0.00076193 -0.00609657 -0.01252741  0.00681407  0.00011756  0.01319865
  0.00494518  0.00717722  0.00570132  0.00722883
180700	-0.00537924  0.00438581 -0.00211775  0.00288429  0.00855357 -0.00451389
 -0.00764371  0.00342089  0.0169016   0.01188431
389086	 0.0053565   0.00540692 -0.00294368 -0.00362508  0.00454258  0.00175508
  0.00436211 -0.00146295 -0.00264767  0.00604949
354299	 0.00265555  0.00290674 -0.0041754   0.00278363  0.00229116  0.00167979
  0.00276935  0.00199866  0.00418979 -0.00499431
