432641	 0.0017004   0.00208055 -0.00861155 -0.00808866  0.0009513  -0.00370938
 -0.00025877 -0.00243806 -0.00108056  0.00661842
126468	 0.01566863  0.00397378  0.01445524  0.0077049  -0.0016851  -0.01443405
  0.005684   -0.02158128  0.00185005  0.02164069
310282	 0.00916716  0.01197369  0.00713158  0.0068137   0.01112416 -0.00437877
  0.00204223 -0.00363858  0.0059199   0.00565592
507405	 0.00202899  0.00890633  0.00056326  0.00240169 -0.0016411  -0.00414333
 -0.00423485 -0.00485108 -0.00459906  0.00350109
49167	-0.0166494   0.01833586  0.05445668  0.00030603 -0.00651631  0.06478973
  0.01463467  0.02628029  0.03523561 -0.04482643
536083	-0.00927627  0.00083658  0.00225211 -0.00083344 -0.00500521  0.00472441
  0.00479101  0.01419713  0.00338809 -0.00043949
328212	-0.00460636  0.00528401  0.00204104 -0.00827094 -0.00088827 -0.00372337
  0.00175874 -0.00290088 -0.01330586 -0.00068877
484376	 0.00385199  0.00444997 -0.00574454 -0.00179327 -0.0006687  -0.00410781
 -0.0028416   0.00428486  0.00475888  0.00889695
507421	 0.00028466  0.00871688  0.00453082  0.00276676  0.00793933 -0.00609181
 -0.00289287 -0.00725737 -0.00241542 -0.0007416 
462640	 0.00063517 -0.00187022  0.00114873  0.00552625  0.0057114  -0.00234255
 -0.00166906  0.00768232  0.00122513  0.00699798
222755	 3.0257215e-03  5.6525650e-03 -7.6205721e-03 -8.5159118e-05
  6.4341775e-03 -7.1667763e-04  7.7581215e-03  2.7003228e-03
  5.7903016e-03  6.6989572e-03
72231	-0.00670416  0.01965922  0.00011462 -0.0021427  -0.00290441 -0.002747
  0.0021842  -0.00592052 -0.00871323  0.0013264 
449576	-0.00341966  0.00658976 -0.00173154 -0.00157111  0.00334422  0.00126411
  0.00103601 -0.00190146 -0.00157428 -0.00510443
312361	-0.01265894  0.01792097 -0.01799692 -0.02028938 -0.00419789  0.01537531
 -0.01045211  0.00648217 -0.00417922  0.00357243
364039	 0.0070161  -0.00295664 -0.00080434 -0.00082506 -0.00041946  0.00419928
 -0.00284117 -0.00030228  0.00258922  0.00764692
128053	 0.00505551 -0.00079424 -0.00602076  0.00394066  0.00024944  0.00046246
  0.00128311  0.00143184 -0.00600108  0.00362466
436281	 0.00342044  0.00247516 -0.00751801  0.00370897 -0.00261876 -0.00060955
  0.00347041 -0.00177919  0.00160571  0.00377486
245306	 0.00723283 -0.00809955  0.00697529 -0.01098814 -0.01104522  0.00915798
 -0.0137067   0.00411935 -0.00202593 -0.00320889
363585	 0.00300888  0.00092735 -0.00091867  0.00357632 -0.00124709  0.01068741
 -0.0025076   0.00087771  0.00135993  0.00271157
554055	 0.00282381  0.01003986  0.00272337 -0.00987063  0.00023859 -0.00313568
  0.008371   -0.00120205 -0.02062931 -0.0031558 
273998	-2.0840557e-03 -8.1684170e-03 -7.2784303e-03 -3.8088951e-03
  5.9850104e-03  1.2383402e-02 -7.0782669e-04 -5.2342317e-03
 -9.3300523e-06  1.4206140e-02
251473	 0.00189312 -0.00440767  0.00228349 -0.00619282 -0.00175871 -0.00533017
  0.00401792  0.00264304  0.00445442  0.00306483
130650	 0.00227476 -0.00030021 -0.00582189 -0.0040944  -0.00602946  0.00025543
 -0.0107172  -0.00024947  0.00140548  0.00750477
463966	-0.01178123  0.00521788 -0.00058055 -0.00830179  0.00055899 -0.00420148
 -0.00862028  0.00385941  0.00458308 -0.01135087
410208	-0.00130263  0.00067618 -0.00432206  0.00794995 -0.00023878 -0.00498035
 -0.00200245 -0.00674086 -0.0014535   0.00011918
128097	 0.00220961  0.00130842 -0.00994042  0.00289794 -0.0018078   0.00539658
 -0.00094563  0.0001106   0.00505162  0.00661349
441531	-1.7645230e-03 -8.3379768e-05 -8.8770536e-04  7.9492051e-03
 -1.3433668e-03  4.0133893e-03 -2.2261553e-03  9.8846632e-04
  3.4025961e-03  4.0988191e-03
320617	 0.00448732  0.00091036 -0.00728367  0.00326457  0.00671911  0.00147669
  0.0047873  -0.00398723 -0.00888798  0.00458917
210542	-1.4947829e-03  5.0270436e-03  4.5238687e-03  4.8778597e-03
 -2.9079730e-03 -5.5569434e-04 -3.0129091e-03  1.5744257e-05
  9.3641309e-03  4.0210984e-03
18025	-0.00357996 -0.00216801 -0.0029908  -0.00331853  0.00113691  0.00189785
 -0.00301644 -0.00425033 -0.00485596  0.00386509
474759	 0.00678325  0.00776015 -0.00654106 -0.00826576 -0.00181324  0.00164994
 -0.00304923 -0.00139992 -0.00417558  0.00728399
163466	-0.00327788  0.00084375  0.00526831 -0.00158532  0.00090993  0.00015817
 -0.00548297  0.0131936  -0.00223273  0.00764165
38542	 0.00359097  0.01197962 -0.0081449   0.00166435  0.00488612  0.00500972
  0.00433646  0.00548064  0.00232133 -0.00448326
493714	 0.00630132 -0.00011773 -0.00551562 -0.00469007  0.00243447  0.00872484
 -0.00413425  0.00154204  0.0005771  -0.00617615
520047	 0.00146566  0.00031762 -0.0030616  -0.00343459  0.00232042 -0.00348093
  0.00246775  0.00504814  0.0008639   0.00060583
448680	-4.2767269e-03  6.6470695e-03 -2.3126118e-03 -8.3522722e-03
  1.9439078e-03  3.3835559e-03 -6.1852206e-03  6.6520931e-04
 -3.8154500e-03  2.7877282e-05
245532	 0.00210198  0.01117145  0.00935253 -0.01653301 -0.01728459 -0.00897504
 -0.01226377  0.0108567   0.0184836   0.00463409
511148	 0.00331613  0.00145978 -0.00627257 -0.00167188  0.00116941  0.00780076
  0.00719262  0.00263238  0.00601195  0.00558058
166576	-0.01321389 -0.01027184  0.00789481 -0.00910963  0.00797038 -0.00784738
 -0.01718659 -0.00045474  0.02360082 -0.00312656
538803	 0.00118976  0.00079975 -0.00107715 -0.00318145  0.00179668 -0.00201531
 -0.00390032  0.00357198 -0.00174448  0.00857076
296629	-0.01298857  0.01073797 -0.00529662 -0.00205192 -0.00353054 -0.00135541
  0.00267226 -0.00630535 -0.00326176  0.00236358
245949	-0.00712395  0.00047654 -0.0052491  -0.00100623 -0.00420809 -0.00459962
  0.00596351 -0.00033434 -0.00199728  0.00739583
410320	-0.00040564 -0.00703511 -0.00013514 -0.00268001  0.00246051 -0.00233165
  0.0038753  -0.00441989 -0.00357416  0.00150078
495828	 5.0944947e-03  7.9606188e-04  3.0694841e-04  1.0478061e-02
  7.1140159e-05 -3.7304277e-03  6.6546891e-03 -4.5348667e-03
 -5.0924630e-03  2.1282641e-02
508635	-0.00177033  0.00994718  0.00289537  0.0107661   0.00095295  0.00689994
 -0.00178403 -0.0016816   0.00148948 -0.00012228
322781	 0.00286664 -0.00049224 -0.0017984   0.00208978  0.00357792  0.0027072
  0.00861692 -0.00346797 -0.0074321   0.00685724
305387	 0.00280094  0.0046182  -0.00455229  0.0027383   0.00386501  0.00714745
 -0.00433367 -0.00368769  0.00383464 -0.00235349
92926	 0.00106698  0.00203787 -0.0036005  -0.00485562 -0.00555495 -0.00159018
 -0.00651299 -0.00795724  0.00126749  0.00868078
463109	 0.00043913  0.00308128  0.00199721  0.00654495 -0.00171105  0.00976048
  0.00150784 -0.00611566 -0.00185234 -0.00317635
212231	-1.9137904e-03  2.4016821e-03  2.5193829e-03  5.0330982e-05
 -2.4824706e-03 -1.5253275e-04  2.3772740e-03  2.5186914e-03
 -1.9983507e-03  9.9964975e-04
14101	-0.00061519  0.00483569 -0.00299251 -0.0043813  -0.00047398 -0.00398049
 -0.00091863 -0.00336977  0.00387562  0.00527767
128284	 0.01101586  0.00555482  0.00373318 -0.00619862  0.00721104  0.00038981
 -0.00148661  0.00710555  0.00193233  0.00205464
163103	-0.00366082  0.00125266 -0.00822413  0.00425781 -0.00608817  0.00449919
 -0.00278463  0.00580921  0.00659921  0.00460488
177441	-0.00353099  0.01421057  0.00135755 -0.00317549 -0.0035919   0.00164044
  0.00191685  0.00597676 -0.00497445  0.00119897
413475	-0.00617594  0.00527987 -0.00851778 -0.00192175  0.01002462 -0.00034484
  0.00582808  0.00063986  0.00046991  0.00157722
499501	 7.8550661e-03  1.4105571e-02 -5.4396796e-03 -6.9165508e-06
 -3.8610315e-03 -4.8987996e-03 -5.0228778e-03  5.6029628e-03
  6.4101610e-03 -7.4320048e-04
27440	-0.00812905  0.00018868 -0.00302727 -0.00146964 -0.00752022 -0.00373816
  0.00187139 -0.00051009 -0.00158162  0.00069901
225587	 0.00396567 -0.00132533 -0.00681769 -0.00266979 -0.0023388   0.00144935
 -0.00195582 -0.00012073 -0.00134832 -0.0003275 
538425	 0.00464478  0.00469502 -0.00344484  0.00299279 -0.00473198  0.00106349
 -0.00027735 -0.00714475 -0.00691236  0.00465337
556861	 0.00634986  0.00139123  0.00229244  0.00053731 -0.00262491 -0.00141472
  0.0052437   0.00347691 -0.00332209  0.00703916
464198	 0.0040737   0.00548813 -0.01180808 -0.00113348 -0.0084365   0.00293712
 -0.00693553 -0.00095232 -0.00484292  0.00174447
92467	-4.2367389e-04 -2.5196455e-03 -1.2080777e-04 -1.0549405e-02
 -4.0835664e-03  3.0097156e-03  6.5976805e-05  2.9189745e-03
 -1.3908744e-02  1.2980617e-04
216546	-0.00739663 -0.00427946 -0.01228206 -0.00644745 -0.00393235  0.00209123
  0.00379232  0.00260811 -0.01144528 -0.00335502
7502	 4.2945165e-03  3.9000351e-03  4.5541683e-03  6.4824773e-05
  9.6621159e-03 -1.6571652e-03 -4.7592684e-03  3.0869788e-03
 -5.3062942e-03  2.8446417e-03
395577	 0.00349199  0.00138054 -0.0072727   0.00917997  0.00117499 -0.0043609
  0.00689429  0.00345271 -0.00059376  0.0033957 
289633	-0.00173627  0.00298279 -0.00285139  0.00381723  0.00031662 -0.00097091
  0.0006408   0.00711312 -0.0029805  -0.00381715
355	-0.0025047   0.00667597 -0.00770892  0.00229951 -0.00067914  0.0036371
  0.00140263 -0.00248614  0.00024727  0.00567199
271719	 7.1518582e-05  6.4955726e-03 -6.9986926e-03  2.5649345e-03
  4.0769202e-04 -3.6676359e-04  1.6846200e-03 -4.2663976e-03
  4.4159694e-03  5.1578623e-04
216722	 0.00096892  0.01097382  0.00125673 -0.0017396  -0.00039387 -0.00438157
  0.00766941  0.00102866  0.00266957  0.00121562
292157	 0.00362461  0.01019367 -0.00694887 -0.00500162 -0.00195606  0.00072779
 -0.00031099  0.00021663  0.00150922  0.00452775
527242	-0.00020042  0.01425928 -0.00773671 -0.00050549 -0.00737457  0.00700131
  0.0099838  -0.00147921 -0.00235124  0.00137278
35724	 0.00458857  0.00582312 -0.01400271  0.01065357  0.00494364  0.00199599
 -0.00630226  0.01785959 -0.00848223  0.01457107
242083	-0.00374083 -0.00063733 -0.0112158  -0.00036881 -0.01081674 -0.00217191
 -0.00980823 -0.00673801 -0.00897481  0.00361391
269735	 6.39081933e-03  6.51054643e-03  2.01101248e-05  1.20481765e-02
 -1.88870227e-03 -5.53192524e-03 -2.68032262e-03  2.43392773e-03
  2.79390160e-03  1.27491783e-02
181160	 0.00306079 -0.00061607 -0.00102653 -0.00226817  0.00846483  0.00605484
  0.00296077 -0.00599121  0.00013845  0.00386677
311214	-0.00666655  0.00764788 -0.00208541 -0.0015045   0.00324834 -0.00161655
  0.00490535  0.00195684  0.00536912  0.00572347
505263	-3.2512762e-05 -8.1191184e-03  1.4307730e-02  7.3630582e-03
 -2.1213008e-02 -7.9427119e-03 -2.5330856e-04 -1.7242413e-02
 -1.0375537e-02  1.6143429e-05
282036	 0.00527864  0.00815837  0.00410201  0.00671225  0.0091729   0.00474929
  0.00691906 -0.00321908 -0.00705491  0.00651628
198070	 0.00458253  0.00611828 -0.00496331  0.00584541 -0.00532775  0.00438814
 -0.00241045  0.00216258 -0.00273447  0.00712617
549281	 3.3676999e-03  6.2233186e-03 -1.0293447e-02  3.3998108e-04
 -1.0893461e-03 -9.2378892e-03  8.9619854e-05 -2.1080111e-04
 -2.6276878e-03  1.0979385e-03
376784	 0.00309617  0.00301977  0.00080189  0.00322903  0.0006128  -0.00870798
  0.00870723  0.00097126  0.00233072  0.00259964
86994	-0.00063118  0.00886485 -0.0090523  -0.00087502 -0.01046038 -0.00154433
  0.00282651 -0.0021016  -0.00050716  0.00372515
489294	 7.0337723e-03  4.8914221e-03 -9.5115189e-04  3.1892140e-04
  3.0116674e-03 -4.4478714e-03 -2.2547290e-05 -1.0318328e-03
 -1.0077499e-03  3.5000744e-03
389625	-6.1415980e-04  7.1679233e-03 -5.1893239e-06 -1.0476704e-03
 -5.7773700e-04 -3.1497595e-03  2.3832363e-03 -3.1411389e-03
  4.0138743e-04  8.6063119e-03
105442	-0.00329388  0.00083151 -0.01130284  0.00632407 -0.00135064  0.00261097
 -0.00629303 -0.0010716   0.00285683  0.00308494
524060	-0.00011007  0.00120219  0.00364651  0.00327624 -0.00364192  0.00086356
 -0.000617   -0.00480315 -0.00479919  0.0002104 
129514	-0.00126961  0.00310599 -0.00142257  0.00660792 -0.00240311 -0.00109889
 -0.00167255  0.0028148  -0.00149635 -0.00555892
436217	-0.00218873  0.00224498 -0.00389946  0.00179976  0.00280928  0.00433037
  0.0007214   0.00042847 -0.0005326   0.00434852
311803	 0.00264306  0.00770553 -0.01039292  0.00346387  0.0010157   0.00581906
 -0.00436804 -0.00335742 -0.00421295  0.00381774
179711	-0.00103487 -0.00247085 -0.00206821  0.00067777 -0.00484985  0.00342562
 -0.00101999 -0.00154136 -0.00086918  0.00568105
