238594	-0.00184387 -0.00439216 -0.00596467 -0.00590012  0.00338844 -0.00022427
 -0.00059743  0.00073981  0.00446904 -0.00544821
435204	 0.00284424 -0.00835093 -0.00816898 -0.00362363  0.00479221  0.00992719
 -0.00208144 -0.00711882  0.00010587 -0.00593725
435116	 0.00215992 -0.00811872 -0.01202372 -0.00277665  0.00778004  0.00932396
 -0.0010821  -0.00560351  0.00085392 -0.00642999
176667	-0.00703278 -0.00345635 -0.0077483  -0.00999247  0.00965659  0.002877
 -0.00389969  0.00046276 -0.00100353 -0.01138558
292381	-0.00086262 -0.00340102 -0.00559642 -0.01423525  0.00731338  0.00471914
  0.00412772 -0.00172288 -0.00435377 -0.00669812
292384	-0.00590905 -0.00399922 -0.00634203 -0.00812263  0.00158574  0.00342865
 -0.00639791  0.00193638  0.00032436 -0.00561712
292388	-0.00049867 -0.01210988 -0.00816418 -0.00445917  0.00869296  0.01301506
 -0.00718085  0.00154527  0.00045321 -0.01408849
14373	-0.00084667  0.00068006 -0.00899017 -0.01546247  0.00637562  0.00980274
  0.00501792 -0.00705443 -0.005154   -0.01494696
292392	-0.00563596 -0.00646443 -0.01421932 -0.01852303  0.00434404  0.00675897
  0.00116198 -0.00013359 -0.00400967 -0.01998416
287798	 0.00194233 -0.00309883  0.00156006 -0.00907684  0.00177878  0.00121777
 -0.00258166 -0.00166731  0.00162977 -0.00297747
416312	-0.00043232 -0.00553498  0.00238977 -0.00268253  0.00601928  0.00397063
 -0.00380627  0.00143831  0.00231273 -0.01146415
372283	 0.00059782 -0.01411314 -0.00865297 -0.00663288  0.00357556  0.01033567
 -0.00345857 -0.00339636 -0.00144107 -0.01006993
109638	-0.00484941 -0.00680691  0.00385503 -0.00777949  0.01012661 -0.00525756
  0.00367803 -0.00066056  0.0014073  -0.00017077
177753	-0.00568358 -0.00021611 -0.01207914 -0.00662049  0.00661667  0.00525019
  0.00597847  0.00366505 -0.00059819 -0.00928421
341085	 0.00170284 -0.00533484 -0.00837341 -0.00588092  0.00071432  0.00726338
 -0.00080124  0.00114788  0.00021808 -0.01637708
24670	 1.1772508e-03 -4.8645758e-03 -3.0177915e-03 -3.7913094e-03
  5.7651349e-03  9.8473635e-03 -1.6174959e-03 -2.0425676e-03
 -8.0456128e-05 -6.9584860e-03
235615	-0.0078049  -0.00393346  0.00136865 -0.00981101  0.00797062  0.00104388
 -0.00512464  0.00490637  0.00111585 -0.00442189
50275	-8.9072157e-03 -1.2811290e-02 -3.9691036e-03  1.6907390e-03
  5.3668264e-03 -9.4654257e-05 -8.4300656e-03 -3.9372207e-03
 -6.3050338e-03 -1.4318895e-02
65128	-0.00172936 -0.00430752 -0.01406421 -0.01285625  0.00604535  0.007512
  0.00084188 -0.00101791 -0.00139411 -0.00210312
26737	 0.00087768 -0.00642138  0.0022869  -0.0050307   0.00381961  0.00301488
 -0.003982    0.00158622  0.00617803  0.00740828
288427	-0.00685655 -0.00177348 -0.00105309 -0.00909417  0.00456549  0.00449927
 -0.00205631  0.0007953  -0.00546828 -0.01057586
64172	-0.00573856 -0.00148886 -0.00720544 -0.00917525  0.01330567  0.00131703
  0.00021946  0.00124317 -0.00020347 -0.00574849
379568	 0.00124984 -0.00151005  0.00159724 -0.00719695  0.01161396  0.00144094
  0.00243629  0.00532394  0.00457753  0.00308649
188611	-0.00426304 -0.01145955 -0.00512462 -0.00338593  0.00397529  0.00198287
 -0.0048621  -0.00186689 -0.00080836 -0.00611468
220356	-0.00691011 -0.00385958 -0.01022494 -0.00162945  0.00099989  0.004954
  0.00155492 -0.0038978  -0.00021794 -0.01145999
21703	-0.00203517 -0.00130865 -0.00549772 -0.00809785  0.00743115  0.00786806
 -0.00187612 -0.00023037 -0.00015842 -0.01171032
274634	-0.00804149 -0.01467061 -0.00412805 -0.01568995 -0.00164379  0.0111934
 -0.00463431  0.00223517 -0.00142139 -0.00837708
480466	-0.0043431   0.00276671  0.00103696 -0.00859543  0.01465955  0.00197875
  0.00225298  0.00026846  0.00169038 -0.00567047
307924	-0.00475927 -0.00120988 -0.00239989 -0.00845162  0.00157596  0.00088238
 -0.00410773 -0.00312808 -0.00305646 -0.00888128
307928	-0.00967576 -0.01169957 -0.00877285 -0.00613714  0.00763211  0.01136124
 -0.00645543  0.00068302 -0.00393289 -0.01045663
321572	 0.00221253 -0.00282042 -0.00105445 -0.00554886  0.00163612  0.00113643
 -0.00467129  0.00150462 -0.00681514 -0.00685677
287453	-0.00384098 -0.00038264 -0.00441828 -0.00669435  0.00936695  0.00256344
 -0.00048399 -0.00039884 -0.00160148 -0.01642515
307941	 0.00154328 -0.01261153 -0.0054277  -0.00992441  0.00592132  0.00578269
 -0.00866815  0.00854757 -0.00130914 -0.00488672
464616	-0.00552992 -0.00481353 -0.00377245 -0.00713184  0.00401816  0.00118014
  0.00020028 -0.0045312   0.00429113 -0.00591573
287977	-0.00257819 -0.0022264  -0.0033801  -0.00504447  0.00884705  0.00420005
 -0.00316132  0.00060803 -0.00143211 -0.01667119
262381	-0.00049867 -0.01210988 -0.00816418 -0.00445917  0.00869296  0.01301506
 -0.00718085  0.00154527  0.00045321 -0.01408849
207600	-0.00691158 -0.00864845 -0.0087779  -0.01235383  0.00422625 -0.00062272
 -0.00504452 -0.00212541  0.00359915 -0.01129358
14376	-0.00217144 -0.00331158 -0.00649914  0.00545798  0.00074307  0.00671045
 -0.01052435  0.00643042 -0.00219043 -0.00254811
468731	-0.00936945 -0.0008652  -0.00414256 -0.00620613  0.00401048  0.0041719
 -0.00901046 -0.00215399 -0.00394321 -0.00551936
548614	-0.00407184 -0.01084581 -0.00473964 -0.00892056 -0.00175656  0.005159
 -0.00389244 -0.00163694 -0.00428484 -0.00583373
548616	-0.00256775 -0.00692478 -0.00612208  0.00136442  0.00250614  0.00818578
 -0.00787913  0.00407107  0.00280453  0.00405709
201486	-8.8796243e-03 -7.2991388e-05 -1.0790827e-02 -1.6024537e-02
  7.2350916e-03  4.3402901e-03 -2.8967315e-03 -6.5618748e-05
 -1.9175952e-03 -8.7668058e-03
498959	-0.00326117  0.00376531 -0.00439365 -0.00648215  0.00977285  0.00404358
 -0.00116155  0.00208443 -0.00181161 -0.01515615
201490	-0.00755131 -0.00383438 -0.00904682 -0.01066736  0.00864719  0.00481313
 -0.00374836  0.00019917  0.00035457 -0.01295708
328980	-0.00386985 -0.00221607 -0.00572814 -0.01033102  0.00811086  0.00935226
 -0.00440535  0.00255206 -0.00361864 -0.01545484
68377	-0.00438596 -0.00668311 -0.01381073 -0.00726365  0.00350612  0.00819551
 -0.00496928 -0.00267353 -0.00153673 -0.00546445
201498	-0.00716099  0.00062934 -0.0101655  -0.01322283  0.0087779   0.00546177
 -0.0022784   0.00015797  0.00119918 -0.01151226
328987	-0.00265704 -0.00035614 -0.0002223  -0.01071153  0.00463927  0.00336398
 -0.0047209  -0.00475427 -0.00244546 -0.0020306 
227613	-0.00539122 -0.00010025  0.0018169  -0.00974916  0.00190138  0.00540998
 -0.0017256   0.00049012  0.00089812 -0.00484099
227615	-0.0047106  -0.00347555  0.00034422 -0.00741505  0.00220945  0.00312302
 -0.00283858 -0.00232553  0.00160517 -0.00367935
344867	-0.00426252 -0.00074232 -0.00568404 -0.00643904  0.00945746  0.00710125
 -0.00501883  0.00082676 -0.00082012 -0.00766194
328996	-0.00640734  0.00029045 -0.00692618 -0.01274066  0.01262536  0.00604225
 -0.00207679  0.00293555 -0.00075782 -0.00688386
535334	-0.00600862 -0.00543943 -0.00252908 -0.01691222  0.01583853 -0.00014519
  0.01140223 -0.00472317  0.00069288  0.00039904
329006	-1.3013731e-03 -2.9169973e-03 -4.8690168e-03 -7.3971893e-03
  1.0301623e-02  5.8449353e-03  2.2214651e-03  7.2273207e-05
 -4.2933254e-03 -8.6956797e-03
286529	-0.00143818 -0.00587035 -0.00547027 -0.00221678  0.00252156  0.00760562
 -0.00786264  0.00787161  0.0013532  -0.01407625
174404	-0.00972381 -0.0031535  -0.00579312 -0.00053638  0.00819531 -0.00191738
 -0.00488462 -0.00606249 -0.00472056 -0.0133975 
569165	-1.8014044e-04 -7.6633128e-03 -9.9215154e-03  1.5208742e-03
  9.9033266e-03  4.9887369e-03 -4.7547958e-04 -5.0948693e-05
 -3.7159009e-03 -5.7025263e-03
73041	 0.00610964 -0.00588039 -0.0046395   0.00065138  0.00495323  0.00404982
 -0.0028022  -0.00149349 -0.0030356  -0.01073653
58339	-0.00049867 -0.01210988 -0.00816418 -0.00445917  0.00869296  0.01301506
 -0.00718085  0.00154527  0.00045321 -0.01408849
498007	-7.9353071e-05 -1.0575177e-02 -4.5460924e-03 -9.4412426e-03
  6.2950532e-04  3.0667034e-03 -4.7274600e-04 -1.6278637e-03
 -3.8938655e-03 -6.1160508e-03
287088	-0.00625798  0.00023827 -0.00445825 -0.00680996  0.00317847  0.00608037
 -0.00338756 -0.00156506  0.00072108 -0.01329482
356210	-5.1991437e-03 -7.2587221e-03 -1.5755259e-03  2.2579389e-04
  3.1330234e-03  9.0795979e-03  1.1775163e-05  2.8321779e-04
  8.2193228e-04  3.6858355e-03
229240	-4.3464079e-03 -4.3217470e-03 -8.3903829e-03 -1.2892391e-02
  4.9458076e-03  4.3031815e-03 -3.4469531e-03 -8.6223954e-05
  8.0766005e-04 -5.9895222e-03
229245	-0.00049867 -0.01210988 -0.00816418 -0.00445917  0.00869296  0.01301506
 -0.00718085  0.00154527  0.00045321 -0.01408849
428926	-0.00099375 -0.01112851 -0.00382586 -0.00128606  0.00409064  0.01215797
 -0.00634788  0.00393146  0.00339288 -0.01117921
371078	 0.00070131 -0.00617594 -0.00342695 -0.00162289 -0.00112737  0.0032445
 -0.00239951 -0.0012472  -0.00125469  0.00676273
447881	-3.9208587e-03 -1.3458396e-02 -7.0819771e-03  6.3822547e-05
  1.3720224e-02 -1.7854305e-03 -6.6107190e-03 -6.3107931e-03
  9.8399473e-03 -7.0816517e-04
447882	-0.00140152 -0.00628968 -0.00341624 -0.0031899   0.01656585  0.001016
 -0.0016029  -0.00479438  0.01523998  0.00240124
340363	 0.0016826  -0.00362265 -0.0056253  -0.00332738 -0.00086678  0.00625773
  0.00119859 -0.00043182 -0.00041632 -0.00724667
178925	-0.0093659  -0.00753804 -0.00674261 -0.00584613  0.0048149   0.00254499
 -0.00938296 -0.00055675 -0.00046664 -0.00833646
276368	-9.4379997e-03 -7.8358200e-05 -1.2107004e-02 -1.3451081e-02
  1.2054885e-02  1.8158924e-03 -1.7762438e-03 -2.9453798e-03
 -1.8275801e-05 -1.1832552e-02
307953	-0.00348632 -0.00071102 -0.00723622 -0.00981984  0.00516913  0.00377539
 -0.00391474 -0.00120151  0.00117996 -0.01102894
376232	 0.00493858 -0.00405894 -0.00510353 -0.00466553  0.00232112  0.00879804
 -0.00651425 -0.0013963   0.00193435 -0.0102433 
521131	-0.00097836 -0.01215314 -0.00449955 -0.01078622  0.01447272  0.00304411
 -0.00410822  0.00028454  0.00328807 -0.01221517
177580	-0.00755131 -0.00383438 -0.00904682 -0.01066736  0.00864719  0.00481313
 -0.00374836  0.00019917  0.00035457 -0.01295708
109997	-0.00024282 -0.01547803  0.01756858 -0.00357273  0.01712258  0.00357798
 -0.01057679  0.00649495  0.00797386 -0.00032539
7602	-0.00024282 -0.01547803  0.01756858 -0.00357273  0.01712258  0.00357798
 -0.01057679  0.00649495  0.00797386 -0.00032539
298421	 0.00901212 -0.01938816  0.00237192  0.01667943  0.01689206  0.00654779
 -0.0148849   0.00564923  0.00536015  0.00581413
56247	-0.00014984 -0.0050069   0.00335207 -0.00020094  0.00113513  0.00195135
 -0.00019179  0.00963596 -0.00062403 -0.00375887
178618	-0.00099375 -0.01112851 -0.00382586 -0.00128606  0.00409064  0.01215797
 -0.00634788  0.00393146  0.00339288 -0.01117921
178619	-0.00035996 -0.00627911 -0.00613441 -0.00567535 -0.00073533  0.00637704
 -0.00221478 -0.00246534 -0.00217117 -0.00817417
178620	-1.2351179e-03 -1.3356242e-02  4.9393525e-04 -4.9306322e-03
  6.2561319e-03  9.7042434e-03 -1.8532475e-06 -2.4216576e-03
  8.6058280e-04 -3.1544161e-03
64960	-0.00484634 -0.00470517 -0.00697417 -0.00910857 -0.00056414  0.00766362
 -0.00249325  0.00253446 -0.00337014 -0.00679714
49090	 2.6662049e-03 -4.1289097e-03  3.3392487e-05 -9.4715841e-03
  1.7484856e-03  2.1548406e-03  1.7697389e-04 -3.1745946e-03
  4.2407676e-03 -3.1858142e-03
495556	-0.00469679 -0.00851748 -0.00202963 -0.00633218  0.00727506  0.00631242
 -0.00748216  0.00093137  0.00490703 -0.01468363
451527	-0.00662954 -0.01573291 -0.00186339 -0.00621435  0.00586731  0.01053068
 -0.01197048  0.00321851 -0.00324922 -0.00500582
434632	-0.00804153 -0.00407377 -0.00992149 -0.0117769   0.00740319  0.00180987
 -0.00214032 -0.00079942  0.00225414 -0.01067839
23497	-7.1829073e-03 -6.9357076e-04 -9.6403994e-03 -8.9871520e-03
  6.7850398e-03 -1.8597455e-03 -1.8733113e-05 -9.4598130e-04
  6.3250917e-03 -1.4938011e-02
23498	-0.00099375 -0.01112851 -0.00382586 -0.00128606  0.00409064  0.01215797
 -0.00634788  0.00393146  0.00339288 -0.01117921
304078	-0.00505384  0.00549066 -0.00247178 -0.00806185  0.00632071  0.00243857
  0.00142437  0.00075213 -0.00174315 -0.01142968
434648	-0.00682114 -0.00517048 -0.00627835 -0.00922078  0.00819338  0.00434329
 -0.00240124 -0.00179744 -0.00098897 -0.00940911
413660	-0.00306112 -0.01595917 -0.00130608  0.01248103  0.0095354   0.01734144
 -0.01488835 -0.00159643 -0.00255424  0.01072722
202719	-0.00310501 -0.00681046 -0.01255688 -0.00712639  0.01364058  0.0010214
 -0.00637146  0.00372766 -0.00072344 -0.00854604
368099	-0.00755131 -0.00383438 -0.00904682 -0.01066736  0.00864719  0.00481313
 -0.00374836  0.00019917  0.00035457 -0.01295708
90088	-0.00383628 -0.00011247 -0.00865462 -0.00198023  0.00199835  0.00590621
 -0.00484913  0.01020424 -0.00255364 -0.01227477
47083	-0.00159919 -0.01300902 -0.00753474 -0.00502697  0.0060279   0.00931977
 -0.0059434   0.00112718 -0.00036673 -0.01139661
565230	-0.00965672 -0.00530889 -0.00152406 -0.01081224  0.00520533  0.00961584
  0.00214452 -0.00291581 -0.00363449 -0.00460959
203250	-0.00630972 -0.00653937 -0.00446802 -0.0104096   0.01070216  0.01164128
 -0.00169383 -0.00193878  0.00454203 -0.0007305 
408566	-0.00371115 -0.00778034 -0.00915848 -0.00684712  0.00180311  0.00502312
 -0.00301098 -0.00486346 -0.00219951 -0.01095502
408568	-0.00393207 -0.00888981 -0.00401634 -0.00564871  0.00568138  0.01131364
  0.00376623  0.01085568  0.00450662  0.003475  
408569	-0.01241535 -0.00453109 -0.01277683 -0.00776304  0.00626004  0.01122491
  0.00540978  0.00643501  0.00143263 -0.00525561
330234	-0.0028883   0.00063993 -0.00110195 -0.0114076   0.00483496  0.0048231
 -0.00136557  0.00166202  0.00055667 -0.00654958
238590	-0.00871657 -0.00641341 -0.0026185  -0.00465635  0.00830046  0.00101271
 -0.00261377 -0.00125092  0.00425728 -0.00867869
14372	-0.00577352 -0.00097674 -0.01185213 -0.0104907   0.00392966  0.00975839
  0.00721639 -0.00202532 -0.0034448  -0.02144611
