306690	-0.0020312   0.00211149 -0.0076422   0.00193334  0.00444094 -0.0074067
 -0.00198239  0.00440408  0.01259305 -0.00579428
465445	 0.00315958 -0.00046144 -0.01099012  0.00390107  0.00753459  0.00499624
  0.00157591  0.00010574  0.00324401  0.0110014 
466985	-1.2896709e-02  3.5900141e-03 -7.1569933e-03 -1.0695113e-02
  3.1072367e-03 -3.6744073e-03 -1.6192152e-03  4.9732043e-03
  3.6103670e-06  3.0146469e-03
359981	-0.01155378  0.00134663 -0.0121425  -0.00879678 -0.01298485  0.01121004
 -0.01107329 -0.00044011 -0.00187247 -0.00592406
492080	 0.00973221  0.0075849  -0.00101474 -0.00493104  0.00392185 -0.00047842
  0.00839228 -0.00460083  0.00152485  0.00079679
284727	 0.00102519  0.00112627  0.00198431 -0.00069113  0.00671619  0.00407533
  0.00157386  0.00359784 -0.00340824  0.00075239
34874	 0.00122457 -0.00441618 -0.01869928  0.00919246  0.00802886  0.01981602
  0.00261458  0.01875487 -0.00915976 -0.00339409
491872	-0.00214137  0.00538929  0.0040002  -0.00406054  0.00474061  0.00111253
  0.00401657  0.00494154 -0.00045205 -0.00270056
132688	 0.00106213  0.00080572 -0.00218892  0.00253957  0.00137191 -0.00039848
 -0.00298649  0.0066115   0.00149597  0.00657004
210011	-0.00087951 -0.0029024   0.00627148 -0.00371503  0.01185388  0.00110429
 -0.00021761 -0.00524063  0.00798128  0.00310781
504929	 0.00025104 -0.0059575  -0.00070876  0.00218031  0.0020658  -0.00606107
 -0.00726841  0.00107991 -0.00289235  0.00028506
492138	-0.00879824  0.00201787 -0.0034445  -0.00089335  0.00698312  0.00210545
  0.0069777  -0.00228991  0.00157849  0.00169983
492140	-0.0056773   0.01178158  0.00300012  0.00192374  0.00781915  0.00445443
 -0.00358512 -0.00476339  0.00931231  0.00201305
492143	 0.00055668  0.00174027 -0.00356181 -0.00299096  0.0041596   0.00282695
 -0.00101294  0.00295408 -0.00581181  0.00095363
416886	 0.00217264 -0.00322303 -0.00683788  0.00572908  0.00196667  0.00493509
 -0.00057572  0.00515907  0.00063309  0.01251921
451707	-0.00329454  0.00117987  0.00032664  0.00136673 -0.00092251  0.00389886
 -0.00092243  0.00318218 -0.00221219  0.0033644 
307333	 0.00459371  0.00390544 -0.01487573  0.00558681  0.00746394  0.01451243
 -0.00918841 -0.00181656  0.00777446 -0.00307111
257161	-1.01230406e-04 -2.06877617e-03 -4.77523450e-03 -2.03122851e-03
 -1.59499864e-03 -1.20216158e-04 -3.98369925e-03 -6.68175565e-03
 -9.44433305e-06  2.28239479e-03
204435	-0.00986631 -0.00332672  0.00844905 -0.00913604 -0.00471694 -0.00083527
  0.00216502  0.00017062  0.01007683  0.00569556
436379	-0.00214889  0.0008023  -0.00822819  0.00346452  0.00439997 -0.00250506
 -0.00839248  0.00700313  0.00189617  0.00273189
537766	-0.00204059 -0.00405995  0.00114475  0.00591009  0.00294123 -0.00018928
  0.00130207 -0.00064057 -0.00027625 -0.0124097 
204458	-0.01145067  0.00150153  0.00805402 -0.00680648  0.00451363 -0.00110057
  0.00546487 -0.00175296  0.00455368 -0.00460686
204459	 0.00034702  0.004386    0.010533    0.00119295 -0.0086962   0.00685306
  0.00185041  0.00579493  0.00244121  0.00413854
505009	 0.00618166 -0.00642214 -0.00012885  0.0093508  -0.0044254  -0.00230931
 -0.00760288  0.00434721 -0.00475008  0.00351316
405177	 0.0028486  -0.00013365 -0.00233316  0.001764    0.00467442 -0.00175457
  0.00015041 -0.00093828 -0.0079144  -0.00633634
350409	-0.00472684  0.00393508 -0.00341227 -0.00344381  0.00526846 -0.01226056
 -0.00580945 -0.00601273  0.00980241 -0.00793711
350410	-0.00430881  0.00783885  0.00358298  0.00101961  0.00092787  0.00908171
  0.00362943  0.00094026  0.00158586  0.00069159
305868	-0.01280637  0.00737824 -0.00746317  0.00242478 -0.01943397  0.00616147
  0.00988715 -0.00064806 -0.00296681 -0.01146747
484046	-0.01257066 -0.00882508  0.00405625  0.00958172  0.01317231  0.00989827
 -0.00844424 -0.00907659 -0.01230534 -0.00665743
34168	-0.0052975   0.00104808  0.00242312 -0.00497743 -0.00017942  0.00202329
  0.00030761 -0.00101042 -0.00220894  0.00655062
240343	-0.01146127 -0.00085444 -0.00247797  0.00375395 -0.01136296  0.00061931
 -0.00542056  0.00348803  0.00479138 -0.00560773
423649	 0.00281898 -0.00213565 -0.00013814 -0.00494931  0.00405478  0.00219699
  0.00277562  0.00313209 -0.00045844 -0.00146803
248548	-1.0802891e-03 -1.9281021e-03  7.2384637e-04 -4.4986597e-04
 -9.4040210e-04  5.2564112e-03 -1.3478947e-03  9.3758921e-04
 -4.7010755e-05  4.1566654e-03
249041	-0.00323909  0.00081028  0.00363168 -0.00022344  0.00254092  0.00805543
  0.00417527 -0.00375381  0.00028732  0.00654252
187114	 0.0104282   0.01090947  0.00052448 -0.00429193  0.01249663  0.00015778
  0.00676749  0.01784005  0.00718369 -0.00526636
551156	-0.00705801  0.00548215  0.00349956 -0.00069095  0.00292918 -0.00567548
  0.00729514 -0.00670074  0.01296451 -0.00491462
306425	 0.00282858 -0.01228765 -0.00426993  0.00393149  0.00029119 -0.00179863
  0.00127146  0.00979321 -0.01213519  0.00012061
499072	-0.00202018  0.00457747 -0.00251374  0.00649057  0.01006978  0.01158952
 -0.01664844  0.00286362 -0.00609833  0.00033066
432390	-0.00311695  0.00657492 -0.00053471 -0.00567926  0.00376079  0.00290427
 -0.0035089   0.00152588  0.00310776 -0.00556561
423689	 0.00136286  0.00608228 -0.00061084 -0.004606    0.00649852  0.00535969
  0.00291612  0.0009017   0.00332501 -0.00167295
555428	 0.00355972 -0.00143112 -0.00042672 -0.00147368  0.00124832  0.00093637
  0.00337176  0.01089457 -0.00352816 -0.00149804
33550	-0.00558128 -0.00333945  0.00561104 -0.00935891  0.00360345 -0.00450423
  0.00120412 -0.00345791 -0.00840355  0.00040565
401168	-0.00207632 -0.00638471 -0.00424315 -0.00453502  0.00078518  0.00740301
  0.00300321  0.00015316  0.00232376 -0.00181254
152852	-0.00519587 -0.00238873  0.00122317 -0.00208473 -0.00210279  0.00059324
  0.00410753  0.00584509  0.0021937  -0.00103533
303382	-0.00372144  0.00080456 -0.00411439  0.00170304  0.002539    0.00167409
  0.00245785  0.00557566  0.00192814  0.00129167
122142	-0.00036641 -0.0070543   0.0020438   0.0023264  -0.00544851  0.00114148
  0.01081222 -0.00223676 -0.00774292 -0.00424477
257317	-0.00280911 -0.00137419  0.00422194 -0.00158435  0.00410226 -0.00671518
 -0.00324876 -0.00084158  0.00493864  0.00550342
367405	-0.00392695  0.00608475  0.00389041 -0.00342155  0.00691557 -0.00067553
  0.00265108  0.00367102  0.00951349  0.00023574
143151	-0.00329224  0.00658028  0.00249995 -0.00965059  0.00501583 -0.0004785
 -0.00170109  0.00402773  0.0060476  -0.00463133
298292	-0.00211219  0.004535    0.00175536 -0.00072792 -0.00396857  0.00133623
 -0.00540808 -0.00390644 -0.0031644   0.00361241
367497	-0.00058167 -0.00856407  0.00403882 -0.00900987  0.00390006 -0.00826801
 -0.00140761 -0.00604149  0.00996514  0.00064158
163136	 0.00220492  0.00269992  0.00212262  0.01028586  0.00243199  0.00299751
  0.00352277  0.00200501  0.00237504 -0.00220748
491846	 0.00088645  0.00477078  0.00344301 -0.00152151  0.00131005  0.00205311
  0.00394385  0.00209632 -0.0028914  -0.00017946
491847	-1.4360558e-03  2.8331168e-03 -3.1044520e-03  1.9956739e-03
  6.8108941e-04  5.4338411e-03  1.7599206e-03  5.7603964e-05
 -3.3658030e-03  3.4111872e-04
383306	-0.00126249  0.00306933  0.00039788 -0.00284213  0.005757   -0.00361755
 -0.00047957 -0.00564826  0.01110703  0.00569163
424280	-0.00158088  0.00051424 -0.00491051  0.00059227  0.00249568 -0.00015486
 -0.00067347  0.00271688  0.00022836  0.00218671
400220	-3.0073957e-03  1.1284630e-03 -2.9680883e-03 -5.1998207e-03
  5.3921342e-03 -2.6266775e-04  4.9963803e-03  3.9296527e-03
 -4.9241991e-03  4.6303656e-05
283999	-0.0025914  -0.0057183  -0.00085098 -0.00105916  0.00292082  0.00197134
  0.00414227 -0.00280756  0.00326317  0.00066416
306585	 0.00183423  0.00380415 -0.00016492  0.00202068 -0.0073363  -0.00148521
  0.00346883  0.00216964  0.00036378 -0.00746946
299361	-0.00938339 -0.00172595 -0.00954241  0.00897324  0.00769324  0.0001727
  0.00828711  0.01692571  0.0061472   0.00139133
193896	 0.00108039 -0.00384539 -0.00302083 -0.00289434 -0.00202739  0.00179526
 -0.00623051  0.00630074 -0.00024824 -0.00439475
550765	 0.00277007  0.00054874 -0.00055032  0.00463071  0.00141872  0.00179493
  0.00199521  0.0034052  -0.00285524 -0.0070361 
246639	 0.00134096  0.00164311  0.00055019 -0.00269987  0.00025339 -0.00704158
  0.00292974 -0.00152168  0.0043769  -0.00245677
239987	 0.01857569 -0.00918449  0.0040635  -0.00318855 -0.00396874 -0.01767937
 -0.00204609  0.00504312 -0.0148668   0.0008733 
172920	-0.00210822  0.00089566 -0.00380688 -0.00243383 -0.00173799  0.00340971
 -0.0047897   0.00430211 -0.00502106 -0.00120776
33002	 0.00122457 -0.00441618 -0.01869928  0.00919246  0.00802886  0.01981602
  0.00261458  0.01875487 -0.00915976 -0.00339409
240512	 0.00524619  0.00635826  0.00704997  0.00471056  0.00287004 -0.00681984
  0.00010888 -0.00234679 -0.00501774  0.00380202
260484	-1.1191656e-05 -2.4405653e-03  4.3877956e-04  6.9087651e-03
  8.6309039e-05 -1.0299724e-02 -1.3959114e-02  3.3374527e-03
  4.0611663e-05  5.4603382e-03
204681	0.00288032 0.00106134 0.00484816 0.00135806 0.00684636 0.00479697
 0.00407178 0.0029696  0.00239231 0.00435169
312716	 0.00665801 -0.01082572  0.00232066 -0.00344308  0.0037562   0.00124224
 -0.00381048  0.00439956  0.00318588 -0.00567394
450446	-0.00849917  0.01197581 -0.00387017  0.0014398   0.00359938 -0.00887049
  0.00334457  0.0057966   0.00083679  0.00232521
487317	 0.00246606 -0.00241054 -0.00412447  0.00751226  0.00118472  0.00154865
  0.00068455  0.00513585 -0.00441663 -0.00235879
367511	-0.00058167 -0.00856407  0.00403882 -0.00900987  0.00390006 -0.00826801
 -0.00140761 -0.00604149  0.00996514  0.00064158
175000	-0.00176207  0.00339298  0.00322261  0.00094162 -0.00137219 -0.00059782
  0.00647439  0.00029175  0.00796193 -0.00106951
449945	-0.00758408  0.00166933  0.00375729  0.00374204 -0.00340664  0.0015426
 -0.00663638 -0.001311    0.00135389  0.00884887
367514	-0.00058167 -0.00856407  0.00403882 -0.00900987  0.00390006 -0.00826801
 -0.00140761 -0.00604149  0.00996514  0.00064158
400283	-1.7302937e-03  2.9056000e-03  1.2822377e-03 -4.9607707e-03
 -2.6167522e-03 -6.5510059e-05  1.0928141e-03 -3.7402431e-03
 -7.2782696e-04 -7.3183496e-03
284062	-0.00423711  0.00534367 -0.00455372  0.00488976  0.00320774  0.00103228
 -0.00782237  0.00123232  0.00222584  0.00644708
423840	 0.0008673  -0.0012636   0.00069625 -0.00527803  0.00590998  0.00784973
  0.00263599  0.00039667  0.00125401 -0.00120165
193956	-0.00350483 -0.00409677 -0.00721328 -0.00163739  0.00410373  0.00664467
  0.00281055  0.00446123  0.00596259 -0.00101319
368555	 0.00481146  0.00513151 -0.01471707  0.01340236  0.0022272   0.00289286
  0.00902252  0.00914315  0.00091077  0.00887734
491948	 0.00270133  0.00123871  0.00772634 -0.0055374   0.00641409  0.00163946
 -0.0003959  -0.00460733 -0.00197991 -0.00220528
491953	 0.00714732  0.00601999  0.00088868 -0.00587716  0.00373618  0.00121531
  0.00016079  0.00188218  0.00246926 -0.00239411
522687	-0.00716913  0.01998717 -0.01820305 -0.00171151 -0.00465262 -0.00214563
  0.00185325  0.00293639  0.00563802 -0.01007591
306625	 0.00129331  0.01358481  0.00219381 -0.00091853 -0.00414906  0.00518988
  0.00611833 -0.00632817 -0.00627273 -0.01249267
450001	-0.00123914 -0.00136639 -0.00109337 -0.00032986 -0.00062622  0.00178908
  0.0004972   0.00564384 -0.00020785  0.00039759
491993	-4.0799833e-04  9.3150903e-03 -4.4864630e-03 -6.6702691e-05
  4.4038319e-03  2.4584630e-03 -9.6998848e-03 -1.3112185e-03
  6.6327932e-03  3.4074895e-03
491994	-0.00392695  0.00608475  0.00389041 -0.00342155  0.00691557 -0.00067553
  0.00265108  0.00367102  0.00951349  0.00023574
355805	-0.00861351  0.0027221   0.00034956  0.00156997 -0.00204942  0.00368794
  0.00421353 -0.00188137  0.00522704  0.00014328
492112	 0.00229863  0.00300505  0.00077367  0.00257793  0.00488454  0.00244959
  0.00211486 -0.00457197 -0.00610528 -0.00305583
458728	 0.00423855  0.00239788 -0.00420791  0.0079274   0.0082427   0.00429777
  0.00135947  0.00219557  0.00582306  0.00489983
458731	-0.00092832  0.0045415  -0.00575321  0.00658214  0.00862562  0.00268751
 -0.0002362   0.01043314  0.00252997  0.00502165
162284	 0.00084536 -0.00427926 -0.00533164 -0.00163605 -0.00132648 -0.0001821
  0.00650855 -0.00448983  0.00251338 -0.00497441
209906	-0.00658132 -0.00122122 -0.00032877  0.00596901 -0.0035418   0.0033377
  0.00634544 -0.00296092 -0.00426724  0.01010679
