537611	-0.00406479  0.00560425 -0.02048923 -0.01014097 -0.00591541 -0.01304729
 -0.01400846 -0.00066178 -0.00924732  0.00481601
38924	-0.0022737   0.00792264 -0.03331012 -0.01334834 -0.00652803 -0.00984774
 -0.01295332 -0.00649701 -0.00938511  0.00573279
524302	-0.00134187  0.00059622 -0.02150974 -0.00446836 -0.00250343 -0.01717159
  0.00434979 -0.00364168 -0.00444918  0.01453587
421391	-0.00485124  0.00841262 -0.03293118 -0.01369957 -0.00327639 -0.01245963
 -0.01139224 -0.00929028 -0.00827132  0.00839698
421397	-0.00745223  0.00715448 -0.02647562 -0.01666903  0.00030562 -0.01068106
 -0.00788979 -0.00810062 -0.00945488  0.00846981
265988	-0.00259884  0.01085245 -0.02465428 -0.01367748 -0.00470626 -0.01385491
 -0.00742635 -0.00821435 -0.01002994  0.00921515
421410	-0.00291651  0.01160088 -0.02496108 -0.01719878 -0.00165237 -0.0154864
 -0.01266091 -0.00978191 -0.00834622  0.00934672
419876	-0.00480762  0.0083897  -0.03384821 -0.01232159 -0.003371   -0.01225511
 -0.00721821 -0.01071391 -0.00911854  0.0101293 
133160	 0.00047859  0.00397285 -0.02967934 -0.00788541 -0.00251482 -0.00917606
 -0.00558519 -0.00594591 -0.00311026  0.00386859
133161	-0.00356444  0.01156261 -0.03105603 -0.00624508 -0.00429293 -0.01432228
 -0.01420139 -0.0039607  -0.01150667  0.00578912
246829	-0.00599275  0.00971321 -0.01889953 -0.01330009 -0.00236481 -0.01459322
 -0.00618691 -0.00738114 -0.01120399  0.00859807
246830	-0.00481543  0.0098887  -0.02069646 -0.01329618 -0.00186269 -0.01610985
 -0.00588257 -0.00835933 -0.01160999  0.01003862
421423	-0.00596661  0.00660938 -0.02665772 -0.00973638 -0.00326531 -0.0075683
 -0.0086678  -0.00625019 -0.00763639  0.00305838
265264	-0.00778442  0.01085892 -0.02983917 -0.01093097 -0.00541116 -0.01393602
 -0.01090894 -0.00510898 -0.00696896  0.0090969 
421425	-0.0034907   0.00262066 -0.02815962 -0.01411951 -0.00469479 -0.01214163
 -0.01200086 -0.00491332 -0.00491735  0.00755106
265266	-0.00879745  0.01215564 -0.02874367 -0.01193579 -0.00383687 -0.014505
 -0.01053856 -0.00546711 -0.00590884  0.00953212
462915	-0.00336001  0.0124953  -0.02375208 -0.01276021 -0.0026275  -0.01472555
 -0.00896528 -0.00780243 -0.00554192  0.01126086
462917	-0.00449407  0.01217624 -0.0219688  -0.01279732 -0.0030242  -0.01346925
 -0.00904128 -0.00697106 -0.0055633   0.0099083 
284232	-0.00661599  0.0013253  -0.01513184 -0.00648349 -0.00162185 -0.01135156
 -0.00725583 -0.00406444 -0.00380209  0.01231364
421390	 6.9628273e-05  8.3832797e-03 -2.5460729e-02 -1.7636161e-02
  7.1341498e-04 -1.5600781e-02 -4.2769234e-03 -8.5967276e-03
 -8.1225261e-03 -1.9599204e-03
542052	-0.00075875  0.00797282 -0.01965487 -0.00953947  0.00117274 -0.0212921
 -0.0041694  -0.00882953 -0.0110235   0.01119689
577628	-0.00375302  0.00914133 -0.01672384 -0.00720817 -0.00373321 -0.01201786
 -0.00270201 -0.00353003 -0.0030538   0.00841395
421473	-0.00534721  0.00565856 -0.03355271 -0.01724425 -0.00542402 -0.01061779
 -0.00940574 -0.0064297  -0.00971927  0.00850923
380015	-0.00210469  0.00801404 -0.03526143 -0.0149414  -0.00632772 -0.0112505
 -0.00958833 -0.00679921 -0.00865825  0.00607578
121470	-0.00455926  0.01130039 -0.02557799 -0.01438605 -0.00172255 -0.0115755
 -0.01033474 -0.0068272  -0.00918111  0.00819937
581759	-2.7050392e-03  5.9694904e-03 -3.0243993e-02 -8.1681916e-03
  8.5170112e-05 -1.8849308e-02  6.1951176e-04 -8.5344957e-03
 -7.5659435e-03  1.6437041e-02
286862	-1.9325397e-03  5.6151436e-03 -2.4298541e-02 -1.0463697e-02
 -5.2841733e-05 -1.0015391e-02 -4.2031826e-03 -9.0986155e-03
 -9.1156093e-03  8.8700037e-03
219282	-0.00145589  0.00617113 -0.025655   -0.0103201  -0.00351788 -0.01743202
 -0.00306188 -0.00997278 -0.00627971  0.0138094 
337045	-0.00542327  0.00490661 -0.02613628 -0.01019823 -0.00188552 -0.01662743
 -0.00053306 -0.00778485 -0.00620637  0.01464624
399511	-0.00743267  0.0073746  -0.03518004 -0.01277832 -0.00439451 -0.0091295
 -0.00740619 -0.00923438 -0.00589974  0.01300934
151704	-0.00473423  0.00960528 -0.02405621 -0.01239463  0.00507743 -0.0178503
  0.00086687 -0.01525685 -0.01205646  0.01327735
546969	-2.7050392e-03  5.9694904e-03 -3.0243993e-02 -8.1681916e-03
  8.5170112e-05 -1.8849308e-02  6.1951176e-04 -8.5344957e-03
 -7.5659435e-03  1.6437041e-02
305318	-0.00581706  0.01471816 -0.02786764 -0.01494494 -0.00141726 -0.01185361
 -0.01520915 -0.00957833 -0.00804512  0.00868173
124583	-0.00105491  0.01028967 -0.02812565 -0.01145148 -0.00109427 -0.01705235
 -0.00675515 -0.00848722 -0.01100824  0.01356072
541865	-0.00121741  0.00804679 -0.01889622 -0.00606856 -0.00252176 -0.00942964
 -0.01062603  0.00027947 -0.00646437  0.01162466
151722	-5.5435533e-03 -4.7118105e-05 -2.2001199e-02 -1.1034624e-02
 -2.4778969e-03 -2.0686688e-02  5.7621888e-04 -5.6840563e-03
 -1.3095888e-02  1.3218873e-02
574665	-0.00081035 -0.00159817 -0.01475819 -0.01740479 -0.00509571 -0.01394995
 -0.00517492 -0.01486089 -0.01581417  0.00642725
161980	-0.01119293  0.00855209 -0.02212973 -0.00948624  0.00188101 -0.01274608
 -0.00495037 -0.00798799 -0.0120928   0.01601531
177348	-0.00042284  0.00981606 -0.02843489 -0.01181912 -0.00033058 -0.01757514
 -0.0069802  -0.009171   -0.01099431  0.01344514
256197	-2.7050392e-03  5.9694904e-03 -3.0243993e-02 -8.1681916e-03
  8.5170112e-05 -1.8849308e-02  6.1951176e-04 -8.5344957e-03
 -7.5659435e-03  1.6437041e-02
265926	-0.00256946  0.00450053 -0.02620834 -0.00990795 -0.00087694 -0.01739056
 -0.00311542 -0.01202199 -0.00970726  0.01354902
540873	-0.00685965  0.005829   -0.03186284 -0.01425678 -0.00068892 -0.01468411
 -0.01256651 -0.00922077 -0.00408946  0.00738664
553168	 0.00024717  0.0094848  -0.03103578 -0.01497801  0.0015704  -0.01749093
 -0.00691075 -0.01225891 -0.00552777  0.01547113
265937	-0.00259884  0.01085245 -0.02465428 -0.01367748 -0.00470626 -0.01385491
 -0.00742635 -0.00821435 -0.01002994  0.00921515
3807	-0.000638    0.01462695 -0.02392596 -0.00980474 -0.00049523 -0.01597004
 -0.01119187 -0.0080534  -0.00533138  0.01189879
174972	-0.00387587  0.01123526 -0.02084925 -0.01287105 -0.00043825 -0.0115858
 -0.00736562 -0.00904    -0.00531723  0.00717112
251115	-0.00575641  0.01075807 -0.02286842 -0.00869908 -0.00119934 -0.01352495
 -0.00852293 -0.00852624 -0.00706843  0.01285771
79084	-0.0022922   0.00810258 -0.03375548 -0.01707654 -0.00291295 -0.01062747
 -0.01321245 -0.01146018 -0.00565495  0.00964068
187631	-0.00846796  0.00559161 -0.0168636  -0.00993095 -0.00328751 -0.01503981
 -0.00186825 -0.00321921 -0.00991865  0.0052061 
342261	-0.00378394  0.00634359 -0.02116114 -0.01025047 -0.0062459  -0.01497466
 -0.004964   -0.00608664 -0.00596844  0.01365223
430948	-0.00235393  0.00319466 -0.02294962 -0.00983494 -0.00413108 -0.01450051
 -0.00383292 -0.00550469 -0.00574656  0.00968942
304889	-0.00246009  0.00901073 -0.03214391 -0.01329488 -0.00218244 -0.01319616
 -0.0087908  -0.01198355 -0.00985404  0.00913212
314114	-0.00401976  0.01137716 -0.02166303 -0.00618628  0.00270232 -0.0119771
 -0.01111249 -0.01226854 -0.00845967  0.00903977
229124	 0.00630358  0.00258096 -0.01702572 -0.00842474  0.00084932 -0.02500073
 -0.00029435 -0.01223903 -0.02023482  0.00963318
565509	-0.00715215  0.0102556  -0.02654726 -0.01330455 -0.00537458 -0.01020225
 -0.00663303 -0.01115977 -0.01038777  0.00348146
27406	 3.2805069e-03 -6.6540575e-05 -1.9269874e-02 -9.4476268e-03
 -1.3179703e-03 -2.1853220e-02  7.4220086e-05 -9.9271741e-03
 -1.2315474e-02  9.4478140e-03
50457	-0.00511713  0.00977993 -0.0217786  -0.00615286  0.00074755 -0.00837663
 -0.00439208 -0.00418207 -0.00843295  0.01264005
185118	-2.7050392e-03  5.9694904e-03 -3.0243993e-02 -8.1681916e-03
  8.5170112e-05 -1.8849308e-02  6.1951176e-04 -8.5344957e-03
 -7.5659435e-03  1.6437041e-02
185119	-0.00452719  0.00579697 -0.02616901 -0.01087424  0.00141886 -0.01894221
  0.00041909 -0.00964579 -0.00859194  0.0140526 
421424	 0.00024717  0.0094848  -0.03103578 -0.01497801  0.0015704  -0.01749093
 -0.00691075 -0.01225891 -0.00552777  0.01547113
541892	 0.00145857  0.00601101 -0.02359124 -0.01028446 -0.00115227 -0.02145784
 -0.00441618 -0.00913797 -0.01215421  0.01154775
395055	 0.00204885  0.00207897 -0.0216724  -0.00440959 -0.00538688 -0.01277945
 -0.00113684 -0.00652992 -0.00410593  0.0090842 
581758	-2.7050392e-03  5.9694904e-03 -3.0243993e-02 -8.1681916e-03
  8.5170112e-05 -1.8849308e-02  6.1951176e-04 -8.5344957e-03
 -7.5659435e-03  1.6437041e-02
17731	-0.00368971  0.00466349 -0.02591221 -0.01268611 -0.00227199 -0.0185842
 -0.00299571 -0.01110936 -0.01080024  0.01336101
462149	-0.00236422  0.01785952 -0.02700067 -0.00459954  0.00140805 -0.01170833
 -0.00657378 -0.00909636 -0.00908881  0.00670036
332627	-0.00140469  0.00914749 -0.02578261 -0.01434054 -0.00342635 -0.01561429
 -0.01238172 -0.0078347  -0.0093654   0.01090876
477892	 0.00024717  0.0094848  -0.03103578 -0.01497801  0.0015704  -0.01749093
 -0.00691075 -0.01225891 -0.00552777  0.01547113
273238	-0.00995695  0.00571031 -0.02592126 -0.01330606  0.00052194 -0.01741771
 -0.00330426 -0.00929374 -0.01506362  0.01450489
244573	-2.7050392e-03  5.9694904e-03 -3.0243993e-02 -8.1681916e-03
  8.5170112e-05 -1.8849308e-02  6.1951176e-04 -8.5344957e-03
 -7.5659435e-03  1.6437041e-02
430946	-0.00344706  0.00859886 -0.01901332 -0.00941107  0.00270509 -0.01776025
 -0.00260544 -0.01034071 -0.01037797  0.01359298
424804	 0.00024717  0.0094848  -0.03103578 -0.01497801  0.0015704  -0.01749093
 -0.00691075 -0.01225891 -0.00552777  0.01547113
559462	-0.0022737   0.00792264 -0.03331012 -0.01334834 -0.00652803 -0.00984774
 -0.01295332 -0.00649701 -0.00938511  0.00573279
86908	-0.00104506  0.00745084 -0.01882    -0.00783352 -0.00342696 -0.01221833
 -0.00375425 -0.00796036 -0.00952985  0.01169544
183168	-2.7050392e-03  5.9694904e-03 -3.0243993e-02 -8.1681916e-03
  8.5170112e-05 -1.8849308e-02  6.1951176e-04 -8.5344957e-03
 -7.5659435e-03  1.6437041e-02
178564	-0.00299822  0.00856659 -0.02349407 -0.00501993 -0.00283487 -0.01458471
 -0.00474503 -0.00998059 -0.00836117  0.01187398
68999	 1.6915066e-03  1.4642577e-02 -2.6293492e-02 -1.1212192e-02
 -4.6483870e-05 -1.8494999e-02 -7.3036212e-03 -1.0920730e-02
 -7.7343993e-03  1.3437628e-02
424846	-0.00020061  0.00663595 -0.02746692 -0.00915505  0.0007217  -0.02071202
  0.00076631 -0.01095589 -0.0087197   0.01465568
239683	-0.00086801  0.00059809 -0.01804718 -0.00497716  0.00211766 -0.01818395
 -0.00332688 -0.00455382 -0.00833329  0.0145644 
554900	-0.0030626   0.00894919 -0.02839987 -0.00972287 -0.00124971 -0.00860793
 -0.00839535 -0.0107266  -0.01036986  0.00749084
341909	-0.00210139  0.0054393  -0.02716953 -0.00871773 -0.00295725 -0.0176832
 -0.00040339 -0.00854345 -0.00593749  0.01522106
251205	-0.00278158  0.01133274 -0.03060106 -0.01371445 -0.00369817 -0.01799326
 -0.00696244 -0.01089117 -0.00713579  0.01272176
266167	-0.00762712  0.00345957 -0.02715726 -0.01552192 -0.00196138 -0.01250434
 -0.00908646 -0.00667457 -0.00721284  0.00801213
178116	-0.00369446  0.00928304 -0.02485969 -0.00873302  0.00508821 -0.01538141
 -0.00225563 -0.01282441 -0.01188112  0.01092921
304070	-0.00479614  0.00331183 -0.01826693 -0.01078698  0.00137452 -0.01412555
 -0.00367841 -0.00677636 -0.00974263  0.01233356
435149	-0.00159161  0.00686232 -0.02230199 -0.01105591  0.00072838 -0.01954811
 -0.0034671  -0.01300847 -0.0053407   0.01830536
581071	-0.00213681  0.00500208 -0.03066852 -0.01248452 -0.00112307 -0.01858281
 -0.00196424 -0.01323901 -0.00779242  0.01684109
178649	-0.0045555   0.00978005 -0.02312062 -0.0039984  -0.00095335 -0.01472332
 -0.00439427 -0.01163013 -0.00634843  0.01377768
405980	-0.0075909  -0.00177474 -0.02505638 -0.00746739 -0.00057284 -0.01660505
  0.00260845 -0.00294233 -0.00772877  0.01478378
388575	-0.00388622  0.00756472 -0.01690599 -0.01204926 -0.00759634 -0.00633514
 -0.0081162  -0.00275933 -0.00809422  0.00589826
152038	-0.00237493 -0.00266012 -0.02656847 -0.00413773 -0.00208894 -0.018444
  0.00368905 -0.00295162 -0.00767273  0.01582572
21997	-0.00297363  0.00875077 -0.02559785 -0.00908135 -0.00347349 -0.017607
 -0.00279705 -0.00764178 -0.01199429  0.01188913
229881	-0.00334656  0.00773923 -0.02807281 -0.00970623 -0.00358682 -0.01775678
 -0.00139204 -0.00854194 -0.00994087  0.01723516
344063	-0.00369716  0.00632525 -0.02144595 -0.01347676 -0.00121115 -0.0152941
 -0.00158425 -0.00588391 -0.00433003  0.01249927
454655	 0.00129101  0.00755363 -0.02242377 -0.00834593 -0.00432008 -0.01369994
 -0.00359629 -0.00169491 -0.00688503  0.01251228
