121862	-0.00420295  0.00302619 -0.00859801 -0.0041773   0.0074213  -0.00317741
 -0.00414589 -0.00245632  0.00703221  0.00790037
356361	 0.00840125  0.01504317 -0.0010575  -0.00868038  0.01511034 -0.00546318
  0.0062939  -0.00310175  0.00095346  0.0161246 
31248	 0.00120023  0.00500414  0.00308235 -0.00108001  0.00263622 -0.00256755
 -0.00125465  0.00133467  0.003202    0.0065377 
95775	 0.00065745  0.00915134  0.00343218  0.00105666 -0.00175399 -0.00624854
 -0.00190715 -0.00340371  0.00590734 -0.00011041
544800	-0.00191133  0.00332281  0.00243107  0.00303973 -0.00021908  0.00143421
 -0.00163096 -0.00250851  0.00442398  0.00763067
184868	-0.00172711  0.00255973  0.00010494 -0.00286893  0.00743459 -0.00318101
 -0.00968553 -0.01028523  0.00254796  0.00457251
498728	-0.00025928  0.00739936 -0.00044988 -0.01220865  0.00812123 -0.00754264
 -0.00711531 -0.0114651   0.01503035  0.00293466
174124	-3.7808625e-03  1.9310978e-03 -5.8489044e-05 -1.3870839e-03
  2.3023589e-03 -4.5060958e-03 -1.7026831e-04 -1.5664415e-03
  1.3846373e-03  2.5515025e-03
498735	-0.00446392  0.00842374 -0.00060251 -0.0049505   0.00044951 -0.00512366
 -0.00477721 -0.00951937  0.00804353  0.00698871
173618	-0.00310759  0.00826938  0.00399098 -0.00767002  0.00647306 -0.00193258
 -0.00266358 -0.00574145  0.00237442  0.00172469
174131	-1.5908898e-03 -8.7566901e-04 -1.1356270e-03 -5.3186836e-03
  3.5293840e-03  1.7611699e-05 -5.9857182e-03 -2.8999683e-03
  3.9278525e-03  8.1426539e-03
346677	 0.00692885  0.00222385  0.00409491 -0.00271131 -0.00400121 -0.00232959
  0.00482957 -0.00615028  0.00391183  0.00271479
498751	-0.00066259 -0.00149903 -0.00036994  0.00332058  0.00499175 -0.00211893
 -0.00126813 -0.00576157  0.00709311  0.00386647
448064	-0.00415349 -0.0005909   0.00157932 -0.00171696  0.01104115  0.0050245
 -0.00849044 -0.00775545  0.00384634  0.00786323
432193	-0.00679864 -0.00082034  0.00903206  0.00378426  0.00212597  0.00226427
 -0.01808513  0.00329195  0.00338934  0.01231236
565831	-0.00601729  0.00063866  0.00279783 -0.00444465  0.01526575 -0.00443713
 -0.01499363 -0.00899318 -0.00633431  0.00435212
172616	-3.3975556e-03 -8.2587685e-05  1.1079577e-02 -6.4303121e-03
 -9.0819289e-04  4.6380311e-03 -4.7990172e-03 -2.2232423e-02
 -7.6970668e-03 -1.3074976e-03
362570	 0.00148811 -0.00472214 -0.01466122  0.00024029  0.0017351   0.00041749
 -0.00682674 -0.00581157  0.00432032  0.00209759
241592	-0.00948745  0.01539976 -0.01604268 -0.00021349  0.01214939  0.00652718
 -0.00331555 -0.00639149 -0.0006838  -0.00575385
498773	-0.00139017  0.00090195  0.00028813 -0.00354991  0.00267128 -0.00133226
 -0.00475487  0.00123552  0.00559886  0.00596868
219230	-0.01039924  0.00246275 -0.00223341 -0.00878815  0.00671342 -0.00526457
 -0.00572866 -0.00693984  0.00238369  0.00082322
173156	-0.00236455  0.00247603 -0.00325139 -0.00366536 -0.00118576 -0.00589712
  0.00242626 -0.00702796  0.00755311  0.00550914
537711	-0.00729423  0.00181589 -0.00173455  0.00074267 -0.00244078 -0.00807956
 -0.00883967 -0.00904932  0.00228661  0.00245512
498803	-0.00152109  0.00548847 -0.00380005  0.00608271  0.00360882  0.00141374
 -0.00012435 -0.00483572  0.00623567  0.00955843
228469	-0.0049038   0.00348511  0.00084104  0.00254723  0.00282342  0.00303128
 -0.00673059 -0.00321219  0.00492314  0.00608473
566556	-0.00070546  0.00335555  0.00234359  0.00534067 -0.00110765 -0.00469625
 -0.00411391 -0.00586512  0.00055296 -0.00266565
245374	 0.00962768 -0.0057994   0.00157606  0.00132054  0.00106589 -0.00497327
  0.00038146 -0.0113196  -0.00595617  0.00300731
415374	-0.00603531  0.01387103  0.00558312  0.00550697 -0.00061118 -0.00411213
 -0.01208197 -0.0091878   0.0007315   0.01157573
534695	 1.0019849e-03  7.2384845e-03  5.1123882e-03 -7.6020355e-05
 -1.5907917e-04 -1.1863983e-02 -6.0065789e-04 -3.4022194e-03
  8.3063692e-03  1.1166263e-02
3868	-0.00063999  0.00864677 -0.00174746 -0.00438067 -0.0007907  -0.00075883
 -0.00329869 -0.00233486  0.00288004  0.00710968
534700	 0.00345054  0.00540464  0.00662473 -0.00118222  0.00053828 -0.01103105
 -0.00315098  0.00198957  0.00718419  0.00984161
455861	-0.00709631  0.00677385 -0.00011501 -0.01045457  0.00219697 -0.0071083
 -0.00588862 -0.0065363   0.00134247  0.01057129
498889	 3.8735298e-03 -3.5927009e-05  1.8164451e-04 -8.6503325e-04
  2.3380893e-03  1.6804182e-04  2.4263647e-03  1.9529006e-03
  5.0459928e-03  3.7848162e-03
104655	 0.0096327  -0.0099717   0.00130702 -0.00577098 -0.00684555  0.00584414
 -0.00064195 -0.00233631 -0.00422085 -0.00354036
191524	-0.00095127 -0.00157902 -0.00251095 -0.00146928 -0.00937676  0.00393642
 -0.00349906 -0.00350702 -0.0038003   0.00013534
149210	-0.00206576  0.01061947 -0.00028394 -0.00693872  0.00094378 -0.00921611
 -0.0010373  -0.00719533  0.00770613  0.00876658
495840	-3.4869183e-03 -5.2195846e-04 -2.4387726e-05 -5.9690387e-03
  5.4088741e-04  3.0945998e-03  2.0101143e-03 -3.6411842e-03
  5.6204465e-03  9.7415654e-04
358632	-0.00232467  0.00280222 -0.00444467 -0.00427196  0.00040845  0.00137748
 -0.0013487  -0.00386861  0.00286692  0.00611405
574190	-0.00867396  0.00763117 -0.00194121 -0.00412848 -0.00390102 -0.00576269
 -0.00319536 -0.00169733  0.00079453 -0.00074193
131314	 0.00233562  0.00820697  0.00552428  0.00039533 -0.00119574  0.00139743
 -0.0132169   0.00129647  0.00890769 -0.00554531
446590	 0.00423261  0.00352624  0.00471592 -0.00480929 -0.00408706  0.00525237
  0.01603263 -0.00393308  0.00935048 -0.00317455
232187	-0.00561993 -0.00520216  0.00180563 -0.00293378  0.00338291  0.00169204
 -0.00011153 -0.00617888  0.00744073  0.00688697
545543	-0.00070455  0.00394558  0.00305686 -0.00675055 -0.00016924 -0.00748825
 -0.00529227  0.0010833   0.00603562  0.00178045
441617	-0.00768591  0.00171247 -0.00650751 -0.00365384 -0.00326149 -0.00082206
 -0.00185615 -0.00043518  0.00466014  0.00185803
465176	-0.00413277  0.00243111  0.01223516 -0.00071894  0.00293501 -0.0062275
 -0.00351775  0.00615789  0.00846207  0.00237706
510234	-0.01742009 -0.01009578 -0.00498541 -0.00732765 -0.0081176  -0.00727383
  0.00330099 -0.00040721 -0.0058061   0.00319779
135452	-0.0020869  -0.00049731  0.00361897 -0.00518781 -0.00197862 -0.00266746
  0.00745053 -0.00530872 -0.0021271   0.00570502
402719	-0.0033486   0.00818061  0.00290226  0.00147593 -0.0030278  -0.0100991
 -0.00415674 -0.00682222  0.00259434 -0.00295124
566057	-0.00602317  0.00243386  0.00698586  0.0077554   0.01016097  0.0008128
 -0.00845584  0.00671467  0.00322742  0.01102318
4146	-0.00202857  0.00221555 -0.00289475 -0.00337112 -0.00286557 -0.00350994
 -0.00120158 -0.00574215  0.00383635  0.00065349
524592	-0.00203958  0.00303989 -0.00854622 -0.00734073  0.00545006  0.00350987
 -0.00431488 -0.01896621  0.00036342  0.0100997 
427831	-0.00582273  0.00882249  0.01233314  0.00476539 -0.00125296 -0.00405052
 -0.00903075  0.00152315 -0.00373221  0.00373617
465721	 0.00172084 -0.01313874 -0.01067537 -0.00840011 -0.00869611  0.00118969
  0.00752256  0.00457109  0.02076105 -0.00719726
390467	-0.00190111  0.00456454  0.00075026  0.00965146 -0.00539962  0.01182053
 -0.00820613 -0.01049562  0.0013929  -0.00095148
487242	-4.3210527e-04  3.8937110e-04  2.0133881e-05  3.6867186e-03
 -5.1337254e-04  2.4786766e-03  2.1037017e-03  6.7563559e-04
 -1.7896043e-04  3.8089163e-03
531792	-0.00238876  0.00201129  0.00077213 -0.01099868  0.00029122 -0.00096973
 -0.01292274 -0.00707032  0.0072985   0.00824852
155481	 0.00205241 -0.00081374  0.00414261  0.00181149  0.00950987  0.00057543
 -0.00866952 -0.00502066  0.00906851  0.00601228
546655	 0.00362978  0.00902211  0.00122502 -0.00787848 -0.00101783 -0.00519329
 -0.0086129  -0.00485558  0.01293988  0.00343876
566629	-0.00672052  0.00603396  0.00211222 -0.01298057  0.00981318 -0.00844541
  0.01241035  0.00702565 -0.00358697 -0.00094904
62828	 0.00082145  0.00812068 -0.00047549 -0.00373494  0.00634888 -0.00799233
  0.00021242 -0.00484956  0.0005049   0.00849659
499062	-0.0009468   0.00030834 -0.00705813  0.00202288  0.00268805 -0.00121031
 -0.00421031 -0.00407033  0.0104556   0.00806908
2434	-0.0032035   0.00455368  0.00867181 -0.00207582 -0.00483355  0.00713543
 -0.00655748 -0.00043097  0.01042468  0.01340853
531334	 0.00673661  0.0022957   0.00590699  0.00951197  0.00585391 -0.00496239
 -0.00324001  0.00447869  0.007881   -0.00401564
371011	-0.00278918  0.01187308 -0.00138874 -0.0029104  -0.00245106 -0.00944619
 -0.00416004 -0.00836146  0.00061055  0.00401114
96494	-0.00325429  0.00329151 -0.00262633 -0.00265113  0.00137758 -0.00879297
  0.0005245  -0.00759925  0.005356    0.00337166
423834	 0.0019045   0.0031768   0.00432384 -0.00517329 -0.0032259  -0.00487869
 -0.00393516  0.00033557 -0.00024151 -0.00556088
395676	 0.00492167  0.00835024 -0.00054528 -0.00592401  0.00013823 -0.00212585
 -0.00053423 -0.00096061  0.00182537 -0.00056774
270749	-0.00275798  0.00134004  0.00056431  0.00119405  0.00338279 -0.00441738
  0.00058881  0.00297549  0.01188807 -0.00028618
136608	 0.00575693  0.01197357 -0.00555772  0.00030475 -0.00941482  0.0008525
 -0.00538073  0.00247592  0.01022658  0.00572408
419233	-0.00032375  0.00607148  0.00364954 -0.00958401 -0.00407307 -0.00644005
 -0.00957559 -0.00519927  0.00250809 -0.00892003
270757	 0.00014888 -0.00146889 -0.00022753  0.00351329  0.00193706  0.00204017
 -0.00256476  0.00312437  0.0003806  -0.00012829
577962	-1.5261464e-04  8.5545462e-03  3.9520953e-03  1.0587208e-03
 -5.0163902e-03 -2.9796816e-03 -3.7891630e-03 -4.9905921e-03
  2.6574056e-03  5.2806416e-05
351660	 2.1059899e-05  5.8401055e-03  9.9416415e-04 -1.3422659e-03
 -2.7607091e-05 -5.5411216e-03 -4.1962401e-03  4.9249055e-03
  3.4475776e-03  3.1949298e-03
536495	-0.00446805  0.00550415  0.00704334 -0.00715521  0.01040601 -0.01241132
 -0.00238275 -0.00921219  0.00763274  0.00365396
566706	-0.00283996  0.00911389  0.00357128 -0.00429086  0.00357013 -0.01150715
  0.00125704 -0.00396249  0.00292666  0.00078404
351668	-0.00531862  0.00451147 -0.0003223  -0.00229181 -0.00043778 -0.00441145
 -0.00417241  0.00329855  0.00760526  0.00140906
194495	-0.00467507  0.00314667 -0.0105602   0.00708149  0.00399018  0.00076913
 -0.00587344 -0.00563149  0.00295442  0.00990611
517057	-0.00513109 -0.00514851  0.00025043 -0.0026272  -0.00148463  0.00119909
 -0.00063067 -0.00378307 -0.00262382 -0.0001712 
194498	 0.00340379  0.00617006 -0.00281002  0.0007804   0.00609792 -0.00260721
 -0.00580365 -0.00572613 -0.00177724 -0.00170151
267206	-0.00371986 -0.00201139 -0.00203124 -0.00786514 -0.00037999  0.00178365
  0.00186527 -0.00850435  0.00298971  0.00491747
194503	-4.8949579e-03  2.9652724e-03 -3.8376192e-03 -2.9671276e-03
 -1.2808280e-03 -1.4321488e-02 -3.4491732e-03 -1.4957632e-02
  6.3880179e-05  7.0326286e-03
194508	 0.00059726  0.00153579 -0.0068525  -0.00318605  0.00320774  0.00110684
  0.00081064 -0.00499808 -0.00126797  0.00401812
477647	-0.00203289  0.00062358  0.00328635 -0.00196054  0.00289604  0.00334606
  0.00157984 -0.0061628   0.00299729  0.0061344 
466384	 0.00070573  0.00887293 -0.00197206 -0.00547831  0.01268092 -0.00106035
 -0.00428752 -0.00114926  0.00641131  0.0073778 
19409	-0.00856782  0.0090729   0.00033593 -0.00104217  0.00283696 -0.00035158
 -0.0020974  -0.00565029  0.00321752 -0.00181105
540626	 0.00266662  0.00048833  0.00343806  0.00130962 -0.00464914  0.00281716
 -0.0021065  -0.00263484  0.00201956 -0.00299753
331222	-0.00242212  0.00723454 -0.00062147 -0.00026478 -0.00308247  0.00770804
 -0.01763439  0.00021842  0.00310709  0.00329641
331223	-4.8997491e-03  3.9890037e-05  3.7425794e-03 -6.7757848e-03
  2.4380151e-03  2.8652819e-03 -1.4341516e-02 -6.1345554e-04
  2.3974159e-03  3.2851615e-03
195544	 0.00516108  0.00997051  0.00556222 -0.00889861 -0.00173573  0.00029488
  0.00317383 -0.00926615  0.00227094  0.00364205
296415	-0.01033047  0.01707584 -0.01067024  0.00464456  0.01010128  0.00208215
 -0.00171413  0.0006478   0.00660854 -0.0015856 
173538	-0.00175836  0.001645    0.0032885   0.00178827  0.00301043 -0.00161892
 -0.00609507  0.00657159  0.00382721  0.00298881
104422	-0.00508245  0.0013038   0.00154415 -0.00452067  0.00396021 -0.00515437
 -0.00594063 -0.00471548  0.00324835  0.00093029
291754	-0.0074449   0.00515855 -0.00413803 -0.00765794  0.00296362 -0.00616697
 -0.00363815 -0.00476971  0.00473535  0.00383329
