239116	-0.00874952 -0.00624273 -0.01652614 -0.00535886  0.00695301  0.001868
  0.00403939 -0.00310513  0.00410407  0.0029483 
252429	 9.1371331e-03 -2.5513990e-02 -3.2411963e-02 -6.6085290e-03
  1.0172979e-02  1.5900631e-02  1.8166209e-05 -4.3088887e-03
 -1.2233648e-03 -1.3140672e-02
477711	-0.00319539 -0.00312543 -0.00971926 -0.0073119   0.00978096 -0.00552306
  0.00386368 -0.00386697  0.00324239  0.00657212
26128	 0.00212808 -0.00182464 -0.01442734 -0.00271341  0.00696985 -0.00046842
  0.0044466  -0.00701747 -0.00110835  0.01029875
580625	-1.2490851e-02 -3.7818283e-03 -2.5564734e-02  7.3463008e-05
  1.2941365e-02  2.4358625e-02  1.1245386e-02 -1.3479696e-02
  5.4459227e-03  4.6301656e-03
380953	 0.00198425 -0.00210691 -0.01494502 -0.01539584  0.00356219 -0.00241756
  0.00599447 -0.00185361  0.00244514  0.00156491
4636	 4.1845660e-03 -4.6536089e-03 -4.0367469e-03  3.1936045e-03
  1.2259829e-02 -1.7097739e-03  5.9541063e-03 -7.7033835e-03
  8.6311105e-05  8.5744238e-04
145952	-0.01097049 -0.00368663 -0.01402733 -0.00929949  0.00874249 -0.00781302
  0.00272122 -0.00852771  0.00148437  0.00583914
452132	-0.00522764 -0.00292442 -0.01170166 -0.00399442  0.00874572 -0.00053158
  0.00574425  0.00263318  0.00044992  0.0071642 
376877	 0.00543278 -0.00397589 -0.01909087  0.00093105  0.00751356  0.00313377
  0.00785525 -0.00870724 -0.00034112  0.00532808
376879	-0.00123132 -0.00164393 -0.01849417 -0.00097548  0.00705557 -0.0015519
  0.00849253 -0.00192684  0.00319648  0.00681457
540209	-6.8605412e-03 -8.0998670e-03  1.0294811e-05 -1.3634878e-02
  1.2111539e-03 -8.1056142e-03  1.4130814e-02 -1.1864487e-02
 -2.1994419e-03 -8.3117187e-03
508987	-0.00547323 -0.00474039 -0.01962003  0.00234887  0.00251861  0.00422531
  0.00312486  0.00278403  0.00816103  0.00667036
341577	-0.00324925  0.00677031 -0.00463159  0.0052633   0.00771197 -0.00091768
  0.00218068  0.01024946 -0.00358695  0.00132329
115792	-0.00395468 -0.01817559  0.00023468 -0.00521876  0.00640962  0.0018049
  0.00855744 -0.00182631 -0.01273787  0.00089516
74936	-0.00967469 -0.00525631 -0.01230686 -0.00702703  0.00558541 -0.00799217
  0.008034   -0.00401674 -0.00288301 -0.00286552
457814	 0.00640198 -0.01629759 -0.02614728  0.00205037  0.0127382   0.00095597
  0.00147328  0.00626499 -0.00525297 -0.01691518
457826	 0.00258919 -0.00156879 -0.0112831  -0.00409261  0.00412709  0.00593599
  0.006443   -0.00033429  0.00360885  0.0072953 
455441	-0.00155526 -0.00805998 -0.00154472 -0.00460153  0.00443025  0.00373848
  0.00456032 -0.00332651 -0.00168405  0.00152857
543339	-0.00188096 -0.00465798 -0.01379348  0.00155368  0.00453243 -0.00476525
  0.00476414 -0.00431106  0.00529719  0.01140276
149102	-0.00762654 -0.00291274 -0.00251481  0.00296541  0.00979219  0.00526453
  0.00154597 -0.00736171  0.00094396  0.00968276
184949	 9.1371331e-03 -2.5513990e-02 -3.2411963e-02 -6.6085290e-03
  1.0172979e-02  1.5900631e-02  1.8166209e-05 -4.3088887e-03
 -1.2233648e-03 -1.3140672e-02
112247	-0.00815838 -0.00412432 -0.0144816  -0.0060365   0.00895013 -0.00677114
  0.00499354 -0.00837823  0.00067622  0.00859852
43655	 0.0015125  -0.00595427 -0.00120807 -0.00320776  0.01205226 -0.00144748
  0.00091124 -0.00046694  0.00323634  0.00455885
381064	 3.4798356e-04 -8.6984336e-03  5.1752606e-04 -5.8021671e-03
  5.7871053e-03  9.9903184e-05  6.6787861e-03  2.8741686e-03
  1.0312754e-02  3.0305921e-03
381067	-0.00029367 -0.00424691 -0.00526112 -0.01365922  0.01132447 -0.00199446
  0.00313058 -0.00104034  0.00738845  0.0023527 
182928	 0.01497123 -0.00900974 -0.01318554  0.00242241  0.01235851  0.01150247
  0.00120754  0.00239841  0.00206887  0.00813106
377489	-0.00535973 -0.00561544 -0.01341456 -0.00837591  0.00902486 -0.00707764
  0.00660753 -0.00393639  0.00432918  0.0072286 
446099	-0.0041649   0.00720135 -0.02318268  0.00116967  0.00895908 -0.00207683
  0.01325409 -0.00719804  0.00195551  0.01010319
529559	-0.00909222  0.01106468 -0.00715563  0.00748498  0.011256   -0.00815745
  0.01061265 -0.00501951 -0.00790589  0.00277748
352408	-0.00132895 -0.00244269 -0.00552502 -0.01067186  0.00875406 -0.00227136
  0.0013473   0.00224646 -0.00587255  0.00365618
352414	-0.00420256 -0.00768326 -0.01503071  0.00053224  0.00234299  0.00294578
 -0.0011749  -0.00472095 -0.00518125  0.0049773 
503464	-0.00308873 -0.00170227 -0.00445223  0.00014609  0.00406542  0.00107636
  0.00099409 -0.00197625 -0.00229266  0.00269292
197291	 0.00116411 -0.00337972 -0.02151343  0.00626765  0.01059973  0.00285736
 -0.00782703 -0.01299919  0.00354806  0.01365726
213165	-0.00503969 -0.01281802 -0.01445284 -0.01352895  0.01328013 -0.00205112
  0.0108911   0.00474809  0.00177303  0.00451372
408247	-5.4678781e-05 -4.8230649e-03 -4.8750960e-03 -1.4884752e-03
  8.6537432e-03  7.8788184e-04  3.7630713e-03 -7.6689119e-03
 -4.8239515e-03  9.1258818e-03
262328	 0.01136074 -0.01056957 -0.01544751  0.0078569   0.01928401  0.01191835
  0.00151428 -0.00319855  0.00554564  0.00884426
552565	-3.2513475e-05 -4.1405410e-03 -7.6329433e-03  7.4201083e-04
  9.0280417e-03 -2.4338216e-03  1.0721196e-03 -6.6930694e-03
  4.7777640e-03  5.5536600e-03
299727	-0.00266801 -0.00914222 -0.00806336 -0.0035591   0.01495409  0.01040693
  0.01000005 -0.0069546  -0.006653    0.00428126
298706	-0.00397004 -0.00726959 -0.01147322  0.00018342  0.01252902  0.00019171
  0.00072956 -0.00670198  0.00335969  0.00617777
306902	-0.00072135 -0.01584631 -0.02307713 -0.01097903  0.00566239  0.00026222
  0.01135356 -0.00784971 -0.00563874  0.00235529
320215	-0.00561605  0.00077802  0.00168988 -0.01054355  0.00491978 -0.00625062
  0.00170909 -0.00381755  0.00215766  0.00276795
431837	-5.6575392e-03 -8.0072945e-03 -1.0072749e-02  6.3465605e-03
  5.2967146e-03  2.7690381e-03  1.8660638e-04 -8.9534782e-03
 -8.1957092e-05 -1.9004894e-03
352483	 0.00511997 -0.00655848 -0.00351152  0.00340313  0.01402254  0.00336955
  0.00586189 -0.01070181 -0.00099646  0.00589899
250597	-0.0106785  -0.00434885 -0.01562475 -0.0057155   0.00407983 -0.00932717
  0.00241506 -0.00597952  0.00283782  0.00481749
455910	-0.0159929  -0.00564129 -0.01209678 -0.00874202  0.0107185  -0.00841343
  0.00497168 -0.00778122  0.00147173  0.00364459
575208	 0.00157965 -0.00695047 -0.0074376  -0.00073018  0.01037941 -0.00011482
  0.00470518 -0.00468038  0.00520805  0.00870418
575209	 0.00157965 -0.00695047 -0.0074376  -0.00073018  0.01037941 -0.00011482
  0.00470518 -0.00468038  0.00520805  0.00870418
530670	-0.00362189 -0.00669897 -0.0146342   0.00389444  0.00341323  0.0060345
 -0.00458944 -0.00648645  0.00392446 -0.00481588
15604	-0.00699272 -0.01099369 -0.00869897  0.00204683  0.00883131  0.00140297
  0.00931118 -0.01029869  0.00976986  0.00862689
560374	-0.0023082  -0.01052863 -0.00675734 -0.01749916  0.00664267  0.00318708
  0.0129475   0.00222096 -0.00314662  0.00850809
204028	-0.00990734 -0.00184053 -0.00886424 -0.00473507  0.0088131  -0.00344492
  0.00388195 -0.00646721  0.00173899  0.00475245
542974	-0.00554631 -0.00818843 -0.01777754  0.00099784  0.00962484 -0.00095432
  0.00731384 -0.00470465  0.00280695  0.00839726
535295	 0.00041578 -0.00362553 -0.01230084 -0.00249631  0.0064649   0.00044814
  0.00163891 -0.00324171 -0.00616139  0.00346834
28929	-9.2223153e-04 -1.8598654e-04 -1.2370103e-02  2.4328254e-04
  1.0610705e-02  2.5264921e-03  3.8164530e-03  2.9207504e-06
 -3.6397767e-03  1.1333887e-02
453380	 3.6010074e-03 -6.2810960e-03 -3.3303434e-03  4.4595981e-03
  2.9657136e-03  8.2631614e-03  8.1458678e-03  1.1252140e-02
  4.4270619e-05  8.7092966e-03
265484	-0.01097049 -0.00368663 -0.01402733 -0.00929949  0.00874249 -0.00781302
  0.00272122 -0.00852771  0.00148437  0.00583914
213774	-0.0097482  -0.00206448 -0.01500177 -0.0026162   0.00685886 -0.00666118
  0.00392499 -0.00698954  0.0029121   0.00568898
278801	-0.01001473 -0.00404615 -0.01233442 -0.00435533  0.00897111 -0.00575886
  0.00357492 -0.00593006  0.00589459  0.0077045 
455444	-0.00833917 -0.01160974 -0.01436263 -0.00940668  0.01187833 -0.00504264
  0.00850232 -0.00316689 -0.00222612  0.00144924
572703	-0.00309721 -0.00174118 -0.00486032 -0.00970679  0.01110508 -0.00037794
  0.00413826 -0.0050748  -0.00500516  0.00555747
466215	-0.01006703 -0.01839035 -0.01472885 -0.00902161  0.01324428  0.00113802
  0.00810357 -0.00438012  0.00335563 -0.00188538
129834	-0.00266801 -0.00914222 -0.00806336 -0.0035591   0.01495409  0.01040693
  0.01000005 -0.0069546  -0.006653    0.00428126
212785	-0.006544   -0.00695583 -0.01720527 -0.00398208  0.01416848  0.00804963
  0.01146002 -0.00244807 -0.00336108 -0.00314439
266044	-0.00103468 -0.0054208  -0.01452614 -0.00359117  0.0040714   0.00314889
  0.00435673 -0.00211286 -0.00586646  0.01431954
266045	 0.0016275  -0.00481176 -0.01087372 -0.00021029 -0.00473754  0.00643229
  0.00785415 -0.00620911 -0.00312337  0.0062629 
14145	-0.00798976 -0.00714711 -0.013528   -0.00736214  0.00597343 -0.00917551
  0.00561228 -0.00894484  0.00224112  0.00298203
266052	-0.00433472 -0.01825725 -0.02209667  0.00297152  0.01415797  0.00470693
  0.01768636  0.00425843  0.00092176 -0.00392937
156997	-0.00217423 -0.00970802 -0.01916716 -0.0050018   0.00763001 -0.00011953
  0.00741792 -0.0054992   0.00306177  0.00280094
163669	-0.0083273  -0.00164627 -0.01015966 -0.01699343  0.01341739 -0.00400139
  0.00325596  0.00877278 -0.00454911  0.0032392 
91478	-0.01607527 -0.00333284 -0.01134848 -0.01107345  0.01059314 -0.00651908
  0.00379626 -0.00675856  0.00184849  0.00366965
581465	 4.5363288e-03  5.2000489e-03 -9.0226122e-06 -1.5965230e-03
  3.7336519e-03  4.2039691e-03  3.2301850e-03  1.0972317e-02
 -1.8669640e-03  1.6606326e-03
265566	 0.00243957 -0.00406258 -0.00997367  0.00402758  0.00839041 -0.00378664
  0.00543922 -0.00311648  0.00083012  0.00221957
244071	 0.00462585 -0.00839216 -0.00590249  0.00072243  0.00885314  0.0086397
  0.00598041 -0.00331962 -0.00261749  0.00522853
81772	-0.00736741 -0.0069583  -0.01167211 -0.00310559  0.01156919 -0.005591
  0.00507598 -0.00641079  0.0014891   0.0060503 
543094	-0.00014902 -0.00317077 -0.0070734  -0.00863349  0.00454981  0.00838094
  0.00151657 -0.00188524  0.0035771  -0.00483822
429943	 0.00075468 -0.00063034 -0.01331498  0.00201851  0.00754729  0.00217211
  0.00528625 -0.0061096  -0.00590393  0.01059078
359300	-0.0018109  -0.0079855  -0.01775249 -0.00263195  0.00984879 -0.00061188
  0.00231355 -0.00485919  0.01027698  0.00562841
565637	-3.6616235e-03 -1.2204216e-03 -7.2849616e-03 -3.6025585e-03
  8.3391378e-03 -8.4818032e-04  4.1013197e-03  6.0528822e-05
  5.3722127e-03  1.2504706e-03
78728	 0.00046814 -0.0057275  -0.01428367 -0.00445137  0.00728718 -0.00343652
  0.00681641 -0.00530146  0.00962357  0.01197494
514453	 0.00702647 -0.00969542 -0.00589462  0.00838708  0.01097121  0.00649812
  0.00017204  0.00619669  0.00186981 -0.00396555
462236	-0.00965773 -0.00334465 -0.01237692 -0.00861624  0.00776899 -0.00830347
  0.00522975 -0.01036795  0.00289964  0.00785151
268189	 0.00173174 -0.02132974 -0.01905147 -0.00202477  0.01293309  0.00624113
  0.00494541  0.00217779 -0.00523783  0.00531372
427935	-0.0159929  -0.00564129 -0.01209678 -0.00874202  0.0107185  -0.00841343
  0.00497168 -0.00778122  0.00147173  0.00364459
568226	-0.0044415  -0.00336715 -0.01840212 -0.00516826  0.00591031  0.0029105
  0.00167692 -0.00546897  0.00521046  0.00729075
309667	-0.01215972 -0.00201125 -0.0109073  -0.00574223  0.00647104 -0.00157063
  0.00675631  0.00286466 -0.00085795  0.00345877
360356	-0.01076277 -0.00372234 -0.01243126 -0.00211513  0.00912878  0.00732207
  0.01156248  0.00417515  0.00161291  0.00829547
28584	-0.00133946 -0.00378575 -0.01302279 -0.00898517  0.00758928 -0.00523847
  0.00488865 -0.0026129   0.00340017  0.00468421
542634	-0.00441473 -0.00766509 -0.01990739  0.00297595  0.01209059  0.00018257
  0.01260273 -0.00537853 -0.00136172  0.00879548
531883	-0.00433472 -0.01825725 -0.02209667  0.00297152  0.01415797  0.00470693
  0.01768636  0.00425843  0.00092176 -0.00392937
472496	-0.0070305  -0.00326961 -0.01726432  0.0005196   0.00896424 -0.00130227
  0.00736873 -0.00836335  0.00076015  0.00878497
542133	 0.00207682 -0.01763785 -0.01109466  0.00481952  0.00874898  0.00314653
 -0.00073519 -0.00040283 -0.00078585 -0.00286225
317371	-0.00368519  0.0011587   0.00060543 -0.0074387   0.00317432 -0.00551016
  0.0044735  -0.00059387 -0.00281324  0.00105935
375231	-0.00288071  0.00786333 -0.01225684 -0.00270467  0.00698786  0.00491161
  0.00581114 -0.00083241  0.00466426  0.00269629
419282	-0.00980494 -0.00286995 -0.01469888 -0.00356762  0.00884532 -0.0075308
  0.00598106 -0.00690298  0.00085345  0.00874774
525267	-0.00284008 -0.00778499 -0.00044862  0.00177627  0.00924885  0.00460886
  0.00458633  0.00305661  0.00685951  0.00328092
512984	-0.00729654 -0.01334842 -0.01173372  0.00235098  0.01249596  0.00996609
  0.00431073  0.00221391  0.00549699  0.00384662
382428	-0.00174663 -0.00266555 -0.0057723  -0.0059605   0.0012285   0.00277228
  0.0103183  -0.00064304  0.0006603  -0.00102507
96740	-0.00313229 -0.00068312 -0.00566971 -0.01251235  0.01138829 -0.00259867
  0.00672897 -0.0039387   0.00083086  0.00924259
426470	-0.00361803 -0.00349884 -0.01361714  0.00214535  0.00598932 -0.00573492
  0.00947463  0.00071562 -0.00247215  0.00804233
204778	-0.00197402 -0.00187161 -0.01242702  0.00208552  0.00698423 -0.00608734
 -0.00486414 -0.00732905 -0.00105058  0.00576744
380909	 4.5511215e-03 -1.5241371e-02 -1.0537028e-02 -3.9322665e-03
  1.2552823e-02  7.5982935e-03  7.4708844e-03  2.6695321e-03
 -2.2929402e-03  8.2614621e-05
111091	-0.0008134  -0.00350466 -0.00964395 -0.00047705  0.00876752 -0.00161398
  0.00785535 -0.0065101  -0.00350554  0.00963165
76791	-0.00046364 -0.0015499  -0.01221103 -0.00558622  0.00241374  0.00825541
 -0.00013622  0.0031002   0.00248029 -0.00193419
570366	-1.1980736e-02 -3.5465136e-03 -1.3183477e-02 -4.9308743e-03
  1.0645892e-02 -5.7581402e-03  3.9997380e-03 -7.6913354e-03
  1.4650834e-05  7.4874233e-03
557567	-0.01269538 -0.00218614 -0.01434521 -0.00589507  0.00863581 -0.00863677
  0.00418873 -0.00669035  0.00161474  0.00632515
