358413	-0.01041693  0.00035405  0.00032908  0.00317323  0.00217606 -0.01310539
  0.00096762  0.00453203  0.00190085  0.00543207
81433	 0.00748627 -0.00117319 -0.01396679  0.0094837   0.00842322 -0.00570345
  0.00060644  0.00304916  0.00279629  0.01447985
49690	-0.00536645  0.00416209 -0.0071692  -0.00878239  0.00421512 -0.00836461
  0.00143325  0.00788717 -0.00381298  0.00395776
380955	 0.00016097  0.00429041 -0.00811534 -0.00512551  0.00321279 -0.01438792
 -0.00127581  0.00319058  0.0023173   0.00747172
540193	 0.00341525 -0.00599358 -0.00867536  0.00637178  0.00556542 -0.01503819
 -0.001243   -0.00231873  0.00064559  0.00969367
145954	-0.00637609 -0.00030808 -0.0060201  -0.00428917  0.00015506 -0.01400967
  0.01002833  0.01344736 -0.00216961  0.00548054
352347	-0.00115664 -0.00019196 -0.00247441  0.00111482  0.00274016 -0.01313385
 -0.00055264  0.00525255  0.0026399   0.00287676
240561	 0.00149802 -0.00277818  0.00572008 -0.00607666  0.00354755 -0.00788775
 -0.00343228  0.01769968  0.01354208  0.01569479
553019	-0.00241865 -0.01075614 -0.00766719 -0.00484623  0.01237047 -0.01989941
  0.00170125  0.01519054 -0.00319173  0.00976109
24638	-6.1728945e-03 -5.1494226e-05  1.2912764e-03  2.0416913e-04
  6.2443456e-03 -7.3579177e-03  5.3043035e-03  6.1416565e-03
 -7.6949969e-04  2.4353808e-03
201279	-0.00544767  0.00174376 -0.004693   -0.00273775 -0.00358107 -0.01382596
 -0.00596096  0.00514486  0.00086549  0.00528494
521799	 0.00244186  0.00140888 -0.00920323  0.00264254  0.00063437 -0.01061106
  0.00165276  0.00785245  0.00442819  0.00566452
412235	 0.0032533  -0.00384263 -0.00380263  0.00154597  0.00681504 -0.01439053
  0.00248404  0.00770799  0.00211857  0.00581622
439887	 0.00373323  0.00944298 -0.00555308 -0.0055169   0.00295996 -0.02011661
 -0.00152952  0.00362587  0.00704867  0.01324147
248912	-0.00039559 -0.00542036 -0.00907935  0.00687815  0.00729959 -0.00544178
 -0.00543542  0.00467531 -0.00637576  0.00601358
548707	-0.00906345  0.00024941  0.00259147 -0.00507856 -0.00089085 -0.01685866
 -0.00660649  0.02082387  0.00586045  0.00861264
205913	-0.00263107  0.00032141  0.00018829 -0.00413377  0.00023971 -0.01403781
 -0.00544669  0.00815221  0.00617316  0.00312289
205914	-0.00271192  0.00625696 -0.00617169  0.00095466  0.00062759 -0.01261918
 -0.0046861  -0.00263971 -0.0007044   0.00121837
205915	-0.00240218  0.00644585 -0.0053131   0.00014149  0.00065068 -0.01115856
 -0.00394052 -0.00309189 -0.00116503  0.00186427
131173	 0.00794049  0.00310703 -0.00588245 -0.00027756 -0.00806468 -0.00760535
  0.00561103  0.00401015 -0.00594117  0.01963055
381040	-0.00451678 -0.00253336 -0.00931967  0.00492977  0.00068554 -0.01335698
 -0.0002807   0.00533825  0.00379788  0.00616748
455443	-0.00498549  0.0072227   0.00193783 -0.00275843  0.00276539 -0.01124493
 -0.00399175  0.01313529  0.00973026  0.00499573
491129	 7.3261088e-04 -7.7202026e-04 -9.9574325e-05 -4.5059724e-03
 -2.9363544e-03 -1.1074550e-02  5.5955923e-03  1.3860950e-02
  2.4893085e-04  5.0002965e-03
105602	-0.00301947 -0.01070671 -0.00546644 -0.00643066  0.01100835 -0.01481556
 -0.0193489   0.00380095  0.00296056  0.00466459
255123	-0.00019697  0.00597597 -0.00701342 -0.01126464 -0.00475282 -0.01461338
  0.00523343  0.01349201 -0.00530342 -0.00209569
255124	-0.00019697  0.00597597 -0.00701342 -0.01126464 -0.00475282 -0.01461338
  0.00523343  0.01349201 -0.00530342 -0.00209569
529557	-0.00177476 -0.00369805 -0.00588179  0.00632331 -0.00077669 -0.02161467
  0.0008854  -0.0003773  -0.00944759  0.00157857
529560	-0.0075756  -0.00406949 -0.01307665  0.00473278  0.01051392 -0.01054309
 -0.00349231 -0.00520384  0.00148614  0.0025637 
529561	-0.00475393 -0.00535898 -0.0042131  -0.00244793  0.00077614 -0.01892905
 -0.00437488  0.01231037 -0.00110677  0.00483379
529564	-0.00809094 -0.00073844 -0.00974964  0.00386743  0.00896316 -0.01805562
  0.00400823  0.0061907  -0.00429531  0.00526093
529565	-0.00324318 -0.00425447 -0.01277471  0.0025165   0.00926864 -0.01686271
  0.0014473   0.00073323 -0.00171609  0.00895902
108706	 0.00802991  0.00518536 -0.00674099 -0.00070558  0.00947587 -0.00597641
 -0.00225638  0.00193995  0.00456013  0.0036325 
118440	 0.00023616 -0.00331613 -0.00448321 -0.00210261  0.00351739 -0.00711812
 -0.00115111  0.00401762 -0.00158618  0.00405734
41658	 0.00282621 -0.00701266 -0.00472712  0.00885088  0.00506132  0.0022669
 -0.0018745  -0.00810851 -0.00186229  0.00980282
41659	 0.00270071 -0.00713312 -0.00525181  0.00683122  0.00129401 -0.00286734
  0.00028842  0.00221448  0.00050206  0.00262958
548029	 0.00387006 -0.00165261 -0.01207678  0.00192544  0.00094775 -0.01036223
 -0.00606698  0.00691186  0.00384806  0.00996028
288962	 0.00512936  0.0004037  -0.00293163 -0.00165232 -0.00055589 -0.01533754
 -0.00026013  0.00712132 -0.00030273  0.0075386 
540194	 0.00341525 -0.00599358 -0.00867536  0.00637178  0.00556542 -0.01503819
 -0.001243   -0.00231873  0.00064559  0.00969367
103118	-0.0014456  -0.00047521 -0.00163708 -0.00717911 -0.00426456 -0.01345546
  0.00596804  0.0107288  -0.00064621  0.00298213
423124	 0.00179583 -0.00234022 -0.00640778  0.00493433  0.00195477 -0.01258237
 -0.00432928 -0.00020253  0.00335183  0.00423135
423125	 0.00179583 -0.00234022 -0.00640778  0.00493433  0.00195477 -0.01258237
 -0.00432928 -0.00020253  0.00335183  0.00423135
572708	 0.00030414 -0.01424628 -0.00342315  0.00872003  0.00503557 -0.01382327
  0.00369377  0.00214467  0.00421815  0.00294056
570597	-0.00158942  0.0007895  -0.00649501  0.01006542  0.00514897 -0.00164299
  0.00073188  0.00405636 -0.00465642 -0.00680089
78054	-0.00502831 -0.00419132 -0.00516092  0.00669031 -0.00552936 -0.00426249
  0.00364009  0.00555672 -0.00287473  0.00552969
314089	 0.00891692 -0.0031575  -0.00616462  0.00231867  0.01186944 -0.00232555
 -0.00047702  0.0115654   0.00667743  0.00179287
418027	 0.00079229 -0.00221204 -0.01177393  0.00097698  0.00412855 -0.00532936
  0.00174941  0.00489869 -0.00048293  0.00628705
74479	 0.0024273  -0.00410568 -0.00485168  0.00060642  0.00883289 -0.01246188
 -0.00226691  0.00508837 -0.00062243  0.01148198
353012	-0.0022712  -0.00136271 -0.00550355 -0.00283396  0.0020916  -0.00775425
  0.00739347  0.00662485  0.00403831  0.00527932
15618	-0.01070266  0.00081233  0.00477991  0.00095137 -0.00306841 -0.02078068
 -0.00671817  0.01429022  0.00346181  0.00399761
334090	 0.00045675 -0.00817275 -0.01179273  0.00622218  0.00086596 -0.00024362
  0.00695574  0.00968673 -0.00128464  0.00978526
418064	-0.00397289  0.00540598 -0.00309664  0.00121441  0.00507994 -0.02248032
  0.00265847  0.00913382  0.00303571  0.00345785
160531	 0.00086423 -0.00582176 -0.00066676 -0.00470308  0.00210319 -0.00343347
  0.00063084  0.00601535 -0.00255104  0.00410257
343828	 0.00204796 -0.00738945  0.00049704 -0.00565103  0.00066417  0.00101305
 -0.00023144  0.01315812  0.00174737  0.00644045
86805	-0.00206983 -0.00536544 -0.0079931  -0.01068997  0.00197397 -0.01561249
  0.00116248  0.00468637 -0.00632252  0.0019928 
213785	 0.00246102  0.0024021  -0.00427581  0.0038123   0.0016999  -0.00821999
  0.00224656  0.00572283  0.00275112  0.00631547
572706	-0.0061765   0.00379365 -0.00557833 -0.00129769  0.00058125 -0.01040558
  0.00082962  0.0047188   0.00144691  0.00421124
27428	-0.00421254 -0.00515438 -0.01195493 -0.00708731  0.00423309 -0.01148979
  0.00065573  0.00584707 -0.00566892 -0.00311865
418090	-0.00112577  0.00070688  0.00028386 -0.00214483  0.00098093 -0.01238098
  0.00105551  0.01032606  0.00305675  0.00697903
174892	 0.0024273  -0.00410568 -0.00485168  0.00060642  0.00883289 -0.01246188
 -0.00226691  0.00508837 -0.00062243  0.01148198
265517	-0.0011704  -0.00677681  0.002129   -0.00124216 -0.00028374 -0.00635587
  0.00218261  0.01475997  0.0026036   0.01122178
49532	-0.00100722 -0.01049477 -0.01568102  0.00732876  0.0109937  -0.01168739
  0.00578914  0.00728211 -0.00580535  0.01027991
177458	 0.0048807   0.00499113 -0.01425412 -0.00031562 -0.00600833 -0.01332676
 -0.00442922  0.00247835 -0.00366807  0.00317681
64824	-0.00730456 -0.00108708 -0.00424828 -0.00410756 -0.00041395 -0.00415508
  0.00297289  0.00949908  0.00284467  0.00600064
140089	-0.00725893 -0.00099695 -0.00758505 -0.00414497  0.00760873 -0.01302899
 -0.00549472  0.00686937 -0.00128987  0.00024683
140090	-0.00564079  0.00036225 -0.01070016 -0.00803688  0.00986698 -0.01207471
 -0.00944638  0.00531912  0.0052275   0.00540956
140091	-0.00312702 -0.00120444 -0.00798993  0.00091702  0.00927403 -0.01180428
 -0.00087796  0.0037952   0.00124016  0.00876993
527166	 0.00107907  0.00339553 -0.00465962 -0.00626253  0.00649128 -0.0097896
  0.00144177  0.00726902  0.00591021  0.0019756 
343876	-0.00898425 -0.00022585 -0.00059863  0.00405134 -0.00335609 -0.01195335
  0.00710596  0.01485573 -0.00237485  0.01331548
174918	 1.2925005e-03 -4.5108148e-03  2.9418863e-05  2.7741089e-03
  6.2755593e-03 -9.7958967e-03  5.7295561e-03  1.3405191e-02
  8.1217494e-03  1.7384512e-02
372193	 3.5861859e-03  2.5556204e-03  4.6984046e-03 -3.5975831e-05
  3.8694711e-03 -1.2274408e-02  1.3315185e-03  1.0033855e-02
  2.4885316e-03  3.0591548e-03
239075	 0.0044628  -0.00271862 -0.01046278 -0.00300165 -0.00302305 -0.0114972
 -0.00303931  0.01023763  0.0037017   0.00804402
71000	-2.3624680e-03 -5.3303037e-04 -2.2204395e-03 -9.7468094e-04
  7.1501685e-04 -7.1603828e-03  1.3991331e-06  5.5964678e-03
 -1.9650990e-03  4.4266107e-03
9570	 0.00401959 -0.00286863 -0.00869679 -0.00398852  0.00527649 -0.01852217
 -0.01389368  0.00456994  0.00564897  0.00554566
9571	 0.00273082 -0.00461781 -0.01060757 -0.00535394  0.00867002 -0.01425986
 -0.00933251  0.0049671   0.01368727  0.00886415
435563	-0.00228493 -0.0091117  -0.00025451 -0.0066375  -0.00197651 -0.016145
  0.00207251  0.01289664  0.0014186   0.0063908 
359795	 0.0031582  -0.00564222  0.00185965  0.00256332  0.00267199 -0.00798648
  0.00442932  0.01351326  0.00243297  0.00624502
314747	-5.1605268e-03  6.2852188e-05 -3.1917356e-03 -3.5317233e-04
  6.5157823e-03 -9.6133659e-03  4.0843752e-03  7.5674276e-03
  3.1024662e-03  2.2732180e-03
314748	-5.1605268e-03  6.2852188e-05 -3.1917356e-03 -3.5317233e-04
  6.5157823e-03 -9.6133659e-03  4.0843752e-03  7.5674276e-03
  3.1024662e-03  2.2732180e-03
299908	-0.00228493 -0.0091117  -0.00025451 -0.0066375  -0.00197651 -0.016145
  0.00207251  0.01289664  0.0014186   0.0063908 
552342	-0.00447829 -0.00305099 -0.00380718 -0.00252886 -0.00405738 -0.010043
 -0.00497472  0.0067047   0.0003268   0.00591581
79753	-0.00184704 -0.00164996 -0.0028959   0.00237584  0.00214661 -0.00922204
  0.00452784  0.00243556  0.00438984  0.00470914
316309	-5.1605268e-03  6.2852188e-05 -3.1917356e-03 -3.5317233e-04
  6.5157823e-03 -9.6133659e-03  4.0843752e-03  7.5674276e-03
  3.1024662e-03  2.2732180e-03
470934	-0.01454673 -0.01331793 -0.01232982 -0.00778601  0.00548655 -0.00854166
  0.00373047  0.0027889  -0.00483696  0.00246993
552862	 0.00232457 -0.00639832 -0.00148104  0.00381817 -0.00015613 -0.00231776
  0.01279379  0.00914046 -0.00293882  0.01350745
202737	-1.1842066e-03  6.2107653e-03 -3.9111469e-03 -2.4103976e-03
  4.4899722e-04 -1.8858844e-02  1.9610734e-03  2.3153375e-04
  3.1641073e-05  8.3855670e-03
427950	 0.00623356  0.00055737  0.00256032 -0.00122992  0.00081972 -0.01211288
  0.00321735  0.00932116 -0.00511291  0.00778715
157105	-7.7170259e-03  5.3514909e-06 -7.8680803e-04 -9.7986420e-05
  2.3149950e-03 -5.8586989e-03 -3.9001487e-03  1.0298413e-03
 -1.1044499e-03  4.9767569e-03
245170	 0.00824472 -0.00645866 -0.01212148  0.00049078  0.00602491 -0.01093138
  0.00416212  0.00130948 -0.00322835  0.00801578
561631	 0.00046804 -0.00011487 -0.00287998  0.0080212  -0.00464182 -0.02653222
 -0.00354594  0.01434829 -0.00693572  0.00512135
182864	 7.7554059e-06 -5.1607941e-03 -3.0851567e-03 -1.3617163e-03
 -8.5569797e-03 -4.7726422e-03  6.1621901e-04  5.7070623e-03
 -5.0702989e-03  5.2189855e-03
372194	 3.5861859e-03  2.5556204e-03  4.6984046e-03 -3.5975831e-05
  3.8694711e-03 -1.2274408e-02  1.3315185e-03  1.0033855e-02
  2.4885316e-03  3.0591548e-03
372195	 3.5861859e-03  2.5556204e-03  4.6984046e-03 -3.5975831e-05
  3.8694711e-03 -1.2274408e-02  1.3315185e-03  1.0033855e-02
  2.4885316e-03  3.0591548e-03
372196	 3.5861859e-03  2.5556204e-03  4.6984046e-03 -3.5975831e-05
  3.8694711e-03 -1.2274408e-02  1.3315185e-03  1.0033855e-02
  2.4885316e-03  3.0591548e-03
542705	-0.00241865 -0.01075614 -0.00766719 -0.00484623  0.01237047 -0.01989941
  0.00170125  0.01519054 -0.00319173  0.00976109
