507392	-0.00075926  0.00254026 -0.00121911 -0.01077652  0.0034088  -0.00648866
 -0.00323589 -0.00703525  0.00153655  0.00468528
460289	-1.4006557e-03  4.0329779e-03  2.8449393e-04 -4.6733608e-03
  3.5156861e-03 -4.2097745e-03 -4.7944632e-04 -9.2408714e-05
 -9.0846763e-04  1.2065049e-04
428035	-0.00627615  0.0005382   0.00070043 -0.00111183 -0.00128922 -0.00413168
 -0.00181415  0.00338155  0.00234479  0.004657  
23561	 0.00479635 -0.00427147 -0.0051445  -0.00069121  0.00585316 -0.00755039
 -0.00905172  0.00446353  0.01823101 -0.00245295
70155	 0.00077688 -0.00120669 -0.00781615 -0.00634641  0.00172237 -0.00392663
 -0.00349397 -0.00508877  0.00982066  0.00166847
362003	-4.3282541e-03  4.4496669e-03  3.6485959e-03 -3.3036952e-03
 -4.1627171e-04  1.4619693e-03 -4.2195125e-03 -6.0089175e-03
 -3.0670180e-05  9.2092092e-04
255513	 0.00587527  0.00016132 -0.00110646 -0.00467336  0.00212257 -0.00429206
 -0.00385256 -0.0073335   0.00362898  0.00011544
482845	-0.00205999  0.0009719   0.00267866 -0.00312906 -0.00712524  0.00060721
 -0.00793521 -0.00152503 -0.00128332  0.00368279
297505	-0.00107901 -0.00130368 -0.00892983 -0.00948474  0.00258154  0.00365661
 -0.00820299 -0.00865575  0.00401018  0.00538924
227366	-0.00259598  0.00094876  0.00355784 -0.01088639 -0.00145301 -0.00423788
 -0.00732037  0.00118782  0.00138577  0.00308263
464947	 0.00081797 -0.00070882  0.00145814 -0.01588499 -0.00199797 -0.00260022
 -0.00796819 -0.00506875  0.00415435  0.00441087
352310	 0.00058581 -0.00190386 -0.002989    0.00430796 -0.00095896  0.00018458
 -0.00805814 -0.00275644 -0.00248831 -0.00116102
20660	 5.5300753e-04  9.8877493e-03 -7.3364950e-05  6.5301969e-03
 -5.4263971e-03 -9.9067297e-03  1.1545880e-02 -1.2563945e-02
 -1.0305848e-02 -2.7371461e-03
18870	 0.00014442  0.00017593 -0.00186824  0.00330193 -0.00117499  0.00216271
 -0.00043235 -0.00445879  0.00032653  0.00347655
571463	-1.0588479e-03  2.5530495e-03  4.8774411e-03 -6.0681161e-03
  1.6139296e-03  1.2095014e-05  2.6537804e-03  7.1022059e-03
  3.0631236e-05  2.0735476e-03
571465	 9.7756219e-06 -1.3732449e-03  1.0417715e-03 -1.1626208e-02
 -8.6946888e-03 -4.3678362e-04 -1.1540008e-02 -6.4404160e-03
 -3.3141200e-03 -5.2664783e-03
227417	 1.64168829e-03 -2.34936946e-03 -3.51277506e-03 -1.00990245e-02
 -1.30714173e-03 -5.37702872e-05 -6.49693795e-03 -5.82382723e-04
  3.68173979e-03  4.14727116e-03
485475	-0.00681476  0.0042892   0.00223691 -0.00867023 -0.00448997 -0.00781106
  0.00460494 -0.0010904   0.00852088  0.00244908
110186	-0.00866626 -0.00406929 -0.00977802 -0.00015082  0.00777327 -0.00055678
 -0.00268368 -0.00041792 -0.00317163  0.00151941
131186	-0.0048652   0.00519659 -0.00096383 -0.0049745   0.00079253 -0.00242201
 -0.00743037 -0.00636015  0.00370891  0.0039798 
405625	-0.01423226  0.00267565  0.00174627 -0.00102676  0.00420582 -0.00625813
  0.00440407 -0.00747173 -0.00432932  0.00392937
91772	-6.63331896e-03 -4.15507238e-05  1.33930225e-05 -2.88244896e-03
  5.40035730e-03  2.01034476e-03 -1.24560145e-04  8.11084348e-04
  5.45727229e-03  1.01345917e-03
96619	-0.00338301  0.00250459 -0.00078887 -0.01121855  0.00247226 -0.00966319
 -0.00380743 -0.00194893  0.00146502 -0.00163996
104582	 0.00232473 -0.00162075  0.00239832 -0.007115    0.00169853 -0.00128992
 -0.00393791 -0.00273064  0.00433316  0.0024803 
305808	-1.1668205e-02  2.2950831e-03  1.7861336e-03 -4.3445434e-03
 -3.2150522e-03 -4.7077793e-03  7.1157765e-04 -2.0976560e-04
  6.6725857e-04  9.7196746e-05
5268	 0.0036549   0.00266158 -0.00113043 -0.01152987  0.0125295  -0.01478759
 -0.00579854  0.005108    0.00013076  0.00166782
362151	-0.00657764  0.00316571  0.00686031 -0.00201264 -0.00424085 -0.00058371
  0.0023138  -0.00662881 -0.00585338 -0.00317818
296627	-4.7533656e-03 -7.9644240e-05 -3.7283362e-03 -4.7758813e-03
  6.7705158e-03 -4.5567499e-03  4.9589789e-03 -9.1765716e-04
  7.6518767e-04  4.0929974e-03
386228	 1.4126353e-03  5.8117952e-05 -1.4564865e-03 -6.3794903e-03
 -1.0083598e-03  7.2232063e-04 -1.3175512e-03 -7.2454391e-03
 -7.6268608e-04  1.4705488e-03
575670	 0.0005293   0.00060499 -0.0019358   0.00156524 -0.0007972  -0.00537762
  0.00061548 -0.00133312 -0.00155975  0.00530427
214201	-0.0046535   0.00254196 -0.00148206 -0.01021004 -0.00075449 -0.00709374
 -0.00578303 -0.0005004   0.00721317  0.00223246
575685	 4.6023401e-03  8.4069856e-03 -1.3723496e-02 -2.9427744e-03
  2.7219676e-03 -4.5559625e-03  7.1216695e-05  3.7257106e-04
  2.8217561e-04  4.6578087e-03
210381	-0.01604021  0.00994253 -0.01621601 -0.00085998 -0.00748192 -0.01215008
  0.00483161 -0.00470169 -0.00764256 -0.00220938
292568	-5.2803778e-03 -1.4842868e-04 -1.7436442e-03 -5.2958755e-03
 -4.4008464e-04 -4.1419668e-03 -5.3307169e-05  3.6490362e-03
  7.6851988e-04  1.3457228e-03
408795	-0.00800796 -0.00112351 -0.00774158 -0.0043864   0.00414875 -0.00537903
 -0.00600416 -0.00366005  0.00389236  0.00371807
573819	 0.00096679  0.00367369 -0.00088145 -0.01172421 -0.00263934  0.00269157
 -0.00315955 -0.00823808  0.00247518  0.00155242
191526	-0.01183992  0.00230307 -0.00961555 -0.0020315   0.00313019 -0.00887271
  0.00422555  0.01070711  0.00111346 -0.0051672 
467175	-0.00051852  0.00356933 -0.00152492 -0.01071557 -0.00959322 -0.00354506
  0.00658214  0.00197406 -0.00139838  0.00323665
141034	-0.00185237 -0.0048076  -0.00067286 -0.01329926  0.00268075 -0.00176582
 -0.00777433 -0.00013669  0.00357072  0.00788708
20726	-0.00218395  0.00018032  0.00216028 -0.00483109 -0.00313673 -0.01455888
  0.0118402  -0.00022637 -0.00648731 -0.00974396
445692	-0.00191313  0.00516563 -0.0038856  -0.00572445 -0.002421   -0.0079259
 -0.0067531  -0.00757139  0.00590573 -0.00117955
39174	-1.1708927e-03 -8.0204169e-05 -1.9167992e-03 -4.3728258e-03
 -1.8348971e-03 -4.3985764e-03  8.2370237e-04 -3.9121434e-03
  2.9751682e-03  7.5482987e-03
456462	-0.00521323 -0.00411377 -0.00336696 -0.00316434  0.00405261 -0.00596876
  0.0017296  -0.00597656 -0.00294282  0.0074012 
211727	 0.00291551  0.00244113 -0.00115135 -0.00483286 -0.00176964 -0.0046609
 -0.0040539  -0.00225819  0.00123267 -0.00209958
504592	-0.00178773  0.00155054 -0.00290046 -0.00453862 -0.00185956 -0.00159409
  0.00200452 -0.00218131 -0.00097165  0.00213002
260881	-0.00152433 -0.00504887 -0.00158392 -0.00417467 -0.00342919  0.00322016
 -0.0023374  -0.00557688  0.00236962  0.0031136 
119942	-0.00356053  0.00568517  0.00021612 -0.00255991  0.01196912 -0.00181615
 -0.00342732 -0.00140544  0.00312675 -0.00735164
149820	-0.00086763  0.00787155 -0.00028198 -0.00487579 -0.00209285 -0.00426875
 -0.0058793   0.00722597  0.00576416  0.00430711
235840	-0.00240567  0.00216899 -0.00089483 -0.00385612 -0.00227285  0.00021349
 -0.00257349 -0.00819771  0.00170924  0.00237022
510788	-0.00439318  0.00895758 -0.00864111 -0.01206651  0.00249868  0.00026843
  0.00428233  0.00504179  0.00262152  0.00189399
578375	 0.01510446 -0.00069102 -0.01077328 -0.0020253   0.00284235  0.0080293
  0.00251691  0.00093303 -0.0068914   0.01008324
511306	-0.00595551 -0.00353215  0.00206749 -0.00513106 -0.00354032 -0.0166798
 -0.0199624  -0.00098218  0.00553099 -0.01190345
465229	 0.00151062 -0.00192783 -0.00826654 -0.00501139  0.00317656 -0.00401359
 -0.00317626 -0.0074012   0.00188185  0.00654244
473934	-0.00313267 -0.00038323 -0.00300335 -0.00410837  0.00265619 -0.00232929
  0.00019943 -0.00874297  0.00361713  0.00110169
228688	-0.00073286 -0.00314869  0.00188654  0.00026957 -0.00427877  0.00533512
 -0.00882567 -0.00720607 -0.00026868  0.01173774
400210	-0.00241963  0.00342542  0.00442011 -0.00294515  0.00178617 -0.00230927
 -0.00482967 -0.00046525  0.0016353  -0.00037335
14680	-0.0065458   0.0032731  -0.00098767 -0.01550188  0.00385413 -0.00492067
 -0.0058722  -0.00283521  0.00010108  0.00754518
14681	-0.00460591  0.00318233 -0.0057879  -0.00277413 -0.0020565  -0.00411466
  0.00396569  0.00247086  0.00026713 -0.00715783
331612	-0.01423226  0.00267565  0.00174627 -0.00102676  0.00420582 -0.00625813
  0.00440407 -0.00747173 -0.00432932  0.00392937
409457	-0.00106065  0.00489007  0.00018728 -0.00602908  0.00387729 -0.00101611
 -0.0006481  -0.00378385  0.00590927 -0.00040638
425332	 0.00036444  0.00653156 -0.00288064 -0.00089886  0.00214806 -0.00390496
 -0.00133122  0.00487396 -0.00318134 -0.00098003
440181	-0.00509311  0.00697806 -0.00847679  0.00069928 -0.00188757  0.00040599
 -0.0002248  -0.00084374  0.00533051  0.00544552
350583	 0.00463853  0.00758854 -0.00395276 -0.00676878  0.00643511 -0.00567699
  0.00255286 -0.00372607  0.00781313  0.00482685
295802	-0.00123183  0.00502751 -0.00216617 -0.00600024  0.00259477 -0.00431073
 -0.00442588 -0.00370233  0.00772057  0.00173888
349418	-0.00371828 -0.0013188   0.00169435 -0.00617639 -0.00867536  0.00261214
 -0.0038078  -0.00303543  0.00594386 -0.00831512
10632	-0.00776634 -0.00014451 -0.00020805 -0.00999418 -0.00309053 -0.00267428
 -0.00888055  0.00278383  0.00118059 -0.001006  
440202	-0.00159717  0.00291754  0.00276263 -0.00907909  0.00066187 -0.00780095
 -0.00114715 -0.0015512   0.00152143  0.00416126
82318	-0.04229195  0.0197762  -0.01895386  0.0197202  -0.00651243  0.0027556
  0.01879315 -0.03894527 -0.02880619  0.01773637
208271	-0.0041355   0.00060863  0.00267154 -0.00241301 -0.00101828 -0.00079826
 -0.00245968  0.00249056 -0.0020259   0.00076589
254353	-0.00891793 -0.00161154 -0.00305577 -0.00194637  0.00334807 -0.00239812
 -0.00597391 -0.00183415  0.00471177  0.00608936
536981	 0.01791881  0.01464446 -0.00768555 -0.01345497  0.00130728  0.00040192
 -0.00021188 -0.01987313  0.02429065  0.01496776
108956	 0.0023122   0.00188966  0.00039299 -0.02336145 -0.00621965 -0.00153677
  0.00604538 -0.00780319 -0.00467484  0.00581284
306077	 0.00390543  0.001042   -0.00264922 -0.00468381  0.00205253 -0.00447905
 -0.00207205 -0.00453186  0.00435879  0.00053987
141225	 0.00186299 -0.00408624 -0.00483881 -0.00854329  0.00031691 -0.00613288
 -0.00693702 -0.00538559  0.00574944  0.00548587
356271	-0.00319571  0.00783719 -0.00356802  0.00102112 -0.00100876 -0.00321588
  0.00129387 -0.00034613  0.00333131 -0.00057116
206774	-0.00165417 -0.0026968  -0.00468547 -0.01174507  0.00140283 -0.00450886
 -0.0030549  -0.00206181  0.00019802 -0.00688617
395707	-0.00544656  0.00608672 -0.00120541 -0.00370544  0.00213757 -0.00546465
 -0.00401116 -0.00316759 -0.00200646  0.00355239
212417	-0.00421667 -0.01206255  0.00173229 -0.00774937 -0.00272283 -0.00088977
 -0.00501763 -0.00149253  0.00265463  0.00114479
253897	-0.00052631  0.00190734 -0.00215615 -0.00595471 -0.00515366 -0.00351266
 -0.00237979 -0.00544312  0.00241977  0.00096383
395725	 0.00051742  0.00758539 -0.00405724 -0.00961831  0.00304243 -0.00538317
 -0.00803329 -0.00954784  0.00359979  0.00423479
284622	-0.0043963   0.00024914 -0.00106744 -0.00620764 -0.00733345 -0.00400736
 -0.00291802 -0.00855105  0.00193911 -0.00230763
549844	 0.00018771  0.00214643 -0.00561572 -0.0119144  -0.00040526 -0.0006949
  0.00286558 -0.00241582  0.00500933  0.00096447
211928	-0.00750897  0.00286048 -0.0047265  -0.00048875 -0.0117779   0.01004116
  0.00512873 -0.00240955  0.00850306  0.00300106
253929	-0.0050083   0.00574866 -0.00061233 -0.00673728 -0.00225683 -0.00063296
 -0.00325458 -0.00367734  0.00711688  0.00305539
571382	-0.00108725  0.00151145 -0.00717793 -0.00028653 -0.00076996 -0.00547052
  0.00113263 -0.00646711  0.0048539  -0.00158441
481788	 0.00061445 -0.0031053   0.00322842 -0.00661657 -0.00940527  0.00339042
 -0.00239381  0.00097812  0.00047904  0.00641304
