241154	-0.00134071  0.00194085 -0.00476485  0.00352867  0.00997595 -0.00325569
 -0.00475383 -0.00243278  0.0030503   0.00091872
530437	-0.0018814   0.00189401 -0.00953956 -0.00861844 -0.00506492 -0.00219875
 -0.00498633 -0.00166328  0.00358487  0.0037234 
246290	 0.00859405  0.0020208   0.00333741 -0.00025662  0.00289934 -0.00404404
 -0.00054934 -0.00048141 -0.00175415 -0.00417957
500755	 2.5061550e-04 -2.4882543e-03  5.5944822e-03  9.4276795e-04
  1.4214761e-03 -1.1135070e-02  1.5770018e-05  4.1236426e-03
 -7.4554118e-04 -2.9169719e-03
187413	-9.8929438e-04  4.4794679e-03 -7.1196893e-04 -5.1977057e-03
  3.2577564e-03  4.8184521e-03  3.2059147e-03  4.0000905e-03
 -3.3573877e-05 -2.7050928e-03
274459	 0.00230457  0.00356487 -0.00264794  0.00174343  0.00375797  0.00189151
  0.0021213  -0.00070121 -0.00196693 -0.00420218
508445	 0.00501707 -0.00096071 -0.00279648 -0.00304102  0.00138816 -0.00635665
 -0.00234481 -0.00307271  0.00147988 -0.0007937 
367657	-0.00229968 -0.00316181  0.01020698  0.00582965  0.00225091 -0.0053904
 -0.00447771 -0.00245602  0.00995808  0.0001543 
76843	 0.00479712 -0.00456563 -0.00780887 -0.00306684  0.0101704  -0.00630012
 -0.00590357  0.00558986  0.00830057  0.00125658
243759	-0.01109315  0.00654191 -0.00551877  0.0009807   0.00801465 -0.00501647
  0.00179135 -0.00834853  0.00294498 -0.00831939
152112	 0.00303083  0.00211817 -0.00104185  0.00128606  0.00149665 -0.00173526
 -0.00244516 -0.00200689 -0.00285793 -0.00212748
130312	 0.00744071  0.00106976  0.00098476 -0.00199742 -0.00033598 -0.00058214
 -0.00368543 -0.00319324 -0.00145434 -0.00010336
559154	-5.2219848e-03 -5.1334832e-04  1.8069359e-03  3.7229187e-03
 -1.5326937e-03 -3.1718567e-03 -9.8926350e-03  2.3775741e-03
  4.6375239e-06  2.7511476e-03
481015	-1.6546322e-06  6.2292046e-03 -2.9008535e-03 -6.9610318e-03
  2.1791889e-03 -1.0904915e-04  2.7389091e-03 -8.3868619e-04
 -6.6507235e-03  9.5524878e-04
483916	-0.00279085 -0.00115661 -0.00404901 -0.00064043  0.00422132  0.0058609
 -0.00215415  0.00675203 -0.00439133 -0.00191679
369776	 0.00929499 -0.00373945 -0.00920338 -0.00082157  0.00402105  0.00601265
  0.00317737 -0.00140278 -0.00171643 -0.00279553
216426	 4.1829124e-03 -1.4352331e-04 -2.7174237e-03 -1.4052910e-03
  1.1750203e-05 -1.4775951e-03 -7.0214393e-03 -1.9587441e-03
 -1.9203871e-04 -2.8859160e-03
282241	 3.5832748e-03  4.2015119e-03 -6.9945090e-04  2.7128803e-03
  3.0702031e-03  1.0318230e-05 -1.2996611e-03 -5.8470271e-04
 -3.3070145e-03 -2.4519551e-03
75910	-0.00523654  0.00382687 -0.00353373 -0.00371769  0.00141281  0.00079773
  0.00232359 -0.00027225  0.00242338  0.00257061
225419	 0.00334847  0.00145957 -0.00655327  0.00190298 -0.00172892 -0.00117416
 -0.0085525  -0.00371409 -0.00461239 -0.0046991 
347291	 0.00405902 -0.00027106 -0.00269554  0.00386958  0.00373755  0.00305167
  0.00020617 -0.00171807 -0.00220235 -0.002559  
228514	 0.00080139  0.00396717 -0.00221098  0.00124611  0.00247531 -0.00204141
  0.00012364  0.00062426 -0.00387482 -0.00404859
347078	 2.8704398e-03 -2.3012486e-05 -4.4371807e-03 -2.7101785e-03
  3.0470034e-03 -1.6665807e-03 -3.2487086e-03 -1.2855004e-03
  2.2359416e-03 -6.5736455e-04
525990	 6.1310828e-03 -2.6057768e-04 -1.9621034e-03  6.6447326e-05
  1.5596311e-03 -2.0812969e-03 -1.8142015e-03  2.4049541e-03
 -1.9235128e-03  4.8274142e-04
521160	-0.00139623  0.00445747 -0.00243059  0.00186098 -0.00113788  0.00140162
 -0.00464854  0.00162579 -0.00249305  0.00352307
408778	 0.00072727  0.00038914 -0.00168405 -0.00425238 -0.00132787  0.00387817
 -0.0016285   0.0056206   0.00099317 -0.00201254
137430	 3.9757925e-04  4.7324337e-03 -1.7035659e-04 -1.0322722e-03
 -4.4540249e-04  6.5171516e-05  6.3888985e-04 -2.4313037e-03
 -1.0343061e-03 -9.9090217e-03
429789	-0.00044821  0.00608888  0.00281293 -0.00982893 -0.00538177  0.00258392
 -0.00498644 -0.00205825  0.00910075 -0.01095183
391394	 0.00295658  0.00086139 -0.00574533 -0.00356274  0.00176104  0.00034573
 -0.00012323  0.00150029  0.00578817 -0.00583771
420580	 0.00387282 -0.00570331 -0.00206305  0.00272593  0.00407433 -0.00172795
 -0.00316795  0.00837697  0.00094796 -0.00386829
400109	 0.002417    0.00236949 -0.00299203 -0.00373278 -0.00419717  0.00610981
 -0.00585835  0.00242279 -0.00237274  0.00030176
555767	 0.00089824  0.00133833 -0.00139435 -0.00209626  0.00461255 -0.0071009
  0.00165121 -0.00103755  0.00049579 -0.0002119 
522493	 0.00367567 -0.00170443 -0.00587021 -0.00517726 -0.00124317 -0.00167956
 -0.00197325 -0.00018835  0.00150247 -0.00120882
157952	-0.00356796 -0.00452072  0.00308908 -0.00364656 -0.00261864 -0.00512461
 -0.00080738  0.00226325  0.00226158  0.00270963
539400	 0.00131557 -0.00559911 -0.00232259 -0.00054084  0.00294285 -0.00218951
  0.01483938 -0.00224551 -0.0037388   0.00691756
487689	-0.00147572 -0.00145952 -0.00251707  0.00818307  0.00089339  0.00461785
 -0.00964506 -0.00330813  0.00183668  0.00544968
208139	 0.00253973 -0.0028022  -0.01329979  0.00197757 -0.0042132  -0.00080467
 -0.01446134  0.00788639 -0.01595063  0.00327444
486669	-3.6444967e-03  5.2589015e-03  6.3901804e-03 -5.9925107e-04
  6.8911212e-03  1.9382088e-03 -5.4545528e-03 -9.0139254e-04
 -1.2868299e-03  8.2291408e-05
436507	-0.00034015 -0.00415583  0.00178901 -0.00680721 -0.00673918  0.00194547
  0.00317691 -0.00819557 -0.00801019  0.00258606
527133	-0.00219612  0.00196278 -0.01348937 -0.00082079 -0.00388854 -0.00471976
 -0.00285551 -0.0064809   0.00012199 -0.0105387 
406315	-4.4345856e-07  1.1868991e-02 -3.1670631e-04  2.9223291e-03
  4.9108715e-04  2.4231165e-03  1.8408118e-03 -6.3006580e-03
  1.6873766e-03  2.5864805e-03
458114	-0.00013528  0.00325562  0.00104876  0.00607292 -0.00750211 -0.00498066
 -0.00311551  0.0072599  -0.01459377  0.00102582
231729	 0.00383059  0.00044261 -0.00012069  0.00097816 -0.00425985  0.00084773
  0.00240238  0.00160637 -0.00348631 -0.0041234 
257346	 0.00989727 -0.00535376 -0.00776496 -0.00093192 -0.00092096  0.0054341
 -0.00314052 -0.00131457  0.00057973  0.00081451
262990	-0.00110298  0.00029411 -0.00972321 -0.0001611  -0.00106776 -0.00291019
 -0.00093306 -0.00117982  0.00206558  0.00011834
464201	 0.00178811 -0.00312638  0.00068133  0.00073834 -0.0048881   0.00327623
 -0.0017884  -0.00131135 -0.00075076 -0.00351354
76107	 0.00211569  0.00447646 -0.00328866 -0.00688534  0.00073956  0.00075729
 -0.00031554 -0.00275016 -0.00283462  0.00125914
422733	 0.00561629 -0.00170081 -0.00635305  0.00331268 -0.01454308  0.0011577
  0.00554872 -0.00571156 -0.00084933 -0.01051996
76111	 0.00460709 -0.00363115  0.00125458 -0.00091356 -0.00398692  0.00039035
  0.00356844 -0.0006924  -0.00029298 -0.0035465 
39255	 0.00122824  0.00039405 -0.0017328  -0.00028456  0.00342408 -0.00014771
 -0.00223266  0.00126662 -0.00322858 -0.00237437
165220	-0.00223339  0.00503218 -0.00260511 -0.00139875  0.0001824  -0.0064923
 -0.00047823  0.00060936 -0.00410936 -0.00581739
129898	 0.00365683  0.00813124 -0.00431899 -0.00693575 -0.00181837 -0.00782173
  0.0043404  -0.00270884  0.00186871 -0.00068288
156012	-0.00096148  0.00714779 -0.00025395 -0.00395194 -0.00433828 -0.01109918
  0.0088971  -0.01195979 -0.00521969 -0.00778147
15218	 0.00221941  0.0005761  -0.00058389 -0.00230935  0.00341934 -0.00474286
  0.00380298  0.00263022  0.00285281 -0.00235993
216450	 2.9967837e-03 -3.0599698e-05 -4.7201389e-03 -8.6259916e-03
 -3.6480979e-03 -6.4133173e-03 -3.2066571e-04 -4.7767279e-03
 -4.1077714e-03 -2.8160904e-03
39318	-0.00242213  0.000327   -0.00517969  0.00071262 -0.00913193  0.00296263
 -0.0052905   0.00020626  0.00061675 -0.0032227 
330989	 0.00460389  0.00359104 -0.0076146  -0.00250094 -0.00363277  0.00059423
  0.00291953  0.00285896 -0.00190133 -0.00099426
39317	-0.00242213  0.000327   -0.00517969  0.00071262 -0.00913193  0.00296263
 -0.0052905   0.00020626  0.00061675 -0.0032227 
163222	 4.1945353e-03 -9.8157711e-03 -4.2797173e-03 -1.2339058e-03
  4.0077968e-04  3.3892428e-03  1.5317308e-03 -3.7564081e-03
 -4.0658116e-03  2.1810571e-05
481692	 0.00786591  0.00583303 -0.001502   -0.00405622 -0.00102242  0.00153829
  0.00243437 -0.00275582  0.00058701 -0.00132729
408989	 4.4254726e-03 -4.7856875e-04 -1.7490849e-03 -1.0993788e-03
  3.2703474e-03  7.0679374e-03 -1.9669926e-03 -4.3098563e-03
 -1.5215563e-04  6.8826201e-05
395682	-0.01097743  0.00352353  0.00514897  0.00355722  0.00195078 -0.00022783
  0.00301007 -0.00370342 -0.00361178 -0.00304199
530167	 0.00443795 -0.00371164  0.0001958   0.00562288 -0.00253929 -0.00019106
 -0.00264332  0.00409572 -0.00189984 -0.01166926
441270	 0.00100618  0.00855994 -0.00234244 -0.00223118  0.00055269 -0.00090883
 -0.00252593 -0.00109262 -0.00044702 -0.00284332
441272	 0.0081586   0.00791902 -0.0017661   0.00039753  0.00193736 -0.00537815
  0.00143758 -0.00734641 -0.00338908  0.006823  
423872	-0.0049875  -0.00313139 -0.00423107  0.00471131 -0.00413996  0.00758468
  0.00165519  0.00424149 -0.00181111  0.00047958
536139	 0.00443308 -0.00407191  0.00281207 -0.00276169  0.0024459  -0.00128102
 -0.00212719  0.00037243  0.00265404 -0.00366388
485830	 0.00218097 -0.00319676  0.00777372 -0.0041108  -0.00123532 -0.00581266
 -0.00205267 -0.0042291   0.00802549 -0.00831507
336840	 0.0004512   0.00798834 -0.00287507 -0.00111626 -0.00221425  0.00301749
 -0.00361547 -0.00354376 -0.0001926  -0.00166481
104396	 0.00323818  0.00430081 -0.00170349 -0.00168174  0.00353482 -0.00460892
 -0.00417964 -0.00425429 -0.00290251 -0.00108152
422734	-0.00293538  0.00754638 -0.00904847 -0.00545267 -0.00698413 -0.00367715
  0.0003225  -0.00449769  0.0003344   0.00017762
199656	 0.00194338  0.00313253 -0.00763913  0.00323243  0.00596176  0.00458345
 -0.00680577 -0.00375328  0.00354779 -0.00433699
472558	 0.00345396  0.00313432 -0.00178244  0.00019711  0.00326725 -0.00125519
 -0.00088965  0.00288211 -0.00175294 -0.0007318 
561136	-0.00261666  0.00592221  0.00740227 -0.00100524 -0.00882564 -0.00336198
  0.00822235 -0.00868869 -0.00634199  0.00233092
122865	 0.00611667  0.00217174 -0.00195994 -0.00214532 -0.00161647  0.00635236
  0.00415811  0.00289949 -0.00407808  0.00154618
65522	 0.00287706 -0.00063014 -0.00579485 -0.00162958  0.0041325  -0.00509971
 -0.00761447 -0.00353252  0.00229566 -0.00789823
350710	-0.00480645  0.01817421 -0.00843757 -0.00175658 -0.00726793 -0.00904965
  0.00638165 -0.01560191 -0.00033695 -0.0115979 
141819	 0.00105022 -0.00469342 -0.00250551  0.00719017 -0.00037199 -0.00628566
  0.01228957  0.00219039  0.00346496 -0.00112946
