216064	 0.00233328  0.00081276 -0.00724553  0.0061928   0.00774837 -0.00543873
  0.00161679 -0.00328737  0.0009043   0.00701427
483337	-0.01065845  0.00608451 -0.00719383 -0.01540445  0.00062967 -0.0017478
 -0.0071831   0.00442912 -0.00130728  0.00183186
410643	 0.0036387   0.00715082 -0.00045533 -0.0123429   0.0017366  -0.00632927
  0.00211337  0.00419215  0.00322617 -0.00079067
409632	 0.00763349  0.00481002  0.00043467  0.00119855  0.00494622 -0.00745671
 -0.0049041  -0.00732361  0.00204223  0.01411401
112234	 0.00051666  0.00459933  0.00558456  0.00570711 -0.00033405 -0.00784995
 -0.00515509  0.00028206 -0.00521995  0.00189663
120879	-0.0022498   0.00115589  0.00555006 -0.00345466  0.00910213 -0.00075329
  0.00544582  0.00376872  0.00402585  0.00652356
184368	-3.4321249e-05  4.4359951e-03  6.5089264e-03  3.1954062e-03
 -9.8924013e-04  2.5382449e-03 -1.3897290e-03 -4.1047574e-04
 -7.4180285e-04 -3.2169283e-03
29757	 0.00408706  0.01512038 -0.01125487 -0.00915295  0.0037708  -0.00804455
  0.00087453  0.00082242  0.00624158  0.00898088
557646	-0.00420697 -0.00150057  0.01069826  0.00225706  0.00553223 -0.00729039
 -0.00572954  0.00152444  0.00949678  0.00278638
484956	-0.00729898 -0.00069903  0.01025852 -0.00279722  0.00539395  0.00471571
  0.00420897  0.00610373  0.00689462  0.01409945
249275	 0.00236815 -0.00180886 -0.00150045  0.00184485  0.00166977 -0.00335334
 -0.00602514 -0.00087544  0.0003775   0.00394386
539241	-8.4644649e-03  9.7901151e-03  2.6630065e-03  1.3601261e-05
  1.4125536e-03  7.8545976e-03  7.8513408e-03 -3.5859826e-03
  3.4755517e-03 -4.3682735e-03
575594	 0.00992053 -0.00336569 -0.00611906 -0.0038795   0.00048083  0.00324467
 -0.01105582 -0.00292442 -0.00300038  0.00382157
29715	 0.00299606  0.00349834  0.00476691 -0.00611362 -0.00615927  0.00362192
  0.00087048 -0.0033644  -0.00304898  0.01135762
66168	 0.01087421  0.00478131 -0.00497065  0.00174136 -0.00482553 -0.00032075
 -0.00250781 -0.00919488  0.00334338  0.00014814
154730	-1.9227416e-04  3.2900488e-03  2.2204102e-03 -1.6964645e-03
 -6.3581364e-03  7.5411663e-05 -1.2832378e-02 -4.7754660e-05
 -1.5377473e-03 -8.3367857e-05
501894	-0.00304247  0.00348911  0.00642116 -0.01813238  0.00065895 -0.00097238
 -0.00350416 -0.01166298 -0.00996925 -0.00171437
237217	 0.00255391 -0.00421575 -0.00368636 -0.00617334 -0.00473911  0.00124893
 -0.00450389  0.00256055  0.00193241  0.00124184
514723	-0.00470772 -0.00170317  0.00338454 -0.0111127   0.0053939  -0.00077014
  0.00372767 -0.00396846  0.00472201  0.00091001
155815	-3.2021510e-04 -7.2927750e-03 -2.6687244e-03  2.4499514e-03
 -3.3375449e-03 -4.3148808e-03 -6.7625851e-03 -5.5900649e-03
 -3.3682409e-05 -2.9374082e-03
245424	 0.00766593 -0.00414873  0.00378273  0.00839317 -0.00197146  0.01168765
 -0.00288731 -0.00190158 -0.00027141  0.00759392
509625	-3.6891640e-04  5.3001307e-03  5.2256985e-03 -3.6534615e-04
 -1.4745202e-03 -4.0349714e-03 -5.9719657e-04  3.5214999e-03
  5.5102020e-05  2.2424983e-03
241361	 0.01037254 -0.002567   -0.00743015 -0.00230219 -0.00635303  0.00298666
  0.00103293 -0.00505629 -0.00808569  0.01321778
347864	-0.0003664   0.00382097  0.01022614  0.01569673 -0.00213221  0.01243357
 -0.00481751 -0.00396272  0.00613475  0.00827037
488154	-0.00492092  0.00053746  0.00639331 -0.00615082 -0.00212972  0.00152156
  0.00195628 -0.00034986  0.00228674  0.00678145
544719	 0.00117744  0.00228263  0.00206354 -0.00484386 -0.00595462  0.00550157
  0.00080913  0.00427244 -0.00391857  0.00626907
328924	-0.00174974  0.00761358 -0.00102812 -0.00501092 -0.00112678 -0.00521246
  0.00364805  0.00437813  0.00467385 -0.00021627
480990	-0.00304924 -0.00426913 -0.00010655 -0.00179887  0.00147903  0.00258657
  0.00110192 -0.00023339  0.00280686 -0.00081984
207077	-0.00176304  0.01146491 -0.00410318 -0.00221489 -0.00895222  0.0044564
 -0.00387051  0.00759738  0.00018298  0.01172299
450278	 9.0863690e-04  5.8010132e-03 -6.3384124e-03 -3.4149592e-03
 -4.8314207e-03 -6.5021766e-03  1.4093555e-05  3.1914173e-03
  1.8658594e-03  3.1716784e-04
103656	 0.00105352  0.00425848 -0.00112642 -0.00198438  0.00295051  0.00112986
  0.00263512  0.00125206  0.00665675  0.00061221
375017	-0.00512151  0.00030851 -0.0003745   0.00338101 -0.00252819 -0.01050147
  0.00344626  0.00405871  0.0005404   0.00633827
285419	 0.00355427  0.00063145 -0.00426069 -0.0014479  -0.00210572 -0.00283395
  0.00396152  0.00174632 -0.0029787   0.00682126
230884	-0.00159643  0.00746521  0.00491454 -0.00353809  0.01238038 -0.00031318
 -0.00354953 -0.0061359   0.00110371  0.00288039
363902	-3.5170775e-03  6.0973205e-03  8.9588619e-05 -4.5829150e-03
 -8.7991580e-03  2.8718307e-03  2.6317956e-03  2.5157174e-03
 -3.8203393e-04  1.1079094e-03
304887	 0.00668687  0.0016587   0.00281761  0.00074872  0.00661293 -0.00761608
 -0.0054908  -0.00724798  0.00203999  0.00923535
354040	 0.0013898   0.00828636  0.00421229 -0.01159043  0.0013694   0.00496998
 -0.00576271 -0.00196417 -0.0091083  -0.00080154
226564	-0.00085035  0.0055988   0.00233008  0.00070026 -0.00062404 -0.00445008
  0.00266528 -0.00345793  0.001526    0.0022371 
254262	 0.00124482 -0.00705541 -0.00471731 -0.00376793 -0.00350135  0.00352079
 -0.00401391 -0.00348957  0.00386269  0.00557019
260932	 0.0004244  -0.00204046 -0.00678306 -0.00253216 -0.00149954 -0.00086273
  0.00104071  0.00028246 -0.00060601  0.00644597
104261	-0.00242434  0.00229417 -0.00628941 -0.00598847 -0.00773181  0.00265364
 -0.00376938 -0.0008617  -0.00508345  0.0034518 
505163	-6.2593007e-03  3.3953066e-03 -3.9377571e-03  8.7021699e-04
 -1.7109975e-03  4.3190792e-03  1.0427129e-05 -1.7285716e-03
  1.5625235e-04 -1.3116209e-03
501583	 0.00337234 -0.0089248  -0.00437498 -0.00119078 -0.0104889   0.00011398
 -0.01145749  0.00085592 -0.00199735 -0.00590826
505828	-0.01067543  0.00443654 -0.00692855 -0.00911711 -0.0034567  -0.00725723
  0.0026695   0.0039346   0.00489602 -0.0019697 
191463	 1.8675691e-03 -4.0953564e-03  6.9780374e-04 -9.8260317e-04
 -1.0157715e-02  5.7126605e-04 -2.4952489e-04  7.4060787e-03
  4.5591169e-03  8.7096625e-05
509804	 0.00368052  0.00321653 -0.00071476 -0.01263141 -0.00344974 -0.00361714
  0.00670127 -0.01306272 -0.00668123  0.00075275
175471	 6.1664209e-03  8.9973276e-03 -1.8362029e-04  7.7482598e-04
  5.2943386e-05 -8.5981758e-03  1.9743859e-03  3.6904174e-03
 -7.4568560e-04  2.7187294e-04
175472	 6.1664209e-03  8.9973276e-03 -1.8362029e-04  7.7482598e-04
  5.2943386e-05 -8.5981758e-03  1.9743859e-03  3.6904174e-03
 -7.4568560e-04  2.7187294e-04
175479	-0.00038152  0.00071835  0.00095257  0.00231805 -0.00253569 -0.00088676
  0.00303689  0.00242152 -0.00321231  0.00496348
549755	 0.02584763 -0.00138748 -0.02680003  0.03905648  0.00530202  0.00010866
  0.00178962  0.0285061   0.03718197 -0.00051586
84860	-2.1217961e-04 -9.7817312e-05 -4.4672219e-03 -5.2455361e-03
 -9.5296102e-03  1.3558567e-03 -5.9629735e-03  1.6709465e-03
 -8.0545200e-03  5.0871531e-03
268159	 0.00648933 -0.00978513  0.0019771  -0.00283437  0.00805886 -0.00384007
 -0.00466694 -0.00624534 -0.00495367  0.00190668
162184	 0.00499321  0.00454597  0.0052068  -0.0004181  -0.00231573  0.00180548
 -0.00167572 -0.00458937 -0.0056671   0.00113442
235917	 0.00927442 -0.00136591  0.00341113 -0.00170097  0.00615123 -0.00484066
  0.00288114  0.00500754  0.00353441  0.00079139
235902	-0.00433946 -0.00664995  0.00217699 -0.00266584  0.00191308  0.00345189
 -0.00494861 -0.00858605 -0.00179383  0.0052506 
187286	-0.01214541  0.01281236  0.00834762  0.00941514 -0.01629725 -0.02508358
 -0.00174739  0.01241008  0.00487544 -0.01108759
555934	-0.00184069  0.00418728 -0.00132538  0.00031382 -0.00339266  0.00257979
 -0.00010185 -0.00365373  0.00165736  0.00293629
297892	-0.00413783  0.0028101  -0.00055453 -0.00152509 -0.00010472  0.00744423
 -0.00161244 -0.00437663  0.00209405  0.00389731
376741	-6.2268670e-04 -1.6116695e-03  6.7865575e-04  1.6528631e-03
 -1.7794092e-03 -3.0190514e-03 -9.6128942e-06 -2.5537042e-03
 -3.0923618e-03 -5.8928751e-03
432563	-0.00509451  0.00069429  0.00523844 -0.005411    0.00104431  0.00258359
  0.00514915  0.00185757  0.00255721  0.00524258
543675	 3.6104668e-03  9.9029699e-03  3.1980806e-05 -3.8014841e-03
 -9.9928416e-03 -3.4890089e-03 -8.4262597e-04  1.2184700e-03
 -4.4685514e-03  4.0897615e-03
380353	-0.00481528  0.009315    0.01320567 -0.00479704 -0.01574498  0.00542642
 -0.00769095 -0.00788376  0.01581663  0.01811735
316867	-0.00051224  0.00015094 -0.00470556  0.00697654 -0.00352629  0.00032096
 -0.0015259  -0.00025738 -0.00243807  0.00089556
41414	 0.0100404  -0.01567401 -0.01139804 -0.00170995  0.00557998 -0.00021733
 -0.00498621 -0.00063908  0.00745603 -0.00425459
22991	 0.00109975  0.00084656  0.00291262 -0.00514618  0.00655487  0.00012307
  0.00463273 -0.00280378 -0.00296583 -0.00110927
22993	-0.00321583  0.00276693 -0.00087664 -0.00312151 -0.00277884 -0.00359908
  0.00072041 -0.00038918  0.00466011  0.01140042
245326	-8.7717490e-05  3.8360772e-03  7.7359183e-03 -1.7829265e-03
  1.4471939e-03  1.6595309e-03  1.0835014e-03 -2.7883595e-03
  2.7189448e-03  8.6503476e-03
543705	 0.02273141 -0.00352623  0.00130212 -0.00376687 -0.0008317  -0.00511061
  0.00726762 -0.01357967 -0.00935214  0.0127668 
369124	 0.00920083  0.0054734  -0.00144563 -0.00281341 -0.00639203 -0.00233724
 -0.00690324  0.00044506 -0.00689645 -0.00024803
231399	-0.00519669  0.00808359 -0.00565863  0.00460908  0.00457039 -0.00596105
  0.00440686  0.00112713  0.00129665  0.00901351
458218	 0.00210137  0.00871313  0.00136637 -0.00664979  0.00181437 -0.00377146
 -0.00345899 -0.00439058  0.00292161  0.00207933
458233	 0.00559337  0.00471768  0.00649539 -0.00522984  0.0015291  -0.00906464
 -0.00564367 -0.00334154  0.00412072 -0.00132948
