501249	-0.00250818  0.00230789 -0.00979275 -0.00373851  0.00048853  0.00202
 -0.00442821  0.00100604  0.00388985  0.00559948
182785	-0.00029035  0.00675016 -0.00506621 -0.00507769  0.00114097 -0.00534847
  0.0003676  -0.0007019  -0.00421543  0.00458675
471052	 0.0022859   0.00013268  0.00188832 -0.00186197  0.00508185 -0.00391289
 -0.00425245 -0.00278639 -0.00527405 -0.00262295
65563	-0.00444988 -0.00414805  0.00323285 -0.01708056  0.00033832  0.00359183
  0.00404011  0.00031058  0.00821649 -0.00430221
174623	-2.6524919e-03  1.4041491e-03 -7.3380843e-03 -1.3319466e-03
  8.6970963e-03  6.9439965e-03 -4.9006231e-03  1.1039904e-02
  3.7080923e-04 -6.9726782e-05
174628	 2.9272805e-03  2.5675467e-03 -4.5473627e-03 -6.6860421e-03
 -5.5876561e-03  2.6399000e-03  1.7038018e-03 -1.7433354e-03
  8.6895758e-05 -9.9045997e-03
280101	-0.00929391 -0.00999768  0.00103151 -0.00031542 -0.00144452 -0.00089777
 -0.0006458   0.00594121 -0.00533118 -0.01165344
562726	 0.00476932  0.00621716 -0.01120082 -0.02195398  0.0044219   0.00289615
 -0.00061856 -0.00448754 -0.00045275 -0.00503522
74282	 0.00155353 -0.00066853  0.00466205  0.0017514   0.00274254 -0.0009519
 -0.00307097  0.00017495  0.00090635  0.00680327
249388	 0.00552006 -0.004681    0.00050708 -0.00754587  0.00389785 -0.00078843
 -0.00153474  0.00855154  0.00521796 -0.00507687
280132	-0.0081525  -0.00361914 -0.00820845 -0.00866402  0.00043952  0.00520359
  0.00263469 -0.00371583 -0.00545319  0.0009402 
280113	-0.01341931 -0.0001735  -0.01004659 -0.00606952  0.00303189  0.00295492
  0.00604077 -0.00587827 -0.00034697 -0.00629163
246838	 0.0036249  -0.00391123  0.00034492 -0.00035337  0.00089633  0.00340034
 -0.00926242 -0.01043511  0.00048047 -0.00733441
7746	-0.00063303 -0.00175863 -0.00204428  0.00116642  0.00108745 -0.0010509
  0.00017236 -0.00326696 -0.01277541 -0.00796239
249924	 0.01129471  0.00158116  0.00202119 -0.00459058 -0.00671418  0.00204781
  0.00403839 -0.00355996  0.00137541  0.00473112
411205	 1.7510429e-04 -1.8665587e-03 -3.6888674e-03 -2.3531110e-03
 -1.8475107e-03 -9.4123588e-06 -6.1438968e-03  4.9315561e-03
 -3.6847079e-04 -7.9088000e-04
201300	-0.00363918  0.01131564 -0.00272963 -0.00744454 -0.00540093 -0.0051295
  0.00293368  0.00220231  0.00424865  0.00215144
544854	-0.0033001   0.00083446  0.00044055 -0.01379652 -0.00222954  0.00403353
 -0.00421745 -0.00402821 -0.00355941  0.00272834
104024	-3.6862039e-05 -8.9789852e-03 -4.1738320e-03 -4.3145036e-03
  5.7551311e-03  1.2291162e-02 -9.8997187e-03  8.1593227e-03
 -3.0409805e-03  8.0784019e-03
57434	-0.00073924  0.00122624 -0.00515522  0.00248649 -0.00354737  0.00393467
 -0.00127621 -0.00863453  0.00239122 -0.00036656
57435	-0.00095345  0.00119873 -0.00973608  0.00071132 -0.00585446  0.00416201
 -0.00644415 -0.00329613  0.00400688  0.00401492
359007	 0.0016966   0.0033419   0.00549409 -0.01209742  0.00135126 -0.00111506
 -0.00564209  0.00704164  0.00365207 -0.00383368
61539	-0.01349238 -0.00694177 -0.00341605 -0.01114136  0.00037171 -0.0060478
  0.00273751  0.00311951  0.0047591  -0.0155093 
359017	-0.00560578 -0.01285869 -0.00051518 -0.01127127 -0.00702657 -0.00138809
  0.00192805  0.0007081   0.00380776 -0.00214155
91754	-0.00518328  0.0035504   0.00637854  0.00302189  0.00416389  0.00441671
 -0.01320205 -0.00040223  0.00065064 -0.00182668
435833	 0.01118047 -0.01567958 -0.00170541 -0.00164069  0.00366686  0.00070728
 -0.00848415 -0.00446719  0.00615648 -0.00463815
210569	-0.00557342  0.00245635 -0.00724801  0.01353528 -0.00594275 -0.00181471
 -0.00178781  0.00231639 -0.01223182 -0.00366395
93836	 0.001125    0.00054259  0.0028202   0.00534027  0.00196557  0.00334714
 -0.00505469 -0.00192207 -0.00041181  0.00130076
481936	 0.00413882 -0.00300898  0.00326817 -0.00379944 -0.00972854 -0.00051997
  0.00299901 -0.00214399 -0.01525318 -0.00351011
498321	 0.00290142 -0.00356478  0.00048325  0.00380249 -0.00010295  0.0024262
 -0.00322069 -0.00419736 -0.00254062 -0.00333457
481939	-0.01032667  0.00329339 -0.0047422  -0.02115277  0.00457592  0.00598834
  0.00198694  0.00214408  0.0080155   0.00835431
502213	-0.00381881 -0.00412188  0.00092367 -0.01165    -0.00517161  0.0097524
 -0.00067349  0.00029445 -0.00416919  0.00684758
474784	 0.00625315 -0.00590612  0.00030552 -0.00462705  0.00193922  0.00234354
  0.00122504  0.008204   -0.00694945 -0.0058739 
384674	-1.7089878e-05  1.4297711e-03 -8.7400062e-05 -7.6232892e-03
 -2.1859270e-03  5.5111949e-03  1.1421650e-03  2.5020367e-03
 -3.2420766e-03 -3.5447667e-03
474788	 9.1838810e-06 -6.2372335e-03 -2.5778601e-03 -8.4642842e-03
 -7.5326012e-03  2.1355066e-03  3.4929835e-03 -3.1484426e-03
 -8.7951561e-03 -7.4208444e-03
504487	-0.00338621 -0.00438611 -0.00576673 -0.00249405  0.001334    0.00472895
 -0.00284149  0.00609457 -0.00113114  0.00178479
523433	 0.00069157 -0.0004425  -0.00100485  0.0006285  -0.00687414 -0.0006851
  0.00590796  0.00054687 -0.00174033 -0.00089726
382152	-0.0022868  -0.00583594 -0.00774615 -0.0053538  -0.01438631 -0.00489324
 -0.00080489 -0.00413265  0.00324479 -0.0085763 
385725	-0.00533924  0.0038339  -0.00286516 -0.00860233  0.00262055  0.00093749
 -0.0029982   0.01232601  0.00547396 -0.00323209
93886	-0.00507351  0.00334573  0.00150904 -0.0003251   0.0053239  -0.00023106
  0.00429196 -0.00201087 -0.00023691  0.00018717
140484	-0.00716562 -0.00199779  0.00238498  0.00021729  0.00194156 -0.00836477
  0.00116342 -0.00050046 -0.0010797  -0.00245296
65224	-0.00469623 -0.00781442 -0.0038863  -0.00887438 -0.00306029  0.00283779
  0.00313078  0.00246913 -0.00010677 -0.00838237
245452	-0.00353675 -0.00063332  0.0019143   0.00530774  0.0010756  -0.00228838
 -0.0045881   0.00092333  0.00132299  0.00402537
521422	 0.00306582 -0.00187741 -0.00518154 -0.00826409 -0.00395038 -0.00340292
  0.01038941 -0.00451557 -0.01135393  0.0051196 
428753	-0.00210411 -0.00442112 -0.00738923 -0.00532061 -0.00803156  0.00076584
 -0.00288768 -0.00291065 -0.00239375 -0.00180326
66766	-0.0069713   0.00282641  0.01002222 -0.00151182  0.01069446  0.00120835
  0.00336307 -0.00468353 -0.00262245  0.00104399
66780	-0.00444988 -0.00414805  0.00323285 -0.01708056  0.00033832  0.00359183
  0.00404011  0.00031058  0.00821649 -0.00430221
68326	-5.3864592e-03  7.0599671e-03  2.3825960e-03 -1.1846552e-02
 -5.3284948e-05  7.8807371e-03  1.4210737e-03  8.5797318e-04
  6.1553796e-03  1.3666662e-03
428775	-0.00667889  0.00012889 -0.00506014 -0.01352377 -0.0051559  -0.00069898
 -0.00598315 -0.00184235 -0.00236154  0.00064828
128745	 0.00276055 -0.00275931  0.00120715 -0.00747106  0.00274943  0.00515819
 -0.00630037  0.00526251 -0.00474341  0.00955702
421620	-0.00767121  0.0080809   0.00659025 -0.00597826 -0.00374843  0.00422386
  0.0023523   0.00425359  0.00205774  0.00090472
484309	 0.00804206 -0.00176736  0.00347917  0.00079569 -0.00292177  0.00390857
 -0.00146489 -0.00876804 -0.00246996  0.00324477
400854	-2.2590943e-03 -2.6401927e-04 -3.9269929e-03 -7.0680305e-03
  3.4620309e-05 -2.3460207e-03 -2.2710653e-03  4.9412888e-03
  4.1054357e-03 -3.8531388e-04
31494	 0.00229755 -0.00220681 -0.00408915 -0.00037603 -0.00416768  0.00505401
  0.00155021  0.0060084   0.0010501  -0.00239525
368391	-0.00966211 -0.00146861 -0.00254837 -0.00353542  0.00184617 -0.00411852
  0.00564261 -0.00109966 -0.00142538 -0.01228382
540432	-1.2083410e-03  5.2599628e-03 -1.0876373e-02 -2.8057736e-03
 -1.6817080e-03  7.2745595e-04  3.5221975e-03  1.3553382e-02
  2.1861330e-05  2.0733408e-03
487700	-0.00204966  0.00145601  0.01238581 -0.01006219  0.00227316  0.0065496
  0.00946527  0.00170146 -0.00328704 -0.00560662
540438	-0.00677714 -0.01214041 -0.00839168 -0.00747638 -0.00671777 -0.00184698
 -0.00023448 -0.00984548  0.00664096 -0.01085947
274199	-0.00734667  0.00131593 -0.01190696  0.00236931  0.01039038  0.00034271
 -0.00178804  0.00341641  0.00375306  0.01210904
290587	-3.5233251e-03  6.8133209e-05 -2.2839843e-03 -1.0931572e-02
 -2.3869765e-03  5.9433542e-03 -4.2407252e-03  3.6267275e-03
  3.8584387e-03 -3.4831562e-03
498471	-0.0040214  -0.00697933 -0.00362848 -0.00899408  0.0020189   0.00290358
  0.00734694 -0.00901645 -0.00288602  0.00205804
195369	-0.00108157 -0.00019265  0.00166055 -0.00076936  0.0035069  -0.00368449
  0.00347682 -0.00011667 -0.00068359 -0.00995944
217911	-0.00440416 -0.00506266  0.00139113  0.00121184  0.00374471  0.00196615
 -0.0026098  -0.0030201  -0.00403153  0.0069226 
340795	-0.00571672 -0.0065134  -0.00388113 -0.00703655 -0.0021866  -0.00476633
 -0.0037398  -0.00537246 -0.00245179 -0.00385571
280385	-0.00356029  0.00427707 -0.00213257 -0.01019173 -0.00045495  0.00059539
  0.0068321   0.00705421 -0.00149453 -0.0073443 
498500	-0.00607764 -0.00444814  0.00039881 -0.00474441 -0.00249129  0.00196703
 -0.00156253  0.0033179   0.00058911 -0.00201876
540485	-0.00738063  0.00249505 -0.01719056 -0.00878504 -0.0035952  -0.00892631
 -0.00187733  0.01267677  0.00926282 -0.00548222
540486	 0.00287906 -0.00275777  0.0012538  -0.01121509 -0.00560837  0.00336859
  0.00347597  0.00283299  0.00418624  0.00014968
75591	-0.00968179 -0.00877912  0.0015102  -0.0131005  -0.0111401  -0.00786652
 -0.00709995  0.0054302  -0.00206825 -0.00601504
200010	-3.9894730e-03 -1.4291650e-03 -5.0259456e-05 -1.1662377e-02
 -1.3614781e-03  4.9604485e-03  5.8410363e-03  4.5806708e-04
  6.7275520e-03 -3.1288771e-03
540492	-6.8047023e-03  8.6142542e-03 -7.6149395e-03 -1.1736031e-02
  4.1390727e-03  2.0595055e-05  1.5633981e-03  1.1547721e-02
  1.8114046e-03  1.5592560e-03
472408	-0.00644471  0.00136584 -0.0041479  -0.00610296 -0.00596296  0.00197803
  0.00104415  0.00919901 -0.00182639  0.00016516
57398	 0.00299405  0.00494032  0.0005734   0.00826551 -0.00800828 -0.0012986
  0.00976465 -0.00012474 -0.00747373 -0.01003633
143708	 0.0052223   0.00078687  0.00487399 -0.00112492  0.00117604  0.0038935
  0.00749237 -0.00919793 -0.01016003 -0.00439624
456544	-0.00116696  0.00197291  0.0013241  -0.00476978 -0.00193526 -0.00578265
  0.00563865  0.00261311 -0.00560978 -0.00765982
305001	 0.0071353  -0.00326912  0.01031615 -0.00330134  0.00864743  0.00604126
  0.00447836  0.00569295  0.00639303 -0.00911814
305002	 0.00239446  0.00610672 -0.00383759  0.00884014  0.00128495  0.00056121
 -0.00327756  0.00370435  0.00502216  0.00140122
26478	 1.1191703e-02 -2.7275298e-04  6.6065281e-03 -1.7118681e-02
 -9.8228725e-03  6.0118060e-03 -7.9957637e-05 -4.0856938e-04
 -1.1831174e-02 -4.3585827e-03
305128	-0.00041935 -0.00231937  0.00649786  0.01267327  0.00346412  0.00194358
  0.00726432 -0.00250736 -0.00798377 -0.00022697
427896	-0.00190593 -0.0047595   0.00120475 -0.00425162 -0.00160606  0.00590546
  0.00204812 -0.00081784 -0.00618058 -0.00215475
98684	 0.0144948  -0.00144583 -0.00444121  0.00249022 -0.00684597  0.00696545
 -0.00452913 -0.00269583  0.00215565 -0.00318171
67976	 0.00050381 -0.0040842  -0.00047709 -0.00721668 -0.00370768  0.00096887
  0.00324355  0.00025114  0.00355202 -0.00345688
280979	-0.00311783  0.00057215 -0.00999284 -0.00094935 -0.00354842  0.00315094
 -0.00454763  0.00230327 -0.00612577 -0.00284722
561561	-0.00095053 -0.00617371 -0.00876403 -0.00442524 -0.00161221 -0.00031883
 -0.00504676  0.00549176 -0.00199959 -0.0085738 
538010	-0.00352543  0.00990977 -0.0054991  -0.00676284  0.00896075 -0.00230898
  0.00099386 -0.00610349 -0.0112435  -0.00181476
142234	 0.00183247  0.00278    -0.00516517 -0.00367187  0.00157351 -0.00516899
  0.00812737  0.00378308 -0.00545408 -0.00166386
198048	 0.00678567 -0.01720176 -0.00728906 -0.01171866 -0.00837425 -0.00031857
 -0.00467836 -0.00278379 -0.00351364  0.00213798
514483	-0.01195837 -0.00381263  0.00173246 -0.00974543  0.00469872  0.00241933
  0.00772566 -0.00755323 -0.00336393 -0.00683373
123124	-0.00535105 -0.01465194 -0.0033887  -0.02409407 -0.00021575  0.00065367
  0.00316076  0.01002211  0.00391107 -0.01086622
112060	 0.00238109 -0.00461682 -0.00627876  0.00379242  0.01208843  0.00683202
  0.00021677 -0.00192565 -0.00115221  0.00198908
380861	-0.0035668  -0.00706217 -0.00994312  0.00208996 -0.00795675 -0.00548158
  0.00174095 -0.01277457 -0.00784181 -0.00137374
58302	-0.00409464 -0.00383811 -0.00491479 -0.01852697  0.00020247  0.00164635
  0.00371799  0.00571047  0.01213961 -0.00719887
138693	-0.00840716 -0.00646081 -0.00967809 -0.01038578 -0.00740966 -0.00059915
 -0.0010084  -0.00927794  0.0059974  -0.00478964
207057	-0.00287709  0.00228956 -0.00620683  0.00136237  0.00051879  0.00134042
  0.00608381 -0.00188291 -0.00743881 -0.00110204
25035	 0.00201782 -0.00369574 -0.00338102  0.00736872  0.00374315  0.00658648
  0.00525544  0.00358771  0.00153926  0.00015983
118735	 2.8843160e-03 -2.1974485e-04  2.8103730e-03 -1.7072199e-02
  2.7759901e-05  8.1340615e-03  7.8320689e-03  3.8276247e-03
 -2.4039177e-03  2.2333071e-03
66005	-0.00119452  0.00614723 -0.0016184  -0.01626784  0.00457303 -0.00498902
  0.00128914 -0.00424322  0.00363409 -0.0017989 
40406	-0.00109194 -0.0016069   0.00110156 -0.00323885  0.00799538 -0.00167514
  0.00207895  0.00169068 -0.00117127 -0.00299368
118758	 0.00397509  0.0100794   0.00275881 -0.00739777 -0.00681361 -0.00455696
  0.00680247 -0.00288064 -0.00548468  0.00462478
102888	 0.00206119 -0.00396551 -0.01236801 -0.00369998  0.01050791  0.00989902
  0.0027116   0.00348827 -0.00129425  0.00446236
386028	-0.00449145  0.00099034  0.0003091   0.00184186 -0.00346603  0.00252925
 -0.00017162  0.00358983 -0.00787581  0.00028205
56916	-0.00206802 -0.00203956  0.0003221  -0.00385968  0.00303586  0.00454057
  0.00818406 -0.00484948 -0.00044002 -0.00203671
443389	 0.00352813 -0.00405465 -0.00875042 -0.00669654  0.00354774  0.00703998
 -0.00433119  0.00364406 -0.00338393 -0.00928777
