84993	 2.0505626e-05  2.5139109e-03 -5.4284385e-03 -8.5831713e-03
  4.7671758e-03 -2.3767590e-03 -1.3511593e-03 -3.8608405e-04
  2.9158688e-03  5.6509534e-03
83459	-0.00019138  0.01155341  0.00041941 -0.00542768 -0.00213208 -0.00796937
 -0.0019924  -0.00207156 -0.00443702  0.00240052
194052	 0.00586883 -0.00411048  0.00317758  0.0014649   0.00371091  0.00189711
 -0.00082179  0.00205609 -0.00420859 -0.00119664
194053	 0.00512506 -0.0015108   0.00681533  0.00271497  0.00582072 -0.00105107
 -0.00210247  0.00488541 -0.0026986  -0.00253785
83979	-3.9368058e-03  9.3511110e-03 -4.7602602e-03 -1.1073882e-02
 -1.0363956e-02  3.5077511e-04  6.7113163e-03 -5.7635582e-03
  5.8353839e-05 -1.3614042e-02
34829	-0.00184448  0.00321252  0.00187567 -0.00364204 -0.00199718 -0.00403501
 -0.00119394 -0.00394076 -0.00862655 -0.00810106
389037	 0.00131193  0.00070995  0.00017182 -0.00045606 -0.0020729  -0.00447277
 -0.0044566  -0.0012854  -0.00138324 -0.00351881
77316	-0.00441224  0.00044286  0.00555547  0.0090985  -0.00106391 -0.00298803
 -0.00172574 -0.00280143  0.01028739  0.01349502
538651	 0.00159909 -0.00760215  0.00233303  0.00483704 -0.00241202 -0.00153841
 -0.00233267  0.00279631 -0.00105298 -0.00302835
444449	-0.00221107  0.00613922 -0.00452766  0.00089116  0.00248548 -0.00573638
 -0.00358877 -0.0049653   0.0034516  -0.00534079
148008	-7.9985703e-06  8.0686028e-04 -3.5005307e-03  1.6555017e-03
 -4.0250662e-04 -4.6049925e-03 -5.0146193e-03 -2.7090011e-03
 -5.4100007e-03  1.6958846e-04
254506	 0.00584628 -0.01917233 -0.00181905 -0.00122427 -0.00498302 -0.01969967
 -0.00547842  0.00494008 -0.0033238  -0.00289611
203310	-0.00051545  0.00695272  0.00787661  0.01068081 -0.00050857 -0.01257712
 -0.01833028  0.02062823 -0.01171316  0.00429907
137264	-0.00774822 -0.00096077 -0.0121768   0.00148467 -0.00998798  0.00510867
 -0.00838728 -0.00467188 -0.00339616  0.00882478
171579	-0.00197254  0.00013701  0.00592623 -0.00851259 -0.00069477  0.00151464
 -0.00951903 -0.00833427 -0.01267341 -0.00032842
552002	 0.00929027  0.02709156  0.00459475 -0.02068116  0.00190819 -0.00588955
 -0.00219191 -0.00138134 -0.00679048 -0.02582599
422467	-0.00273113  0.0026998  -0.00834706  0.00488819 -0.00264824  0.00066631
 -0.00330033 -0.01046647 -0.00238847  0.00627701
474187	-0.001746    0.00355671 -0.001894    0.00253229 -0.00040569  0.00155174
 -0.00468385 -0.00268909 -0.00378254  0.00041096
182862	-0.0073475   0.00235831  0.00025209 -0.00825965  0.00223842 -0.00020706
 -0.00543432  0.0088414  -0.00263648 -0.00680839
560219	 0.00865125 -0.00024825  0.00632962 -0.00814211 -0.01522837 -0.00896106
 -0.01159709 -0.00475242 -0.00870293  0.00900163
276580	-0.00447198 -0.00343497 -0.00459903  0.00287577 -0.00401112 -0.00210166
 -0.00535329 -0.00673523 -0.00253961  0.00114052
441961	-0.00212136 -0.00236733  0.00188936  0.00879962  0.00170048 -0.00152104
  0.00051289  0.00072127 -0.00353376 -0.00263702
547450	 0.00605623 -0.0057463   0.00407574  0.00022306  0.00232022 -0.00151167
  0.00709234 -0.00783332 -0.01184658 -0.00424312
83070	-0.00271269  0.00497715  0.0021021  -0.00050773  0.0016788  -0.00171557
 -0.00035715 -0.00239164 -0.00462284  0.00585246
85633	 0.00541815  0.00307391  0.00289338 -0.0008745  -0.00347871 -0.00440888
  0.00522398 -0.0010153   0.0016153  -0.00499347
82563	-1.0386937e-03  2.9389099e-03 -1.7279073e-03 -2.6948054e-03
 -4.8398571e-03 -5.3218271e-05  1.7359657e-03 -2.3343258e-03
 -1.0827042e-03 -5.7230517e-03
34436	-7.1471012e-03  1.6119060e-03  2.2168664e-02  1.0405985e-02
 -1.3768311e-03  1.7189027e-03 -5.0058351e-03 -9.2813490e-05
 -4.5396346e-03 -1.5840521e-02
441479	-8.2166534e-04 -1.4646315e-03 -3.9648167e-03  5.3304429e-03
  3.7584400e-06  3.5659736e-04 -3.7226840e-03  6.3579259e-03
 -7.9108467e-03 -2.0210501e-03
504973	-3.5512946e-03  5.2207052e-03 -3.0433710e-03 -5.9619141e-03
 -5.3622447e-05  6.4945188e-03 -7.2062161e-04  8.4951026e-03
  4.6048351e-03 -1.5672557e-03
86160	-2.2856195e-03  6.5626837e-03  1.0156012e-05 -4.2197271e-03
 -4.1915216e-03 -3.8464456e-03  9.1326080e-04 -1.8428543e-03
 -1.9047110e-03 -5.1865238e-03
40084	-0.00031311 -0.00178741  0.00328893  0.00094414  0.0038896  -0.00371503
  0.00150336 -0.00265086 -0.01006767  0.00121272
442006	 0.00083198 -0.00068997  0.0003743   0.00138694  0.00414376 -0.00291943
 -0.00199947  0.00094219 -0.00138123 -0.00315169
487065	-3.7467992e-03 -8.1620477e-03  4.8120800e-04 -4.2357570e-03
 -1.8802102e-03 -4.7942223e-03  1.6637780e-03 -7.9746163e-03
 -9.9744750e-03  3.5185328e-06
86170	 0.00141755  0.00467813  0.00412744  0.00224762 -0.00666087 -0.00090847
  0.0039853  -0.00652448 -0.00074661  0.01002668
509611	 0.00331482  0.00418586  0.00433152  0.00203009 -0.00728985 -0.00492416
  0.00207694 -0.00440016 -0.00526281 -0.00131825
86002	-0.00616039  0.00558525 -0.00062247  0.00029688  0.00062687 -0.00047323
  0.00204317 -0.00439588 -0.00228601 -0.0030636 
485563	-6.7075882e-03  1.9759140e-03 -3.5048551e-03  1.0026530e-02
 -2.2401309e-03  2.3443461e-03  5.9678252e-03  5.2805841e-05
 -1.5399592e-03  2.7535418e-03
38589	-7.1471012e-03  1.6119060e-03  2.2168664e-02  1.0405985e-02
 -1.3768311e-03  1.7189027e-03 -5.0058351e-03 -9.2813490e-05
 -4.5396346e-03 -1.5840521e-02
372417	-0.00532893  0.00409879 -0.00248083  0.00743088 -0.00411408 -0.00583531
  0.00484334  0.00168104 -0.00120367  0.00067798
485574	 0.00279961  0.00366106 -0.0026202   0.00277384 -0.00197978  0.00184406
 -0.00025227 -0.00165289 -0.00271035  0.00428331
83149	-0.00581924  0.00679262 -0.00156747 -0.01010407  0.00021476 -0.00645479
 -0.00205231 -0.00145965  0.00450266  0.00031003
505039	-0.00083277 -0.00417326 -0.00562083 -0.0040278   0.00427205  0.00182356
 -0.00099875  0.00101413 -0.00616842  0.00479758
137387	-0.00513432  0.00416341  0.00046025  0.00445384 -0.00182225 -0.00233309
  0.00095048  0.00131044 -0.00466788 -0.00281618
242395	-3.6772597e-03  1.0431117e-03 -8.1434054e-03  3.2804287e-03
 -1.0796502e-03 -3.0706343e-03  8.7387925e-05 -7.4893101e-06
 -4.8765698e-03 -6.7552719e-03
15300	 0.00215035  0.00206334 -0.01812859  0.00542785  0.00186499 -0.01912137
  0.01150832  0.00156588  0.00889767  0.00607331
202983	 0.00393779 -0.0003044  -0.00030799 -0.00563003 -0.00054561 -0.00336154
  0.0048879  -0.00169052 -0.00202078  0.00323658
71912	-0.00115699 -0.00168085  0.00513578 -0.00473498 -0.00111187  0.00274665
 -0.00689227 -0.00364116  0.00458203 -0.01016819
283894	 2.1051687e-04  3.3665223e-03 -3.1248759e-04  8.5800646e-05
 -6.0834829e-03 -7.8589963e-03 -9.3879539e-04 -1.4011655e-03
 -8.3458154e-03 -3.0052995e-03
283900	 0.00185898  0.00596739  0.00186265  0.00119923 -0.00618761 -0.01100623
  0.00190915 -0.00564523 -0.00708623 -0.00020184
465450	 0.00833204 -0.01079249 -0.00283989  0.00256197  0.00144105  0.00013541
 -0.00018457 -0.00325209 -0.00544048 -0.00553031
439043	-0.00296794  0.00026511  0.00324437  0.00014547 -0.00167147  0.00254372
 -0.01192482 -0.01260031 -0.00487772 -0.0062597 
82692	-0.00206511  0.00057185 -0.000142   -0.00275164 -0.00245003  0.00022974
  0.00044156  0.00129436 -0.00626286 -0.004641  
256789	 0.00578259  0.00108486  0.00363111  0.00605612 -0.00567918 -0.0021572
 -0.00396102 -0.00340363 -0.00657339 -0.00440986
83231	 0.0092711   0.00682892  0.0027561  -0.00140387  0.00321081  0.00568469
  0.00465075 -0.00812426  0.00265079 -0.00035571
84528	 0.0078565  -0.00254971  0.00531199  0.00929047 -0.00614749 -0.00704166
  0.00337839 -0.00152235 -0.00072472  0.00202266
83675	-0.00500074  0.01417486 -0.00586603  0.00053834  0.02331041 -0.00628634
 -0.0009719   0.00514931 -0.00438633 -0.00662951
305959	 0.01946129  0.01728017 -0.00752488 -0.00660992  0.00363135 -0.01864126
  0.00486232  0.00173687  0.00332866  0.00768758
491826	-0.00607886  0.01287143  0.00222324 -0.00107603  0.00022457 -0.00795507
  0.00898916 -0.0042393  -0.0023085   0.00337173
297269	 0.00233238  0.005251   -0.00166143 -0.00211622  0.00344751 -0.00446261
  0.00081324 -0.00281812  0.00064117  0.00061058
377146	-0.00698014  0.00126579 -0.00275207  0.0001585   0.00097374  0.00899043
  0.00335684 -0.01122823 -0.00116378 -0.00315208
169439	-0.00021415  0.00991294  0.0023952   0.00519387  0.00021654 -0.0016783
  0.00272486  0.00197573 -0.00483802 -0.01070094
227645	 0.00141521  0.00231175  0.00134311 -0.00369845 -0.00026184 -0.0065533
  0.00010371 -0.00312959 -0.00527842 -0.00102164
550718	 0.00301325  0.00619503  0.003177   -0.00210657  0.00168395  0.00106285
  0.00328045  0.00414156  0.00101423 -0.00029535
84289	-0.00226096  0.00139926  0.00044848 -0.00023678 -0.00106156 -0.00288766
  0.00262008 -0.00525433 -0.00894036 -0.01098085
83448	 0.00308402  0.00828273 -0.00440418  0.00234665 -0.00227611 -0.00249025
 -0.0049379   0.00182047 -0.0050604   0.00595073
351562	-0.00369057 -0.00538659  0.01536332  0.01282329  0.00257612 -0.00460389
 -0.00890357  0.00438665 -0.0103997  -0.01351479
82763	-0.00739185  0.00359942 -0.00240001 -0.00020362 -0.00274166  0.00154757
  0.00136127 -0.00624443 -0.00787131 -0.00072673
84812	-0.00076525  0.00555719 -0.00886634  0.00356727 -0.0047611  -0.01128139
  0.00070512  0.00175997 -0.00298342  0.00418379
83277	-0.0040822   0.00092513  0.00323886 -0.00068872  0.00281585  0.00378257
  0.00200923 -0.00657994 -0.00664122  0.00407318
491661	-0.00593816  0.00428163 -0.0069828  -0.00246602  0.00617919 -0.00835791
  0.00359711  0.00720029 -0.0021554   0.00359403
150873	-0.001296    0.00794219 -0.00773134  0.00512187 -0.00364807 -0.00631804
  0.01057619  0.00010769 -0.00249854  0.01091588
231260	-0.00418428  0.00443514 -0.00436065  0.00394186  0.00387043 -0.0026079
  0.00025437  0.00136123  0.00131069  0.00104675
527709	 1.1452271e-03  3.2841489e-03  2.8288164e-03  6.6455589e-03
 -3.8518023e-03 -3.3950412e-03 -6.3223386e-05  1.9462721e-04
 -3.5961196e-03 -8.1427423e-03
374113	 0.00659393  0.00301096 -0.00230221  0.00288657  0.01180534 -0.00420715
  0.00270259  0.01080773 -0.00322095  0.0007221 
83260	-0.00027411 -0.00473102 -0.00049147  0.00028275 -0.00257932  0.00142441
  0.00553592 -0.00186945 -0.00481449  0.00904102
34023	-7.1471012e-03  1.6119060e-03  2.2168664e-02  1.0405985e-02
 -1.3768311e-03  1.7189027e-03 -5.0058351e-03 -9.2813490e-05
 -4.5396346e-03 -1.5840521e-02
210288	-0.00254534 -0.00046725  0.00105217  0.0004606  -0.00332183 -0.00335656
 -0.00047432 -0.00070136 -0.01259269 -0.00604095
18297	 0.00395729  0.00229864  0.00317003 -0.0071689  -0.00078475 -0.00843782
 -0.00249112 -0.00882698 -0.00906057  0.00570386
210312	 3.0574631e-03  7.2481940e-03 -1.9792162e-03  7.4489107e-03
  2.7612164e-03 -2.1521111e-03 -4.8794211e-03  6.5975043e-04
  2.0621058e-03 -9.9080207e-05
528962	-0.00018365  0.0010784  -0.0024863   0.00349904 -0.00829633 -0.01254691
 -0.00654852  0.00250248 -0.00072613 -0.00969867
301465	-0.00713557  0.00125819 -0.00327767  0.00038379 -0.0146316   0.00071301
 -0.00613326 -0.00117552 -0.00394346  0.00095365
85913	-3.4405799e-03  8.3215563e-03 -1.8481826e-03 -3.3755726e-04
  1.0299316e-05 -5.4133465e-03  2.2330238e-03 -1.5882779e-02
 -1.5655532e-02  2.2326247e-03
84890	 0.00433734  0.00841827 -0.00322204  0.00459324 -0.00477467 -0.00506041
 -0.00040831 -0.00438749 -0.00017065 -0.00820977
85915	-0.00079422  0.00344067  0.00177322 -0.00093501  0.00246613 -0.00583202
  0.00030397 -0.01768324 -0.01690134  0.00623665
85919	-0.00149281 -0.00184957 -0.00306499 -0.00403028  0.00487944 -0.00318424
  0.0020611  -0.00839219 -0.01050245  0.00014182
33187	-6.2902272e-04  5.1848786e-03  1.4083501e-03  2.2136217e-03
  6.7245768e-05  1.2639115e-03 -5.6974534e-03  3.1116442e-03
 -1.6915185e-02  3.4185573e-03
223730	 0.00016962  0.00849229 -0.00210821  0.00240708  0.00095757 -0.00396459
 -0.00190267 -0.00258594  0.00026718 -0.00478703
183216	-6.9635431e-03  4.5155142e-05 -7.7715662e-04  8.1738224e-03
  2.6650713e-03 -1.4600104e-03 -7.1307429e-04  8.8555034e-04
 -6.6123242e-03  4.5287088e-03
368561	 0.00307558  0.00845681 -0.00693146  0.00305598 -0.00347511 -0.00724667
  0.0001743  -0.00148607 -0.0129244  -0.004146  
36767	-0.00184448  0.00321252  0.00187567 -0.00364204 -0.00199718 -0.00403501
 -0.00119394 -0.00394076 -0.00862655 -0.00810106
488900	 7.4698118e-04  4.7880528e-03  3.8744633e-03  1.5288501e-03
 -2.1907843e-03 -7.3120481e-04  1.1412719e-03 -6.1963925e-05
  3.4526493e-03  2.9931730e-03
84941	 0.0073864  -0.00558018  0.00070385  0.0118653  -0.00044432 -0.00670086
  0.00492704  0.00374825 -0.00824282  0.00482602
399825	-1.6632227e-03  4.6253894e-03  4.4008149e-03 -1.1174343e-02
  2.6346904e-03 -5.3338078e-03 -4.0237191e-03  8.7078442e-05
 -4.8377020e-03  7.5720823e-03
270808	 0.00603614  0.00267581 -0.00232617 -0.00251818 -0.00091809  0.00819137
  0.00327367 -0.00011137 -0.00232794 -0.00102865
486366	-0.01053028 -0.00363454 -0.00511848 -0.00027031  0.00067888 -0.0150413
 -0.00064069 -0.00483396 -0.00192084 -0.00765597
311263	-3.7215750e-03  2.9586582e-03 -2.9406883e-03 -4.9768667e-05
  4.4245906e-03 -5.8498397e-03  5.5546807e-03 -6.7033307e-03
 -4.8603996e-04  4.3920763e-03
34799	 0.00212073  0.00827553 -0.00226934 -0.00414515  0.00558297 -0.00456757
 -0.00779665  0.00042494 -0.01014228 -0.00190112
223728	 0.00016962  0.00849229 -0.00210821  0.00240708  0.00095757 -0.00396459
 -0.00190267 -0.00258594  0.00026718 -0.00478703
84466	-0.0075744   0.0075937  -0.00519527 -0.00461497 -0.00429393 -0.00030286
  0.00512556 -0.00301115  0.00041579 -0.00856831
34292	-0.00204354  0.00566955  0.00519469 -0.00701251  0.00688418 -0.0018885
 -0.00173188 -0.0001774  -0.00745732 -0.00269654
367608	-0.00657206  0.0003692   0.00626521  0.00506091 -0.00500914 -0.00926734
 -0.0040499   0.0041036  -0.01317727 -0.00063184
460282	 0.00405286  0.00222762  0.00026292 -0.00632865 -0.00138801  0.00179918
 -0.00247463 -0.00437887 -0.00422935  0.00050391
306686	 0.0034356   0.00157226  0.00377412  0.00484418  0.00032789 -0.01246643
 -0.00463283 -0.00305034  0.00162149  0.00544366
