230913	-0.0064932   0.00040683 -0.00889272 -0.0150736   0.00516391 -0.00611002
 -0.00010634 -0.01160609  0.0049491   0.00405809
448514	-2.8522420e-03 -1.6295138e-05 -2.4040672e-03 -1.6212050e-02
 -5.1602614e-03 -6.8062861e-03 -1.8224170e-03 -4.8723057e-04
 -6.5068705e-03  5.5364911e-03
347141	 0.00499434  0.00098445 -0.00148499 -0.00556825  0.00455959 -0.00822541
  0.0015587   0.00239619 -0.00011092  0.00113893
126477	-0.005247    0.00613366  0.00973912 -0.00285684  0.00214136 -0.0054488
  0.0011306   0.0040731   0.00198262  0.00258452
241173	-9.5171258e-03  1.6263969e-03 -5.2308203e-03 -7.8760125e-03
  5.1667374e-03 -3.5991685e-03 -1.8179048e-03  1.1465500e-02
  5.8366857e-03 -8.0898812e-05
483862	 0.00236558  0.0071733   0.00223647 -0.00167387 -0.0010621   0.0002506
  0.00675685 -0.00254493 -0.00483744 -0.00666953
305175	 0.00063849  0.00319549 -0.00370891 -0.00031172 -0.00315598 -0.00456798
 -0.00253371  0.00400572  0.00448002 -0.00142726
166319	-0.0040036  -0.02071364 -0.01575412 -0.01313614 -0.0047724  -0.01853584
 -0.01116204  0.01344748  0.00373901  0.02507666
126493	-0.00551461 -0.00520319  0.00713888 -0.00389322  0.00380243 -0.00315221
 -0.00219914  0.00478593  0.0019451   0.00533198
389153	 0.00778316 -0.01083708  0.00532445  0.00530791  0.01071442 -0.00560172
 -0.00330382 -0.00437288  0.00493411  0.00470668
561698	 0.00483184 -0.0054874  -0.00966475 -0.00918867 -0.00616144 -0.00398523
 -0.01240746  0.00128897 -0.00894854  0.00326806
478243	-3.7140641e-03  1.5716392e-03 -5.6165764e-03 -7.6215444e-03
  4.6557807e-03 -1.0653634e-02 -2.7874673e-03  8.1585466e-05
  1.6112690e-03  4.7495612e-03
558116	-0.00750779  0.00704308 -0.00392927 -0.00408726  0.00017085 -0.00549127
 -0.0036738  -0.00379026  0.00073053  0.00577426
240688	 0.00096679 -0.00266914 -0.00613908  0.00151609 -0.00350695 -0.00369317
 -0.00560768 -0.00102384 -0.00034941  0.00813154
47160	-0.00043639 -0.00356568 -0.00596322  0.0016238  -0.00220679  0.00603227
 -0.00307682 -0.00785126 -0.00417588  0.00184094
240706	-0.00157329 -0.00093806 -0.0043775   0.00336706  0.00134388 -0.00275161
 -0.0067633   0.00204668  0.00092013  0.00908558
476343	 0.00062873  0.00487999 -0.00468431 -0.00472392 -0.00788618 -0.01536173
  0.00282917  0.00221756  0.00943964  0.00714495
307793	-5.2843145e-03 -4.1978182e-03  6.5673696e-05  2.7484697e-04
 -5.8669439e-03 -6.6152941e-03  5.0109774e-03 -2.0708542e-03
 -1.4294585e-03 -1.8189050e-04
484946	-0.00852    -0.00590981 -0.00912237  0.00742588 -0.00267719 -0.00237155
 -0.00604202 -0.00492667 -0.00485306 -0.00860981
501859	-7.6049012e-03 -1.6232240e-03 -1.7209955e-02 -3.6425507e-03
 -1.1983263e-04  8.8290013e-03 -3.0125079e-03  4.0042540e-04
  9.0588663e-05  3.9104596e-03
309333	 0.00121478 -0.00763138 -0.00390553  0.00695699  0.00589593  0.00026446
  0.004195    0.00062227 -0.00983089  0.00580798
527457	-0.00244512 -0.00271779 -0.00534929  0.00277234  0.00344398 -0.00815975
  0.0019781  -0.00310396 -0.00394258  0.00611268
30315	-0.00114605 -0.00416156 -0.0029243  -0.00662672  0.00057827 -0.00075076
  0.00315961  0.00267759 -0.0010893   0.00882405
15982	 0.00109842  0.00092989 -0.00129542 -0.0046525  -0.00105667  0.00211218
  0.00360609  0.00912667 -0.00277022 -0.00220077
205935	 0.00696723 -0.01011775  0.00536927 -0.00301846 -0.00140551 -0.0103415
 -0.00026286 -0.00215195 -0.00633436  0.00142839
108148	 0.00063623 -0.00165461  0.00029892 -0.01152025 -0.00080522 -0.00445925
  0.00141097  0.00215387 -0.00384751  0.00194037
410744	-0.00394314 -0.00586791  0.00322164 -0.00065193 -0.00046564 -0.00382443
  0.00320425  0.00963135  0.00962354  0.00620104
562305	-3.2462941e-03 -3.9610650e-06  2.0554187e-03 -6.2705013e-03
 -1.5570290e-03 -1.0994783e-02  6.8898243e-03  7.5492868e-03
 -4.7240774e-03  5.8942209e-03
418946	-0.00643568 -0.00509501 -0.00918103 -0.00152892  0.00046432 -0.00809042
 -0.00027909  0.00691432 -0.01491918  0.00411523
153731	-0.00219949  0.00088541 -0.00812808 -0.00434989  0.00529593  0.00542064
 -0.00306255  0.00786847 -0.00060521  0.00692351
301706	-0.00550075 -0.00036417 -0.00290402 -0.00087182 -0.00390933 -0.00521268
  0.0051108   0.01112503 -0.00199973  0.00191285
431755	-0.01234948 -0.00398838 -0.00692108  0.00713893  0.00223478 -0.00638028
  0.0032136   0.00204199 -0.00034897  0.01061988
245390	-0.00013203  0.00757988  0.00424262 -0.01061049 -0.00051224 -0.00430002
 -0.01287939  0.00589425  0.00883512  0.00105462
96915	-1.0098648e-02  3.2579133e-03 -1.1642079e-03 -1.9009354e-05
  3.7182788e-03 -6.1823190e-03  7.0340484e-03  6.6559603e-03
  3.8444831e-03 -5.0814077e-03
499861	-0.00095195 -0.00324177 -0.01318603 -0.00181302 -0.00207844 -0.00480349
  0.01066356  0.00538116  0.0104663   0.00170034
236697	-0.00799529  0.00273238  0.00823946 -0.00434126 -0.00226194 -0.00132727
  0.00732198  0.00151291 -0.00895426  0.0017536 
162458	-0.01270361 -0.00505452 -0.00058146 -0.00168689 -0.0041057  -0.0057673
 -0.00097814  0.00969964  0.004724    0.00111355
570531	 2.8828070e-05 -2.1333238e-03  8.0322346e-04 -3.6615608e-03
  1.5033166e-03 -6.0289004e-03  9.4197486e-03 -1.4069167e-03
 -1.6057632e-03  4.0994487e-03
508581	-0.00864681  0.00081061 -0.00419233  0.00100599  0.00446562 -0.00252715
 -0.00438003  0.00801941 -0.00470415  0.00041201
222887	 0.0011422  -0.00402405  0.0069329   0.00579531 -0.00440272  0.00793087
 -0.00579342  0.00712367 -0.00180245  0.00479324
419500	 0.00281325 -0.00431631 -0.00256045 -0.00334917  0.00230527 -0.00310049
  0.00064333  0.00153381 -0.00111116  0.00301697
312494	 1.16462475e-02 -3.56238033e-03 -1.25028027e-05 -3.79800284e-03
  4.96748043e-03  4.76113847e-03 -1.19132232e-02 -2.91267759e-03
 -4.91273683e-03  6.37114700e-03
372399	-0.00025097  0.00229696 -0.0055445  -0.00169313  0.00535398 -0.00622409
  0.0045877  -0.00219332  0.00313168  0.00498308
257712	 0.00595314 -0.00597803  0.00148678 -0.00747456  0.00536968 -0.00476159
  0.00467008  0.00523494  0.00389723 -0.00139083
441033	 0.00525302 -0.00231843 -0.003707   -0.00030102 -0.00243583 -0.00406766
 -0.00093293  0.00398507  0.00073043  0.00221167
355000	-0.00303387  0.00264954 -0.01000528 -0.01121411  0.00377774 -0.00163295
 -0.00665285  0.00270248  0.00272734  0.00127191
278729	 0.00011449 -0.00141318 -0.00515606 -0.0074056  -0.00385964 -0.00182978
 -0.00232503  0.00043405 -0.00068614 -0.00140403
180938	 0.00219944 -0.00332809 -0.00137185 -0.00677877 -0.01458705 -0.00878849
  0.00176897 -0.01532274  0.00455408 -0.00020233
59595	-0.00247325  0.00144659 -0.00404494 -0.00741966  0.0004934  -0.003437
  0.00527999  0.00365548 -0.00019143  0.00633979
441976	 0.00367848  0.00032382  0.0008613  -0.00441976 -0.009626   -0.01114745
  0.00471233 -0.00473942 -0.00377619  0.00240831
2785	 0.00196666 -0.00635079  0.00197174 -0.01272718  0.00723236 -0.01184474
  0.01611813  0.00063751  0.00622858 -0.00702029
414439	-0.013153   -0.00238308 -0.01531689 -0.01395519 -0.00971151 -0.00388784
  0.00340211 -0.00320126  0.00676856 -0.01406891
389354	-4.4205748e-03 -5.1649413e-03 -3.0998946e-03  4.6334076e-03
 -4.3831038e-05 -9.9191312e-03  5.9695658e-04 -5.1052362e-04
  3.2123995e-03 -4.1121650e-05
362737	-0.00086939 -0.00477988 -0.01021777  0.0045433  -0.00644894 -0.00224237
 -0.00714996 -0.00083931 -0.00429014  0.01461714
295167	-0.00559795 -0.00014947 -0.00590661  0.00479506 -0.00343802 -0.00881928
 -0.00383677  0.00204511 -0.00225227  0.00793683
154881	 0.00231895  0.01040268 -0.00399641 -0.00060205  0.00085569 -0.00390614
 -0.00369994  0.00159796 -0.00610364 -0.00017363
72450	 0.00876967 -0.01053658  0.01823099  0.00940487  0.00883265 -0.00759754
  0.00349631  0.01719333 -0.00411706  0.0116264 
144131	 0.00402724 -0.00187238 -0.003971   -0.00184258  0.00054811 -0.00895065
  0.00385912 -0.00513966  0.00056423 -0.00329052
430351	-0.00816072 -0.00071924 -0.0088176  -0.00036844 -0.00268072 -0.00121773
  0.00299103  0.00563298  0.00325207 -0.00637934
430354	-0.00816072 -0.00071924 -0.0088176  -0.00036844 -0.00268072 -0.00121773
  0.00299103  0.00563298  0.00325207 -0.00637934
536195	 1.9846302e-03 -4.1440171e-06 -4.6349787e-03  2.1091753e-03
 -1.7580205e-03  7.4868309e-05  7.6872078e-03 -1.0614977e-02
  2.3235958e-04  4.1450647e-04
193814	-0.00219513 -0.00649933 -0.00543654 -0.000667    0.00244048 -0.00019407
 -0.00159989  0.00017828  0.00214485 -0.00237471
360221	 0.00016281  0.00260656 -0.00963989  0.0021054   0.00181485 -0.00702805
  0.00203084  0.00563667 -0.00408764  0.00357035
347939	-0.0039151  -0.00477945  0.0032405  -0.00530269 -0.00080008 -0.01164718
 -0.00121579 -0.00369618 -0.00331312  0.00319508
311597	 0.01026169  0.00690842 -0.00602519 -0.01917164 -0.01437322  0.01326299
  0.00434454  0.00237033  0.00198455  0.02971737
186845	 0.00641359 -0.01051816  0.00716521  0.00198728 -0.002128    0.0050887
 -0.00412454  0.00295643  0.00667325  0.00674173
295220	 0.00029347 -0.0013603  -0.01156148 -0.00167328  0.00229843 -0.00389622
  0.00016414  0.00366999 -0.00440091  0.00735451
561034	 0.0012839  -0.00069708 -0.00165018  0.00014752  0.00471191 -0.00964966
 -0.00067277  0.00291471 -0.00041246  0.00083357
362302	-0.01012976 -0.01134887 -0.00125169  0.00619702 -0.00127396  0.00265989
  0.00390336 -0.00295594 -0.00337835  0.00853999
282948	 0.01687092 -0.00325322 -0.00030719 -0.00667324  0.00180976 -0.01587464
  0.01462902  0.00230238  0.00232256  0.00664698
485190	-0.00477729 -0.00137802 -0.00078191 -0.00809987  0.00061807 -0.0067034
 -0.00531863  0.00161085 -0.00597132  0.01121663
530766	-0.00244169 -0.00232051 -0.00208613  0.00233872  0.0051983  -0.00354837
  0.00215896  0.00122863 -0.00311932  0.00293656
114004	-0.00561182 -0.00556475 -0.00795441 -0.00256778 -0.00813816 -0.01063932
  0.01187256 -0.00067543 -0.00729228  0.00747061
289622	 0.00183834 -0.00252169  0.00401207  0.00443196 -0.00406887  0.00240748
 -0.00220804  0.00637869 -0.00453661  0.01000787
556390	-0.00119707  0.00082852 -0.00557968 -0.00199335 -0.00979987 -0.01447205
 -0.0015256   0.00893409 -0.00112737 -0.00030641
547178	-0.00233478  0.00024918 -0.00069325 -0.00593883 -0.01100484 -0.01622983
 -0.00261095 -0.00271976  0.0001733   0.00085918
364398	 0.00212051 -0.01366366  0.00238278  0.00378436 -0.00884001 -0.0058781
 -0.00157656  0.01164359 -0.00438463  0.00945056
98109	-0.00116848 -0.0018954  -0.01007767  0.00172072  0.00217158 -0.0011174
  0.00454344 -0.00139563  0.0036157   0.0050887 
490352	-0.00279472 -0.00649563  0.0099204  -0.00483632  0.0035149  -0.00094857
 -0.01110309  0.00258644  0.00146726  0.00700721
463748	-5.99091966e-03 -1.20328594e-04  1.67019293e-02  4.53526882e-05
  8.69040284e-03  6.01171376e-03 -1.42651075e-03  1.94688223e-03
 -6.36490434e-03  9.76344105e-03
92554	-1.0195500e-03  5.1769988e-05  2.8802715e-03 -5.5980692e-03
 -8.2140770e-03 -7.3076603e-03  1.7973539e-04 -6.5179854e-03
 -5.1737055e-03 -2.6901364e-03
155046	-0.00031844 -0.00238381  0.00222227  0.00424806  0.00285935 -0.00063327
 -0.00349129  0.00158678 -0.00547179 -0.00336904
183721	 2.9902647e-03  3.1722756e-03 -2.9306500e-03 -1.2954824e-03
  3.0497453e-04 -7.4539660e-03  5.9763463e-03 -3.0126369e-03
  8.7137407e-05  2.2759659e-03
11693	-0.00450292 -0.00180922 -0.0034139   0.00062777  0.00060325  0.00322413
  0.00404463 -0.00471898 -0.00203895  0.00752716
222127	 0.00306631  0.00102445  0.00525949  0.00011179  0.0065452   0.00211235
 -0.0014922   0.00132563 -0.00146756 -0.00077697
545712	-0.00060441  0.0056792   0.00091717 -0.00520402 -0.00673242 -0.0035043
 -0.00202407  0.00387239 -0.00420215  0.00783347
41395	 0.00717846 -0.01095176 -0.02353713  0.00585897 -0.01020111 -0.00441808
 -0.0021023  -0.01551492 -0.00360267  0.00839725
262081	-0.00142688 -0.0018471   0.00111731 -0.00175124  0.00914083 -0.00517671
  0.00857798  0.00356281 -0.00113136  0.00614355
523714	 0.00210188 -0.00342702 -0.0034545  -0.00393722 -0.00443611 -0.00135419
 -0.00184532  0.01000004  0.00440672  0.0083497 
198604	 0.00149433 -0.0024402  -0.0008037   0.00244922  0.00155946 -0.00149854
  0.00668062 -0.00225264 -0.00309185  0.00611155
277454	-0.00256924  0.00040482 -0.00467623 -0.00190177 -0.00014187 -0.00489164
  0.00306853 -0.00437363 -0.00154767 -0.00083475
374224	-0.00156134  0.01346003 -0.0173996  -0.00174541 -0.00139415 -0.00579838
 -0.00193806  0.00556731 -0.01769987  0.0047243 
194513	-0.0011906  -0.00089343 -0.0034161   0.00131369 -0.00368038 -0.00654143
  0.00103278 -0.00212948  0.00276213  0.00362075
252887	-0.00021772  0.00420375 -0.00319166 -0.00565928 -0.00198958  0.00166916
  0.00246176  0.00507048 -0.0027958   0.00291323
322013	 0.00566678 -0.00624307 -0.00145653 -0.00377182  0.00357252 -0.00601602
  0.00295551 -0.00438569  0.00168399  0.00083062
256992	 0.00324648 -0.00834642 -0.00013502 -0.00880786  0.00422204 -0.01065824
  0.01395523  0.00046843  0.00722379 -0.00196063
483411	 7.0267066e-04  9.6720494e-03 -1.3114642e-02 -1.2902876e-02
 -5.0766501e-03 -2.3222778e-03  1.3599570e-02  7.5843809e-03
  3.3534849e-05  1.2600847e-02
31223	 0.00461157  0.00152727  0.00071015 -0.01281986  0.00142439 -0.00609387
 -0.00219296 -0.00225303  0.00074502  0.00146259
107514	-0.00575309 -0.0020498  -0.00044705  0.00176319  0.00082299 -0.00193793
  0.00376452  0.00285053  0.00030442 -0.00021121
