395265	-0.00126379 -0.00173425 -0.01313789 -0.00833853  0.0127535   0.00159754
 -0.00502761 -0.009441    0.00454683 -0.01093302
149894	-0.00079718  0.00039654 -0.00749076 -0.01414904  0.00331692 -0.00164816
  0.00240589 -0.01017703  0.00216608 -0.00442509
502795	-0.00021018  0.00121774 -0.01528416 -0.00805413  0.00867281 -0.00426944
 -0.00881184 -0.00938557  0.00080113 -0.00130581
552985	 0.00287404 -0.00273382 -0.00043932 -0.0028705   0.0122652   0.00277279
 -0.00242863 -0.00703405  0.00457452 -0.00422848
542746	-0.00340952 -0.00110955 -0.01034614 -0.00937688  0.01496559  0.00277396
 -0.00209358 -0.01653464  0.00395858 -0.01157581
379419	-0.00526617 -0.0021996  -0.01471242 -0.01313451  0.01563274  0.00199231
 -0.00475084 -0.01253149  0.00438915 -0.01225926
187624	-0.00284236 -0.00049867 -0.00952527 -0.00996635  0.00774686  0.00228991
 -0.00736308 -0.00391234  0.00600885 -0.00800047
372255	 0.00226577 -0.00126177 -0.01005576 -0.00900124  0.01181571  0.00684774
 -0.00307502 -0.01536227  0.00946626 -0.01033165
264198	-5.3042951e-03 -1.2105260e-05 -6.5739932e-03 -4.9773650e-03
  9.6280435e-03 -3.0989660e-04 -2.9755421e-03 -3.5522683e-04
  7.4944985e-03 -5.8665639e-03
164399	-0.00123977 -0.00623667 -0.01261756 -0.00372233  0.01259712  0.00300474
 -0.00666819 -0.01059048  0.0004632  -0.00837626
337673	-0.0086507  -0.0030346  -0.00590172 -0.01062992  0.01716207  0.00080211
 -0.0017559  -0.01428773  0.00018222 -0.00978537
530615	-0.00340952 -0.00110955 -0.01034614 -0.00937688  0.01496559  0.00277396
 -0.00209358 -0.01653464  0.00395858 -0.01157581
381062	 0.00276921  0.00386943 -0.00564586 -0.00639188  0.01371901  0.00287296
 -0.00238158 -0.01546136  0.00601275 -0.00796688
282687	-0.006294    0.00240078 -0.01319189 -0.01282098  0.01122238  0.00112359
 -0.00819501 -0.00931355  0.00558337 -0.01152939
125513	-1.5324148e-03  3.3727050e-05 -5.2488041e-03 -7.0620044e-03
  9.0686828e-03  5.8643166e-03 -3.6310188e-03 -6.4525101e-03
  2.5691404e-03 -5.9526428e-03
553143	-4.3618958e-03 -8.0566742e-03 -8.4368680e-03 -7.5721550e-03
  1.5121039e-02  2.7660895e-03 -6.3617981e-06 -1.5009407e-02
  6.4310329e-03 -3.9682891e-03
157772	-0.00288993  0.00172665 -0.00883358 -0.0103709   0.00849617  0.00375238
 -0.00469987 -0.01120811  0.00149951 -0.01074354
342611	-0.00794549 -0.00337667 -0.00657819 -0.00963425  0.01431467  0.00129515
 -0.00155602 -0.01237891  0.00484603 -0.01337622
507990	-0.00599721  0.00184098 -0.00745318 -0.00700291  0.01317993 -0.00045526
 -0.00207011 -0.00498659  0.00721573 -0.00274074
31321	-0.00795259 -0.0061074  -0.00625896 -0.01314455  0.01944772  0.00512719
 -0.00047184 -0.01103751  0.00772214 -0.01021349
304737	-0.00137467  0.00076448 -0.01780261 -0.0134336   0.01101582  0.0078793
 -0.00615845 -0.01258527  0.00483474 -0.01356707
535139	 0.00181119  0.00381193 -0.01039959 -0.00737993  0.00879687 -0.00162813
 -0.00653463 -0.01676991  0.00716374 -0.00205674
462949	-0.0104765   0.01133712 -0.00552648 -0.01429753 -0.0037231   0.01295467
 -0.00186966 -0.00984869  0.00915298  0.00775607
330344	-0.00384638 -0.00116859 -0.01333081 -0.01084411  0.0128921   0.0077488
 -0.00772342 -0.01000884  0.00527666 -0.01418096
151658	-0.01072494 -0.00256968 -0.01454308 -0.00805456  0.0121577  -0.00093236
 -0.00970586 -0.00738291  0.00180056 -0.0090387 
246893	-0.00719838 -0.0022625  -0.00681641 -0.0071031   0.01416151 -0.00013491
 -0.00235939 -0.01033243  0.00417663 -0.00985756
329328	-0.00870114  0.00163542 -0.01527726 -0.01254405  0.01475842  0.00147958
 -0.003582   -0.01501437  0.00011017 -0.01625545
553150	-0.00340952 -0.00110955 -0.01034614 -0.00937688  0.01496559  0.00277396
 -0.00209358 -0.01653464  0.00395858 -0.01157581
351355	 0.00038212 -0.00164158 -0.01100044 -0.00972315  0.0133404   0.00118909
 -0.00299688 -0.01268892  0.00673282 -0.00839366
200316	-0.00203561  0.00385127 -0.0171879  -0.01354042  0.00116098  0.00059511
 -0.0053954  -0.00702829 -0.00014638 -0.006837  
380550	 0.00332933 -0.0048726  -0.01147866 -0.00982921  0.01183259  0.00246507
 -0.0059396  -0.01077506 -0.00260148 -0.00907217
553156	-0.00088073 -0.00487371 -0.00714154 -0.00187502  0.0093965   0.00574607
 -0.00493076 -0.01143534  0.00724832  0.00075042
21530	-0.00021018  0.00121774 -0.01528416 -0.00805413  0.00867281 -0.00426944
 -0.00881184 -0.00938557  0.00080113 -0.00130581
249503	-0.00094108  0.0009949  -0.00819614 -0.00871923  0.01046322  0.00270557
 -0.00066742 -0.01257463  0.00420446 -0.00782536
525473	 0.00241269 -0.00029931 -0.01242171 -0.01111853  0.0137692   0.00231354
 -0.00354748 -0.01281603  0.01274146 -0.00901116
567460	 0.00223379 -0.004335   -0.00956275 -0.00513115  0.00646315  0.0001452
 -0.0091991  -0.00645105  0.0049956  -0.00376428
118438	-0.00188705  0.00641159 -0.01132622 -0.00093046  0.01168331  0.00127161
 -0.01225931 -0.00841    -0.00060436 -0.00052078
28840	-0.00555561  0.00434965 -0.01152985 -0.01328413  0.00909964 -0.00114939
 -0.00968645 -0.01147961  0.00381122 -0.01081596
42665	 0.00338166  0.00392028 -0.01230779 -0.00768354  0.00941934  0.00439525
 -0.00918976 -0.01157241  0.00600311 -0.00656397
375981	 0.00321805 -0.00030675 -0.00964574 -0.00699136  0.00967735  0.00701015
 -0.00189975 -0.01534368  0.00864371 -0.0073685 
366258	 0.00076056 -0.00092375 -0.00417394 -0.00590316  0.00881353  0.00447505
 -0.00683513 -0.0123116   0.00301647 -0.00825545
28851	-0.00392374  0.00200788 -0.01225618 -0.01372337  0.01010971  0.00405929
 -0.00027044 -0.01064613  0.0078066  -0.01172677
553140	-0.00042458 -0.00346573 -0.00997987 -0.00201746  0.01329778  0.00593689
 -0.00191338 -0.01575     0.01370891 -0.00304371
351927	 0.00042328 -0.00315539 -0.01405562 -0.01542906  0.01398288  0.00987474
 -0.00710991 -0.01088724  0.00586428 -0.00868678
434877	-0.00571225 -0.00705852 -0.01750322 -0.00931848  0.01588247  0.00891732
 -0.00539418 -0.01275307  0.00315472 -0.01150581
340158	-0.00813538  0.00012505 -0.01038957 -0.01279046  0.01369656  0.00577282
 -0.00109486 -0.01457622  0.00102288 -0.01395877
434879	-0.00115479  0.0021009  -0.00694125 -0.00568428  0.01323208  0.00865173
 -0.00715218 -0.00918772  0.00383067 -0.00336536
553152	 0.00029965 -0.00438909 -0.00902678 -0.00633661  0.01264504  0.00461802
 -0.00390812 -0.01173398  0.01005535 -0.00371875
559300	 0.00544096 -0.00218242 -0.00942496 -0.00376836  0.01094401  0.00119378
 -0.00657465 -0.0130154   0.00598365 -0.00041357
288462	-0.00340715 -0.0057577  -0.01476874 -0.00570751  0.00764477  0.00570462
 -0.00789141 -0.00813236  0.00073335 -0.00970097
182479	-0.01081607  0.0081097  -0.01401865 -0.00854843  0.00748528  0.00021359
 -0.00813251 -0.00886487  0.0020365  -0.01189513
458961	-0.00515357 -0.00559469 -0.01311955 -0.00897865  0.01389499  0.00413053
 -0.00491138 -0.00990329  0.0034576  -0.00811066
345299	 0.00113713  0.00025241 -0.00913785 -0.00841226  0.00675986  0.00134732
 -0.0070797  -0.01128396  0.00296088 -0.00145695
173275	-2.4163225e-03 -2.2047916e-05 -1.0730410e-02 -9.4401576e-03
  1.4766635e-02  5.6410441e-03 -7.7076014e-03 -1.2492752e-02
  4.5933845e-03 -1.0581022e-02
173276	-2.4163225e-03 -2.2047916e-05 -1.0730410e-02 -9.4401576e-03
  1.4766635e-02  5.6410441e-03 -7.7076014e-03 -1.2492752e-02
  4.5933845e-03 -1.0581022e-02
159965	-0.00401153 -0.00146205 -0.01344297 -0.01122102  0.01636249  0.00466001
 -0.00626294 -0.01503242  0.00820855 -0.01338327
351455	 0.00752253  0.00174459 -0.01220975 -0.00868834  0.00876513  0.00125026
 -0.00445228 -0.01454625  0.00602859 -0.00288519
200315	-0.00456417  0.00649679 -0.01440365 -0.00990964  0.01632641 -0.0001699
 -0.00242025 -0.01511652  0.00543116 -0.0079774 
383720	-0.00127145 -0.00671974 -0.00805559 -0.0084577   0.01048576  0.00156135
 -0.00313083 -0.01464241  0.00789851 -0.00380997
437482	-0.00113351 -0.00540015 -0.01386544 -0.00602942  0.012191    0.00071355
 -0.00350523 -0.01031659  0.00431314 -0.00382677
159982	 2.4263207e-03  5.2151275e-03 -1.0513908e-02 -7.3770480e-03
  6.5640714e-03 -1.5028891e-05 -8.6692711e-03 -9.9227121e-03
  2.0012417e-04 -4.6553635e-03
208115	 0.00229754 -0.00549251 -0.00722663 -0.00510868  0.01510696  0.00550542
 -0.00368392 -0.0177921   0.00341724 -0.00713379
328437	 4.7576039e-05 -4.0824004e-03 -1.3907220e-02 -1.0282514e-02
  1.4276981e-02  4.8889210e-03 -2.0980493e-04 -1.4184888e-02
  4.4567563e-04 -2.1180136e-02
88826	-0.01081607  0.0081097  -0.01401865 -0.00854843  0.00748528  0.00021359
 -0.00813251 -0.00886487  0.0020365  -0.01189513
533247	-0.00118034  0.00544596 -0.0115564  -0.00788537  0.01486973  0.00239063
 -0.00441642 -0.01553857  0.01039229 -0.00800278
236296	-0.00226152 -0.00039077 -0.01120614 -0.00821509  0.01147218  0.00462776
 -0.00677694 -0.01064669 -0.00191555 -0.0130225 
211209	 0.00039025  0.00147374 -0.00697863 -0.00182752  0.00628673  0.00489068
 -0.00412009 -0.00950493  0.00531073 -0.00462167
581386	-0.00598191  0.00377744 -0.00456983 -0.00338475  0.01018807 -0.00166301
 -0.00413412 -0.00851072 -0.00235322 -0.00266659
292643	-0.006294    0.00240078 -0.01319189 -0.01282098  0.01122238  0.00112359
 -0.00819501 -0.00931355  0.00558337 -0.01152939
167717	-0.00511013 -0.00110344 -0.01423013 -0.0044663   0.0173785   0.0002767
 -0.01012308 -0.01212366  0.00297003 -0.00875585
352581	-0.00359627 -0.00655704 -0.01202442 -0.01264171  0.01132432  0.00951733
 -0.00483461 -0.01089082  0.00259663 -0.00991743
502569	 0.00010948 -0.00788005 -0.01141317 -0.00891942  0.00273886  0.00095978
 -0.01454288  0.00114464  0.00086382 -0.00159927
269611	 0.00197505  0.00035003 -0.00838363 -0.00974129  0.00838001  0.00193778
 -0.00482692 -0.00983544  0.00517818 -0.00212907
255788	-0.0034688   0.00422056 -0.00955187 -0.01324998  0.01363286  0.00534936
 -0.00587752 -0.0154733   0.0037723  -0.00924611
173277	-2.4163225e-03 -2.2047916e-05 -1.0730410e-02 -9.4401576e-03
  1.4766635e-02  5.6410441e-03 -7.7076014e-03 -1.2492752e-02
  4.5933845e-03 -1.0581022e-02
262453	 1.8027400e-06  2.8045322e-03 -8.9829033e-03 -1.0403064e-03
  9.5591806e-03  1.7673583e-03 -6.1775697e-03 -7.7271489e-03
 -3.7548546e-04 -5.3978339e-03
127287	-6.3545063e-05 -1.9021594e-03 -1.4248044e-02 -7.0188651e-03
  1.8529681e-02  9.6774260e-03 -5.9487699e-03 -1.1836610e-02
  1.7256630e-03 -1.1629279e-02
173279	-2.4163225e-03 -2.2047916e-05 -1.0730410e-02 -9.4401576e-03
  1.4766635e-02  5.6410441e-03 -7.7076014e-03 -1.2492752e-02
  4.5933845e-03 -1.0581022e-02
466239	 0.00055557 -0.00179745 -0.00604131 -0.00540132  0.01202745  0.00417218
 -0.00440386 -0.01291909  0.00221844 -0.01064921
167749	 0.00155425  0.00155174 -0.00899067 -0.00779214  0.01281188  0.00163987
 -0.00468396 -0.01404073  0.0083065  -0.00666684
167752	 0.00108047 -0.00032038 -0.00790092 -0.00456397  0.01101897  0.00369418
 -0.00736258 -0.0154974   0.01015692 -0.00600674
273233	-0.00157642 -0.00537497 -0.00736364 -0.00667756  0.01070324  0.00225045
 -0.00352925 -0.01510285  0.00316805 -0.00821666
553298	 0.00332161 -0.00536672 -0.00693728 -0.00790795  0.00778957  0.00555136
 -0.00305907 -0.01007784  0.00457659 -0.00469551
244053	-0.00300928  0.00271252 -0.00977234 -0.00925029  0.01331908  0.00132753
 -0.00530103 -0.01383704  0.00176323 -0.00708325
125809	-0.0056305  -0.00039388 -0.01238976 -0.01224847  0.01792984  0.00203814
 -0.00418335 -0.01406966 -0.00257177 -0.01173228
101236	 0.00023422  0.00482768 -0.00687865 -0.00669907  0.01309185  0.00079527
 -0.00185335 -0.00794274  0.0064525  -0.00478886
380790	 0.00012274 -0.00166298 -0.01564319 -0.00611997  0.00894139  0.00481144
 -0.00863326 -0.01197326  0.00491869 -0.00653056
425347	 0.00552152 -0.00657531 -0.00441052 -0.00661424  0.00735509  0.00507927
 -0.0051153  -0.01043181  0.00436298 -0.0035123 
25478	 0.004088    0.00128017 -0.00151297 -0.01235964 -0.00129311 -0.00014132
 -0.00197933 -0.00924894  0.00341693 -0.00832011
359820	-0.00484256 -0.00511899 -0.01202413 -0.00540116  0.01922981  0.00077488
 -0.00796    -0.01236115  0.00102718 -0.00958719
552333	-0.00691882 -0.00068215 -0.01430954 -0.01093642  0.01432479  0.0020744
 -0.00510903 -0.01501229  0.00260493 -0.00951491
359827	-0.0005385   0.00148373 -0.01007332 -0.00732549  0.01042103  0.00283688
 -0.00539531 -0.01394762  0.00653423 -0.0062517 
568133	 0.00128528  0.00328171 -0.01292933 -0.00997667  0.00851912 -0.00375338
 -0.00774935 -0.01013127  0.00195447 -0.00618636
378789	-0.0003617  -0.00161321 -0.01050873 -0.00865122  0.01255383  0.00360834
 -0.00264081 -0.00979843 -0.0013783  -0.01068379
112038	 0.00099994 -0.00214463 -0.01269539 -0.00909221  0.0199819   0.01128677
 -0.00779868 -0.01304711  0.00093557 -0.01509628
186279	-0.0043601  -0.00170621 -0.01157976 -0.01275335  0.00897839 -0.00016477
 -0.00373414 -0.00575455  0.00316738 -0.0096202 
365993	-0.00041206 -0.00078082 -0.00749869 -0.00698846  0.01164014  0.00416168
 -0.0026195  -0.00842159  0.00022357 -0.01288975
134065	-3.46505642e-03  9.48298816e-03  5.21377624e-05 -1.30824503e-02
  7.79175526e-03 -4.05029254e-03  3.83620127e-03 -1.28896674e-02
  2.63722357e-03 -1.45696625e-02
405941	-0.00888067  0.00130887 -0.0070055  -0.00658808  0.0094306  -0.00077489
 -0.00444259 -0.00593949  0.00331825 -0.00764945
543162	 0.00239058 -0.00537776 -0.00906209 -0.00425372  0.01279292  0.00599653
 -0.00396663 -0.01435658  0.00681765 -0.0039462 
388541	-0.00264774  0.00427432 -0.01290883 -0.01060035  0.01236639  0.00561205
 -0.00910202 -0.00837941  0.00238771 -0.0082832 
229828	 0.00274456  0.00088607 -0.00750272 -0.00684063  0.01107553  0.00317623
 -0.00631298 -0.01404057  0.00447917 -0.01116429
179147	-0.00801822 -0.00133563 -0.01446234 -0.00462677  0.0114055   0.00700297
 -0.00430857 -0.00182134  0.00433831 -0.00681244
270301	-0.00182855 -0.00076425 -0.02117504 -0.00715689  0.0159938  -0.00187209
 -0.00996941 -0.01185538  0.00676516 -0.01450047
270302	-0.00549613 -0.00517265 -0.0184055  -0.00894002  0.01613175  0.00691501
 -0.00643176 -0.01398103  0.00093561 -0.01462076
270304	-0.00251089  0.00206424 -0.01446145 -0.01132799  0.0148835   0.00811175
 -0.00718296 -0.01303892  0.00329187 -0.01353087
229346	-0.00549613 -0.00517265 -0.0184055  -0.00894002  0.01613175  0.00691501
 -0.00643176 -0.01398103  0.00093561 -0.01462076
28643	 0.00274456  0.00088607 -0.00750272 -0.00684063  0.01107553  0.00317623
 -0.00631298 -0.01404057  0.00447917 -0.01116429
543218	 0.00274619  0.00268514 -0.00317452 -0.0085059   0.0117577   0.00923562
 -0.00350553 -0.00897793  0.00579856 -0.00918219
382633	-0.00363177 -0.00641495 -0.00758928 -0.00522347  0.01225759  0.00197999
 -0.00403327 -0.01395428  0.00696443 -0.0031525 
