93704	 0.00016866  0.0024662  -0.01129787 -0.0053981   0.00867291  0.00543449
 -0.01880653  0.01392872  0.00799348  0.00332304
454665	 0.00086785  0.00282659 -0.01105416 -0.00355462  0.00474995  0.00258672
 -0.01067889  0.00611693  0.00079233  0.00180243
420890	-0.0002146   0.01399672 -0.01242444 -0.00729625 -0.00602559 -0.00265385
 -0.02329406  0.00624381  0.00564125  0.01037586
261151	 0.00404718  0.02424275 -0.01574749 -0.00673696  0.01448313  0.00344246
 -0.02127521  0.01039719  0.00154911  0.01366146
35	-0.00022718  0.00583653 -0.00463642 -0.00817786  0.00434894 -0.00217797
 -0.008772    0.00164521 -0.00043627  0.00089774
102951	 0.01211272  0.02872889 -0.01193077  0.0002719   0.0179977  -0.00646908
 -0.02250921  0.00749397  0.00925066  0.02709101
331819	 0.01448797 -0.00616305  0.00057596  0.00684459  0.0011058  -0.00367394
 -0.00201218  0.0034811  -0.00738154 -0.00319156
261168	 0.00404718  0.02424275 -0.01574749 -0.00673696  0.01448313  0.00344246
 -0.02127521  0.01039719  0.00154911  0.01366146
261169	 0.00404718  0.02424275 -0.01574749 -0.00673696  0.01448313  0.00344246
 -0.02127521  0.01039719  0.00154911  0.01366146
242227	-3.4219614e-05  1.3898415e-03 -3.0195115e-03 -3.9218614e-04
  6.7281234e-03  2.3251064e-03 -1.2955431e-02  2.8951303e-03
 -6.6090589e-03  2.1445018e-03
533560	 0.00083859  0.00515937 -0.00680464 -0.01104836  0.00850411 -0.00176858
 -0.010143    0.00309203  0.00134824  0.00373162
439866	 0.00418102  0.00478048 -0.00772381 -0.00258763  0.00472082  0.00735993
 -0.01694729  0.01515834  0.00397845  0.00533982
420934	-3.4603619e-03  5.6871567e-03 -8.9131389e-03 -8.9465296e-03
 -4.8005306e-05  4.1987612e-03 -1.2918764e-02  9.0647312e-03
 -2.4580830e-03  5.0770985e-03
65607	-0.01143905  0.00396338 -0.00917963 -0.01223561 -0.00400552  0.00304201
 -0.00203602  0.0071426   0.01158148  0.00152327
342092	 5.2819910e-06  3.6795062e-04 -1.2240160e-02 -7.1082278e-03
  1.4148976e-02  5.7849744e-03 -1.3624563e-02  9.6652713e-03
  5.0888290e-03 -8.7530987e-04
336472	 0.00307726  0.00555705 -0.00703891 -0.00555261  0.00239843  0.00080761
 -0.00901832 -0.00037681 -0.00178669  0.00143622
261211	-0.00244744  0.00286827 -0.00250149 -0.00384157  0.00662537  0.00491852
 -0.00948269  0.00394928 -0.00176343 -0.00107863
214086	 0.00277091  0.00721531 -0.01091517 -0.00550389  0.00457495  0.00661849
 -0.00950535  0.00065166  0.00099776 -0.00072117
21600	-0.00220462 -0.00107772 -0.00877854 -0.00554912  0.01167626  0.00845486
 -0.01360213  0.0139938   0.00436559 -0.00315914
105404	 0.00488237  0.00850951 -0.00481437  0.00028896  0.0037999  -0.00434841
 -0.01577586  0.00420281 -0.00107993  0.00495538
111060	-0.00113368  0.0037983  -0.00852796 -0.00908139  0.00715258 -0.00310092
 -0.01385628  0.00033709  0.01076653  0.00868344
531053	 2.3909952e-03  3.2940619e-03 -1.5237213e-02 -1.6560823e-03
  5.1038391e-03 -8.4604479e-05 -5.7579214e-03  6.3487543e-03
  9.9351571e-04 -2.8490655e-03
81518	-0.0026161  -0.00208929 -0.00244266  0.00284452  0.00597299  0.00193861
 -0.00437413  0.00670917  0.0021214   0.00513577
454768	 0.00361979  0.00380569 -0.01249473 -0.00547578  0.00608068  0.00031296
 -0.01033339  0.0046149   0.00373715  0.0013111 
254581	-0.00504451  0.0025301  -0.01445901 -0.00683003  0.0105927   0.00183819
 -0.0087799   0.00844953  0.00296263  0.00120075
338551	 0.00214632  0.00083736 -0.01180127 -0.0057705   0.0157176   0.0044061
 -0.01208515  0.00623902  0.00741254 -0.00031   
261242	 0.00201938  0.00942581 -0.00803653 -0.00760556  0.01010609  0.0021238
 -0.0084931   0.01028004  0.01040483  0.00489665
531070	-0.00411395 -0.00123472 -0.01161688  0.00383826  0.01312765  0.00706358
 -0.00379326  0.0136877   0.00575989 -0.00464702
469634	 0.00562734  0.00756775 -0.01170427 -0.00403962  0.00515243  0.00082402
 -0.00616749  0.00445486  0.00455995 -0.0006822 
314500	-1.6449721e-03  5.3826547e-03 -5.9355777e-03 -9.6603566e-05
  5.9778891e-03  1.8483092e-03 -7.4513354e-03  2.6952690e-03
  6.5215775e-03 -2.5893718e-03
567941	 0.00504663  0.00676297 -0.00795615 -0.00373564  0.00618959  0.00127778
 -0.01472942  0.0074115  -0.00368119  0.00342573
337033	 0.00030562  0.0005797  -0.01028224 -0.00707514  0.01078642  0.00380415
 -0.01188763  0.01149645  0.00194619 -0.00154618
337034	 5.2819910e-06  3.6795062e-04 -1.2240160e-02 -7.1082278e-03
  1.4148976e-02  5.7849744e-03 -1.3624563e-02  9.6652713e-03
  5.0888290e-03 -8.7530987e-04
454798	 0.00343162  0.00461873 -0.01263071 -0.00733876  0.00390261  0.00242064
 -0.00875904  0.00575806  0.00318788  0.00038295
420495	 0.00335332  0.0046479  -0.00545152 -0.01165965 -0.00044478 -0.00262884
 -0.00788363 -0.0033343  -0.00340567  0.00308567
324246	-4.4004712e-03  6.0981978e-03 -7.0724613e-03 -2.4631354e-03
  8.3569670e-03  2.0968175e-04 -8.4084654e-03  1.9509011e-05
  5.1001078e-03 -6.0805064e-03
213144	 0.0064948   0.01170581 -0.00948036 -0.00752995  0.00073886 -0.00650083
 -0.00758815  0.00275157  0.00758341  0.01580761
326299	 1.1284851e-03  3.1987096e-03 -6.9912104e-03  3.0907133e-05
  8.8435328e-03  2.2896913e-04 -9.1254907e-03  6.2692636e-03
  3.1983515e-03  1.9940708e-03
469668	-0.00251649  0.00125544 -0.00746692 -0.0109708   0.00638054 -0.00012181
 -0.00678022  0.00468882  0.00163613 -0.00372189
297644	-0.00166278  0.00255079 -0.00508834 -0.00623169 -0.00535834 -0.00071404
 -0.01740076  0.01017806 -0.00342136  0.0065217 
553331	-0.00399782  0.00538316 -0.00852607 -0.00424666  0.00668218 -0.00052248
 -0.01346026  0.01690371  0.00371848 -0.00089459
49845	 0.00273232  0.01848815 -0.00341425 -0.00081377  0.00426974  0.00222552
 -0.01716918  0.0034888  -0.00349943  0.00172229
555190	-4.9285965e-05 -1.3264988e-03 -4.6961061e-03 -4.0577278e-03
  3.8309235e-03 -2.5036343e-04 -9.6868481e-03  3.6804990e-03
 -4.1489145e-03  3.0051209e-03
67782	 0.00214782  0.0058613  -0.00348413 -0.00703031 -0.00177151 -0.0079985
 -0.00501833  0.00631668  0.00774701  0.00848291
580820	 0.00138602  0.00475304 -0.00021538  0.00865253 -0.00503739 -0.0029544
 -0.00575707 -0.00366365  0.00389574 -0.00144454
384213	 0.00812165  0.01288498 -0.00763073 -0.00132848  0.00339597 -0.00301095
 -0.01521667  0.00987328  0.00818145  0.01181679
478941	-0.0045871   0.00552846 -0.01329352 -0.01290692  0.01586399  0.00696944
 -0.01222148  0.01199166  0.00446473  0.00249665
144097	 0.00393697  0.02224885 -0.01057564 -0.01011414  0.0021297   0.00015249
 -0.01211069 -0.00155549  0.00572302  0.00958174
80098	-1.3588278e-02  4.9596280e-04 -3.9671708e-02 -3.3782737e-05
 -1.1554308e-02 -4.0441807e-03 -1.5984548e-02  2.1428324e-02
 -8.1706587e-03  3.4255530e-03
80099	-1.3588278e-02  4.9596280e-04 -3.9671708e-02 -3.3782737e-05
 -1.1554308e-02 -4.0441807e-03 -1.5984548e-02  2.1428324e-02
 -8.1706587e-03  3.4255530e-03
554726	-0.00427942 -0.00160892 -0.01260487 -0.00153224  0.00878671  0.00113194
 -0.00921477  0.00401104  0.00289798 -0.00864217
506604	-0.00085005 -0.00187988 -0.01659109 -0.00420788  0.01558662  0.01152131
 -0.01228306  0.01062994  0.00921343 -0.0044514 
530161	-0.00142857 -0.0038481  -0.00730681  0.00161764  0.00534233  0.0087553
 -0.00890332  0.00690148 -0.00255699  0.00190144
531190	-0.00208746  0.00256913 -0.01163163 -0.00203082  0.00525983  0.00505491
 -0.02587517  0.0157342  -0.00308927  0.00765338
58617	 0.00356367  0.01136238 -0.00838176 -0.00861049  0.00607752  0.00355747
 -0.0155407  -0.00087028 -0.00640269  0.00382104
382202	 4.73406306e-03  1.14720650e-02 -1.10769859e-02 -1.10373017e-03
  9.18189343e-03 -1.08097475e-02 -8.18200037e-03 -6.24842960e-06
  7.27307808e-04  9.95950773e-03
31483	 0.00858644  0.01425118 -0.01244436 -0.00391475  0.00459478 -0.00867014
 -0.01518963  0.00345509  0.0041134   0.01042403
286976	 0.00476955  0.00266165 -0.00953338 -0.00154221  0.00689389 -0.00034186
 -0.00782545  0.00432161 -0.00122598  0.0013523 
303364	 0.00619754  0.00357106 -0.00498617 -0.00425747  0.00766982 -0.00303261
 -0.01908832  0.00722832  0.00210213  0.00070055
421126	 0.00116582  0.00705204 -0.00043086  0.00314934  0.00355785 -0.00555665
 -0.00521697  0.00318882 -0.00452831  0.00777297
430865	 0.00277091  0.00721531 -0.01091517 -0.00550389  0.00457495  0.00661849
 -0.00950535  0.00065166  0.00099776 -0.00072117
421139	-0.00345652  0.00745159 -0.00492824 -0.0066923   0.00078178  0.00072372
 -0.00867535  0.01188905 -0.00183378  0.00803134
332574	-0.00101964 -0.00084513 -0.01100593  0.00154134  0.00914969  0.00169911
 -0.00818773  0.00732322  0.00208105  0.0005335 
421167	-0.00024899  0.01012799  0.00138823  0.01201289  0.00155087 -0.00540609
 -0.01566611  0.00215255 -0.00082246  0.00125516
577855	 0.00986839  0.01405849 -0.00500386  0.01307181  0.00339514 -0.00504615
 -0.0155999   0.00630757  0.00114217  0.00984388
565057	-0.00094313 -0.00046336 -0.00511929 -0.00212611  0.01226119  0.00212528
 -0.00934406  0.00586113  0.00464413 -0.0013309 
196948	 4.1210265e-03  3.6426110e-03 -8.0104545e-03 -4.2777476e-03
  6.0456432e-03 -1.7999603e-03 -9.9646617e-03  2.0910713e-03
  3.0531859e-04 -3.9568673e-05
291470	-0.00189737  0.00047208 -0.00996564 -0.0067848   0.00727751  0.0095663
 -0.01438094  0.01413779  0.00257051  0.0035616 
257891	 0.00360184 -0.00103362 -0.01734197 -0.00162339  0.01276475  0.01169899
 -0.01035534  0.01117594  0.00649085 -0.00573206
64870	-0.0056791  -0.00311733 -0.00722862 -0.00331008  0.00523702  0.01041537
 -0.00365002  0.00597965  0.00290867 -0.00283763
270188	 0.00286126  0.00849104 -0.01043457 -0.00810548  0.00551227 -0.01049837
 -0.0136458   0.00484726  0.00194574  0.00390449
407922	-6.2889092e-05  3.0359386e-03 -3.0648632e-03 -2.3460514e-03
  6.3400022e-03  6.4859437e-03 -9.1163972e-03  3.7515219e-03
 -3.8494118e-03  1.0675078e-03
25459	 0.00110435  0.00535559 -0.01435806 -0.01411282  0.00300866 -0.00525857
 -0.00187647  0.00365645  0.00422706 -0.00305022
224660	 0.00102752  0.00423534 -0.00257145 -0.00399482  0.00752336 -0.00438072
 -0.01906921  0.00350905  0.00042538  0.00388641
294271	 0.00070015  0.00229268 -0.00791259 -0.0039214   0.00811907  0.00566496
 -0.01024407  0.00783951 -0.00327709  0.00267669
259971	-0.00340716  0.00575468 -0.00340908 -0.00327997 -0.00013539 -0.00127978
 -0.00372642  0.01239506  0.00134456  0.0047087 
360330	 0.0009964   0.00207683 -0.01009738 -0.00055592  0.00666753 -0.00040557
 -0.00603509  0.00772051  0.00532188 -0.00032671
418189	 0.00352259  0.00660746 -0.01224973 -0.00742854  0.00059976 -0.00886786
 -0.01184451  0.00187959  0.00303778  0.00433456
418190	 0.00352259  0.00660746 -0.01224973 -0.00742854  0.00059976 -0.00886786
 -0.01184451  0.00187959  0.00303778  0.00433456
246159	-0.00072159  0.00420412 -0.01201742 -0.00244462  0.01375436  0.00450729
 -0.01836499  0.01186177  0.00496719  0.0052691 
407954	 0.00390861  0.00735247 -0.00328839  0.00313971  0.00847946  0.00039643
 -0.01082948  0.0122033   0.00260118  0.00594137
178580	-0.00085005 -0.00187988 -0.01659109 -0.00420788  0.01558662  0.01152131
 -0.01228306  0.01062994  0.00921343 -0.0044514 
246165	-0.00197892  0.00618376 -0.01003791 -0.00337727  0.00772945  0.0061458
 -0.01970805  0.00990057  0.00296958  0.00103011
224669	 0.00102752  0.00423534 -0.00257145 -0.00399482  0.00752336 -0.00438072
 -0.01906921  0.00350905  0.00042538  0.00388641
224670	 0.00202217  0.00506217 -0.0019855  -0.00610698  0.00395015 -0.001481
 -0.00916625  0.00457502 -0.00457987  0.00374305
531872	 0.00359542  0.00956699 -0.00934773 -0.00828976  0.00688041  0.00151758
 -0.01079692  0.01360186  0.00411581  0.00678761
42054	 0.0037491   0.01239745 -0.01111606 -0.01240771  0.00129609 -0.00444116
 -0.00899285  0.01181692  0.00451612  0.01057554
229799	 0.00468613  0.00266588 -0.00878253 -0.00476001 -0.00127206 -0.00278929
 -0.02095226  0.01023562  0.00173207  0.00106252
471466	 0.0064586   0.01977404 -0.0138719  -0.00101173  0.00533184 -0.00402639
 -0.00382968  0.01555687  0.00751774  0.01003698
62384	 0.00136033  0.00609234 -0.01002596 -0.00572676  0.00384215 -0.00272774
 -0.00119709  0.00452542  0.00053892  0.00118904
138164	-0.00099382  0.00024795 -0.00541902 -0.00291659  0.00506396  0.00111191
 -0.00885806  0.00779421  0.00475887 -0.00808865
537526	 0.00519599  0.01159697  0.00128453  0.01377682  0.00140465 -0.00104589
 -0.01517236  0.02044729  0.00592997  0.00372499
204215	 0.00321857  0.00658657 -0.01240922 -0.00501182  0.00540591 -0.00376253
 -0.00739844  0.0040112   0.00507857 -0.00030029
194492	 0.00619827  0.01122964 -0.00917864 -0.00260995  0.00989287  0.00151365
 -0.01254121  0.01199455 -0.00323422  0.00822404
111043	 0.00310849  0.00751213 -0.00585033 -0.00045776  0.00618782 -0.00201498
 -0.01533004  0.00862426  0.00037232  0.00811516
562934	 0.00343103  0.00711368 -0.00808086 -0.00586929  0.00557316  0.00137525
 -0.01500564  0.00760055  0.00101681  0.00083419
140241	 0.00277058  0.00197249 -0.00934953 -0.00142441  0.00458478  0.00075155
 -0.01856908  0.0092074   0.00806465  0.0054292 
315348	-3.12289968e-03  9.36352089e-03 -6.60294667e-03 -9.36123019e-04
  7.40043074e-03 -2.03038938e-03 -1.04861455e-02  7.27631559e-05
  3.86452861e-03 -3.44314636e-03
12248	-0.00658184  0.0097546  -0.00838297 -0.00878579 -0.0019533   0.00083832
 -0.01027758  0.0081388  -0.00078421  0.00559931
1533	 0.00399422  0.00877373 -0.01351375 -0.00637455  0.00155122  0.00088322
 -0.02352449  0.00937525  0.00130931  0.01147033
282589	 0.00500566  0.00423889 -0.00993306 -0.00568561  0.00666217 -0.00039473
 -0.01232682  0.0136752   0.00460791  0.004264  
238501	 0.01089766  0.01059374 -0.01245466  0.01610502  0.01361589  0.00779846
  0.00104205  0.02419479  0.00229295  0.00934163
304637	 0.00041868  0.00266891 -0.01214216 -0.00835269 -0.00386545 -0.00944353
 -0.00225213 -0.0026303   0.00013363 -0.00106828
134136	 0.00270021 -0.00428018 -0.01084819 -0.00092242  0.00859799  0.00938872
 -0.00543096  0.01560539  0.00814849 -0.00362818
407892	 0.00135026  0.00978477 -0.00457887 -0.00737727  0.00322624 -0.00505803
 -0.00769047  0.00450454  0.00512361  0.00595707
138749	 0.00020045 -0.00665439 -0.01337409 -0.00494461  0.01791953  0.00966219
 -0.00877186  0.01243927  0.00680443  0.00125056
532821	 0.00287964  0.00938897 -0.0067248  -0.00775201  0.00140986 -0.00798614
 -0.00804965  0.00322134  0.00818462 -0.00031163
