439814	-0.00142166 -0.00659478 -0.02194086 -0.00451901  0.00568777 -0.00016034
 -0.00897694 -0.00236101 -0.01276635  0.00892569
418313	 0.00097963 -0.00224105 -0.0122579  -0.00376573  0.00706762 -0.00814731
 -0.00950926 -0.00387425 -0.01153137  0.01047864
454673	-0.00584094  0.00228744 -0.01544008  0.00192797 -0.00373978 -0.00694973
 -0.01654576  0.00144607 -0.0016634   0.00140278
355360	-0.00127591 -0.00419305 -0.01812486 -0.00483408  0.00433153  0.00187966
 -0.00758123 -0.00285661 -0.00519342  0.00581153
564742	-0.00867464 -0.01963557 -0.02324524 -0.00485283  0.00458781  0.00383593
 -0.01479551  0.00233705 -0.00373409  0.00900099
261161	 5.3324192e-03  4.4770368e-06 -1.6591797e-02 -3.0930704e-03
  2.2834742e-03 -4.3681385e-03 -9.1492878e-03  4.9125878e-03
 -1.6663911e-02 -2.3467734e-03
261162	 5.3324192e-03  4.4770368e-06 -1.6591797e-02 -3.0930704e-03
  2.2834742e-03 -4.3681385e-03 -9.1492878e-03  4.9125878e-03
 -1.6663911e-02 -2.3467734e-03
512047	 0.002174   -0.00272314 -0.02345471 -0.00278613  0.00646347 -0.00120961
 -0.01729191  0.00662489 -0.02683216 -0.01094938
96817	-0.00807213 -0.00994536 -0.01097441 -0.00917263  0.00489333  0.00108694
 -0.01113786  0.00850974 -0.02306331  0.01030631
435766	-0.00708958 -0.01881598 -0.02268572 -0.00556268  0.00483487  0.00207308
 -0.01497123  0.00320471 -0.0054238   0.0104839 
288825	-0.00276782  0.0049848  -0.015589   -0.0052562  -0.00036857 -0.00479863
 -0.01263751 -0.00116404 -0.00701874  0.00312695
461892	 0.00818339  0.00085645  0.00022171  0.00244843  0.00189266 -0.00750118
 -0.00374865 -0.00706479 -0.00856066  0.00232117
445530	-0.00225377 -0.00479224 -0.01910974 -0.00396651  0.00144403 -0.00092772
 -0.01388089 -0.00330735 -0.00543768  0.00622512
420957	 0.00094057 -0.00131232 -0.00634538 -0.00100898  0.00388406 -0.0002754
 -0.0086235  -0.00025473 -0.01618409  0.00722258
228961	 0.01499644 -0.00333786 -0.00745735 -0.01504325  0.0220148  -0.0112941
 -0.00533598 -0.0044144  -0.00263049  0.00367594
228963	-0.00708958 -0.01881598 -0.02268572 -0.00556268  0.00483487  0.00207308
 -0.01497123  0.00320471 -0.0054238   0.0104839 
21606	-0.00047576 -0.00524233 -0.01580095 -0.00345993  0.00566684 -0.00123032
 -0.01511556 -0.00048362 -0.01135459  0.01321028
282726	 0.00486593 -0.00512596 -0.00981338 -0.00373914  0.00826819 -0.00419622
 -0.00814464  0.00091688 -0.00664674  0.01416828
380012	-0.00011914  0.01502003  0.00297446 -0.00233741  0.00544017  0.00128418
 -0.00648314  0.00550698  0.004102    0.01922432
53357	-0.00608978 -0.00365701 -0.0134197  -0.00108014  0.00552802 -0.00050363
 -0.00790978 -0.0011345  -0.0088497   0.00560864
228974	-0.00867464 -0.01963557 -0.02324524 -0.00485283  0.00458781  0.00383593
 -0.01479551  0.00233705 -0.00373409  0.00900099
531055	-0.00267748 -0.00421393 -0.01349096 -0.00305637  0.00397188 -0.00228767
 -0.01287527  0.00292637 -0.00479252  0.00706595
329917	-0.00471422 -0.00092098 -0.01376654 -0.00483813  0.00189478 -0.00604222
 -0.00465275 -0.00709473 -0.00954519  0.00152755
454789	-0.0028336  -0.00603834 -0.02089371 -0.00605104  0.00763447 -0.00047721
 -0.01156207  0.00302049 -0.0102464   0.00764994
531078	-0.02026867 -0.01276341 -0.01927727 -0.00386857  0.01021419 -0.01128757
 -0.05031798 -0.01405312 -0.03811291  0.00847116
272008	-0.00226289 -0.00413909 -0.01377793  0.00021856  0.0076562  -0.00281488
 -0.0092266   0.00123896 -0.01105724  0.00131988
531088	-0.00755929 -0.00425432 -0.01441314 -0.00159037  0.00537818 -0.01294656
 -0.01380773  0.00429199 -0.03236385  0.01651601
304791	 0.00329145  0.00323411 -0.01169246 -0.00293779  0.00366335 -0.00593923
 -0.00818198 -0.00302802 -0.00842005  0.00780479
366234	-0.0065769  -0.0104764  -0.0177904  -0.00314953  0.00362829 -0.00436949
 -0.00620084  0.00590544 -0.00155123  0.00929819
286882	-0.00504557  0.00406905 -0.01849255 -0.00640731 -0.00152426 -0.00276068
 -0.01495877 -0.00101448 -0.00527169  0.00319488
64167	-0.00792317 -0.01015876 -0.01465981 -0.00265479  0.00560996  0.0004699
 -0.00966085 -0.00067041 -0.00318832  0.01174194
319772	 0.0086682   0.00402731 -0.00088119  0.00275239  0.00503334 -0.00620442
 -0.00370163 -0.0066822  -0.00740385  0.00427297
252702	-0.00239278  0.00265519 -0.00780914 -0.00011292  0.01186251 -0.00198803
 -0.0047689  -0.00648947 -0.00647949  0.00467894
555190	-0.00703085 -0.00078108 -0.00605145  0.00041287  0.00528641 -0.00536218
 -0.00718808 -0.00163738 -0.00398767  0.00725756
287178	 0.00099284 -0.00132721 -0.01336207 -0.00450328  0.00332445 -0.0035786
 -0.01235892 -0.00081793 -0.00632046  0.0068598 
338119	-0.00296225 -0.01397076 -0.01729267 -0.00647083  0.00457583 -0.00566182
 -0.00925241  0.00071052  0.00120046  0.00678159
296150	 0.00912666  0.00395342 -0.00475001  0.00184987 -0.00112078  0.00228453
  0.00262495 -0.00392612 -0.00699776  0.0011792 
28376	-0.00414724  0.00100784 -0.00926632  0.00760747  0.00014947 -0.00708879
 -0.00271446  0.00015355 -0.00058163 -0.00389959
144089	-0.00387271 -0.01101866 -0.02242881 -0.00722421  0.00312169  0.00076944
 -0.01333524 -0.00307952 -0.00413299  0.00996353
256223	-0.00197239 -0.00288356 -0.01395468 -0.00051229 -0.00296632 -0.00420985
 -0.01609171  0.00478856 -0.00498983  0.00677331
283360	 0.0033961  -0.00344803 -0.01111853  0.00201034  0.01501624 -0.00211401
 -0.00938505  0.00308526 -0.01083347  0.01284779
314083	-2.4795127e-03  8.3250841e-03 -3.6587764e-03 -3.8036325e-03
 -5.0373725e-03 -1.3120708e-02 -8.6396504e-03 -4.2449632e-03
 -1.6806584e-02 -2.2825508e-05
542442	-0.00020575  0.00764134 -0.01917864 -0.0100161  -0.00185704 -0.00688058
 -0.02932596 -0.00431983 -0.00979784 -0.00044113
250606	-0.00025101 -0.00673924 -0.0160871  -0.00063167  0.0087078   0.00270973
 -0.00414359  0.00138766 -0.0104756   0.00986176
238320	 0.00125082 -0.00161758 -0.00675605 -0.00296686 -0.00016964  0.00196169
 -0.00973396 -0.00679962 -0.00617211  0.00755144
103155	-0.00123025 -0.00343255 -0.01346616  0.00018277  0.00885133 -0.00341764
 -0.01064311 -0.00389632 -0.00953818  0.01183866
301813	 0.00186942  0.00091087 -0.02083193  0.00046084  0.0051892  -0.0112823
 -0.0118829  -0.00460386 -0.0107249   0.00821117
14583	-0.00175507 -0.0109927  -0.01650474 -0.00436065  0.00741202 -0.00143134
 -0.00665779 -0.00244716 -0.00443885  0.0141509 
549112	 0.00547712 -0.0021936  -0.02846358  0.00130716  0.00146248 -0.00597493
 -0.00972794 -0.00081345 -0.02674867 -0.00120911
62719	-0.00317015 -0.00734705 -0.00967032 -0.00468702  0.00999641 -0.00918528
 -0.01022519  0.00521502 -0.00812477  0.01073506
395526	-0.00439053 -0.01845771 -0.02309577 -0.00508206  0.0004709  -0.00046741
 -0.00900927  0.00196711  0.00047093  0.00914537
421131	-0.00785646  0.00369512 -0.01464795 -0.00775778  0.0049314  -0.00483179
 -0.00739696 -0.00879877 -0.01934153  0.01010379
541468	 0.00059293 -0.00207537 -0.00602123 -0.00022278  0.00285518 -0.00289908
 -0.01839145 -0.00303884 -0.01487311  0.01207364
224542	 0.00239993  0.00103298 -0.02082575  0.00278558  0.00305505 -0.00359361
 -0.00708949 -0.00203657 -0.02047383  0.0024992 
338723	-0.0015552  -0.00555994 -0.01305396 -0.00806502 -0.00216173 -0.00050516
 -0.00998061 -0.00091848 -0.00018068  0.00496523
531748	-0.00776853  0.00313571 -0.01831571 -0.0014994   0.00227968 -0.01817972
 -0.00583805 -0.00059427 -0.01192627  0.00342013
205607	-0.00297649  0.00544199 -0.01817176 -0.01196891 -0.00191583 -0.0178281
 -0.02772458 -0.02059625 -0.03055527  0.00784013
334635	 9.6124117e-05 -9.1581801e-03 -1.6155286e-02 -5.4738941e-03
  5.6478130e-03 -8.6803278e-03 -8.4208148e-03 -5.2395696e-04
 -2.5119055e-03  9.0462891e-03
463667	-0.00755929 -0.00425432 -0.01441314 -0.00159037  0.00537818 -0.01294656
 -0.01380773  0.00429199 -0.03236385  0.01651601
454807	-0.0028336  -0.00603834 -0.02089371 -0.00605104  0.00763447 -0.00047721
 -0.01156207  0.00302049 -0.0102464   0.00764994
570173	-0.00867464 -0.01963557 -0.02324524 -0.00485283  0.00458781  0.00383593
 -0.01479551  0.00233705 -0.00373409  0.00900099
430912	 0.00993812  0.00275443 -0.00382378  0.0004399  -0.00230321 -0.00390184
 -0.00814483  0.00241783 -0.00438687 -0.00411848
80096	-0.00047635  0.00258743 -0.01259076 -0.00459605 -0.00553104 -0.01144702
 -0.00714784  0.00986521 -0.01506695  0.00911187
542530	-0.00708958 -0.01881598 -0.02268572 -0.00556268  0.00483487  0.00207308
 -0.01497123  0.00320471 -0.0054238   0.0104839 
405837	 0.00528163  0.00364953 -0.01820556 -0.00245681  0.00333178  0.00339885
 -0.00409816 -0.00618317 -0.0246705  -0.00303078
426830	-0.00755929 -0.00425432 -0.01441314 -0.00159037  0.00537818 -0.01294656
 -0.01380773  0.00429199 -0.03236385  0.01651601
64739	-4.9281472e-05  7.1334783e-03 -5.7896571e-03 -2.9624852e-03
  1.6939246e-04 -1.1081104e-02 -2.3773529e-03  5.0137131e-03
 -1.0456910e-02  1.0072028e-02
371029	 0.00836673  0.00956812 -0.02406517 -0.00096702 -0.00352294 -0.01017011
 -0.02001474 -0.01572046 -0.01918376  0.01527984
407897	 3.8931125e-03  8.7653026e-03  1.8166373e-05 -4.1529848e-03
 -5.7311202e-03 -8.5135074e-03 -4.5961472e-03 -1.8980822e-03
 -5.2165268e-03 -4.7034249e-04
407898	 0.00865038  0.00371207 -0.00995394  0.0006285   0.00543819 -0.00102682
 -0.00792403 -0.00238776 -0.01848589  0.00178117
270173	-0.00048393 -0.00348359 -0.02496444 -0.0005507   0.00393505 -0.01024029
 -0.00881083 -0.00241011 -0.02368436 -0.00085406
294248	 0.00499264 -0.00652219 -0.00942795  0.00089402  0.00189165 -0.0057163
 -0.00810482 -0.00151926 -0.0038715   0.00234575
287593	-0.00309781 -0.00399584 -0.01578557 -0.00378582  0.00397489 -0.00097644
 -0.01221829 -0.00402259 -0.00366446  0.00371928
88943	-0.00142366 -0.00681351 -0.0191822  -0.00075087  0.00929847  0.00450404
 -0.0062316  -0.00072794 -0.00955926  0.00703292
551796	-0.00450411 -0.00534922 -0.01927359 -0.00588362  0.00167155  0.00205334
 -0.00949455 -0.00494025 -0.00915664  0.00555034
285047	-0.00419617 -0.01170673 -0.02181745 -0.00208847 -0.00453844 -0.00092715
 -0.00846937 -0.00296617 -0.00366139  0.00098947
410492	-0.01968541 -0.00938969 -0.0117906   0.00630361 -0.0118017  -0.00846935
 -0.01772493 -0.00818227 -0.01450128  0.00385226
553348	-1.3982772e-05 -7.6576555e-03 -2.0808423e-02 -4.0833857e-03
  7.1830712e-03 -5.1237815e-03 -8.2225446e-03  1.7954685e-03
 -9.2729311e-03  9.3616359e-03
224648	-0.00210373 -0.00328533 -0.00965807  0.00887327  0.00474945  0.00054586
 -0.00474328  0.00165883 -0.01005141  0.00481812
360331	 0.00138484 -0.0033934  -0.01146904 -0.00624032 -0.0062028  -0.01442105
 -0.00592007 -0.0030114  -0.01638795 -0.00092291
317838	 0.00382317 -0.00383499 -0.00670774  0.00224782  0.00694438 -0.00535523
 -0.00570845 -0.00297838 -0.0074812   0.00701067
229778	-0.0026177  -0.00021181 -0.00015492  0.00119124 -0.00419071 -0.00515163
 -0.00515636 -0.00979424 -0.00809705  0.01029628
288150	-0.00134885 -0.00084793 -0.01559902 -0.0050423   0.00512715 -0.00437613
 -0.01242732  0.00013956 -0.00446408  0.0043501 
542617	-0.00669284  0.00488707 -0.02396888 -0.00628956 -0.00608699  0.00731005
 -0.01891789 -0.01162827 -0.02617803 -0.00720842
418201	 0.00419341  0.00431893 -0.02286604  0.00084739  0.01440222 -0.00488488
 -0.0079868   0.00040891 -0.02932753  0.00285376
267685	 0.00619853 -0.00448203 -0.01352163  0.0024897   0.01006599 -0.00475417
 -0.00758799  0.00317088 -0.01221283  0.00377002
229799	-0.00597577  0.00606771 -0.00309961 -0.00377668  0.00896539 -0.00869431
 -0.00804623 -0.00188231 -0.0120883   0.0095352 
359848	 0.00133623  0.01266802 -0.00922814 -0.00216332  0.0016737   0.00174419
 -0.01000195 -0.00530086  0.00099805  0.00382328
229807	-0.00597577  0.00606771 -0.00309961 -0.00377668  0.00896539 -0.00869431
 -0.00804623 -0.00188231 -0.0120883   0.0095352 
112578	 0.0041425  -0.01400309 -0.01908685 -0.00262405  0.0079087   0.00666364
 -0.00864526 -0.00023447 -0.00792033  0.00698385
411587	 0.00064394 -0.0019014  -0.00920477 -0.00714566  0.00448203 -0.00259712
 -0.00849798 -0.00395959 -0.01516262  0.01272508
411588	-0.00305596 -0.00314716 -0.01230533 -0.00706766  0.00159789  0.00101866
 -0.01001968 -0.00450854 -0.01242766  0.01318058
418310	 0.00914468  0.00604761 -0.01215596 -0.00594218  0.00837201 -0.00800213
 -0.00875218 -0.00824624 -0.02285038 -0.00136839
537548	-0.00422969 -0.00648696 -0.01591256  0.00165184  0.01274826 -0.00132279
 -0.00782801 -0.0027477  -0.00272027  0.0044428 
259917	 0.003275   -0.00369397 -0.00913283 -0.00820073  0.00718259 -0.00200874
 -0.00443116  0.00625778 -0.00240095  0.01059646
287195	 0.00107093 -0.0017973  -0.01342034 -0.00528318  0.00253231 -0.00293527
 -0.01227201 -0.00091536 -0.00631455  0.0072588 
106465	 0.0036461   0.00848511 -0.01610592 -0.00307142  0.00521818 -0.01651817
 -0.01531699 -0.00072222 -0.01481064  0.00726265
337379	 0.00726051  0.00033364 -0.01013079 -0.00805126  0.00895101 -0.01647237
 -0.0046047  -0.00443454 -0.0048729   0.00460403
121834	-0.00804591 -0.00275968 -0.0183977  -0.00535477  0.00183748 -0.00092223
 -0.01208559 -0.00249109 -0.01046355  0.00570689
121836	-0.00389269 -0.00526932 -0.01961373 -0.00279147  0.00650303 -0.00345758
 -0.00786158  0.00306834 -0.01695849  0.00905784
439790	 0.00327446  0.00733234 -0.01061216  0.00336048  0.00606722  0.00384908
 -0.00835252 -0.00566544 -0.01909443  0.00295365
288751	 0.00101928  0.00107705 -0.01539295 -0.00332574  0.00037993 -0.0028826
 -0.00989542 -0.00147882 -0.00454365  0.00069681
31728	 0.00145766 -0.00920953 -0.01118073 -0.01192342  0.00141018 -0.00084573
 -0.0102645  -0.0034621  -0.00585596  0.00197654
304629	-0.00639685 -0.01184159 -0.0242949  -0.00660726  0.00095001  0.00376189
 -0.01275959  0.00218406 -0.00132333  0.00894628
439799	 0.00719685  0.00508151 -0.01790507 -0.00191632  0.00882328 -0.00304432
 -0.01519989 -0.00935335 -0.02660478 -0.00440043
