326147	 0.00132592  0.00062786 -0.00718299 -0.00041294  0.0051103  -0.00737643
 -0.00430491 -0.00158168  0.00289242  0.00481046
459272	 0.00366771  0.0092484   0.00451735 -0.00772985 -0.01167755 -0.01525135
 -0.0059722  -0.00722115 -0.00298927  0.0093493 
307724	 0.00560664  0.00538693  0.00707385  0.00477196  0.00428506 -0.0027512
  0.00185757  0.00314173 -0.00179576  0.00269529
469592	-0.00548282  0.00310357  0.00228984 -0.00070014 -0.0013714  -0.00193507
 -0.00212914  0.00745208  0.00204386  0.0041062 
34323	 0.0013093   0.01414216  0.01420732 -0.00293782  0.00393315  0.00335056
  0.01162383 -0.0127656  -0.00831941 -0.01051997
24089	-0.01169283 -0.00090315  0.01190621 -0.00870454  0.00891801  0.00840221
 -0.01309581  0.00554662 -0.0062472  -0.00289243
513562	-0.00055539 -0.00207986 -0.00084449  0.00155636  0.00341774 -0.00392209
 -0.00847234  0.00363477 -0.00392553  0.00159823
539166	-0.00298676 -0.00139621 -0.00279702  0.00708987  0.00015233 -0.00528044
 -0.00829128  0.01134467  0.00831998  0.00900996
578594	-0.00051301 -0.00378493  0.00080093  0.00653626  0.00578772 -0.004213
 -0.00289631  0.00163976  0.00012822  0.00532303
407075	-0.00128805 -0.00095207  0.0026044   0.00197025 -0.00098906 -0.00195202
  0.00186787  0.00263887  0.00262457  0.00463306
189989	-0.00695177  0.00035234  0.00038259  0.00349977  0.00299969 -0.00292187
 -0.00954587 -0.0059507   0.0024094  -0.00487486
43558	 0.00733988  0.00024811 -0.00315978 -0.00544652  0.001692   -0.00349427
 -0.00673023  0.00323943 -0.0040165  -0.00030737
407093	 0.00432398  0.00148083 -0.00249623 -0.00113738 -0.00904481  0.00163079
  0.00216138  0.00209107 -0.00543971  0.00680412
320054	 0.00065033  0.00140594 -0.00655456 -0.00011595  0.0062186  -0.00642689
 -0.00523952 -0.00092607  0.00387239  0.00553697
74296	-0.00508197 -0.00549047  0.00886582 -0.00414504 -0.00527146 -0.00170439
 -0.018019    0.00805856  0.00192314 -0.0023884 
73825	 0.00200265  0.00825365 -0.01746167  0.00811971  0.00660474  0.00670465
 -0.01707896  0.00649749  0.01532918  0.01154384
337995	 0.00281323 -0.00421756 -0.00090322  0.00160534  0.00095452 -0.00451454
  0.00030794 -0.00016228 -0.00751086  0.00217327
276567	-0.00082065 -0.00411297 -0.00214061 -0.00171174  0.00519973  0.00583075
 -0.00284451 -0.00269004 -0.00633768  0.00256586
426072	 0.00228772  0.00437735 -0.01226836  0.00182355  0.00431325  0.00042418
 -0.01391847 -0.00298802  0.00959708  0.00545824
276577	-0.00013361 -0.00501132 -0.0018352  -0.00051608  0.00283915  0.00619744
 -0.00382944 -0.00602497 -0.00796521  0.00389545
353890	-0.00069083 -0.00249837 -0.00084925  0.00105483 -0.00048121 -0.00387204
 -0.00629203 -0.00282395 -0.0021011  -0.00318296
5732	 0.0071797  -0.0011769  -0.00700949  0.00669354 -0.00122102  0.00051513
  0.0010671  -0.00432172 -0.00324462 -0.00059964
529000	-0.00454431  0.00095252 -0.00474826 -0.0005835   0.00381621 -0.00976889
 -0.01205105 -0.0042106  -0.00327071 -0.00163252
128105	 1.0178447e-03  6.1739027e-04  7.3736015e-04  5.2765186e-05
  5.3361186e-04  4.1014981e-03  9.9389779e-04 -8.1262197e-03
 -2.5706927e-03  6.0906149e-03
149610	-0.00221681  0.00566487  0.0019031   0.00152295  0.00809376  0.00550362
 -0.00430403 -0.00166717  0.00504254  0.00917931
317550	-0.00641763  0.00021128 -0.00456295 -0.00779721  0.00073313 -0.00642832
 -0.00826749  0.00085155 -0.00400191  0.00506869
337519	 0.00350359 -0.00140868  0.00140044  0.00479116  0.0035714  -0.00178596
 -0.00359121 -0.00015149 -0.00459247  0.00480976
397430	 2.8252176e-03 -8.1401627e-04 -4.9219369e-03 -4.2493246e-03
  3.2472404e-04 -5.4204823e-03  1.9985584e-03  8.7273555e-05
  8.9913690e-03  2.2896647e-03
13431	 0.00476675  0.00373337  0.00279555  0.00225695  0.00118974  0.00265544
 -0.0007748   0.0034934   0.00340846 -0.00415266
259711	 0.00367697 -0.00696526 -0.00209036 -0.0020422   0.00440224 -0.00103974
 -0.00317473 -0.00345733 -0.00881824 -0.00133302
373185	 0.00477295 -0.00486518  0.00534233  0.00341365  0.00055208  0.00371489
 -0.00551091 -0.00065485  0.00039663  0.00135949
71324	-0.01169035  0.00185641  0.00207828 -0.00606575 -0.002763   -0.01232506
 -0.01033921  0.00579157  0.0007626   0.00282501
581794	 0.00187619  0.00463768 -0.00257195  0.00430656  0.00861883 -0.00014392
 -0.00328007 -0.00167213 -0.00117365  0.00617683
43683	 0.00299271  0.0050135   0.00310247  0.00204447  0.00367663 -0.00188083
 -0.00410766 -0.00022249 -0.0058283   0.00563953
476843	-0.00716252 -0.00894724 -0.00149765 -0.01100462  0.01305236 -0.01462402
 -0.0003324   0.00162919  0.00045655  0.00806399
356017	-3.9513460e-03 -8.6854286e-03 -2.0997718e-03  2.2125572e-02
  9.6662557e-03 -9.4851137e-05 -7.7707605e-03  7.7831703e-03
 -1.1354827e-02  1.8825188e-02
24756	 0.0017012  -0.00094597  0.00546943  0.00134833  0.00561487 -0.00279703
 -0.00411691  0.00611553 -0.00499675  0.00477878
140469	-5.2842465e-03 -7.3190541e-03 -1.1463035e-02  1.2981784e-05
  3.8775145e-03 -7.2400332e-03 -9.9329399e-03  4.1267928e-03
  3.0448644e-03  1.2876146e-02
62656	 3.8933274e-04 -4.8341608e-05 -5.7381770e-04  5.9596975e-03
  7.9896953e-03 -2.4632323e-03 -3.7108748e-03 -7.6274801e-04
 -3.9150529e-03  5.2337535e-03
359115	-3.5189530e-03 -1.9145742e-03  2.6071677e-04  1.4601406e-03
  9.5231109e-05  2.5662568e-03  1.9588650e-03  1.7372948e-03
 -3.5950674e-03 -1.0740469e-04
276697	-0.00200812 -0.00183733  0.00660886  0.00138949 -0.00160287 -0.00197834
 -0.00816027 -0.01372749 -0.00120245 -0.00116558
219870	-0.00020685  0.00305079 -0.00549365 -0.00216066  0.00715419 -0.01114299
 -0.0071512   0.00474402 -0.00119683  0.00174816
188133	-0.00304497 -0.00203292 -0.00372578 -0.00047951  0.00705463  0.00061633
 -0.00247112 -0.00103675  0.00728564 -0.00210816
236774	-5.9719261e-04  4.1214396e-05 -5.3165155e-03  1.9148561e-03
 -2.2690773e-03 -2.3808570e-03 -2.9738736e-03 -3.8275414e-04
  2.2827419e-03  1.1395481e-03
333042	 0.00243571  0.00179075 -0.00154568  0.00404079  0.0066832  -0.01048342
 -0.00168643  0.00343083 -0.0045907  -0.00098619
500986	-0.00042728 -0.00231889 -0.00571649 -0.00444917 -0.00035975 -0.0020344
  0.0048572   0.00060723  0.00148741  0.00461901
121602	 4.3492657e-03  9.6695395e-03  5.6456546e-03 -7.8160409e-03
  5.9338640e-03  9.8798322e-05 -5.5870274e-03 -1.9958483e-03
 -9.1285392e-04  4.5648403e-03
57092	-0.00773318  0.00733779  0.00497755  0.00545197  0.00478215  0.00532475
  0.00120446  0.00401701 -0.00522857  0.00028126
532233	-0.00781913 -0.01235524 -0.00184571 -0.00495845  0.00989785  0.0005003
 -0.00151326  0.00043239  0.00253396 -0.00595555
28944	-0.00258537  0.00162828  0.00108957  0.00147333  0.00103541 -0.00249978
 -0.00419686  0.00198231 -0.00495722  0.0001986 
302355	 0.00151995 -0.0118277  -0.00011313  0.00186088  0.00246358 -0.00105912
 -0.00058302 -0.00519644 -0.00306664  0.00756587
233241	-0.00141052 -0.00656934 -0.0017329  -0.00193726  0.00515813 -0.00152287
 -0.00190626 -0.0005344   0.00512565 -0.00555541
24347	-0.00350952  0.00422035  0.00219787  0.00571288  0.00118895 -0.00241576
 -0.001628    0.00577699 -0.00423588  0.00661627
529181	 0.00952596 -0.00598016  0.00353552 -0.00680142 -0.0051833  -0.00921916
 -0.00223615 -0.00653127 -0.0013477  -0.00013271
310051	 0.01024978  0.0076385  -0.00170905 -0.00574194  0.00010792 -0.00797913
  0.00038962 -0.01056018  0.01165833  0.01117499
88357	 6.2979507e-04 -3.6822248e-03  1.3294157e-03  2.9449812e-03
  5.3076800e-03 -2.6272018e-03 -2.5161055e-03  3.4944201e-06
 -1.3162770e-03  6.3027614e-03
578855	-0.00125345 -0.00724771 -0.00317838 -0.0026352   0.00188387 -0.00588097
 -0.00684102 -0.00219644  0.00478111  0.00981736
14634	 0.00658244  0.00777425 -0.01015047 -0.01120178 -0.00270519 -0.00390041
 -0.01810299  0.00851582  0.00749902  0.01498084
14636	 0.00207226  0.00233309  0.00159412 -0.00440582  0.00366483 -0.00942654
 -0.00338032  0.00139581  0.0132534   0.00320691
533982	-0.00294526 -0.00483732 -0.00462976  0.00222074  0.00475746 -0.00041659
 -0.00283201  0.00732986 -0.00291218  0.00141862
195387	 0.00411767  0.00488805  0.01366742 -0.00368781  0.00023932  0.01738521
  0.00863624 -0.01121621 -0.01177822  0.01037155
461632	 0.00577952  0.00738849  0.00707395 -0.00807353 -0.00270967 -0.01035749
 -0.00742275 -0.0035127   0.00955305  0.00534465
529223	-0.00203292  0.00279295 -0.00915667  0.0007695   0.00570064 -0.00328514
 -0.00055493 -0.00041923  0.0023529   0.00556418
68426	 0.00445881  0.00156436  0.00283325 -0.00451058 -0.00200415 -0.00576504
 -0.00793783 -0.00257989 -0.00485371  0.00441259
333132	-0.00309666 -0.00074861 -0.00060926  0.00169526 -0.00510405  0.0052126
  0.00167508 -0.00400984 -0.00193409  0.00307411
57165	 2.2488052e-04 -7.8948764e-03  1.8183075e-02 -8.7038628e-05
  5.6532067e-03 -6.5963995e-03 -6.8591381e-03  4.3622446e-03
 -1.4845302e-03  4.1087004e-03
478032	-0.00468215 -0.00190743 -0.00625921 -0.00294181  0.00255385  0.00096389
 -0.00416082  0.00965711  0.00514437  0.00370523
145749	-1.0743556e-04 -1.2178723e-02 -4.3214234e-03  3.5968178e-03
  3.7515291e-03 -2.3463634e-03 -9.4765127e-03 -3.2306649e-05
  1.6787580e-03  1.0191505e-02
245591	-0.0016845   0.00753731 -0.01119522 -0.00234378  0.01283883 -0.01106666
 -0.02198326 -0.01708394  0.00193922  0.01141793
54947	 0.00918184 -0.02802114 -0.01432362  0.00556388  0.00498867 -0.00705232
  0.00585269 -0.00414115  0.00445395  0.01919844
68838	 0.00612571  0.00088719 -0.00096684 -0.01241824  0.010192   -0.00437104
 -0.00586738 -0.01794781 -0.00523352  0.00043718
307557	 0.00266217  0.0056635   0.00205898 -0.00155995 -0.00133655 -0.00535159
  0.00262106  0.00508196 -0.00059202  0.00193157
195961	 0.00340688 -0.00699511  0.00128529 -0.00072393 -0.00549583 -0.00209981
 -0.00050943 -0.00013888 -0.00463512  0.00018914
24443	-0.00165783  0.00108346 -0.00015478  0.00422118  0.00397468  0.00097463
 -0.00470846  0.00131771 -0.00498388  0.00792745
34685	 0.0013093   0.01414216  0.01420732 -0.00293782  0.00393315  0.00335056
  0.01162383 -0.0127656  -0.00831941 -0.01051997
108929	 0.00439387  0.0118494   0.00010938  0.00061851  0.00451559  0.00551466
  0.00582578 -0.00256898  0.0008619   0.00214611
532364	 0.00297627  0.00552908  0.00203015  0.00505719  0.00718553 -0.00088007
 -0.00265625  0.00063107 -0.00509652  0.00560109
34703	 0.00576764  0.00171077 -0.00298416  0.00155671  0.00677657 -0.00983241
 -0.00233639  0.00152661  0.00031401 -0.00084778
65424	 0.00172003  0.00245715 -0.00269767  0.00484419  0.00439401 -0.00053249
 -0.00552428 -0.00085794 -0.00208626  0.00287838
419221	-0.00081555  0.00308154  0.0082682   0.00378261  0.01191047  0.00666951
  0.01044853 -0.0085288   0.00268843  0.00138611
507289	-0.00628374 -0.00267553 -0.00140662  0.00351432  0.00473619  0.00596675
 -0.01086064  0.00324359 -0.00668349  0.00214476
434588	 0.00685898 -0.00217769  0.00814112  0.00463714 -0.00811449  0.00645594
  0.00834666  0.00362407  0.01449108 -0.00482759
47520	 0.00140969  0.00131473 -0.00014186 -0.00250069  0.00252196  0.00042761
 -0.00172879 -0.00379714  0.01130159 -0.00088369
104865	-7.8194651e-05  5.9622261e-03 -6.5303002e-03 -9.6807629e-03
  2.7897765e-03 -5.0330586e-03  1.1252796e-03 -5.9640099e-04
 -5.5184443e-03 -3.1397569e-03
551845	 1.0029611e-03  2.7518293e-03 -3.2470487e-03 -6.7147724e-03
 -1.3065035e-02 -3.0819583e-04  8.4010426e-05  2.1030623e-03
 -2.5993267e-03  8.9007625e-03
324007	-0.00281474  0.00025976 -0.00306942 -0.00388229  0.00785855 -0.00407544
 -0.01024187 -0.00359249 -0.00231408  0.00344292
244142	-0.00149092  0.00237809 -0.00371516  0.00607575  0.00512914  0.00207621
 -0.00416142  0.00423938 -0.00220766  0.00738753
277937	 0.00387477 -0.00765579 -0.00331827  0.0021226   0.01903646 -0.00040038
  0.00253927 -0.00033686 -0.00461324  0.00646046
137149	-0.00034535  0.00445812 -0.0027359  -0.00283331  0.00527477 -0.00089864
  0.00035553 -0.00037584  0.00411299  0.00202044
60832	 0.00904623 -0.0042297  -0.0034451   0.00754626 -0.00319277 -0.00233972
 -0.00155893  0.00778482 -0.0064808  -0.00416628
303949	 0.0017757   0.00044817 -0.00349396  0.00471232 -0.00168632 -0.00455142
 -0.00017332 -0.00182767  0.00299592  0.00137333
158371	 0.0103063  -0.00186732  0.0022344   0.00431223 -0.01070935 -0.00609093
 -0.00236673 -0.00602479 -0.00044671 -0.00029633
353749	-2.4456554e-04 -5.1893992e-03 -7.9588895e-04  3.3633923e-03
  3.8026727e-03 -2.4350481e-03 -4.7783973e-03 -3.3347371e-03
 -6.1044382e-05 -1.4801555e-03
160222	 0.00182048  0.01621452  0.00599624  0.00946825  0.0039289   0.00080855
 -0.00289432 -0.00754006 -0.00565665  0.00350812
457438	 0.0028359  -0.00016063 -0.00075899  0.00114944 -0.00366446  0.00014826
 -0.00460511 -0.00529363  0.00190077  0.01442273
400360	 1.7512206e-03  4.4066571e-03  1.4816931e-03  1.9881586e-03
  1.3680601e-03 -4.3396065e-03  3.2171002e-04  1.4615413e-03
 -3.7926568e-03  1.3791237e-05
139756	 0.0025352   0.00090635  0.00208346  0.00599098 -0.00225704  0.00507962
  0.00060344 -0.00558166 -0.00427933  0.01054635
353779	 0.00321705 -0.00517464  0.00171549  0.00988117 -0.00204035 -0.00151122
 -0.0062657  -0.00285416  0.0003431  -0.00229287
228340	 0.001465   -0.0064946   0.0011481  -0.00431476 -0.00465284 -0.0183533
  0.00062225  0.00784956  0.00085185 -0.00721165
353781	 1.4300813e-03 -3.6787752e-03  3.7748428e-04  1.1649776e-02
 -1.2718261e-03 -2.8804911e-03  9.0731890e-05  5.7416118e-04
 -2.1433843e-04  2.4043841e-03
200182	-0.00607433 -0.00341549 -0.00382129  0.01281451  0.01013546  0.0003386
 -0.00380288  0.00418737  0.00296651  0.00345127
215547	 0.00353631 -0.00121999 -0.002896    0.001674    0.00085302 -0.00705088
 -0.00073739 -0.00696807  0.0005452  -0.00753071
215551	-1.3328437e-03  1.1119922e-04  9.9625229e-04  3.6759458e-05
  2.2053567e-03 -6.6540330e-03 -4.5358669e-03 -2.4425078e-03
  6.6567119e-03 -1.2733984e-03
