83456	-0.0039896  -0.0010955  -0.00750816 -0.01121855  0.00789546 -0.00227454
 -0.00478372 -0.00342971 -0.00544379  0.00065704
190986	 0.00587367  0.00807929 -0.0061792  -0.00578991 -0.00142183 -0.00640749
 -0.00056775 -0.00253005 -0.00476794  0.00682987
208910	 0.00642444  0.00227865  0.00511661 -0.00182137  0.00253977 -0.00782898
  0.00595903  0.00332598  0.00080123  0.00085821
509461	 0.00150429  0.00070839  0.00098494 -0.00159831  0.0046171  -0.00399456
  0.00048903  0.00347308 -0.00285713 -0.00165711
257048	 0.0053054   0.00447996 -0.00085955 -0.00047737  0.0037658  -0.00333244
  0.00020804  0.0017845   0.00107149  0.00788124
230431	 0.00179019 -0.00618751 -0.00171896  0.00205333 -0.00146536 -0.00612938
 -0.00078505  0.00552324  0.0015672   0.00246533
60448	-0.00417124  0.00197509 -0.00794267 -0.00851578  0.00698328 -0.00447738
  0.00133226 -0.00242558  0.00253164  0.00218772
180788	-0.00331822  0.02104247 -0.00620259  0.0006438   0.00192002  0.00709522
  0.0014407  -0.01581901 -0.00236277  0.0066462 
284725	 0.00388931  0.00377089 -0.00502783  0.00400227  0.00290743 -0.0009915
 -0.00185521 -0.00096175 -0.00096619  0.00388229
442441	 0.0063875   0.00590084  0.00269693 -0.003104   -0.00261595 -0.00352262
 -0.00080093 -0.00014992 -0.00269494  0.00139025
403545	 0.00231889  0.00122474 -0.00199988  0.00554341  0.00326871 -0.00112027
 -0.00175648 -0.00156122 -0.00304816  0.00376472
502881	 0.00400892  0.00055719  0.00445764 -0.00413679 -0.00115019 -0.00464689
 -0.00718897 -0.00023967  0.00207751  0.00053422
457324	-9.3377940e-03 -8.0788201e-03 -1.5656507e-03 -1.0803150e-02
 -2.5042749e-03 -2.2945653e-03 -5.8814837e-03 -1.2929215e-03
 -3.3738853e-03 -3.4623579e-05
296558	 0.00222839 -0.0056415  -0.00479994  0.00740834 -0.00369199 -0.00803699
  0.00193009 -0.00561113  0.00235907 -0.00578339
262267	-0.00710445 -0.00735131 -0.00478308  0.00648123  0.00454715  0.00343315
 -0.00446708  0.00332323 -0.00579436 -0.00049269
162666	 0.00462814 -0.00251687  0.01297941  0.00631044 -0.00597112  0.00244767
  0.00559641  0.00349537  0.00407793 -0.00724044
403586	 0.00908143  0.00125602 -0.00156186  0.00591923  0.01060886 -0.00976476
  0.00128733  0.0029179  -0.0057755  -0.0065943 
449669	 0.00506074 -0.00372108  0.00010162  0.00699429  0.00555659 -0.0024231
  0.0056528  -0.00027198 -0.00692652  0.00087614
236396	-2.5290034e-03  5.8922013e-03 -1.0104524e-05 -8.0067478e-03
 -1.9592238e-03  5.7650590e-03 -2.3482114e-03  1.7804794e-03
 -2.2865520e-03  1.2096663e-03
362641	 0.00625924 -0.00407163  0.00034709 -0.00586263  0.00046727 -0.00511682
  0.00696756  0.00769861 -0.00370037 -0.00254373
441508	 0.00220804  0.00766647  0.00314328 -0.00259997 -0.00280048 -0.00384889
 -0.00403375  0.00190112  0.00133137  0.00117058
458609	 1.20697441e-02 -9.41808248e-05 -4.89971135e-03 -3.44242179e-03
 -1.12816016e-03  1.04268715e-02  9.08210315e-03 -8.96279875e-04
  2.59109214e-03  5.34046092e-04
308904	 0.00029092 -0.00031199  0.00485517  0.00834677  0.00264159  0.0094546
  0.01312277  0.0117697   0.00409496 -0.01119028
507565	 0.00445774 -0.00548686 -0.00543949  0.00524732  0.00765086 -0.00770308
  0.00383447  0.00083581 -0.00285947 -0.00499237
520372	-0.0031909   0.00497852  0.00224679 -0.00491077  0.00098548 -0.00289867
  0.00314561  0.00644033 -0.00169567 -0.00404908
441021	-1.2058389e-03 -1.9093713e-03 -3.4960280e-03  1.3742384e-03
 -1.3797276e-03 -6.7902720e-03 -1.0426509e-03  2.5126894e-03
  1.1027594e-05 -3.8912459e-04
441022	 1.7027269e-05 -1.7618876e-03 -2.7604522e-03  2.3893979e-03
  1.8291005e-04 -7.7906428e-03  8.8528453e-05  3.8343077e-03
  5.8949064e-04 -1.1085002e-03
264384	 0.00695336 -0.00189692  0.00200698 -0.00156766 -0.00383502  0.00157779
  0.00597247 -0.0014732  -0.00662003 -0.00062433
242370	-0.00208568 -0.00469072 -0.00372356 -0.00130137  0.00614022 -0.0088419
 -0.00043865  0.00149168 -0.00535271 -0.00107224
138443	 0.00708081  0.02474124  0.0007693  -0.0003275  -0.00131144 -0.01737904
  0.01622047 -0.01347966 -0.0053054   0.00715705
389843	 0.00052262 -0.0026569  -0.00081224 -0.00191364 -0.00302798 -0.00358606
  0.00077535 -0.01032859  0.00321149  0.00095407
57045	 0.00229294 -0.00187943  0.00506342  0.00462019  0.00144387 -0.00591214
  0.00163613  0.00395594 -0.01197884 -0.0051311 
548056	 0.00658338  0.00663785 -0.00264125  0.00112675  0.00465919  0.00765339
  0.00134287 -0.00062097 -0.00030029  0.00060208
490715	 4.0366463e-03  6.9716563e-03 -5.1527186e-03 -8.1891101e-03
  5.6035379e-03 -9.4914671e-05 -7.2474410e-05  1.3748546e-03
 -1.6752828e-04 -1.9877611e-03
292572	 0.00369016 -0.00216842 -0.00868637  0.00449191 -0.00060955 -0.00410039
  0.00054749  0.00421594  0.00152261  0.00123454
138461	 0.00931324  0.00511247  0.00617887 -0.00737395  0.00388711  0.00155199
  0.00154168  0.00749548 -0.00737799 -0.01451001
257763	-0.00734109 -0.0035056  -0.00315654  0.00389716  0.0120511  -0.0050614
  0.00155959 -0.00012823  0.00184395 -0.00432954
183012	 0.00656161  0.00073103  0.00068067  0.0031967   0.00326846 -0.00624189
 -0.00185871  0.00309413 -0.00140689  0.00142035
257254	-0.00046178 -0.00116645  0.00261778 -0.00139125 -0.00282342 -0.00180101
  0.00226649 -0.00437996  0.00154336  0.00173849
147692	-0.00028279 -0.00139885 -0.00549902 -0.00290096  0.00317623 -0.00051668
 -0.00136508  0.00845444  0.00049646 -0.00813667
347889	 0.00316037 -0.00191849  0.00018282 -0.00063616  0.00041956 -0.00876548
  0.00123436 -0.00212143 -0.00384901 -0.00818077
358130	 0.00914814  0.00327534 -0.00424562 -0.00454295  0.00030708 -0.00751675
  0.00544897 -0.00696784 -0.00248306 -0.00598977
97022	-0.00053583  0.01165367  0.00018798 -0.00228187 -0.00283101 -0.00700058
 -0.00077659 -0.00595506  0.00112957 -0.00126369
483072	-0.00037973  0.00466155 -0.0026009  -0.00344372  0.00142131 -0.00811037
  0.0002893  -0.00597067  0.00189557  0.00153985
168193	 0.00243314  0.00148511  0.00234627  0.00396793 -0.00031838 -0.00112899
 -0.001866   -0.0002475   0.00388475 -0.0053739 
307970	 0.00353549  0.00056825 -0.00212628 -0.01000466 -0.00135581 -0.00673508
  0.00088731 -0.01242641 -0.00416851 -0.00109891
318213	-0.00299905 -0.00812822 -0.00498025  0.00768771  0.00324527  0.000156
 -0.00045606  0.00301001 -0.00903883  0.00304404
404235	 0.0088532   0.00156395  0.00234166 -0.00208557 -0.00312823 -0.00587175
  0.01085917  0.00045334 -0.00172296 -0.00122802
417555	 0.0030516   0.00203381 -0.0027367   0.0017889  -0.00072216 -0.00919495
  0.00396325 -0.00119657 -0.00138481 -0.00250041
181524	 0.01235064 -0.0116683   0.0125871   0.01355912 -0.00165349 -0.00971262
  0.00848341  0.00409685  0.00567196 -0.00184414
491294	 0.00080161 -0.00775941  0.00019828  0.00461411 -0.00337872 -0.00470997
  0.00830769  0.01150613 -0.00056426  0.00584728
133924	 0.00017628  0.00601074 -0.0037811  -0.00136038  0.00582741 -0.0007907
  0.0045401   0.00330418 -0.00198382 -0.00384276
163111	 0.00403505  0.00640934 -0.00347172  0.00362273 -0.00193833 -0.00498503
  0.0071584   0.00221158 -0.00744342 -0.00353952
183592	-0.00039843  0.00559262 -0.00457976  0.00092231  0.00760583 -0.00169209
 -0.00204274 -0.00754419 -0.00282008 -0.00039067
438061	 0.00260029 -0.00585803  0.00098901 -0.00286601 -0.00020442 -0.01133324
  0.00332176  0.00060231  0.00427372  0.00682182
317743	-0.00294122 -0.00584985 -0.00673769  0.00778844  0.00359184  0.00055093
 -0.00360178  0.00328407 -0.00730216  0.00381957
277832	 0.00086444  0.00083411 -0.00439593  0.00022171  0.00333529 -0.00090687
  0.0017827  -0.00097837 -0.00234491  0.00015047
491339	 0.00211028  0.00160118  0.00016421  0.00119088 -0.00216454 -0.00664528
  0.00302853  0.00278363 -0.00070781 -0.00845333
77650	-0.00562134  0.00079041  0.00195226  0.00831619  0.00745037 -0.01351393
  0.00416983 -0.00435336  0.00113561 -0.00215436
231251	-0.00579357  0.00766571 -0.00997189 -0.00589755  0.00566023 -0.00292266
  0.00336882 -0.00589864 -0.00288939 -0.00146462
151382	-0.00100724  0.00479475  0.00485776  0.00232974  0.00076035 -0.00554988
  0.00613255 -0.00352478  0.00273243  0.0021735 
142685	 0.00160854  0.00099627  0.00630274  0.00652798 -0.00083288 -0.00761682
  0.00767925  0.00343444 -0.0038636   0.00198379
188266	 0.00448448  0.00641682  0.00680581 -0.00071478 -0.00842258 -0.00498832
  0.00618448  0.00557163 -0.00276696 -0.00485071
487276	 0.00093415 -0.00202145 -0.00859011  0.01555003  0.00454725 -0.00529882
 -0.00099338  0.00488684  0.00525543 -0.00531162
425325	 0.00358469 -0.00391856 -0.00492137  0.00334083 -0.00023461 -0.00336729
  0.00350627  0.00194939 -0.00288324 -0.00058016
162671	 0.00462814 -0.00251687  0.01297941  0.00631044 -0.00597112  0.00244767
  0.00559641  0.00349537  0.00407793 -0.00724044
146289	 0.00160114  0.00302304  0.0076859  -0.00127372  0.00372939 -0.00716849
 -0.00023839 -0.00224981 -0.00272795 -0.00472846
505202	 0.00896604  0.0043976   0.00687945  0.00862432  0.00492502 -0.00361659
 -0.00488832  0.00971947 -0.00203076 -0.00200392
239995	 0.00091518 -0.00127486 -0.00610957 -0.00398743  0.00472354 -0.00368145
 -0.00039449 -0.00246462 -0.00451724 -0.00128712
401788	-0.00233344 -0.00208636  0.00057467 -0.00211202  0.001666   -0.00079409
  0.00089725 -0.00612924 -0.00097481 -0.00262822
483715	-0.00029484  0.00457433  0.00028003 -0.00291144  0.00552282 -0.00515248
 -0.0192671   0.01258923 -0.00330299 -0.0088179 
277893	-0.00018294 -0.00391171 -0.01190153 -0.0017767   0.00527625 -0.00208306
  0.00079633 -0.00316348 -0.00245581  0.00010976
463761	 0.0010492  -0.0062999   0.02072473 -0.0057937  -0.01367451  0.00034789
  0.0094358   0.00982691 -0.00818938 -0.00900295
41874	 0.00345829  0.00117615 -0.00266306 -0.00020827  0.00170111  0.00107655
  0.00140741  0.00254754  0.00099922  0.00292355
227231	 7.0959767e-03  4.2860513e-03  4.3082386e-03 -8.4003914e-05
  4.2756572e-03 -8.5346419e-03  1.0572374e-05  5.6513553e-03
  9.0177981e-03  1.4453665e-04
504738	 0.0138898   0.0104427  -0.00633432  0.00216517  0.00178452 -0.00705287
  0.00547238 -0.00238549 -0.0031549  -0.00316536
408491	 0.00566917 -0.00162418 -0.00241705  0.00436679  0.01114568 -0.00338032
  0.0012215   0.00215272 -0.00302294 -0.00376891
224174	-0.00137047  0.00112983  0.00066163  0.00716696 -0.00102489  0.00366431
  0.00349794  0.00081465  0.00228435  0.00293968
248249	 0.00290666  0.00478195 -0.0023347   0.00064845  0.00142184 -0.00563801
  0.00250349 -0.00299977 -0.00151284 -0.00096622
504735	 0.01527031  0.00730971  0.00102429 -0.00243476  0.00397645 -0.00828176
  0.00527013 -0.00082984  0.00278473  0.00335172
385474	-0.00404415  0.001739   -0.02131087 -0.01024832 -0.01327574 -0.00229951
 -0.0079496  -0.00921872  0.00575823 -0.01283472
385475	-0.00404415  0.001739   -0.02131087 -0.01024832 -0.01327574 -0.00229951
 -0.0079496  -0.00921872  0.00575823 -0.01283472
177607	-0.00346651  0.00393246 -0.01492732 -0.00285578  0.00498317 -0.00120839
  0.00368618  0.00025613 -0.00456605  0.00358787
549323	 0.00477085  0.0006434  -0.00422461  0.00509644  0.00415106 -0.00239918
 -0.00530095 -0.00278143 -0.00111008  0.00968786
19919	-0.00540654 -0.00043694 -0.00084723 -0.00334303 -0.00170836 -0.00491664
  0.00384516 -0.00765909 -0.0013366  -0.00558686
146903	 0.00540359  0.00243171  0.00157252 -0.00240722 -0.00225838 -0.0054565
 -0.00186323 -0.00445707  0.00526739  0.00054986
469978	 0.00467479 -0.00097678 -0.00744956  0.00470878 -0.00451095 -0.00368009
  0.00191571 -0.00169371 -0.00160347 -0.00231476
175580	-0.00070369  0.00316316  0.00604989  0.00656429 -0.00136199 -0.00355206
  0.00518559  0.0006047  -0.00423224  0.00252903
554465	-9.5334079e-04 -1.9595828e-03 -7.6272441e-03 -2.2665961e-03
  3.0653127e-03  1.4323450e-06 -1.0007477e-04 -1.8340384e-03
 -3.3277173e-03  1.7379901e-04
294883	 0.00017352  0.00086191 -0.00058034  0.00145842 -0.00031524 -0.00121293
  0.0031147   0.00324488 -0.00083572 -0.00197136
369125	 2.7374723e-03  7.9549327e-03  4.9425759e-03 -2.3433641e-03
  4.3945406e-03 -5.0625387e-03  5.2545118e-05  1.0640210e-03
  6.7948382e-03  5.3763860e-03
380902	 0.00163721  0.00425266  0.00234897  0.00304798  0.00025412 -0.00309698
 -0.00644353 -0.00122725  0.00146861  0.00274501
487404	 0.0032531   0.00254814  0.01537289  0.01105868 -0.00145764 -0.02295913
 -0.01554506 -0.0227589   0.01047309 -0.00432766
21160	 0.00850524 -0.00892331 -0.00698663  0.0015618   0.00737194 -0.00853122
 -0.00271304  0.00496964  0.00220139 -0.00982089
218614	 0.00710973 -0.00818504 -0.0005146  -0.00658649  0.00647699 -0.00318339
  0.01003601  0.0020159  -0.00332662  0.0005057 
471419	 0.00040013  0.00597762 -0.01074434 -0.00622819  0.00074426 -0.00544924
  0.00153037 -0.00500922  0.00100352 -0.00034708
