45578	-0.00314736 -0.00471488 -0.0129468  -0.00182659  0.0055613  -0.00453082
 -0.00873414  0.01143912  0.00891356  0.00230045
329739	 0.00042906 -0.00119139 -0.00402919 -0.00476154  0.00338095 -0.00445892
 -0.00028455 -0.00521367  0.00523114  0.00850233
45580	-4.9145366e-03 -3.7624463e-03 -9.4316583e-03 -7.9950169e-03
  8.0295037e-03 -4.8681395e-03 -2.9435521e-03 -4.7701029e-05
  4.6343515e-03  7.0938971e-03
56336	 0.00146425  0.00799913 -0.00092971 -0.00547425  0.00348468 -0.01008269
  0.00285026 -0.00641231  0.00098218  0.00395025
142873	 0.00232506 -0.00470998 -0.00264236 -0.00076859  0.00365954 -0.00795383
 -0.00289567  0.00458177  0.00490242  0.00277569
316955	-0.00567272 -0.0005648  -0.00828812 -0.00029011  0.00391436 -0.00537765
 -0.00229805  0.00626682  0.00224126  0.00019014
408095	-7.3097944e-03 -6.3344315e-03 -8.3353911e-03 -4.2301607e-03
  1.4356360e-03 -1.1135485e-02  3.1557640e-03  5.3437483e-03
  9.4121527e-03 -1.9883702e-05
176676	-0.00373559  0.00176061 -0.01136223 -0.0063062   0.00645406 -0.01293001
 -0.00360134  0.002956    0.00049543  0.00644423
25638	 0.00273991  0.00780217 -0.01606317 -0.01534115  0.01293124  0.00446436
 -0.00985431 -0.00116352  0.00978639  0.00854328
388650	 0.00341785 -0.00216516 -0.00359711 -0.00275728  0.00190254 -0.00463913
 -0.00080629  0.00144115  0.00800545  0.01208239
472650	-0.0004598   0.00212501 -0.00776294 -0.00489649  0.00098988 -0.00328667
 -0.00626576  0.00305263 -0.00033202  0.00873906
341068	 0.00485439 -0.00480679 -0.00684429  0.00129531  0.00536588 -0.00733116
 -0.00063134 -0.00286866 -0.0002111   0.00865951
157775	-0.00225559 -0.00606972 -0.01221126 -0.00406695  0.00706783 -0.00224308
 -0.00565972  0.00786026  0.00156872  0.00338776
193124	-0.00110055  0.00108379 -0.01645355 -0.01082448  0.00749951  0.00308535
 -0.00095835 -0.01311378  0.02186393  0.00885306
193125	-0.00637682 -0.01244919 -0.01519506  0.00785972  0.00311689 -0.00812112
 -0.00126804  0.01008235  0.00717324  0.00644607
467049	-0.00607554 -0.00063753 -0.01043194  0.00109904  0.00152308 -0.00596368
 -0.00412494  0.00069391  0.00336702  0.00302808
392300	-1.02210175e-02  3.85654205e-03 -6.32126490e-03  9.37093981e-03
  4.07305080e-03 -1.20072747e-02  4.82352807e-05 -3.43835936e-03
  7.64583051e-03  6.08437229e-03
201331	-0.00954161 -0.01349725 -0.00843648  0.01113483 -0.00195567 -0.02128075
  0.00062672  0.00388146  0.01971249  0.00426867
521321	 0.00659556  0.00683112 -0.01237957  0.00031555  0.00054936 -0.00578276
 -0.00899715 -0.00222212 -0.00297575  0.00418185
578685	-0.0031548   0.0049368  -0.01009713  0.00064209  0.00209369 -0.0133576
 -0.00041033 -0.00144073  0.00576609  0.00348216
107137	-0.00169518  0.00117082 -0.00815855 -0.00292668  0.0043885  -0.0121009
 -0.0068293  -0.00022656  0.00198879  0.00627218
347278	 0.00488108 -0.00096393 -0.00613884 -0.00321871  0.00721049 -0.01273179
  0.00307875  0.0026583   0.00636093  0.00803442
1679	-0.0007358  -0.00320178 -0.00721494 -0.00189955  0.00697409 -0.0051498
  0.00188006 -0.00476965  0.00509096  0.00541141
57490	-4.1344643e-05 -8.7566245e-03  1.7449124e-03 -1.8763229e-03
  1.0244514e-02 -7.6947142e-03 -1.7262488e-03 -6.6132033e-03
  6.9891582e-03  4.6118693e-03
295582	-0.00267407  0.00341261 -0.01129411  0.00157577 -0.00242968 -0.00807371
 -0.00519657  0.00066699  0.00546673 -0.00149348
103076	-0.00334235  0.00307982 -0.00868483 -0.00026791  0.00411823 -0.01559197
  0.00027294  0.00153001  0.00054886  0.00848879
264875	-0.00294366 -0.00048104 -0.01146533 -0.00456414  0.00293869 -0.00201473
 -0.00563708  0.00208512  0.01208387  0.00319354
345962	-0.01239779  0.00873916 -0.02210931  0.00244578 -0.00211498 -0.01944932
 -0.00261354  0.00208674  0.01713499 -0.00318017
285871	-0.00200216  0.00495939 -0.01271319  0.00476813 -0.00088747 -0.00522621
 -0.00950614  0.00315326 -0.00274123  0.00901638
576178	-0.00218421 -0.00326227 -0.01005906 -0.00223038  0.0058158  -0.00916713
 -0.0010654  -0.00090464  0.00367639  0.0094984 
44731	-0.00529016 -0.00661587 -0.01412501 -0.00378727  0.00677942 -0.00951005
 -0.0050062   0.00159434  0.00832627  0.00105189
60098	 0.00190341 -0.00137961 -0.00175937 -0.00558566  0.00547787  0.0003222
  0.00070503 -0.00272928 -0.00116772  0.00958266
479939	-0.00668164  0.0015247  -0.02355201  0.00431298  0.00314509 -0.00642017
  0.00096729  0.00376156  0.01653844  0.00461668
456902	-0.00156981 -0.01590105 -0.00969945  0.00454431  0.00050957 -0.00762418
 -0.00541524  0.01175594  0.00747181  0.00526903
296136	-0.00087582 -0.00531671 -0.00951861 -0.00077301 -0.00130433 -0.00728382
 -0.00468745  0.00604868  0.00398108  0.00436072
296137	-0.0019815  -0.00753831 -0.00784363  0.00185446 -0.0048548  -0.00618951
 -0.00662619  0.00421955  0.00391296  0.00303522
296138	-0.01184253  0.00041033 -0.01587549 -0.00172074 -0.00171067 -0.01086008
 -0.00457427  0.00449438  0.0088992   0.00116776
207991	-0.0098326  -0.00096623 -0.01366912 -0.00332758  0.00699538 -0.0095367
 -0.0053148   0.00312763  0.00066808  0.00283135
553167	-0.00479323 -0.00696384 -0.01398483  0.00182361  0.00332072 -0.0131218
 -0.00510225  0.00257137  0.00122333  0.00446627
63697	-0.0132459  -0.00805308 -0.00945811  0.00131755 -0.00136645 -0.00568786
 -0.00822512  0.00866126  0.00493179  0.00745935
495320	-0.00754317  0.00926501 -0.01652432  0.00052656  0.00078779 -0.01631109
 -0.00396425  0.00580035  0.02100132  0.0002744 
28377	 0.00924609 -0.00237591  0.01087408 -0.00675417 -0.00641422 -0.00651239
 -0.01580877 -0.00290188 -0.0034075  -0.00724404
461021	-0.00648069 -0.01142406 -0.00344665 -0.00060863  0.00596916 -0.01214787
  0.00043498  0.00678933  0.00718997  0.00733719
434981	-0.00952702 -0.00363448 -0.00785088 -0.01673056  0.01140627 -0.01244225
  0.00063523  0.00180142 -0.00454367 -0.00452391
472809	-0.00598901 -0.00353454 -0.00930888  0.00058796  0.00314717 -0.00969545
 -0.00111352  0.00292363  0.00450368  0.00759297
63727	-0.00419007  0.00156287 -0.0119695   0.00262307 -0.00314154 -0.01120204
 -0.0023301  -0.00263671  0.00780088  0.00660545
480499	 0.00350101 -0.00721386 -0.00889584  0.00201337  0.00405947 -0.00882146
  0.00285544  0.00016396  0.01196053  0.00716585
493301	-2.6845519e-05 -3.4900375e-03 -9.9401847e-03  5.5579743e-03
  2.2799841e-03 -1.3994762e-02 -9.9602912e-04  2.2511515e-04
  1.0810619e-02 -1.1117921e-03
7931	-0.0046821  -0.01298056 -0.01955374 -0.00450767 -0.00051576 -0.00107263
 -0.00444501  0.00778981  0.00406069 -0.00011248
229631	-0.00781766 -0.00688555 -0.00747828  0.0048055   0.00208265 -0.00669913
 -0.00372734  0.00454217  0.00836847  0.00254402
204041	-0.00242118 -0.00628405 -0.00619633  0.00146599 -0.00230154 -0.00285774
 -0.00072667  0.00587971  0.00505819  0.0003607 
112908	 0.00210727 -0.0056068  -0.0076759   0.00159461  0.00366551 -0.00012876
  0.00423772 -0.00114474  0.01015729  0.0062039 
537872	-0.00246337 -0.00765554 -0.00916985  0.00308431 -0.00251362 -0.00789287
 -0.00190178  0.00262023  0.00548231  0.00223444
558353	 0.00063725 -0.00241892 -0.01133743  0.00274596  0.00012281 -0.00453989
 -0.0061066   0.00115008  0.00086744  0.00390044
347410	 0.00273991  0.00780217 -0.01606317 -0.01534115  0.01293124  0.00446436
 -0.00985431 -0.00116352  0.00978639  0.00854328
511256	-0.00018063  0.00020161 -0.01279529 -0.00226031  0.00213521 -0.01048761
  0.00516065 -0.00346186  0.00864719  0.00557759
100122	-0.00301602 -0.01732908 -0.01097519  0.00830723 -0.0047519  -0.01157276
  0.00565246 -0.00051569  0.02230986 -0.00416407
143134	-0.00525849 -0.00250973 -0.01359508 -0.00428288  0.00707453 -0.01508697
 -0.00149759  0.00448039  0.00285553  0.00455768
269604	-0.01208717  0.00464065 -0.02324168 -0.00043644 -0.00641479 -0.0177174
 -0.00108402  0.00462948  0.01782269 -0.00555342
174373	-0.00728961 -0.00058688 -0.01218125  0.00170669 -0.00442194 -0.01092651
 -0.00454364  0.00030021  0.00547579  0.00466769
492332	-0.00174592  0.00191598 -0.0066559   0.00082222  0.00207347 -0.01193783
 -0.0034455   0.00052969  0.01176701  0.00266119
236847	 0.00087688 -0.00745639 -0.00428097 -0.00226154  0.0095447   0.00139381
  0.00422189 -0.00318688  0.00166622  0.00769639
28976	-0.00194636 -0.00689456 -0.00417824 -0.00334127  0.00208784 -0.00159976
 -0.00586917  0.00666157  0.00500565  0.00709935
246578	-0.00779348 -0.00100036 -0.01271262 -0.00104078  0.00521475 -0.00992203
 -0.00254543  0.00451037  0.002397    0.00654585
272691	 0.00200697 -0.0033513  -0.00597887  0.00104901  0.00334954 -0.00587209
  0.00654415 -0.0035332   0.0041742   0.00774278
527685	-0.00673438 -0.00168638 -0.0152954   0.00136146  0.00300683 -0.01029441
 -0.00900611  0.00444636 -0.0010826  -0.00063595
537931	-0.00192022 -0.0035802  -0.00260465  0.00223281 -0.00300499 -0.00975941
  0.00346494  0.00210831  0.0080893   0.00702187
543054	 0.00346125 -0.00158922 -0.00817187 -0.00541498  0.00466903 -0.00488168
  0.00304959 -0.00474313  0.00437355  0.01293523
184145	 0.0004792  -0.00256628 -0.00664477 -0.0028916   0.00943132 -0.00494716
  0.00467642 -0.00464852  0.00702513  0.00994309
21336	 0.00389801 -0.00259163 -0.00703579 -0.00502297  0.00286702 -0.00589449
  0.00169508  0.00684756 -0.00316215  0.00345402
22370	-0.00817074 -0.00749507 -0.01081606 -0.00120814  0.00065597 -0.00586749
 -0.00115165  0.00155298  0.00840231  0.00382625
532838	-0.00331614 -0.00080642 -0.00695428  0.00296426 -0.0004988  -0.00687684
 -0.00176025  0.00304956  0.00636652  0.00318935
474986	-0.01134429  0.00181675 -0.01729629 -0.00112211 -0.00647671 -0.00962175
  0.00025279  0.0056158   0.01560872  0.00191365
345963	-0.01239779  0.00873916 -0.02210931  0.00244578 -0.00211498 -0.01944932
 -0.00261354  0.00208674  0.01713499 -0.00318017
542573	-0.00529016 -0.00661587 -0.01412501 -0.00378727  0.00677942 -0.00951005
 -0.0050062   0.00159434  0.00832627  0.00105189
238446	-0.0018843   0.00198687 -0.00646361 -0.00716709  0.00089622 -0.00020705
 -0.00275013  0.00498693  0.00434633 -0.00013292
474991	-0.00537357 -0.00636679 -0.01609151  0.00184932  0.00100854 -0.00694633
 -0.01107673  0.00722262  0.00136028  0.00206416
329587	-0.00197033 -0.00264704 -0.00993431 -0.00182857  0.00770875 -0.01119638
  0.0013369  -0.00342045  0.00675839  0.00966322
73080	-0.00373559  0.00176061 -0.01136223 -0.0063062   0.00645406 -0.01293001
 -0.00360134  0.002956    0.00049543  0.00644423
323461	-0.00401031 -0.00081643 -0.00693351  0.00084594  0.00460497 -0.00288607
 -0.0003877   0.00261834  0.0034091  -0.00367506
63374	-0.00957838 -0.00041308 -0.01585234 -0.00161795  0.00147172 -0.01405885
 -0.00959276  0.00571777  0.00995147 -0.0008982 
405903	-0.00119515  0.00473861 -0.01177104 -0.00587955  0.0052636  -0.00361346
 -0.00418613 -0.00255783 -0.00316514  0.00937868
78753	-0.00159162  0.00074761 -0.00394019 -0.00047381  0.00401168 -0.00449295
  0.00157248 -0.00029663  0.0058335   0.01082485
213411	 0.00119458 -0.00656628 -0.01475182  0.00655387  0.00370495 -0.0170296
  0.00040629  0.00357021  0.00861573 -0.00206723
576420	 0.00132275 -0.00788953 -0.00924497 -0.00392938  0.00728418 -0.00973667
  0.00701173  0.00200529  0.00871503  0.00947205
304552	-0.0041698  -0.00442121 -0.01616886 -0.00100771  0.0058507  -0.0181731
 -0.00414435  0.00638809  0.00560847  0.00422641
52657	-0.00162371 -0.00679496 -0.00829132  0.00181289  0.00761907 -0.00586124
  0.00213335 -0.00607565  0.0052857   0.01183932
176563	-0.00487524 -0.00852134 -0.01502476 -0.00364943  0.00982424 -0.00153641
 -0.01035806  0.00346167 -0.00019551  0.00082605
133567	-0.00427279 -0.00185743 -0.01151685 -0.00200156  0.00165371 -0.00256824
 -0.00020173  0.00044128  0.00444436  0.00723034
160706	 5.6380162e-04  8.6965032e-05 -4.6366798e-03  4.6453980e-04
  2.8536213e-03 -2.6067151e-03  1.5506827e-03 -1.7198753e-04
  6.2817419e-03  7.1007353e-03
542659	-0.00788269  0.00443327 -0.01232169  0.01163433 -0.00056866 -0.00603367
 -0.01314278 -0.00103777  0.00306327  0.0073483 
270792	-0.00262529 -0.00014088 -0.00628061  0.00112069  0.00041096 -0.00634198
  0.00071551  0.00254829  0.00577388 -0.00144438
580559	-0.00923228 -0.00110596 -0.0100163  -0.00936908  0.00353051 -0.00255151
 -0.00740098  0.00247187  0.00800589  0.00059611
286627	 0.00114472 -0.00252282 -0.01167476 -0.00305071  0.00433088 -0.00761471
 -0.00258722  0.00809076  0.00596169  0.0027686 
213461	-9.5700221e-03 -8.1372913e-03 -1.1142667e-02  4.7729881e-03
 -6.0639852e-03 -7.6639154e-03 -6.7246263e-04  1.0124408e-02
 -5.1184707e-05  6.1703594e-03
213412	-0.00882179 -0.00559138 -0.01572694 -0.00260356  0.00702847 -0.01066318
  0.00504606  0.00713723  0.00023826  0.00772293
376288	-0.00881848 -0.00673656 -0.00903543  0.00656554 -0.00730665 -0.01103157
  0.0049526   0.00558175  0.00950257  0.0103563 
309731	-0.00693744  0.00068322 -0.00310445 -0.00026484  0.00774184 -0.00529855
  0.00014679 -0.00169522  0.00937197  0.00379716
578541	-0.00304766  0.00022007 -0.00749586 -0.00319357  0.00843878 -0.01228677
 -0.00263755  0.00027972 -0.00049551  0.0029714 
124398	-0.00439196 -0.00920849 -0.0054201  -0.0010755  -0.00404692 -0.00448555
  0.00284671  0.00050555  0.00185932  0.00986187
365552	-0.00360424 -0.00786353 -0.01105809  0.00359645  0.00426394 -0.01697109
 -0.00190251  0.00638174  0.00965371  0.00836635
21247	-0.00133266 -0.01504131 -0.00899283  0.0003955   0.00324312 -0.0116317
  0.0015487   0.00587072  0.00587112  0.00534461
49661	-0.00400787  0.00022661 -0.00675422  0.00052992  0.00476531  0.00018331
  0.00170715  0.00079755 -0.00021568  0.00213316
178687	-0.0055372  -0.00614225 -0.01271166 -0.00785663  0.00644985 -0.00810696
 -0.00748006  0.00045762  0.00809508  0.00176992
