193541	-0.00908603  0.01588254 -0.00648171 -0.00736946 -0.01274289  0.00286954
 -0.001366    0.01019803 -0.01304545  0.00610295
13321	-5.8344009e-05  2.6564189e-04 -3.8625705e-03 -2.8559088e-03
 -4.7671744e-03 -3.5657315e-03 -8.0110729e-03  1.9196287e-03
  1.0633431e-03  6.0977945e-03
457226	 0.00353023 -0.00318395  0.00480079  0.00302243 -0.00279995 -0.00312836
  0.00103506 -0.00252892  0.00318675  0.00314341
159757	-0.00539476 -0.00501747 -0.00083426 -0.00157609 -0.00027072  0.00082558
 -0.0074003   0.00947608 -0.00329473  0.00841356
118800	 0.00108758 -0.00112274  0.00042312 -0.00378365  0.00206818  0.00292401
  0.00040815  0.00510388 -0.00408332  0.00109685
13400	-0.00034739  0.00296182 -0.00527735 -0.00199444 -0.00637339 -0.00429244
 -0.00921611  0.00288448  0.00055386  0.0091579 
547638	-0.0056575   0.00242826 -0.0204189   0.00184863  0.00365732 -0.00612214
 -0.01413647  0.02263385  0.01070855  0.01045678
211482	-0.00730672 -0.00544576  0.00746089 -0.00136546 -0.00347885  0.005142
  0.00489122  0.00823386 -0.00040855  0.01075899
48670	-1.3542240e-03 -6.2353546e-03 -1.6713287e-03 -7.2673596e-03
  6.0569863e-03 -1.6315736e-02 -8.2093934e-03  3.9402928e-04
  8.4457060e-05  5.8970298e-03
242208	-7.0698317e-03  5.2548037e-03 -1.9938890e-03 -3.4939852e-03
  1.7490732e-03  3.7390112e-03 -3.1551870e-03  1.1210092e-03
  2.7793172e-05 -6.7814989e-03
62498	 0.00860907 -0.00177798 -0.00577235 -0.00440138 -0.00362264 -0.00161883
 -0.00769604 -0.0040811   0.00149172  0.0033474 
159807	-0.00302497 -0.00343172 -0.0005966  -0.00207626 -0.00170934  0.00329547
 -0.0023144   0.00448567  0.00095363  0.00774187
133184	-0.00056643  0.00360775 -0.00190971 -0.00988246 -0.00732435 -0.00274686
 -0.01014973  0.0001958  -0.01011449  0.00965521
189507	 0.00190309  0.00611666 -0.00614894 -0.00237626 -0.00768417 -0.00121661
  0.00770688 -0.00381397  0.01048941 -0.00405837
129462	 0.00970046 -0.00270955  0.00023686  0.00256358  0.00259353  0.00681561
 -0.01899789  0.00699801  0.00240893 -0.00700841
310455	-0.00626661 -0.00503531  0.00047812 -0.01400636 -0.00281443 -0.00224504
 -0.01973815  0.01178743  0.00324287  0.0066076 
580176	 0.00770865  0.00882586  0.00120432  0.00400776  0.00234036 -0.00495974
 -0.0064021   0.00260003 -0.00242119  0.01212313
45144	 0.00110281 -0.00187301 -0.00208317 -0.00216789 -0.00053386  0.00710069
 -0.01387659 -0.00199708 -0.00421723  0.0086712 
334607	 0.0105106  -0.00341611  0.00214111 -0.00178729 -0.00509391  0.00305417
 -0.0136199  -0.00035407 -0.00532159  0.00727979
353376	-0.00060348 -0.00610125  0.00033136 -0.01202576  0.00347574 -0.00103669
 -0.00240092  0.00726385  0.00487719 -0.00197633
142954	-0.00169287 -0.0036423  -0.0029325  -0.00094545 -0.00301243 -0.00157203
 -0.00471741  0.00435968 -0.00095546  0.00054103
312427	-0.01126089 -0.01215112  0.00745881 -0.01434176 -0.00473374 -0.00969036
 -0.00399371  0.01665291 -0.00299234  0.00292579
91764	-0.00771036  0.00122819 -0.00327334  0.00553236 -0.00875656 -0.00625217
 -0.00591163  0.00691896  0.00329543 -0.00458146
62070	 0.00956186  0.00045653  0.00072372 -0.01813697 -0.01433102 -0.00126141
  0.01385848 -0.00193673  0.01226252  0.00828782
303223	-0.00036249 -0.0024535  -0.00097105 -0.00175842  0.0038127  -0.00252114
 -0.00708825  0.00264783 -0.00480823  0.00241067
364152	-1.1128839e-03 -4.9323379e-03  5.6962483e-05 -9.1806371e-03
  1.8692929e-03 -4.1372454e-04  7.5797909e-03  3.0592850e-03
 -1.0436173e-02  6.2053888e-03
15487	 0.00059551 -0.00091704 -0.00348283  0.0085308  -0.00362174 -0.00045827
 -0.00364174  0.00527427  0.00035602  0.00583525
97411	 0.00302902  0.01041431  0.00401701 -0.00437752  0.01254187  0.00665847
 -0.0111828  -0.00189429 -0.01019948  0.0107618 
332936	-4.6998677e-03 -1.0822120e-03 -5.4526026e-03 -2.0114139e-03
 -2.7895498e-03  2.8168794e-03 -1.9951090e-03  5.8016210e-04
  1.3886802e-02 -7.0223265e-05
5769	-0.0045674   0.00471097  0.00079821  0.00961892 -0.00412788  0.00150617
 -0.00684574  0.00058377 -0.00831494  0.00418418
88206	-0.01788335 -0.00253123  0.00445838 -0.01332496  0.00415666  0.00762454
  0.0030964   0.00162838 -0.00111482  0.00154147
251535	 1.0419826e-03  3.2879245e-03 -2.5433332e-03  1.0975795e-02
 -5.6914412e-03 -4.7769230e-05 -2.7804589e-03 -1.5043837e-03
  1.2825082e-02 -2.2978638e-03
534829	-0.0033118  -0.00468646 -0.00562036  0.00393779 -0.00455179  0.00017268
 -0.00203669  0.00480032 -0.00507473  0.00022081
173207	 0.00402223  0.00146182  0.00073566  0.00011087 -0.00320608 -0.00212173
 -0.00580143  0.00517393 -0.00451257  0.00645506
444613	-0.00524839 -0.00360825 -0.0074752  -0.00103997  0.00133988 -0.00361578
 -0.01003085  0.0116072   0.00196185  0.00363851
88224	 0.00064463  0.00116291  0.00206614 -0.00148422  0.00326261 -0.00047887
 -0.00490008  0.00438866  0.00147431  0.00346143
354977	 0.00199584 -0.00481148  0.00215455 -0.00411388  0.00192036 -0.00847267
 -0.00355504 -0.00464205  0.01407556  0.003422  
337573	 0.0044214  -0.00089824 -0.00341965 -0.00326069 -0.00586289 -0.00053502
 -0.00709669  0.00440692 -0.00128814  0.00249312
42158	 8.5971365e-04  3.0728215e-03 -4.2114984e-03  2.1982506e-04
 -1.5261774e-03  1.8689118e-03 -2.4910022e-03  7.1596606e-03
  4.1506570e-05  7.8975724e-04
271542	-0.00118075  0.00678874  0.00103377 -0.00636613 -0.00476332  0.00647053
 -0.00409589  0.00696196  0.00511498 -0.00108309
562871	-0.00294632 -0.00260781 -0.00901344 -0.00482588 -0.00067245 -0.00190292
 -0.0054379   0.00233855  0.00330689  0.0012117 
130238	-0.00049248 -0.00145631  0.00031156 -0.00614277 -0.00799124 -0.00208776
 -0.00550324  0.00517499 -0.00213118 -0.00237956
45251	 0.00409297  0.01205418  0.00389589  0.00313072 -0.00433092  0.00528693
 -0.00557091 -0.00411256 -0.00267692 -0.00227982
251077	-0.0040684  -0.00147097  0.00298116  0.00453479 -0.00484863 -0.00802848
 -0.00057629  0.01788268  0.00163555 -0.00471141
114375	-0.00267277  0.00934254 -0.00219669 -0.00595989  0.00158677  0.00551456
 -0.0118518   0.00051661 -0.00523783 -0.00244567
315085	 0.00119484 -0.00570753 -0.00511565  0.0010156  -0.00190263  0.00079636
 -0.0053397   0.00167584 -0.00677304  0.00367021
133330	 0.00743818  0.0014909  -0.00405657  0.02286364 -0.00745951 -0.02030572
 -0.0099232   0.00180996 -0.0077137   0.00130087
203988	-0.00077695 -0.0014309   0.00592432  0.00518726 -0.01129199 -0.00772077
 -0.0008246   0.00039059 -0.00387742 -0.00123794
406752	 0.00488363 -0.00055602  0.00215722  0.00262169  0.00312578 -0.00621914
  0.0051817  -0.00035611 -0.007761   -0.0038638 
228577	 0.00098675  0.00695431 -0.00853075  0.0028504  -0.00926195 -0.00193062
 -0.01349425  0.00744336  0.00399837 -0.00265855
513766	 1.7563709e-04  4.8495005e-04 -5.8970009e-03 -9.1033929e-05
 -3.5759646e-03  5.0383696e-04  2.2355302e-03 -3.9203162e-03
 -5.3396351e-03 -6.9702434e-04
362217	-0.00035385  0.0058936  -0.00687296 -0.00418301 -0.00206523 -0.00244139
  0.0026025   0.00670542 -0.0023612   0.00302347
415988	-0.00222926  0.00072409 -0.0026765   0.0029874  -0.00541442  0.00870474
 -0.00413005 -0.00246035  0.00788588  0.00330321
87798	 0.00025254 -0.00065451  0.00180026 -0.00304567 -0.00122713 -0.00567798
  0.0016451   0.00072096  0.00302228  0.00353659
114427	-0.00054888  0.00329154 -0.00111466 -0.01644522  0.00642955  0.00029224
  0.00154143 -0.00109069 -0.00256077 -0.00066737
563466	-0.00652089 -0.00170888 -0.00466429  0.00162021 -0.00488317 -0.00144113
 -0.00157988  0.00114205  0.00189634  0.00171295
366351	-0.00741772 -0.00922259  0.00090399 -0.01953288  0.0093162  -0.00400513
 -0.01360886  0.00168235 -0.00613863 -0.0016395 
360208	-1.0328912e-02  7.1216491e-03  1.0261771e-03  4.1299259e-06
 -1.8052252e-03  4.0651723e-03 -3.0567937e-03 -4.3061967e-03
 -2.2418755e-03  5.1727090e-03
243474	-0.0009145   0.00051719  0.00173418 -0.01173118 -0.0042835  -0.01090736
  0.00155757  0.00048421  0.00250099  0.00870052
255763	 0.00522029  0.00783204 -0.0032583  -0.00861465 -0.009431   -0.00218061
 -0.00751309 -0.00038467 -0.00970502  0.01113571
440596	 0.00232053 -0.0025818   0.00691699  0.00468554 -0.00645014 -0.00220424
 -0.00170546 -0.00037588  0.00252627  0.00484425
416021	 0.00133715  0.00250686 -0.00091645 -0.00019392 -0.00131182 -0.0036424
 -0.01154271 -0.00229884 -0.00158051  0.00582382
312311	-0.00082595  0.01003371  0.00145877 -0.00210261 -0.01196116 -0.01035492
  0.01202621  0.01636033 -0.01754075 -0.00423783
507674	-0.00704677  0.00042149 -0.00189373  0.00378835 -0.00034621 -0.0040722
 -0.00186329  0.00890028  0.00015166  0.00588952
36125	 0.00280524  0.00256929 -0.01098332  0.00725133  0.00974904 -0.00859157
 -0.00314072 -0.00138554  0.00656578  0.01046226
484644	 0.00251169  0.00126584 -0.0069903   0.00094201  0.00290719 -0.00258306
  0.00328013 -0.00459273 -0.00367986  0.00021133
458023	 0.00407768 -0.00442118 -0.00179104  0.00029881  0.00616478 -0.00327013
 -0.00969075  0.00481228  0.00580687  0.00525401
66861	 0.01276777 -0.00238422 -0.00342739 -0.00975815 -0.00905013  0.00497288
 -0.00521029 -0.00780873 -0.01442777  0.00443054
190088	-0.00274479  0.00516951 -0.00112443  0.00371507 -0.0071864  -0.0039963
 -0.00429081 -0.00258894 -0.00219425 -0.00462583
510771	 0.00340866 -0.00302665  0.00210079  0.00394263 -0.0041561  -0.00755133
 -0.00807157  0.00320457 -0.00120874 -0.00266806
285494	-0.01038158  0.00277751  0.00581126  0.00989574 -0.0009754  -0.00353071
 -0.00307528  0.00459685  0.00186059  0.01110966
89406	-0.00158303  0.00310653 -0.00332134  0.0098257   0.00631207 -0.00525149
 -0.00603552  0.00946694  0.01022087  0.00316868
68418	 1.0065549e-02 -9.9864883e-05 -2.7729780e-03 -6.3226195e-03
 -5.5752140e-03  5.4302979e-03 -9.8077608e-03 -5.2124108e-03
 -5.2457969e-03  4.8974673e-03
439109	 3.5139425e-03 -1.1544694e-03  4.9681339e-04  2.0222424e-03
 -3.7321835e-03  3.7398909e-03 -5.0640665e-03 -4.4348184e-05
  4.9729426e-03  1.1894807e-02
461638	-0.00955069 -0.01595516 -0.00791168  0.0043627  -0.00539086 -0.00160008
  0.00581844  0.00128997  0.01344888 -0.00148134
490316	 0.00664588 -0.00497162 -0.00035766 -0.0026144   0.00564517  0.00087551
 -0.00164715 -0.00699262 -0.00116354  0.00415053
208730	 0.01436881  0.00116137  0.00914543  0.00560942 -0.00660602  0.00569159
  0.00919917 -0.00894536 -0.00148848  0.01315273
157022	-0.00048718  0.00698345  0.00169919 -0.00389423 -0.0077925   0.00333599
  0.00256133  0.00972569 -0.00335545  0.00493801
463078	 0.00543161 -0.00300293  0.00434781 -0.00473252  0.00148508 -0.00026212
 -0.00542475 -0.0023091  -0.00914593  0.00568547
466153	 0.00397988  0.00116027  0.00311386  0.01506608 -0.01187071  0.00037209
 -0.01161668 -0.01088805 -0.00326814  0.02980115
232852	 0.00515784 -0.01963227 -0.00053494  0.00648531  0.00181744  0.02274185
 -0.02278272  0.00397711  0.00363613  0.01226963
532346	 0.00040591  0.00208114 -0.00172289 -0.00321397 -0.00510606 -0.0034724
 -0.00687971 -0.00291598 -0.00101734  0.0030122 
86402	-3.0775724e-03 -6.1849895e-04 -6.8001356e-03 -3.5567454e-03
 -2.5167766e-03  2.0122132e-04 -4.2996538e-04  7.3788971e-07
 -5.1576766e-04 -1.7453633e-03
313219	 0.00145334  0.00402906 -0.00271244 -0.00119894  0.00278782  0.00076688
 -0.00505933  0.0025231  -0.00275927  0.00433704
86414	-3.0775724e-03 -6.1849895e-04 -6.8001356e-03 -3.5567454e-03
 -2.5167766e-03  2.0122132e-04 -4.2996538e-04  7.3788971e-07
 -5.1576766e-04 -1.7453633e-03
414095	 0.00043573  0.00296589 -0.00997977 -0.0056806  -0.00941913  0.00121643
  0.00086677  0.00020022  0.00250168  0.00197639
61328	 0.00645514 -0.00321038 -0.00347522 -0.00132271  0.00323584 -0.00746515
 -0.00844392  0.0006129   0.00586599  0.00436875
272788	 0.00809968  0.0038997   0.00252698  0.00125637 -0.01135175 -0.00791111
 -0.01565132 -0.00548792 -0.00701559  0.00301312
134039	-0.00460934 -0.00202214  0.00172359  0.00249276 -0.01453802 -0.00504527
 -0.01073279 -0.01208782  0.00236798  0.00630275
312222	-0.00378645 -0.0016304  -0.00338275 -0.0050583  -0.00898816 -0.00438943
 -0.00625449  0.00802905  0.00191187  0.00457291
298403	-0.00290071 -0.00220615 -0.00061847  0.00239874  0.00650201 -0.00537912
 -0.01271743 -0.00796575  0.00984316  0.00431198
94123	 0.00245125 -0.00184398  0.00488618 -0.00201387 -0.00093458 -0.01170809
  0.00423351 -0.00158318  0.00813669  0.01682933
313262	 0.00676964  0.00950495 -0.00185724 -0.00137636  0.0009153   0.00278117
 -0.00098734  0.00144345 -0.00059192  0.0012236 
32690	 0.00280524  0.00256929 -0.01098332  0.00725133  0.00974904 -0.00859157
 -0.00314072 -0.00138554  0.00656578  0.01046226
541620	-0.00215251  0.00266825 -0.00640992 -0.00374234  0.0015491   0.00684054
 -0.00237123  0.0035531   0.00161097 -0.00149641
317366	 0.00410748 -0.00115301 -0.00369454 -0.00271678 -0.0001643  -0.00028192
 -0.0052211   0.00067465  0.00076794  0.00119696
464318	-0.00397519  0.00829068  0.00391917  0.00290268 -0.00536284  0.00529349
 -0.00591195  0.00201673  0.00397262 -0.00963044
253375	 0.00076734 -0.00217551 -0.02005243  0.01126074 -0.00299294 -0.00234269
 -0.00511762 -0.01880085  0.00352775  0.00455905
490435	 5.4668076e-03 -4.2333049e-03  1.6088287e-03 -2.1388551e-04
 -4.6411445e-03 -1.0533974e-03 -5.5064531e-03  3.8533643e-05
  4.0845992e-04  1.7877899e-03
54217	 0.00302232  0.00492216 -0.00251685 -0.00514172 -0.0054211   0.00624891
 -0.00069247 -0.00896394 -0.00349721 -0.00140032
479179	-0.01980933 -0.00183917  0.00723941  0.00442968 -0.00840228  0.00867795
 -0.00676288  0.00768012 -0.00234156  0.01274461
33234	 0.00280524  0.00256929 -0.01098332  0.00725133  0.00974904 -0.00859157
 -0.00314072 -0.00138554  0.00656578  0.01046226
90584	-0.00369548 -0.00843966 -0.00596661 -0.00298992  0.00272283  0.00458558
 -0.01438475  0.0107126  -0.00714444  0.01014172
232924	-0.00558902 -0.01150421 -0.00132055  0.00096903 -0.00630712 -0.00055346
 -0.00549627 -0.00026416 -0.00224059  0.00648593
72162	-0.00809167 -0.00046265 -0.00247315 -0.001162    0.00487481 -0.00185101
  0.00210291 -0.00669457  0.00566071  0.00179948
383462	-0.00839504 -0.00845616 -0.01008944 -0.00733966 -0.00377788 -0.01215745
 -0.00152182  0.00982464  0.01329513  0.01354688
240118	 0.00125411 -0.00923455 -0.00288124 -0.00033768 -0.00719461 -0.00606926
 -0.00465626  0.0049473   0.00267662  0.0015524 
391159	 0.0076514   0.00339098 -0.00291548 -0.00165633 -0.00845254  0.00460258
 -0.01041608 -0.0076304  -0.00396422  0.00642228
102911	 0.00666982 -0.00118152  0.00292883 -0.0020216   0.00547301 -0.00483984
 -0.00597728 -0.00010795 -0.00465767  0.01082954
