337921	 0.00066826  0.00067148 -0.0103075  -0.00586884  0.00244368 -0.01048809
 -0.00305904  0.00153831  0.00641961  0.00132177
73730	-0.00384934 -0.001083   -0.00954596 -0.01312685 -0.00660856 -0.01646465
  0.00377545 -0.00272837  0.00230867  0.00563725
272387	-0.00739483  0.00571452  0.00086801 -0.01123218 -0.00205578 -0.00671244
 -0.00066982  0.00351605 -0.00743041  0.00841197
506372	 0.00298724  0.00660169 -0.00303801 -0.00541211  0.01016624 -0.00536846
 -0.00384176  0.00978799  0.00092865  0.00702064
192012	 0.00265856 -0.0026323  -0.00645697 -0.00572641 -0.00019631  0.00460272
  0.01093682  0.01129565  0.0036382  -0.00473206
9746	 0.00299669  0.00562336  0.01320977 -0.00425601  0.0057772  -0.000959
 -0.00913205  0.0004945  -0.00333305  0.00076201
2088	-0.00810798  0.0008232   0.00310136 -0.00191843  0.00384765  0.00133291
  0.00373985  0.01527    -0.00113599  0.00845248
576558	-0.00091444  0.00995584 -0.00808995  0.00254823  0.01064356 -0.00766557
  0.00081827  0.00252579 -0.0062581   0.01221193
41013	 0.000592    0.0033826   0.00929208 -0.00570228 -0.01170352 -0.00099259
  0.00068038  0.00871134  0.00837808 -0.00115925
54	-0.00227584  0.00424903  0.00564886 -0.00827755  0.00193428  0.00541431
 -0.00334936 -0.00152845 -0.00499348 -0.00133548
43576	-0.01139202  0.00764335  0.00844934 -0.00881312 -0.00126577  0.00268865
  0.00380592  0.00809645 -0.00294783  0.0080095 
94278	-0.00395731  0.00102637  0.00486684 -0.0048104  -0.00212424 -0.00540727
 -0.00102716  0.01190121 -0.00247453  0.01045467
238177	-0.00598875  0.00509549 -0.01015168 -0.01030253  0.01114128 -0.0032542
 -0.00355016  0.01365791 -0.00011938  0.00726317
357900	-0.0072811   0.0045876   0.00849293 -0.00271977  0.00262197 -0.00323337
 -0.00039921  0.00322485  0.00733721  0.00791893
462410	-0.00528601  0.00173401  0.00274467 -0.01140685  0.00067517 -0.00299261
 -0.00263354  0.00524617  0.00055593  0.00589286
292940	 0.00335804  0.0005708  -0.0012635  -0.00350699  0.00728956 -0.00893335
 -0.00287928  0.00722284  0.00753201  0.00835244
158807	 7.29941879e-04 -8.52622092e-04 -5.77615248e-03 -1.49793625e-02
  4.50783809e-05 -4.59588307e-04 -3.22589721e-03 -3.57074570e-03
 -6.89604180e-03  5.91636589e-03
25689	 0.02127562  0.04382282 -0.02236903 -0.00421472  0.01436266 -0.00202382
  0.03687228  0.01080965  0.00436119 -0.00987438
359009	-0.00484487  0.00089939 -0.00548924 -0.01410527  0.0055852  -0.01461069
 -0.00141901  0.00544018 -0.00778462 -0.00812636
385124	-0.01743773  0.0069513   0.00459712 -0.002399    0.01149293 -0.00163627
 -0.00424291  0.00030891  0.00621528  0.00810927
173159	-0.00961463  0.00315454 -0.00132936 -0.01189632  0.00969693 -0.00808513
 -0.00281091 -0.00103738 -0.00785267 -0.00075052
446072	 0.00305834  0.00344284 -0.0045443  -0.00847363  0.00846164 -0.0041795
 -0.00227332  0.01454549  0.00497273  0.00575015
508537	-0.00332525  0.0085687  -0.00890866 -0.01733218  0.00924413 -0.00892183
 -0.00302719  0.00262461 -0.01194364 -0.00093415
248960	-0.00201258  0.00229157 -0.00320608 -0.00849552  0.00097881  0.00145553
 -0.00456156  0.00413535 -0.00278908  0.00767439
47560	 0.00814011  0.00271288  0.00295542 -0.00026656 -0.0120292   0.00085585
  0.00406287 -0.00131927 -0.00235148 -0.00255817
216196	 0.00161795  0.00159166  0.00334827  0.00116765  0.00496613 -0.00518895
  0.00031938  0.00637931  0.00113767  0.01010876
564873	-0.00877296  0.00606239 -0.006821   -0.01844208  0.00078072 -0.01358142
  0.00082879  0.00199525 -0.00558454  0.00107817
274581	-0.00507469  0.00626813 -0.00643817 -0.01806874  0.00272938 -0.01579499
 -0.00754957  0.003783   -0.01454373  0.0046111 
472215	 0.00107752  0.00457172 -0.00203859 -0.00446758  0.0012924  -0.00227028
  0.00425786  0.00390351  0.00454529  0.00320566
62109	-0.01389832 -0.01673849 -0.00785987 -0.01446902 -0.00127226  0.00107427
 -0.01882591  0.01548002 -0.00708052 -0.00257122
13987	-0.00331962 -0.00508057 -0.00146337 -0.00269846 -0.00202478 -0.00085664
 -0.00904256  0.00191367 -0.00208428  0.00356137
168100	-0.00171737 -0.00598558 -0.0137953  -0.00767171  0.00790266 -0.01026757
 -0.0075087   0.00249625  0.00562373  0.01523242
465573	-0.01920472  0.00023611 -0.00457598  0.00193224  0.00964789  0.01191092
 -0.00080661 -0.00276417 -0.00434503  0.00608586
124591	-0.00171768  0.00054875 -0.0025695  -0.01795124 -0.00464192 -0.00512904
 -0.00558003 -0.00012104 -0.00467878 -0.00074853
569032	-0.00135099  0.00656851  0.0022143   0.00011233  0.00580934 -0.00878133
 -0.0079527  -0.01714114 -0.00574247 -0.00089257
191670	-0.00230855  0.00634746 -0.0070746  -0.01335041  0.00531382 -0.00352966
 -0.00317591  0.00406188 -0.00566757  0.00216915
385207	-0.00773465 -0.00220164  0.00693589 -0.0135619   0.00812755  0.00163386
  0.00325464  0.01160375 -0.00274902 -0.00057458
385210	-3.1928143e-03  1.9451204e-03 -5.2533434e-03 -9.5166760e-03
  3.4705343e-04 -4.4256947e-03  3.0092227e-05  7.7198432e-03
  4.2393189e-03 -1.5423713e-03
245953	-0.00474719 -0.00185579  0.00547992 -0.00627733 -0.00517451 -0.00492109
  0.00411191  0.00032216 -0.00362208  0.00689571
455368	-0.00237763 -0.00853661 -0.01163524  0.01174519 -0.00018517 -0.00760449
 -0.00966903 -0.01456832  0.00292888 -0.00543891
63689	-0.00143338 -0.00143341  0.00561326 -0.00815181  0.00199044 -0.00128925
 -0.0065587  -0.00271715  0.00081664  0.00359856
102092	-0.00928315  0.00552778 -0.00137764 -0.01710234  0.00423241  0.0001079
 -0.0002926   0.00769187 -0.00337881  0.00151393
156365	-0.00593958  0.00773329  0.00293299 -0.00892393  0.00723628 -0.02698838
 -0.00876187  0.00156072 -0.00348382  0.0129162 
195789	 0.00440797  0.00037075 -0.00023425  0.00232646  0.00327249  0.00624701
  0.0010307   0.00444379  0.00178381  0.00362877
50297	 0.00278883  0.00099245 -0.00773603 -0.00406178  0.00244885 -0.00594621
 -0.00414526  0.00454658 -0.00110999 -0.01078719
465116	-0.00334011  0.00427128 -0.00093188  0.00221798  0.00465757 -0.00419773
 -0.00445838  0.00991512 -0.00590565 -0.0032601 
266974	-0.00108905 -0.00026668  0.0038854   0.00150299  0.0019933   0.00296233
 -0.00223021 -0.00219266 -0.00639782  0.00559204
385247	-0.01394001  0.00135306  0.00441313 -0.00685512  0.00208536 -0.00035114
 -0.00489978  0.00061031  0.00589087  0.00659245
217312	 0.00033885  0.00391304 -0.00568437 -0.00613697  0.00482774 -0.00394567
  0.00429213  0.00472279  0.00688914  0.00519525
557288	-0.00634252 -0.00426599  0.01255325 -0.0206025   0.01006482 -0.00700228
  0.00302602  0.00204539 -0.00828053  0.00180286
2290	-0.00327753  0.00489703 -0.0059491  -0.00544829  0.00330558 -0.00177631
 -0.00201406  0.00185934 -0.00858671  0.00813039
327929	-1.4254500e-03  9.4341366e-03 -6.8510966e-03 -1.1247083e-02
 -8.9537047e-05 -1.5260622e-02 -3.1828887e-03  2.3234398e-03
 -1.0776999e-02  3.2746994e-03
106746	 0.00348566  0.00308696 -0.0019342  -0.01290581  0.01187071 -0.00169805
 -0.00176304  0.00911675 -0.00971226 -0.00023192
434942	-0.00034975  0.00894621 -0.00924719 -0.00938903  0.0094782  -0.00876267
 -0.00127823  0.01213733 -0.00351632  0.00099348
21973	 0.00546174 -0.00161972 -0.00147827 -0.00542662 -0.00029993 -0.00319887
  0.00209289  0.00875848  0.00078674  0.00469279
403926	-0.00252606  0.00293387 -0.00195356 -0.00796948  0.00833781 -0.00085147
 -0.00276388  0.01142989 -0.00281969  0.0054642 
100114	-0.00166357  0.00235465 -0.01379498 -0.00852692  0.0022665  -0.00017034
 -0.00274379  0.00764007  0.00500829  0.00136709
381203	-0.01494102  0.00969143 -0.00675524 -0.00158785  0.0015439   0.00201645
 -0.00027924  0.01358407  0.00273755  0.01106125
403734	-0.00793586  0.0132968  -0.0148117  -0.00076083  0.00960695 -0.00673427
  0.00438529 -0.00083655  0.00128304  0.00978974
381211	-0.00236614  0.00909738 -0.00583412 -0.00167299  0.00699706 -0.00078837
 -0.00018296  0.00806835  0.00072117  0.01674717
18716	 0.00249114  0.00413542  0.0026125  -0.00760849 -0.00185631  0.00096155
 -0.00594305  0.00745659 -0.00246319 -0.00166666
304928	-0.00636295  0.00240762 -0.00432231 -0.01590472  0.01352882 -0.01064347
  0.00072594  0.01008077 -0.00725615  0.00508812
498977	-0.00024266  0.00741082 -0.00148813 -0.00301349  0.00492529 -0.00738347
 -0.00255471 -0.00135401  0.00544327  0.00239291
530731	-0.00193007  0.00273618 -0.008568   -0.00268954  0.00146283  0.0027646
 -0.00299055  0.00596558 -0.00122067  0.00093166
529202	-0.00462013  0.0046519  -0.00178555 -0.00895322  0.0044973  -0.00057476
  0.00041143  0.00482213 -0.00091609  0.00139049
10974	-0.00305807  0.0062364   0.00203272 -0.00738734  0.00534419  0.0070104
 -0.00278112  0.00195944  0.00224782 -0.00207217
280117	-0.00307584  0.0037049   0.00031035 -0.01455454  0.00024687 -0.00988863
 -0.00177698  0.00724361 -0.00863483  0.00111257
64321	-0.00179532  0.00263141  0.00152758 -0.00895725 -0.00527389 -0.00865183
  0.00210276  0.00588867 -0.00327258  0.00322649
534340	-9.3619255e-03  5.4685874e-03 -2.9916042e-05  2.5838513e-03
  9.1475639e-03 -1.7267511e-03  2.1477558e-03  3.8676704e-03
  4.2394577e-03  4.1062743e-03
435526	-0.00438404  0.00326662 -0.00069155 -0.00866241  0.00124192 -0.00070897
  0.00223465  0.00776933  0.00061636  0.00450371
529740	-0.00800085 -0.00041197 -0.01198946 -0.00208273  0.00601499  0.00078204
  0.00171082  0.0011097  -0.00107813  0.00979821
44378	-0.00200218  0.00285203  0.00390659 -0.00794506 -0.00044041  0.00067429
  0.00034077  0.00451833  0.000753    0.00372787
68956	-0.0026603   0.00116939 -0.00390282 -0.0141798   0.00400274 -0.0063928
  0.00663194  0.00063664  0.00151317 -0.00064511
527207	-0.00171494  0.00458016  0.00085947 -0.00926394  0.01340276 -0.01069168
 -0.0052342  -0.00023424 -0.00329804  0.00167991
44393	 4.7466564e-03  2.0494098e-03 -5.7375536e-04  1.9019867e-03
 -1.0048200e-02  3.7009562e-03  9.8553290e-05  1.4577926e-03
 -7.2670588e-03 -2.1577107e-04
195816	-0.00221291  0.00884642  0.01325179 -0.00327322 -0.00243963 -0.00081243
  0.00315775  0.00925475 -0.00303213  0.00268015
530802	-0.00675124  0.00740039 -0.008914   -0.01295915  0.00776467 -0.00829058
 -0.00539874  0.00536397  0.00272944  0.0076637 
291701	-0.00615591  0.00174689 -0.00795275 -0.00800917  0.00126898 -0.00640668
 -0.0054707   0.0021264  -0.00296418  0.0060426 
422275	 0.00010857  0.00596322 -0.00553466 -0.00328368  0.01071504 -0.00397458
  0.0035608   0.01385339  0.00341003  0.00538846
581956	-0.0002447   0.00515522  0.00390482 -0.00280516 -0.00817872  0.00676016
 -0.01391909  0.0055639  -0.00358848  0.00454815
23964	 0.00038028 -0.00469541 -0.00168389 -0.00565957  0.00219369 -0.01134323
 -0.00589679  0.00155403  0.00292429  0.00416373
7582	-0.00187539  0.00778364  0.00240711 -0.00952389  0.00184365 -0.00590258
  0.00038882 -0.00132252 -0.00272309 -0.00114164
251810	 0.00387169 -0.00160405 -0.00722301  0.00171993  0.00459084 -0.00611727
 -0.00114266  0.01002024  0.00849281  0.01199008
391076	-0.0019058   0.00200689  0.00609312 -0.01221346 -0.00488971 -0.0022511
 -0.00049804  0.00588753 -0.00533173  0.00267427
186950	-0.000376   -0.00097413  0.00623514 -0.00599188 -0.00013715 -0.0004896
  0.00025163  0.00222534 -0.01066272  0.01300437
64937	-0.00145663  0.003142    0.00055502  0.00130817  0.00361843  0.00117572
 -0.00121198  0.00452209  0.00031422  0.00640628
357812	-0.00423103  0.00300861  0.00207433 -0.00324937  0.00628625 -0.00789747
  0.00234742  0.00951182  0.00526805  0.00276318
187829	-0.00424484  0.00798211 -0.00541126 -0.01148809  0.00686297 -0.01648776
 -0.004791    0.00686259  0.00651078 -0.0075192 
252344	 0.00718204  0.00114057  0.00039492 -0.01085693 -0.00377513 -0.00648558
  0.00119253 -0.00193637 -0.00503458 -0.00045057
102329	-0.00261622  0.00152663 -0.00029243  0.00205717  0.00581092  0.00433844
 -0.00089801  0.00545842 -0.00222869  0.0054877 
520124	-0.00854898  0.00117202 -0.00481977 -0.00977693  0.00046309 -0.00457166
  0.00011638  0.00319568 -0.00373937  0.00425342
291263	-6.12267107e-03 -9.96355084e-05 -1.14364345e-02 -1.22025125e-02
  7.23666698e-03 -3.30804149e-03 -1.99715199e-04 -1.63508565e-04
 -1.64684129e-03  4.59761871e-03
118720	-0.0025331   0.00171046  0.0019115   0.0032856   0.01059754 -0.00301009
  0.00705315  0.00215571  0.00060335 -0.0055915 
118726	-0.00709214  0.002557   -0.00092237 -0.01368688  0.00675602 -0.0068042
 -0.00150966  0.00114276 -0.00247946  0.00533032
403912	-9.4806110e-06  3.2113260e-03  4.4313590e-03 -7.0401947e-03
 -6.7898459e-03  3.9477628e-03 -1.1798974e-02  3.3140967e-03
 -1.7009546e-03  2.5238227e-03
74828	-0.01035104  0.00325913 -0.00577295 -0.01026333 -0.00144889  0.0017993
  0.00039833  0.00548683  0.00257915  0.00352459
502218	-1.1453371e-03  8.8862563e-03 -1.0331153e-03 -7.4240393e-03
 -6.3690350e-05 -6.3676592e-03  6.4872351e-04  1.0393291e-02
 -9.3048476e-03 -9.2801696e-04
139728	-0.0071748   0.00442082 -0.0063091  -0.00897044  0.00485356 -0.0052663
 -0.00153348  0.00966159 -0.00048977  0.00676327
330197	 0.00767656 -0.00429366  0.00057782 -0.00254146  0.00190676 -0.0030938
  0.00351518  0.00647927  0.00599219  0.00647902
237014	 0.00506103 -0.00109185 -0.00607861 -0.00193299  0.00296207 -0.0044908
 -0.00320071  0.01344426 -0.00159296  0.00063365
265695	-0.00688822 -0.00023759 -0.00878265 -0.00389689  0.00364499 -0.00483228
 -0.00229627  0.00807354 -0.00283054  0.0042947 
384992	 0.00069728  0.00515313 -0.00676097 -0.00283977  0.00569603  0.00031764
  0.00066609  0.00558156  0.00323615  0.00443271
163300	-0.00519182  0.00256429  0.00082554 -0.00396562 -0.00166086 -0.00653391
  0.00744297  0.01136149 -0.00771182 -0.00171463
40934	-0.0016573   0.01298075 -0.00136339  0.00023554 -0.00151332 -0.00372426
  0.00675055  0.00931384  0.00235979 -0.00539165
74218	-1.7395343e-03 -2.2178127e-03  3.3431209e-03  3.2409159e-03
  2.5446081e-05 -6.0126097e-03 -1.1000840e-03 -6.5375736e-04
  2.1968575e-03  1.0165759e-02
74736	 0.00050085  0.00465727  0.00311016 -0.00898407 -0.00915414  0.00364208
 -0.0099323  -0.00442026 -0.00015735 -0.01574936
237555	 4.3861166e-04  2.9834455e-03 -7.0894305e-03 -5.7157325e-03
 -3.6668656e-03 -1.6985252e-04 -6.3347841e-05  5.3095338e-03
 -4.5078686e-03  3.3731959e-03
395256	 0.00202117 -0.00675102  0.00476501 -0.01016792  0.00060464 -0.00179434
  0.00045795 -0.00082586 -0.00611557  0.00510657
506367	-0.01246508  0.00309666  0.0039538  -0.01000197  0.00768799 -0.00419882
 -0.00272473  0.00902644 -0.00041795  0.0049817 
