312841	-0.00233223  0.00069857 -0.00805997 -0.00559718  0.00372644 -0.00028245
 -0.00433083 -0.00606229  0.00346165  0.00651733
317450	 0.01018744  0.00502167  0.00187187 -0.0022872  -0.00184733 -0.00798833
 -0.000269   -0.00205926 -0.00484973  0.00715733
332300	-0.00280736 -0.00053439  0.0028836  -0.00206411  0.00254522 -0.00054476
  0.00359444  0.00184287 -0.001295    0.00395193
471572	 0.00025327  0.00273338 -0.00673579 -0.00309531 -0.00400443  0.00686304
 -0.00510253  0.00419655 -0.00543725 -0.00947803
26136	 0.00989868 -0.00307136 -0.01082547 -0.00481846  0.00246124 -0.00311059
  0.00117835 -0.00236984  0.00480082  0.00766876
281115	-3.6727008e-04 -3.9807321e-03  1.1098442e-02  9.5345684e-05
  3.0566489e-03 -6.5970246e-04 -5.2576768e-03 -6.6783447e-03
 -8.1307990e-03  1.1147679e-02
228385	 0.00160026 -0.00438077  0.00113299 -0.00107023  0.00086696 -0.00166333
 -0.00077898  0.00140451  0.00494539  0.00350131
480298	 0.00194028  0.00366009 -0.00266354 -0.00030677  0.00490137 -0.0036933
 -0.00261434 -0.00498108  0.0023983  -0.00015981
3122	 0.0039122  -0.00037908  0.00155766 -0.00340097  0.00213654  0.00777269
 -0.01052847 -0.00128522 -0.00132805  0.00290668
236597	 0.00403255 -0.00253626  0.00612978 -0.00340682 -0.01087516  0.00665177
  0.00215536 -0.00406283 -0.00825395 -0.00101812
355337	 0.01471104 -0.00434588  0.00333938 -0.01276246 -0.00446795  0.00032516
  0.00665125 -0.00714861  0.00807254  0.01092825
534586	 0.00579857  0.00825865  0.00238355 -0.00546868  0.00694401 -0.00136762
  0.00405977 -0.00586058 -0.00284274  0.00349433
518753	 0.00244229 -0.00189284  0.00657384  0.00473861 -0.00202318 -0.00749981
 -0.01528697  0.00036077  0.0012847   0.00511368
324620	 0.00969383  0.00137963  0.00277832 -0.0007575   0.00049004 -0.00845232
  0.00019911  0.00131342 -0.00147247  0.00673955
372298	-0.02530115  0.01582106  0.010961   -0.00949214 -0.00140933  0.01052621
 -0.00537991  0.01556169 -0.01410588 -0.00795615
437327	 0.00573054 -0.00121341  0.01081977 -0.00660238 -0.0061131   0.00440566
 -0.0048588  -0.01492986 -0.00898858  0.00825404
195157	 0.00578695 -0.00182077 -0.00706988 -0.00555174  0.00268888  0.00793872
 -0.00302112 -0.00374083 -0.00082184  0.01195117
479832	 1.23278168e-03 -3.80795915e-03 -2.41673645e-03  5.98605676e-03
  3.92923923e-03 -4.53666835e-05 -1.15853585e-02 -6.16321713e-03
 -1.49772838e-02 -1.99414254e-03
243809	 0.01265935  0.00018398  0.00882531 -0.00307531 -0.00779269  0.0046451
 -0.00131061 -0.00326868  0.00902222  0.00192489
120425	 0.00341011 -0.00378283  0.00484441 -0.00382797 -0.00199598 -0.00139066
 -0.00410766  0.00108718  0.00966277 -0.00359593
528495	 0.00317736 -0.00555037  0.00438036  0.00025241 -0.0027952  -0.01187538
 -0.00453994 -0.00300733  0.00202669  0.00436249
552049	 4.5147100e-03 -1.0970613e-02  6.8631573e-03  5.4653059e-03
 -2.4948271e-03  2.8138584e-03 -3.3972284e-03 -9.8249121e-03
  9.6540236e-05  3.6022782e-03
281714	 0.00576047 -0.00398772  0.00363231  0.00451426 -0.00214297  0.00074359
 -0.00313698 -0.00378498 -0.00108757 -0.00487433
159252	-1.0541254e-03 -7.3546884e-03  2.5425833e-03 -1.9476762e-03
  6.3198586e-03 -1.7145887e-05 -9.1435626e-04  2.5251640e-03
  9.3790088e-03  3.3096785e-03
405114	-0.00703596 -0.00850841  0.0037769   0.00542863 -0.00974379  0.00798313
 -0.00096553 -0.004807    0.00110176  0.0027349 
323197	 0.01020687  0.00264546  0.00244041  0.00174206  0.00105055 -0.00551545
  0.00124436 -0.00074521 -0.00410714  0.00401666
188544	 1.4867272e-03 -2.0962371e-03 -5.6779804e-04  4.7143321e-06
 -1.6953945e-03  2.4405224e-03 -4.9031815e-03 -7.2651594e-03
  4.6809335e-05  3.4081901e-03
482496	 0.00072053 -0.00388895 -0.00618303 -0.00205444 -0.00074463  0.00591584
  0.00162086  0.00369794 -0.00357759  0.00223782
323716	 0.01006841  0.00049252  0.00586793  0.0013954   0.00120441 -0.0076221
 -0.00078523  0.00399472 -0.00119253 -0.00055294
281224	 0.00380111 -0.00736223  0.00192603 -0.01205295  0.00195197 -0.00123045
 -0.00449625  0.0017955  -0.00252168 -0.00507498
60041	 0.00104339  0.00148258 -0.00417923 -0.00749176  0.0040027  -0.00049354
 -0.00308474 -0.00955088 -0.00202629 -0.00672347
430732	 0.00087865  0.00454328  0.00716823  0.00914055 -0.01194108 -0.00418756
 -0.00467856  0.00780133  0.00302049  0.00664205
8336	 0.00410254 -0.00736657  0.00233893 -0.00127533 -0.00227056  0.00051926
 -0.00228524 -0.00627832  0.00199116  0.0023056 
414867	-2.7523130e-05 -1.2554847e-02 -5.1200348e-03 -5.4437546e-03
  5.7157949e-03  6.3381135e-03  3.1011023e-03 -8.7561291e-03
 -5.1536411e-03  1.1169118e-03
321172	 0.00969383  0.00137963  0.00277832 -0.0007575   0.00049004 -0.00845232
  0.00019911  0.00131342 -0.00147247  0.00673955
446660	-0.00782099  0.00864129  0.0017336  -0.00216828 -0.00759768  0.01374297
 -0.00286237  0.01047189 -0.00258825  0.00334335
241821	 4.5249257e-03  1.6534728e-03  3.9982023e-03 -1.8260304e-02
 -3.6278344e-03  9.9297751e-05 -1.2804004e-02 -8.0792792e-03
  1.5312764e-03  1.2101379e-03
232561	 0.00627228  0.00267105  0.00064588  0.0024728  -0.0024268   0.00639208
  0.00360581 -0.01155961  0.00913559  0.00668501
274601	 0.00395292 -0.0034379   0.00256631 -0.0043037  -0.00155563  0.00642107
 -0.0037195   0.00501289 -0.00681347 -0.00174188
85106	 0.00741796 -0.00458192 -0.00018062 -0.00341837 -0.00205543  0.0004999
 -0.00728857  0.00364845 -0.00208492  0.00123627
124872	-0.00314388  0.00462765  0.00765066  0.00037366  0.00754548 -0.00837907
  0.00206537  0.0011611  -0.00648673 -0.00442745
55482	-0.00456047 -0.01253285 -0.00334103 -0.00423878 -0.0006016   0.00116725
 -0.00109293 -0.00859879 -0.0006668  -0.00507192
555707	-0.00149568 -0.00829571 -0.00335255 -0.00179499 -0.00128923 -0.00667561
  0.00035468  0.00203973 -0.00144484  0.00245819
548544	 0.00488302 -0.00489301  0.00534207 -0.00336083  0.00018368  0.00497309
 -0.00425926 -0.00383743 -0.01302849  0.00334714
569540	 0.01002394 -0.00481774  0.0028501  -0.00708889  0.00437626  0.00093875
 -0.00281701 -0.00632374 -0.00667429  0.00219296
383177	 0.00079794 -0.00291022  0.00465345  0.00052811  0.00016592 -0.00505235
  0.00426483  0.0015515  -0.00801869  0.0054587 
534735	-1.7339797e-05 -4.1903425e-03  4.1716499e-03 -3.7784993e-03
  3.4479536e-03 -3.8439208e-03 -5.0477230e-04 -9.7933467e-03
  9.1807725e-04 -1.3117909e-03
320724	 1.0162039e-02 -4.3608408e-05  7.6265540e-03  1.6991979e-03
  3.4820237e-03 -6.5675415e-03 -7.6155557e-04 -5.2906276e-04
 -2.0317629e-03  1.2482847e-03
274650	 0.00062065 -0.00761111 -0.0038993   0.00764833  0.01072325 -0.0046683
  0.00489749  0.00714316  0.00476779  0.00050566
485597	-0.00565268  0.01071182 -0.0332956  -0.02920723  0.02507337 -0.00794229
 -0.01427901  0.01421891 -0.01415796 -0.02702176
556265	 0.00275403 -0.00448     0.00492067 -0.00129245  0.0007856   0.00283606
 -0.00656159 -0.00880842 -0.01592937  0.00940343
556269	 0.00357053 -0.00247108 -0.00735284  0.00212142 -0.00387726 -0.00220463
  0.00083103 -0.00266828  0.00734143  0.00405001
457457	 8.5540507e-03 -7.4103492e-04  2.3733040e-03  1.4001442e-03
 -3.0091768e-03 -7.3168060e-04  4.0821014e-05 -4.6725706e-03
 -3.5796179e-03 -8.4027071e-03
496370	 0.00585432 -0.00011226  0.002942    0.00179738 -0.00299259 -0.00222066
 -0.00114284 -0.0051669  -0.00030686 -0.00091186
162549	 0.00245471  0.00171346  0.00575562 -0.01345245 -0.00096018  0.00243419
 -0.00435677  0.00022905 -0.00376465  0.00999419
485113	 1.1055061e-02  4.6639829e-03  8.2442565e-03 -2.1191312e-03
  7.9957712e-03  1.2572169e-03 -1.3166521e-05 -1.3484889e-02
  9.9952826e-03  1.2526144e-02
194301	 0.00227848 -0.00093311 -0.00486567 -0.00055615  0.00455058  0.00171126
 -0.01599026 -0.01058393 -0.0001993   0.00197183
12548	-0.00053422  0.00266832 -0.0029476   0.0019193   0.00261972 -0.00066749
 -0.00391022  0.01030319  0.00196951 -0.00093695
233735	-0.01262241  0.00151938 -0.00697408  0.00645851 -0.01143369 -0.00440233
 -0.00485024 -0.00517163 -0.00085536  0.00085291
323337	 0.01031282  0.00389072  0.00320122 -0.00271006 -0.00121821 -0.00803059
  0.00117202  0.00032154 -0.00185458  0.00495539
328972	 0.00492185 -0.00015536  0.00228713 -0.00304567 -0.00639723  0.00142398
  0.00414308 -0.00138455 -0.00487955 -0.00028499
331533	-0.00277417 -0.0061667  -0.00275247  0.0022816  -0.0034326   0.00111407
 -0.00071632 -0.01049367  0.00125167  0.00196563
410906	 0.00376993 -0.00579694 -0.00185382 -0.00373493  0.00405521 -0.00417194
 -0.00291852 -0.00230212 -0.00326663 -0.00283541
453918	 0.00042994 -0.0036432  -0.00082529 -0.00163147  0.00230473 -0.01124061
 -0.00535027  0.00149772 -0.00896859 -0.00392119
320808	 0.00969383  0.00137963  0.00277832 -0.0007575   0.00049004 -0.00845232
  0.00019911  0.00131342 -0.00147247  0.00673955
24363	 0.00369346 -0.00132761 -0.00329158 -0.00237456  0.00328799 -0.00073418
  0.00501736  0.01115728 -0.00145197  0.00111691
323375	 0.00946266  0.00545193  0.00273611 -0.00135318  0.00041657 -0.00862559
  0.00122946 -0.00152426 -0.00550586  0.00469011
179848	-0.00509431  0.00672621  0.00864815  0.01882509 -0.01158399 -0.01792361
  0.00918104  0.00654032  0.01083307 -0.01923671
402228	 0.0126058   0.00056324  0.00276442 -0.00190187 -0.01685466 -0.00472435
  0.00441104 -0.0014491  -0.00643662  0.00014636
69433	 0.00356311  0.00127211 -0.00555198 -0.00519001 -0.00605311  0.0015193
  0.00270323 -0.00016064 -0.00160643  0.00421366
532799	 0.00447283 -0.00930154  0.00277452 -0.0029812   0.00043557  0.01077505
 -0.00531209  0.00417975 -0.0043691   0.00577979
540992	-0.00608634  0.00466991  0.01176362 -0.0043876   0.00731478 -0.00502826
 -0.00366437 -0.0106961  -0.00738645 -0.00768737
268110	 0.00378297  0.01053865  0.00322623  0.00040899  0.00245704 -0.00557666
  0.00615962 -0.00463919 -0.00709914 -0.00251527
236377	 0.0082166  -0.00340484  0.00702157 -0.00387887  0.0028318   0.00086533
 -0.00274188 -0.01302533  0.00618077  0.01883715
436058	-0.00014065 -0.00340257  0.01951068 -0.005371   -0.00341257  0.00169926
  0.00941737  0.00116272  0.01868921 -0.00295397
89440	 0.00894515 -0.00516349  0.00875779 -0.00480149  0.00040798 -0.00534989
  0.00040695  0.00019902  0.0088663   0.00126699
21346	-0.00193596  0.00048223 -0.00267721  0.00062228  0.00401476 -0.00129749
  0.00245214  0.00104529  0.00107655 -0.00265298
147299	 0.01678858  0.00198929 -0.00451386 -0.00019516 -0.01129668 -0.00227843
  0.00085917 -0.00094685 -0.00541709  0.01183123
397673	-0.00059345 -0.000472   -0.00358152  0.00642723 -0.00099739  0.0027663
  0.00276369  0.00692089  0.00975343  0.00064373
410476	 0.0010167   0.0029506   0.00116062 -0.00403388  0.01359247  0.01234372
 -0.00633384 -0.02195447  0.00032558 -0.00151662
313709	 0.01216246  0.00330471  0.00400371 -0.00378488 -0.00117488 -0.0083023
  0.00203994 -0.00268609  0.00017502  0.00597895
98316	 0.00177507  0.01049698  0.00548338 -0.00360802  0.00866614 -0.00098223
 -0.00755317 -0.01050842  0.00852548 -0.01553073
479603	-0.00310463  0.00081478  0.00201108  0.00521609  0.00678328  0.00890045
 -0.00706924 -0.01664342 -0.00347753  0.00631245
488941	 0.00296637 -0.00142867 -0.00201194 -0.00187984  0.00067069 -0.00225217
  0.00219011  0.00083993 -0.00531089  0.00274196
165759	 0.00882805 -0.02402803 -0.01152373  0.01537445 -0.00493547  0.0011194
 -0.00141922  0.01129489 -0.00872815 -0.01475212
373121	 0.01862382  0.02096346 -0.00033522 -0.00842996 -0.00538943  0.00243633
  0.00295778 -0.0050002  -0.01125938 -0.00328617
554882	 0.00676648 -0.00047379 -0.00768936 -0.01623838  0.00314881 -0.00794045
  0.00505803  0.00131522 -0.00638997  0.0001798 
519048	-1.9450100e-04 -6.4112679e-03 -6.1159582e-05 -4.7347709e-04
 -7.7154848e-04  5.2069017e-04  5.0542265e-04 -9.1199076e-04
 -2.5480972e-03  3.3699512e-03
167310	 0.00882805 -0.02402803 -0.01152373  0.01537445 -0.00493547  0.0011194
 -0.00141922  0.01129489 -0.00872815 -0.01475212
487661	-0.00014199  0.00435057  0.00390116  0.00448516  0.00261687  0.00093392
  0.00421519 -0.00295478 -0.00018942  0.00403658
126870	-0.00279552 -0.00464193 -0.00721842  0.00686687 -0.01380251  0.00284093
 -0.00077886  0.00258717 -0.00125993  0.01267509
170904	 0.00028265  0.00153595  0.00140562  0.00107491 -0.00380249  0.00265324
 -0.0012221   0.00558108 -0.00844486 -0.00621129
133530	 0.00306125  0.00217422  0.00057206 -0.00232009  0.00248494  0.00613991
 -0.00080559 -0.00581766 -0.00820352 -0.00420144
362912	 9.4935317e-03 -1.0938795e-03  9.1144992e-03  3.0733254e-03
  6.1117586e-05  3.4350918e-03 -2.2716369e-03 -2.8838171e-03
 -1.1894664e-02 -4.1518351e-03
503714	 0.00926196 -0.00283943  0.00033474 -0.00311137  0.00031985  0.00188893
 -0.00781321  0.00362614 -0.00401203  0.0041391 
282534	-0.00867594 -0.00790433 -0.00328115 -0.00420685  0.00300688 -0.00827285
  0.01015833  0.01101661 -0.00145437  0.0017347 
353010	 0.00572881 -0.00433845  0.00394064 -0.00572208  0.00615018 -0.00477522
 -0.00824028  0.0035234   0.00080066  0.0127234 
59829	 0.00506274  0.00112948 -0.00558642  0.00501367 -0.00529609 -0.00393596
 -0.00248642 -0.00193911 -0.00939045  0.00976429
543163	 0.00441064 -0.00024775 -0.00028747 -0.00918531  0.00363141 -0.00580474
  0.00156892 -0.00666369 -0.00360109  0.00011502
395720	 0.00469622 -0.00692117  0.0051076   0.00202388  0.00334086  0.00151609
 -0.00394837 -0.00091944  0.00247388  0.00389426
303561	 9.6580833e-03 -2.1446606e-03  3.0647700e-03 -3.2703378e-03
 -1.1268520e-02 -4.5940089e-03 -5.8996924e-03  3.0030394e-03
  6.4784609e-04  7.3885290e-05
292312	-0.00011146 -0.00291643  0.00631568 -0.00077573  0.00950295 -0.00536213
  0.00117554 -0.00774581 -0.01009578 -0.00711084
356320	 0.00661024 -0.00207708  0.00446126 -0.01256039  0.0032958   0.00498484
  0.00074065 -0.00572095  0.00169901 -0.00228389
467428	-2.4032497e-03 -1.6646773e-03  4.7970414e-03 -4.6017472e-04
  7.3818583e-03  4.0881531e-03 -3.4629204e-03  3.2357213e-03
  7.5666794e-05  3.6358747e-03
7657	-0.00193047 -0.00057761 -0.00269188 -0.00036164  0.00629728  0.00238628
  0.00112211 -0.00509807 -0.01490835  0.00436006
352237	 0.00247015  0.00184502  0.00276472  0.00047049 -0.00095602  0.00683134
 -0.00674827 -0.00486451 -0.00465728 -0.00261311
316921	 0.00998149 -0.00360123  0.00631181  0.00121085  0.00037795 -0.0058169
  0.00145864  0.00287471 -0.00228669  0.00199285
503802	 5.4898933e-03 -3.2873116e-03  9.2001559e-05 -6.0819429e-03
 -4.3660428e-04  7.3745120e-03 -7.5520538e-03 -2.3420425e-03
  7.1053415e-05  3.4529851e-03
505909	 0.00186601 -0.0040971   0.00328666  0.00586752  0.00821063  0.00163731
 -0.00679322 -0.00030409 -0.00548025 -0.00278955
