350212	 2.3277975e-03 -9.9420831e-05  7.7212048e-03  3.9932914e-03
  2.7653498e-03 -1.1583482e-02  5.2919383e-03 -7.8109722e-03
  6.4342660e-03  1.6495710e-03
548361	-0.00797385  0.00239479 -0.00479671 -0.00509692  0.00078735 -0.00639806
 -0.00475456  0.00679264  0.00215861  0.00698607
341003	 0.00233302  0.00394665 -0.00321682 -0.00250507  0.00380861  0.00111586
  0.00073361 -0.00813171  0.00163826  0.00760524
113679	 0.00167133  0.00360281  0.00912055 -0.00287852  0.00555768 -0.00347411
 -0.00137544  0.00483478  0.00189572 -0.00205227
195600	-0.00101424 -0.00162966  0.0038372   0.00066414 -0.00834124 -0.00273699
 -0.00344405  0.00073225  0.00287969 -0.0058931 
243218	-0.00057409  0.00550221 -0.00162132 -0.00444716 -0.00055866 -0.00505212
 -0.00329027  0.00256834  0.00165701  0.0093565 
299028	-0.00098079  0.00267864  0.00420946 -0.00057146 -0.00217082 -0.0025308
 -0.00570665 -0.00143559  0.0058477   0.0034231 
381465	-0.00724369  0.00337419 -0.00100813 -0.00501095  0.00227115 -0.00270063
  0.00181909 -0.00330045  0.00596063  0.00109095
521754	-0.0121175   0.00971566  0.0016901   0.0158165   0.00300816  0.00546084
 -0.00847017 -0.01476716 -0.00422143  0.00976573
381467	-0.0047813   0.00885913  0.00223005 -0.00878383  0.00354833  0.00040567
 -0.00146221 -0.00531458  0.00305966  0.00374974
37918	 0.00239507  0.01492288  0.00553639 -0.000759   -0.01002338 -0.00202834
 -0.00303391 -0.00557115 -0.00040909 -0.00519271
550945	 0.0045541  -0.00357398 -0.00383877 -0.01093536  0.00841178 -0.00974288
 -0.00809367  0.00336779 -0.00138854  0.00216869
299043	 0.0007191   0.00047055  0.00380229 -0.00054089 -0.00285187  0.00233017
  0.00069725 -0.00181467  0.0015014   0.00346138
279589	 2.1317557e-05 -2.5472639e-03  6.7918519e-03 -6.9143889e-03
 -4.2839218e-03 -5.3415080e-03 -1.8703492e-02  6.3434858e-03
 -1.8481766e-04 -6.9952742e-03
414767	 0.00495844  0.00992041 -0.010279    0.0009257  -0.01102199  0.0005124
 -0.00556762 -0.00173019  0.00542962  0.00894624
87609	 0.00195829 -0.00198207 -0.01666954 -0.0132406  -0.00509971  0.01417977
 -0.00958751  0.0128873   0.00113879  0.00512251
60	 0.00288711  0.00022257  0.01347848 -0.01670649 -0.0020667  -0.00221335
  0.00025828 -0.00917686 -0.01535011 -0.00175767
391743	-0.00194259 -0.00147242 -0.00273384  0.00180834 -0.00201633  0.00836619
 -0.00086699 -0.00220638  0.00067259  0.00556828
322112	 0.00091764 -0.00172358  0.00191836 -0.00452219  0.0009846  -0.00329055
 -0.00501529 -0.00020713  0.00586897 -0.00502867
158787	-0.00251194 -0.00184555 -0.00127957  0.00358688 -0.00824077 -0.00020168
 -0.00390526 -0.00213185  0.00193128  0.00226245
15940	-0.00581674 -0.0029793  -0.00518351 -0.00113585  0.00059973  0.0120448
 -0.00056026 -0.00438969 -0.00128545 -0.00654761
189515	 0.00378016  0.00904725  0.01176568  0.00743365 -0.0039952   0.00785716
  0.00502925  0.00410434 -0.00085988  0.00518732
388188	 0.00689455  0.01080193  0.00070635  0.00245355  0.00563421 -0.00488354
 -0.01438328  0.00650923 -0.01205507 -0.01425329
452202	-0.00303857 -0.00461262  0.0030722  -0.00229932 -0.00353039 -0.00537534
 -0.00275635 -0.00525185 -0.00024749  0.00050877
431211	-0.00185089  0.00351882  0.00124154  0.00320256  0.00282785 -0.00084129
 -0.00957499 -0.00222674  0.00036071  0.00681908
412268	-0.00707164  0.00288235 -0.00804383 -0.00952771  0.00061747  0.00727955
  0.0022263   0.00212864 -0.00348456  0.00553978
516208	 0.00131389  0.00430331  0.01002836 -0.01116672  0.00177047  0.00328177
  0.01100985  0.00856339 -0.00507744  0.00345925
169594	-7.1438425e-04  4.6562945e-04  2.3062616e-03 -7.7029755e-03
 -9.4064954e-04  1.6360995e-05  1.8304624e-03  2.6307267e-03
  2.2898852e-03 -1.5975313e-03
34432	-0.0048878  -0.0001071   0.00027813 -0.0031891  -0.00155137 -0.00415369
 -0.00430397  0.00695236 -0.0012984   0.00203718
362119	 0.00106167 -0.00594793 -0.00210886  0.00046598 -0.00542376  0.00666653
 -0.00441896 -0.00182122 -0.00514199 -0.0002499 
312968	 0.00257586 -0.00323004  0.00752798 -0.01718562  0.01124464  0.00951951
 -0.0169085  -0.00197593  0.00651763  0.01595188
518764	-0.00279522  0.00541135  0.0001038   0.00050387  0.01062597  0.00537445
  0.01204209 -0.00055752  0.00243643 -0.01206315
259220	-0.00642575 -0.00704755 -0.0024265   0.00094055 -0.00914099 -0.00619866
 -0.0022584   0.00289458 -0.00392081 -0.00323942
120476	 0.00178761  0.00860211  0.0084374  -0.01486809 -0.00274624  0.00802015
 -0.01375852  0.00205597  0.01067521 -0.00257124
414365	-0.01306915 -0.00798068  0.00550315  0.00402311 -0.01258547  0.00396383
 -0.01013994  0.01734616 -0.01875085 -0.00351857
316065	-0.00125634  0.00198919  0.00728012 -0.00862669 -0.00380778 -0.00791127
 -0.00027141  0.00797722  0.00149386 -0.00658191
241828	-0.00546043 -0.00808273  0.00837244 -0.03335845 -0.00928769  0.00409576
  0.00185051 -0.01024401 -0.01062547  0.00010011
466601	-7.2165392e-03 -1.2359885e-03 -1.7862598e-04  2.8006213e-03
 -3.3840272e-03 -2.7286902e-05 -6.3980819e-04 -5.2318261e-03
 -6.1734207e-03  2.0611573e-04
373933	-0.00389043  0.00797622 -0.00036338 -0.00124851 -0.00699412 -0.00123875
  0.00349208  0.00436327  0.00010764  0.00593103
169653	-0.00273217  0.00775007  0.00323899 -0.00894168 -0.00674126  0.00158558
 -0.00557053 -0.00451901  0.00227304  0.00077236
168995	-0.00105896  0.00803697 -0.00056239 -0.01011403 -0.00616034 -0.00137602
 -0.01355835 -0.00249142  0.00251085  0.00619001
118979	-0.01080463 -0.00633891 -0.00741536 -0.00713536 -0.00105284  0.00196062
  0.00878759  0.00047179 -0.00304319  0.00585835
496327	 0.00360287  0.00679575 -0.00268458 -0.0021589  -0.00139514 -0.0002037
  0.00395882 -0.00586639  0.00674725  0.00759106
269004	 1.7664912e-05 -4.6644560e-03  2.5878458e-03 -6.4364919e-03
 -3.7301434e-05 -1.1830240e-02 -9.0644816e-03 -5.7431933e-04
 -1.2091094e-02  3.6920041e-03
457426	-8.8618435e-03  2.6129687e-03  6.1451821e-03  1.3815369e-03
  3.1384910e-03  4.2974260e-03 -2.6900903e-03 -7.6580240e-05
 -5.0877477e-03 -8.9695249e-03
202275	-0.00299879 -0.0035914  -0.00992191  0.00991932  0.00325506  0.00446427
 -0.00423337  0.00380054 -0.00341687 -0.01845945
532201	 0.00286095  0.00635502  0.00976363  0.00404398  0.00162096  0.00453231
 -0.00697005 -0.00196918  0.00220497  0.00622512
457453	 0.00030495 -0.00654869  0.00474512  0.00163886  0.00257185  0.00404452
  0.00813606  0.00234576 -0.00410211 -0.00101671
149243	-0.00046332 -0.00330682 -0.00499587  0.00338507 -0.0021787  -0.00206423
  0.0093708  -0.00384082  0.00289516 -0.00739173
360189	 0.00623053  0.00380954  0.00496029 -0.0083709  -0.00666304  0.00056765
  0.01061428 -0.00496138 -0.00080669  0.00417119
80131	 0.00206472  0.00356804  0.00095233 -0.00190939 -0.00010021  0.00474326
 -0.00340433 -0.00755767  0.00692495  0.00557506
167174	-0.00195659 -0.00099772  0.0028047  -0.00660694  0.0033885  -0.00160177
 -0.00423997  0.00162617  0.00399748  0.00307116
35081	 0.00239507  0.01492288  0.00553639 -0.000759   -0.01002338 -0.00202834
 -0.00303391 -0.00557115 -0.00040909 -0.00519271
520979	-0.00190417  0.00132789 -0.00817887 -0.00816611 -0.00180674  0.00103955
  0.00061076 -0.00472123 -0.0042542  -0.00036774
54550	-0.00669004 -0.00505712 -0.00788516 -0.00509679  0.00023293 -0.00430863
  0.02025612 -0.00995425 -0.00267342 -0.01409526
446745	 0.00451665  0.00057572 -0.00082263  0.00141192  0.00341785  0.00304048
 -0.00484836 -0.00193408  0.00393003 -0.00458533
390938	-0.00773256 -0.0068755  -0.00055665  0.00880236  0.00139774  0.00641392
  0.00444133  0.00299872  0.00376167 -0.00096232
36645	-0.01164381  0.0017143   0.00153384  0.00091197 -0.00792323  0.00650306
 -0.00140256 -0.00106905 -0.00644453 -0.00867629
440615	-0.00524887  0.0014216  -0.00291524 -0.00724924  0.0022382  -0.00351053
  0.00107112 -0.00246987 -0.00409263  0.00328802
402225	-0.0100019   0.00323385 -0.00209721  0.00527955  0.00040199 -0.00404535
  0.00606583 -0.00634788  0.00303356  0.00250377
210825	-4.8279096e-03 -1.0440809e-03 -8.7272888e-04 -1.2078928e-02
 -9.0522999e-06  3.2417920e-05  6.0540042e-03  1.2939613e-03
  2.6048929e-03 -1.2895865e-03
103738	-0.00553149 -0.00198895 -0.0047636  -0.00141783 -0.00637939 -0.00137065
 -0.00210204 -0.01293241  0.00872051 -0.00290533
167228	-0.03077495 -0.01814458  0.01179225 -0.01486392  0.01369518 -0.0102901
 -0.01210825  0.01922488  0.00183024  0.00092675
496450	-0.01096277  0.01106639  0.00484157 -0.00786961  0.0057219  -0.0065489
 -0.0159871  -0.00239478 -0.0028557   0.00485458
514884	-0.00618677  0.00302321  0.00689124 -0.00219812 -0.00590719  0.00067864
  0.0043761   0.00762732 -0.0015224  -0.00331424
194886	 0.00765364  0.00858499  0.00852591 -0.00586554  0.01043322 -0.01151722
 -0.00027885 -0.01066773  0.00820823  0.00811985
271177	-0.00913464  0.001147   -0.00177009  0.00162235 -0.00214803 -0.00145378
  0.00412025  0.0038705  -0.00556291  0.00349883
349517	-2.4128505e-03  4.5359670e-03 -1.6273765e-03 -9.7912513e-03
 -7.6197176e-03 -9.1830092e-03  4.1465410e-05 -2.1460208e-03
 -2.8280616e-03  2.0932257e-03
486738	-0.00023692  0.01637968  0.00091968 -0.01056464  0.01197668  0.01224817
  0.00216114  0.00449595  0.00255544 -0.02534784
533332	-0.0007521   0.00079073  0.00317185  0.00796815  0.00480773 -0.00678854
  0.00435     0.00299498 -0.00217918  0.00244257
242006	-0.00035436 -0.00159137  0.00289914  0.00134515 -0.0060497   0.00491705
  0.00809379  0.00428457 -0.00209414 -0.00449308
526393	-0.01607563 -0.00046693 -0.02541604 -0.01160547  0.01248148  0.00687606
 -0.00502236  0.01203939 -0.00523138  0.01014519
525657	 0.00066091  0.00135669  0.00184122 -0.00108114  0.00335764 -0.00034298
 -0.00044973 -0.00301984 -0.0016846  -0.00404825
150370	 3.1544457e-03 -9.2889194e-04  2.5206890e-03 -4.8335656e-03
  4.8615351e-05  8.5737789e-04  3.5860727e-03 -5.0303531e-03
 -6.8903208e-04 -5.9459405e-03
121404	 0.00828163  0.00173315  0.00463246 -0.00934385 -0.00625552 -0.01182234
  0.00158004 -0.00606764 -0.01215592  0.00152907
452973	 0.01954606  0.00502765 -0.00575845  0.00233737 -0.00548304  0.00857688
  0.02064723  0.01288294  0.00283664 -0.00841564
396146	-0.00869698 -0.00177145  0.01054845 -0.01251275  0.00035542  0.00542552
  0.00663644 -0.00614288  0.0058552  -0.0021347 
444282	 0.00118674  0.00712418 -0.00204059  0.00073958 -0.00649969 -0.00331567
  0.00922833 -0.00605958  0.00074306 -0.00465633
363389	-0.00858792 -0.00419026  0.00283486  0.00796387 -0.00224683  0.00236062
 -0.00325967  0.00241672 -0.00292202  0.00214194
393087	 1.6522272e-04  1.8750281e-03 -1.0050660e-04 -1.5152736e-03
 -7.0672501e-03  5.2731899e-05  6.9973120e-03 -7.1750390e-03
  3.0142847e-03 -1.6547536e-04
369024	-2.5389283e-03  4.2464403e-06  1.3620364e-03 -2.1965932e-03
  2.1594074e-03  4.8348196e-03  2.5122490e-04 -6.0905446e-03
 -3.0486004e-03 -2.8461023e-04
373634	 0.00582812  0.00919967 -0.0064841   0.00204264  0.00163783 -0.0060653
 -0.00418243 -0.00312907  0.00506045  0.00937312
295299	-0.0038366  -0.00807031 -0.00066245 -0.00024465  0.00063965  0.00088745
  0.00315483  0.00282196 -0.00052831 -0.00292307
165769	-0.03077495 -0.01814458  0.01179225 -0.01486392  0.01369518 -0.0102901
 -0.01210825  0.01922488  0.00183024  0.00092675
476054	 0.00500672  0.00670045  0.00181128 -0.00990728  0.00456007  0.00677692
 -0.00035794 -0.00343209  0.00066323 -0.00406153
489882	 2.9055562e-03  1.4171534e-03  4.9484199e-05 -4.7337040e-03
  1.4199832e-04 -3.0326901e-04 -2.9243124e-03  2.6751382e-03
  3.7706646e-03 -9.9148881e-04
33179	-0.00721663  0.00175671 -0.00021199  0.0010334  -0.01204356  0.0032494
 -0.00191152  0.0025939   0.00273378  0.00507715
32677	-7.9887006e-03 -3.1583346e-03  4.3693269e-03  2.3553765e-03
 -8.3059995e-03 -1.5357999e-03  2.8905605e-03 -1.4260944e-03
  3.3789070e-03 -7.3048186e-06
545579	-0.00429366  0.00464888 -0.00071036  0.00199586  0.00198096 -0.00187218
 -0.00022664 -0.00636214 -0.00217612 -0.00354212
296881	-0.00595522 -0.00175593  0.00412634 -0.00332225 -0.00368646  0.00294081
  0.0043896  -0.00196094  0.00370671  0.00236475
373686	 0.01002861  0.01060667  0.00781092  0.00532616 -0.0106917   0.00045883
  0.00556483 -0.02054495  0.001822    0.01106771
179647	-0.00052957 -0.0017417  -0.00086235  0.001615   -0.00559572 -0.01027553
  0.00449558 -0.00214349 -0.00238398  0.004213  
350145	 0.00479158  0.00245324  0.01213313  0.0068719  -0.00174254 -0.00917467
  0.00595018 -0.00143781  0.00555098  0.00512133
169754	-0.00124122  0.00654445 -0.00052279 -0.00609034 -0.00858627 -0.00304102
 -0.0043147  -0.00287424 -0.00132713  0.00148985
114127	 0.00669383  0.00120624  0.00328475  0.00046118  0.00307886 -0.01021689
  0.005973    0.00577979  0.00049141  0.00510111
308706	-0.00969173  0.00759245  0.00124399  0.00158514  0.01153401  0.00051041
  0.00713764  0.00013462  0.00557374 -0.00274867
442401	-0.0018095   0.00243378 -0.00388388 -0.00287911 -0.00232324 -0.00295908
 -0.00230255  0.00274426  0.00283603  0.00278302
457469	 0.00058668  0.00226232  0.0039123   0.00317306  0.00043789  0.0014546
  0.00716126 -0.00814855  0.00136161 -0.00301338
37365	-0.00298604  0.00634472  0.00722221 -0.00016577 -0.00401954 -0.0020414
  0.00021995  0.00689394  0.00605694  0.00251237
88233	 0.00183153  0.00030366 -0.00601536 -0.00312414  0.00032803 -0.0025209
 -0.00180766  0.00483471  0.00144185 -0.00328793
132436	 0.00329517  0.00598318  0.00475544 -0.00715101 -0.01161055  0.01325215
  0.00061369  0.00707326  0.00083065 -0.00715379
33279	 0.00239507  0.01492288  0.00553639 -0.000759   -0.01002338 -0.00202834
 -0.00303391 -0.00557115 -0.00040909 -0.00519271
