29696	 0.00929133 -0.0067622  -0.02213582  0.00899521 -0.00475213 -0.01774359
 -0.00736886  0.01035307 -0.00341374 -0.00783121
337937	 0.00579055 -0.00243676 -0.01863231  0.00855576 -0.00537552 -0.01542353
 -0.0100155   0.00833534 -0.00238461 -0.00905741
332697	-0.00349979 -0.00764554 -0.00754098  0.00591699 -0.00032776 -0.01538313
 -0.0098976   0.00625319  0.00290348 -0.00270603
280599	 0.00894259 -0.00463842 -0.01723484  0.00703312 -0.0005835  -0.01316899
 -0.00607486  0.00810793 -0.00039379 -0.00010908
367134	 0.00929133 -0.0067622  -0.02213582  0.00899521 -0.00475213 -0.01774359
 -0.00736886  0.01035307 -0.00341374 -0.00783121
66079	 0.00772074 -0.00597021 -0.0197967   0.00652935 -0.00080451 -0.0081565
 -0.00682017  0.01040564 -0.0035808  -0.00054716
338986	 0.00598086 -0.00196562 -0.01877808  0.00726817 -0.00451799 -0.0153599
 -0.01089974  0.006814   -0.00314388 -0.00804002
331820	 0.00242653  0.01513428 -0.01215707 -0.01283719 -0.0020145  -0.01181757
 -0.01174316  0.00677636  0.00435855 -0.00255988
260146	 0.00582541 -0.0041315  -0.0197025   0.0042766  -0.00207562 -0.01142305
 -0.00523923  0.01236152 -0.00398497 -0.00202967
207411	 0.00897911  0.00243734 -0.01568677 -0.00129184 -0.0001891  -0.01146982
 -0.00534753  0.00613286 -0.00242239  0.00295981
455222	 0.0110997  -0.00576253 -0.01444752  0.00652871 -0.00627965 -0.01467432
 -0.00339229  0.0079423   0.00100383 -0.00507315
280123	 0.00732607 -0.00523738 -0.01562314  0.00881496 -0.00033062 -0.01589115
 -0.00687357  0.00891374 -0.00422542 -0.01021081
260156	 0.00699697 -0.00521812 -0.01889325  0.00679094 -0.00218736 -0.0137769
 -0.00696184  0.00502419 -0.00631282 -0.00499961
260157	 0.00490702 -0.00165372 -0.01410025  0.00723948 -0.00645883 -0.01003047
 -0.00257991  0.01127948 -0.00100078 -0.00043248
397375	 0.00479078 -0.0056343  -0.03085216  0.00240671 -0.00129241 -0.01094555
 -0.00356805  0.0144626   0.00661155 -0.00477354
397377	 0.00479078 -0.0056343  -0.03085216  0.00240671 -0.00129241 -0.01094555
 -0.00356805  0.0144626   0.00661155 -0.00477354
397378	 0.00479078 -0.0056343  -0.03085216  0.00240671 -0.00129241 -0.01094555
 -0.00356805  0.0144626   0.00661155 -0.00477354
397379	 0.00479078 -0.0056343  -0.03085216  0.00240671 -0.00129241 -0.01094555
 -0.00356805  0.0144626   0.00661155 -0.00477354
173132	 0.00929133 -0.0067622  -0.02213582  0.00899521 -0.00475213 -0.01774359
 -0.00736886  0.01035307 -0.00341374 -0.00783121
371794	 0.00929133 -0.0067622  -0.02213582  0.00899521 -0.00475213 -0.01774359
 -0.00736886  0.01035307 -0.00341374 -0.00783121
397396	 0.00479078 -0.0056343  -0.03085216  0.00240671 -0.00129241 -0.01094555
 -0.00356805  0.0144626   0.00661155 -0.00477354
343128	 0.00236529 -0.00394124 -0.01755169  0.00722825 -0.00265436 -0.01470499
 -0.00600848  0.00915135 -0.00266459 -0.00801404
65647	 0.00579107 -0.00431016 -0.02068285  0.0031665  -0.0001392  -0.0116634
 -0.0069151   0.00557527 -0.00409731 -0.00038668
91258	 0.00803764 -0.00146947 -0.01700057  0.00703718 -0.00267724 -0.0122022
 -0.00446489  0.01402802  0.00025772 -0.00443066
288379	 0.00730963 -0.00420994 -0.01263746  0.00731774 -0.00377025 -0.01031631
 -0.00361993  0.00854297 -0.00469067 -0.00486983
91261	 0.00719587 -0.00307792 -0.02079318  0.00755825 -0.00528174 -0.01262186
 -0.00784955  0.01345109 -0.0027914  -0.00775836
299136	 0.00800956 -0.00608771 -0.01842574  0.00523255 -0.00298451 -0.01080967
 -0.00491572  0.00888483 -0.00368118 -0.00379174
546496	 0.00252099  0.01241028 -0.01313514 -0.00301252 -0.00327154 -0.00987496
 -0.00649135  0.00301548  0.0083759   0.00692999
68374	 0.00596628 -0.0046923  -0.01217346  0.00574434  0.00015515 -0.00646501
  0.00122731  0.00871466  0.00136816  0.00667157
398472	 0.00479078 -0.0056343  -0.03085216  0.00240671 -0.00129241 -0.01094555
 -0.00356805  0.0144626   0.00661155 -0.00477354
345744	-5.0980685e-04 -3.4597977e-03 -3.1173800e-03  3.5819125e-03
  1.6640823e-03 -1.1797473e-02 -6.4406833e-03  2.1471365e-03
  6.3394844e-05  2.7209946e-03
52374	 0.00543646 -0.00486949 -0.01859613  0.00739409 -0.00216445 -0.01450245
 -0.00643023  0.01180015 -0.0052704  -0.00109281
229027	 0.01006733 -0.00374574 -0.02193796  0.00981145 -0.00618784 -0.0159733
 -0.00070107  0.01296168 -0.00025482 -0.00413076
281253	 8.2264766e-03 -2.1890455e-05 -1.2570369e-02  5.7486119e-03
  4.3514557e-03 -1.4102434e-02 -3.2640242e-03  1.0444599e-02
 -5.3163804e-03 -2.7608029e-03
125606	 0.00689461 -0.00745676 -0.02083236  0.00800025 -0.0021555  -0.01386601
 -0.0079374   0.01290596 -0.00463782 -0.00334982
281255	 0.00766943 -0.00292872 -0.01888515  0.00728178 -0.00276562 -0.01289419
 -0.00298709  0.00724656 -0.00067688  0.00096749
330409	 0.00626665 -0.00492625 -0.01963896  0.00839034 -0.00847284 -0.01020136
 -0.00204619  0.01034324 -0.00461651 -0.00419055
498719	 0.00941661 -0.00288803 -0.02282369  0.00711674 -0.00303103 -0.01326961
 -0.00811979  0.00797062 -0.00147659 -0.00396995
411328	 0.00914123 -0.0030774  -0.0233062   0.0067002  -0.00275462 -0.01237124
 -0.00632464  0.00860937 -0.00137098 -0.00452767
332489	 0.00424984 -0.00237035 -0.01114561  0.00591127 -0.00854665 -0.01530356
 -0.00992121  0.01013206 -0.00214328 -0.00820575
343242	 0.00579055 -0.00243676 -0.01863231  0.00855576 -0.00537552 -0.01542353
 -0.0100155   0.00833534 -0.00238461 -0.00905741
156879	 0.00777205  0.00397603 -0.0203984   0.00667116  0.00013107 -0.01335336
 -0.00353847  0.00880957 -0.00117771 -0.00140669
62172	 0.00683856 -0.00323395 -0.00847219 -0.00289208  0.00334495  0.01214968
  0.00360351 -0.01407426 -0.00135854  0.01502059
121060	 0.00878202 -0.00072939 -0.02358716  0.00588478 -0.00239162 -0.01397547
 -0.00785177  0.0092915  -0.00574653 -0.0048192 
332535	 0.00124716 -0.00330478 -0.00240544  0.00650208  0.00380054 -0.00998092
 -0.0055011   0.00107109 -0.00204639 -0.00203249
339200	 0.00052158 -0.0030326  -0.01726614  0.00598202 -0.00715158 -0.01165681
 -0.00613466  0.00858111 -0.00232236 -0.0072429 
289025	 8.2955584e-03  2.1522541e-03 -2.0401811e-03  4.5915844e-05
 -3.4549361e-04  1.1018355e-03 -3.9204871e-03  7.7787992e-03
 -1.4291756e-03  4.2204710e-04
411010	 0.00582973 -0.004286   -0.01126385  0.00811462 -0.0041252  -0.02245377
 -0.00610357  0.00168201 -0.01226997  0.0020351 
397584	 0.00712276 -0.00519252 -0.02169568  0.00825453 -0.00278364 -0.01344657
 -0.00723795  0.0116565  -0.00437992 -0.00530256
195862	 0.00929133 -0.0067622  -0.02213582  0.00899521 -0.00475213 -0.01774359
 -0.00736886  0.01035307 -0.00341374 -0.00783121
237847	 0.00929133 -0.0067622  -0.02213582  0.00899521 -0.00475213 -0.01774359
 -0.00736886  0.01035307 -0.00341374 -0.00783121
302468	 0.01267074 -0.00463235 -0.01680173 -0.00398014 -0.00204911 -0.00709922
 -0.00337229  0.00760326 -0.00641352 -0.00853796
343340	 0.00579055 -0.00243676 -0.01863231  0.00855576 -0.00537552 -0.01542353
 -0.0100155   0.00833534 -0.00238461 -0.00905741
5934	 0.00935571 -0.00599858 -0.02214688  0.00743764 -0.00375742 -0.01755972
 -0.00854756  0.00844305 -0.00427228 -0.00667369
343354	 0.00579055 -0.00243676 -0.01863231  0.00855576 -0.00537552 -0.01542353
 -0.0100155   0.00833534 -0.00238461 -0.00905741
339776	 0.00426828  0.00113392 -0.00697505  0.00644735 -0.01297158 -0.01330643
 -0.01154891 -0.00180593 -0.0056553  -0.01219388
498502	 0.01295657 -0.00258303 -0.01834951  0.00375979 -0.00258259 -0.01508737
 -0.00672309  0.00816116 -0.00707053 -0.00704866
532315	 0.00684473 -0.0052154  -0.02339895  0.0069811  -0.00049012 -0.01364951
 -0.00571057  0.01225034  0.00163969 -0.00303742
343901	 0.00579055 -0.00243676 -0.01863231  0.00855576 -0.00537552 -0.01542353
 -0.0100155   0.00833534 -0.00238461 -0.00905741
276831	 5.7569630e-03 -1.9021516e-05 -3.0003169e-03  4.3452471e-03
 -6.8092707e-04 -1.4415204e-02 -2.2692247e-03  3.1992781e-03
 -2.4766419e-03  7.2325049e-03
288912	 0.00872903 -0.0012521  -0.00369468  0.00829456 -0.00821784 -0.00773063
 -0.00296377  0.00237801 -0.01018118 -0.00713932
89449	 0.0072578  -0.00714519 -0.01775903  0.00611219  0.00016753 -0.01099817
 -0.00699217  0.010766   -0.00027702 -0.00589079
397714	 0.00479078 -0.0056343  -0.03085216  0.00240671 -0.00129241 -0.01094555
 -0.00356805  0.0144626   0.00661155 -0.00477354
397373	-0.05283746  0.00841165  0.00198844  0.00150854  0.02445303 -0.03307923
 -0.00500538 -0.00662988 -0.00094458 -0.02385923
396658	 6.2468913e-03 -2.1064917e-03 -1.8732900e-02  4.1684606e-03
  1.5104180e-03 -1.4573173e-02 -4.8550635e-05  1.0249368e-02
 -1.4639689e-03 -1.2914675e-03
46453	 8.83015618e-03  9.81913763e-05 -1.90452486e-02  8.31625483e-04
  1.50215975e-03 -1.18250195e-02 -4.27496480e-03  8.47348664e-03
 -6.24638330e-03 -4.84631769e-03
268662	 0.00929133 -0.0067622  -0.02213582  0.00899521 -0.00475213 -0.01774359
 -0.00736886  0.01035307 -0.00341374 -0.00783121
411000	-0.00269128 -0.00678542 -0.02197107  0.00720288 -0.00047883 -0.00239509
 -0.00327128  0.01491489 -0.00343288 -0.00132553
411001	 0.00929133 -0.0067622  -0.02213582  0.00899521 -0.00475213 -0.01774359
 -0.00736886  0.01035307 -0.00341374 -0.00783121
273790	 0.00528089 -0.00482536 -0.02309279  0.00672412 -0.00352955 -0.01245761
 -0.00550603  0.01130503 -0.00038377 -0.00378875
343425	 0.00507594 -0.00096077 -0.01847663  0.00971248 -0.00444605 -0.01549819
 -0.00803001  0.01374643 -0.00102938 -0.00655578
396674	 0.01127908 -0.00327327 -0.01736176  0.00816176 -0.00443011 -0.01334767
 -0.00667185  0.00665186 -0.00362099 -0.00708803
396675	 0.01127908 -0.00327327 -0.01736176  0.00816176 -0.00443011 -0.01334767
 -0.00667185  0.00665186 -0.00362099 -0.00708803
46468	 0.00658149 -0.00513899 -0.01841961  0.00658888 -0.00202882 -0.01344089
 -0.00472338  0.00954057 -0.00031104 -0.00186203
46469	 0.00748993 -0.0013398  -0.01567461  0.00979873 -0.00538082 -0.01522212
 -0.00383194  0.0035259  -0.00552533  0.00472227
302478	 0.01358159 -0.0054442  -0.01783812 -0.00283866 -0.00096785 -0.00927947
 -0.00753133  0.00898098 -0.00364942 -0.00509313
30610	 0.00694433 -0.00583104 -0.0190216   0.0070067  -0.00734926 -0.01217223
 -0.0046539   0.01179249 -0.00322833 -0.00671633
468884	 0.00855036 -0.00553023 -0.02254684  0.00914949 -0.00333803 -0.01728833
 -0.00647433  0.01144745 -0.00401308 -0.00509417
397717	 0.00479078 -0.0056343  -0.03085216  0.00240671 -0.00129241 -0.01094555
 -0.00356805  0.0144626   0.00661155 -0.00477354
468887	 0.00751394 -0.00643277 -0.01980633  0.0052284  -0.00228273 -0.00835652
 -0.00538684  0.00732186  0.00133285 -0.00395543
333209	-0.00167978  0.00784243 -0.00530709 -0.00160561 -0.00327521 -0.00681286
 -0.01186378  0.0021677   0.0025145  -0.00497082
551842	 0.0086518  -0.0046273  -0.02185994  0.00478136 -0.00382633 -0.01112746
 -0.00980719  0.0075074   0.00084553 -0.00353006
551855	 0.0086518  -0.0046273  -0.02185994  0.00478136 -0.00382633 -0.01112746
 -0.00980719  0.0075074   0.00084553 -0.00353006
332720	 0.00762939  0.00124224 -0.01457166  0.00520797 -0.00728138 -0.00897805
 -0.00219088  0.00861198 -0.00325623 -0.00151029
332721	 0.00515674 -0.00879272 -0.0067554   0.0132045  -0.00703768 -0.01142872
 -0.01015266 -0.00289249  0.00319667 -0.00808674
86962	 0.00436807 -0.00407246 -0.01380653  0.00470827 -0.00352594 -0.01178511
 -0.00621146  0.00282621 -0.00311989 -0.00694525
66483	 0.007981   -0.00498569 -0.02090841  0.00787914  0.00079941 -0.00803442
 -0.00700284  0.01112704 -0.00369975 -0.00185738
332215	 0.00505607 -0.00607138 -0.01766893 -0.00514115  0.00394972 -0.01283656
 -0.01376487  0.00092535 -0.01158072 -0.00413761
178105	 0.0057549  -0.00502251 -0.01966381  0.00846505 -0.00737713 -0.01201655
 -0.0035471   0.01169081 -0.00382441 -0.00521918
332219	 0.00997865  0.00403078 -0.01575414  0.01055811  0.00862165 -0.01284342
  0.00322932  0.00958684  0.00329626  0.00523317
50623	 0.00443709  0.00199021 -0.01196843 -0.00366278 -0.01078312 -0.01275859
 -0.00518185  0.00256623 -0.01197142  0.00394854
332738	 0.00762939  0.00124224 -0.01457166  0.00520797 -0.00728138 -0.00897805
 -0.00219088  0.00861198 -0.00325623 -0.00151029
332739	 0.00762939  0.00124224 -0.01457166  0.00520797 -0.00728138 -0.00897805
 -0.00219088  0.00861198 -0.00325623 -0.00151029
436676	 0.00370964  0.00242462 -0.00328837  0.01031059  0.00546398  0.0054474
 -0.00991893  0.01800265 -0.00839158  0.00350474
332743	 0.00762939  0.00124224 -0.01457166  0.00520797 -0.00728138 -0.00897805
 -0.00219088  0.00861198 -0.00325623 -0.00151029
361418	 0.00908476 -0.00095777 -0.01851765  0.00842223 -0.00305126 -0.01946601
 -0.00310548  0.00726203 -0.00221457 -0.00039041
546782	 0.00200165  0.0150879  -0.0029927  -0.0068237   0.00444698 -0.01185159
 -0.01598606  0.00418517  0.01093338  0.00044317
338407	 0.00579055 -0.00243676 -0.01863231  0.00855576 -0.00537552 -0.01542353
 -0.0100155   0.00833534 -0.00238461 -0.00905741
49240	 0.00672152 -0.00179189 -0.01988333  0.00644645  0.00018191 -0.01559955
 -0.00853791  0.00916535 -0.00434953 -0.00330162
18412	 0.00745337 -0.00344724 -0.01436675  0.00748634 -0.0030814  -0.00951059
 -0.00530518  0.00984254 -0.0016273  -0.00673994
50165	 0.0047521  -0.00031326 -0.01735255  0.00525836 -0.00176571 -0.01887081
 -0.00666551  0.00162359 -0.00876388  0.00189988
31741	 0.00833376 -0.00482516 -0.01595427  0.00438477 -0.00466917 -0.0099194
 -0.00415025  0.00938292 -0.00599289 -0.00122113
