513028	-0.00839833  0.01068632 -0.00193813 -0.00316427 -0.00066565 -0.01469625
  0.00084931  0.0009239   0.00510086  0.00596459
303116	-0.00436729 -0.00124256 -0.00599435 -0.01126744  0.00665352 -0.00566029
 -0.00631776 -0.00177364  0.00383841  0.00556066
90639	-0.00012589  0.00209252 -0.0065137  -0.00766893  0.00232229 -0.00616641
 -0.00030402  0.00681324  0.00054615  0.00050113
450576	 0.00804326  0.00329324  0.00085864 -0.00155268  0.00862155 -0.01037657
 -0.00313114 -0.00551455  0.00336557  0.00894733
144404	 0.00526249  0.00334566 -0.00153971 -0.00339086  0.00728839 -0.01043976
 -0.00399596 -0.0038553   0.00385707 -0.0038579 
256023	-0.00176731  0.00256588  0.00352156 -0.00258175  0.00730533 -0.00463674
 -0.00562026  0.00119262 -0.00296829  0.0005827 
521220	 0.00510085  0.00643659 -0.0025522   0.00700518  0.00323464 -0.01268967
 -0.00326373 -0.00287999 -0.0004637  -0.00065713
303136	 0.00855043  0.00536912 -0.00646252 -0.00284493  0.00664998 -0.00660467
 -0.00742196  0.00231479  0.0020936   0.0093152 
342561	 4.7745104e-03  2.3537341e-03 -2.3347659e-03  2.9008866e-03
  8.8132890e-03 -4.5390809e-03 -9.4664597e-04  1.8989055e-03
 -7.4926073e-05  4.6457700e-03
90667	-0.00083628  0.00101142 -0.00031536  0.00182567  0.00671494 -0.0071283
 -0.00664746  0.00255558  0.0032656   0.00846089
522796	 3.3697779e-03 -1.5371636e-03  5.6031981e-06  3.6098657e-03
  3.8210158e-03 -4.0514786e-03 -7.9432223e-03  4.5626238e-03
 -2.1928155e-03  4.8437612e-03
199215	 0.00619727  0.00631601 -0.00376603  0.00170731  0.00947277 -0.00567186
 -0.00185355 -0.00376669  0.00062325  0.00192549
522800	 0.00266728  0.00334496 -0.00428984  0.00031676  0.00188279 -0.00440588
 -0.00434777  0.00100676  0.00129035  0.0024994 
307252	-0.00381957 -0.00117974 -0.00168149  0.00629463  0.01127214 -0.00489181
 -0.00672844 -0.00437072  0.00881816  0.00100815
406586	 0.00084232  0.00014244 -0.00888739 -0.00763654  0.00292949  0.00411106
 -0.01116915  0.00259418 -0.00412485  0.00838615
465472	 1.43157495e-02  8.65555275e-03  8.49146210e-03 -3.72228934e-03
 -7.06267019e-04 -8.93609691e-03  1.46375725e-03 -2.87845521e-03
  5.57612657e-05  1.08634382e-02
297034	 0.00435841  0.00139526 -0.0009765   0.00264566  0.00486445 -0.0090022
 -0.00111174 -0.00536944  0.00279508  0.00210436
536653	-0.00425251 -0.00074851  0.00060969 -0.00022343  0.00534179 -0.00466679
 -0.0100933   0.0037228  -0.00425032  0.00397587
90703	 0.0003939  -0.00421458 -0.00173379 -0.01369743  0.00215643 -0.00890133
 -0.00092554 -0.00481936 -0.00953872  0.00578676
368216	-0.00381725 -0.00672114 -0.00446328 -0.0034086   0.01484557  0.00943209
  0.00413606 -0.00494868  0.00235221  0.00614207
195673	-0.00238963 -0.0059646  -0.00729008  0.00397307  0.00834272  0.00437529
 -0.00317263 -0.00523834  0.00683463  0.00873363
236123	 0.00064304 -0.00058535 -0.00546777 -0.00117992  0.00486017 -0.0060724
 -0.00928751 -0.0030624  -0.00234524  0.00315291
173660	-0.00058707  0.00167297  0.00481367 -0.00295118  0.00809603 -0.00528919
 -0.0081489   0.00084114  0.00142926  0.00362736
161895	-0.00265086  0.0117713   0.00057411 -0.00861295 -0.01036658 -0.00821632
 -0.00772985 -0.0117514   0.00166808  0.01113661
347244	 0.00207064  0.00343619 -0.00143226 -0.00523908  0.00501347 -0.00664013
 -0.00148707  0.00207378  0.00709463 -0.00401803
508349	-0.00243353 -0.01000564 -0.00477523  0.00067247  0.0035592   0.00220894
 -0.01008529 -0.00558294  0.00517608 -0.00665099
559223	-0.00094934  0.00161188 -0.00586246 -0.0001357   0.00431572 -0.00237412
 -0.00386598 -0.00037741 -0.00387337  0.00688662
213626	 0.00553361 -0.0012586  -0.00537507  0.00827669  0.00565102 -0.00634277
 -0.00220218  0.00600863 -0.00290355  0.00140265
403069	 0.00866782  0.00553253 -0.0073029   0.00549428  0.00972152 -0.0066879
 -0.00450404 -0.0013033  -0.00688524  0.00169416
403070	 0.00692585 -0.00031589  0.00257724 -0.00354554  0.00665039 -0.00536766
  0.00055105 -0.00107956 -0.00465434 -0.00114332
14979	-0.00446534  0.00156199 -0.00794542  0.00118562  0.01030986 -0.00729863
 -0.00441589 -0.01102408  0.00728382  0.00946458
493705	 0.00602221  0.00256781 -0.00430629  0.00450638  0.00627205 -0.00342104
 -0.00453928 -0.00557365 -0.00113365  0.00409965
552077	-0.00192194 -0.00340786 -0.00660373 -0.00288851  0.00879889  0.00385476
  0.00062125 -0.00394095 -0.00217294  0.00655424
412304	 0.00478417  0.00109058 -0.0007798   0.00265994  0.00462867 -0.00945178
 -0.0013425  -0.00555751  0.0024141   0.00172687
496798	-0.00294533 -0.00173462  0.00068574 -0.00556915  0.0054672   0.00075419
 -0.00021477  0.00868063 -0.00140106  0.00299218
188067	 6.5194072e-05  2.3570999e-03 -7.4185166e-03 -2.4845169e-03
  3.0772716e-03  2.5980372e-03 -9.3790801e-04  4.9169380e-03
 -1.9712967e-03  4.7167134e-03
15530	-5.37509564e-03  1.57831691e-05  5.58819761e-03  1.03365548e-03
  1.06376605e-02 -2.38168496e-03  2.72223260e-03  2.33317562e-03
 -2.57878168e-03 -6.58318726e-03
395443	 0.00146987  0.00079312 -0.00177153 -0.00449976  0.01180255 -0.00368138
 -0.00287722 -0.00718535 -0.00180424  0.00738816
197310	-0.00183721  0.00446666 -0.02233183  0.00633858  0.00357344 -0.00633269
  0.00598262  0.00544104 -0.00534208  0.0020357 
530623	-0.00234874  0.00644574  0.00071409  0.00447413  0.01435999  0.00182623
 -0.00728966  0.00440791 -0.00670247  0.00176119
15557	 0.00519561  0.00082676 -0.00878482 -0.00675566  0.00349419 -0.00241982
  0.00082461 -0.00352696  0.00703553  0.00650571
309448	 0.00711248  0.0016464  -0.00680675  0.00140186  0.00858386 -0.00502719
 -0.00052842  0.003439   -0.00073497 -0.00132118
560329	 0.00207887  0.00301778 -0.00076981 -0.0022312   0.01445649 -0.004126
 -0.00170082 -0.00884992 -0.00419273  0.0076193 
280778	 0.00279983  0.00336838  0.00857681 -0.00079769  0.0118686  -0.00899689
 -0.00584498  0.00406075 -0.00158833  0.00101654
383693	 0.0040886   0.00031425  0.00086351 -0.0014758   0.0078945  -0.00848781
 -0.00156531 -0.00684313  0.00109598  0.0047794 
243406	-0.00335878 -0.00096764  0.00017197 -0.00013784  0.00078699 -0.00947273
 -0.00982616  0.00588238  0.00250016  0.00961449
520913	-0.00257302  0.0014474  -0.00406707  0.0010453   0.00043038  0.0043925
  0.00425178  0.00462721  0.00511162 -0.00106671
535766	 0.00790171  0.00400741  0.00335343 -0.0035992   0.01103422 -0.00701676
 -0.00048466 -0.00350581 -0.00453365  0.00074078
395490	 0.00052888  0.00211642 -0.00396075  0.00030888  0.0039325  -0.00345536
 -0.00192632 -0.00041438  0.00264999  0.00071567
138982	-0.0059854  -0.00436413 -0.00350115 -0.00484256  0.0040885  -0.00888894
 -0.00487543 -0.00047969  0.00078623  0.00172673
550631	 0.00896265 -0.00267266  0.00421561  0.00384146  0.00746069 -0.00519837
  0.00691    -0.01000486  0.00010841  0.00635713
250095	-0.00323517  0.00176074 -0.00531972 -0.0073724   0.00436538 -0.00530122
 -0.00501924  0.00055897 -0.00088156  0.00285   
132851	 0.00424921  0.0008308   0.00170434 -0.00045898  0.00946512 -0.00669021
 -0.00149904 -0.00392424  0.00099961  0.00661424
200948	-2.9350973e-03  8.2295304e-03 -7.0558428e-03 -1.9852153e-03
  7.1539781e-03  2.6816124e-04 -9.7463410e-03 -6.2968797e-06
 -7.7180066e-03  5.3381054e-03
234232	-0.00035025 -0.00060789  0.00331948 -0.00782289  0.01282796  0.00858718
 -0.00677205 -0.01324898 -0.00738379  0.00940816
526076	 0.00192926  0.00557145 -0.00080468  0.00174617  0.00301112  0.00031548
 -0.00511696  0.00099573 -0.00292655  0.00267145
414983	-0.0025877  -0.00492813  0.00015067 -0.00067616  0.00239756 -0.00889994
 -0.00741057 -0.00020682 -0.00204895  0.00040031
210188	-0.00119987  0.00715824 -0.00674774 -0.00076109  0.00819387 -0.00542476
 -0.00369563  0.00093049 -0.01082873 -0.00526136
357133	 4.9603719e-04 -1.5402521e-03 -4.7387788e-03  2.5672195e-03
  6.3274559e-03 -5.5014119e-03  3.2915003e-03  8.5264310e-04
  5.2850628e-05  1.2188515e-03
531741	 0.00610727  0.00699085  0.00097052  0.00744837  0.01126757 -0.00245486
 -0.0056144   0.00131124 -0.00978092  0.00477744
256804	-1.6000490e-03 -2.1469211e-03 -2.8836809e-03  1.5191120e-03
 -2.0038793e-03 -9.9158206e-06 -5.8000404e-03 -4.7190343e-03
  2.8244399e-03  4.5114779e-03
284466	 0.00115299 -0.00149894 -0.00041252 -0.00370924  0.00231352 -0.00550883
 -0.00437531  0.00017168  0.0008438   0.00118676
254781	 0.00695766  0.00571415 -0.01331914 -0.00067211  0.00839276 -0.00306821
 -0.00557666  0.0041324  -0.00505144  0.00504976
450887	-0.00074016 -0.01410279 -0.00275037 -0.00551426  0.00229612  0.00992007
 -0.01540118  0.01325206 -0.01281194  0.00724572
439624	-0.00216774 -0.00067704 -0.00502334  0.00020385  0.00665693 -0.00480394
 -0.00625371  0.00228469  0.00153346  0.00394308
547148	 0.00707292  0.00490061 -0.0012273  -0.00237558  0.00151359 -0.00590977
 -0.00480853 -0.00712161 -0.00120119  0.00479754
552782	 0.00223478  0.00429961 -0.00228885 -0.00356981  0.01182557 -0.00377132
 -0.0048164  -0.00368381  0.00064598  0.00462772
447971	-5.9897047e-03  8.9637452e-04 -2.9543221e-03 -5.1962566e-03
  7.4316165e-03  6.8257417e-04 -5.9813387e-03 -1.3483852e-03
 -7.0753085e-05  8.0233607e-03
424279	 0.01376789  0.00682597  0.00390972 -0.01240298  0.00548297 -0.01106579
 -0.00836799 -0.00054074 -0.00557909  0.01100856
386906	-0.0028961   0.00676373 -0.00541613  0.00190049  0.00652586 -0.00949329
 -0.00470075 -0.00236222  0.00239734  0.00292026
404320	 0.00388774  0.0035982  -0.00307539  0.00322534  0.00856953 -0.00706751
 -0.00014796 -0.00104774  0.00084056  0.00569908
256353	 3.5248462e-03  2.0279430e-03 -2.1780632e-03 -2.5102426e-03
  7.4872291e-03 -6.9084479e-03 -1.8361175e-03 -3.7535089e-03
 -5.4813470e-05  4.5469957e-03
552802	-3.5425886e-03  1.7132043e-03 -3.2648614e-03 -7.5594066e-03
  7.8711137e-03 -2.4675545e-03 -3.8075827e-03  7.0740259e-04
  1.0094008e-03 -4.1105337e-05
571236	 0.00444386  0.00455287 -0.002212    0.00466206 -0.0004611  -0.00098953
 -0.00216004  0.00300335 -0.00268437  0.00280529
445809	-0.00413742  0.00635067 -0.00219604 -0.0034494   0.00888768 -0.00216973
 -0.01093894  0.00416715 -0.00448049  0.00449073
266616	 0.00056073 -0.00143695  0.00374917 -0.00289402  0.00975967 -0.00263507
 -0.00107534 -0.0076199  -0.00361004  0.0001872 
447354	-0.00074088 -0.00091859 -0.00463164  0.0027027   0.00949857 -0.00760523
 -0.00570856  0.01028706  0.00213174  0.00174009
253822	-0.0014954  -0.00033304 -0.00543082 -0.00270185  0.0117325  -0.00624003
 -0.00208196 -0.00548597 -0.0045323  -0.00164419
334208	 4.9744467e-03 -7.2870846e-04 -2.4953093e-03 -8.4033381e-05
  6.9058710e-03 -5.5260030e-03 -2.2563892e-03 -1.3304020e-04
  1.4719068e-03  3.6359217e-03
276353	 3.7987859e-03  4.6426342e-03 -6.3815940e-05 -2.9896693e-03
  7.1385135e-03 -2.4600241e-03  2.1248183e-03 -5.9018643e-03
 -1.9127131e-03 -1.0966681e-03
204674	-0.00039922  0.00374367 -0.00606127  0.0070373   0.00898488 -0.00213529
 -0.00302703 -0.00310979 -0.00100625  0.00033639
434564	-0.00704251 -0.00224839 -0.00271102  0.0031091  -0.00262222 -0.01036172
  0.00051381  0.01284403 -0.00778274  0.00507608
54662	 0.00237323  0.01007414 -0.00597594  0.00153564  0.00660926 -0.01528053
  0.00597545  0.01118863 -0.0120864   0.00534155
156561	 0.00500195 -0.00141326 -0.00219495  0.00150906  0.00740202 -0.00850268
 -0.00148956 -0.00500486  0.00181975  0.00320935
144278	 0.00352907 -0.00118022  0.00136054  0.00853245  0.00632223 -0.00691026
 -0.00071246  0.00681778 -0.00447142  0.01313988
133019	-0.00106495  0.00255509 -0.00355613 -0.00168796  0.00593263 -0.00732521
 -0.00457697 -0.00098734 -0.00308568  0.00720514
202658	 0.00209597 -0.00204905 -0.00266438 -0.00402881  0.0091244  -0.0057335
 -0.00454099 -0.00387871 -0.00206719  0.007342  
463272	-0.001852    0.00043263  0.0002948  -0.00346772  0.00530385  0.00395452
 -0.01104127  0.00585339 -0.00168224  0.00399899
424775	 0.00578311  0.00741925 -0.00454929  0.00127228  0.00618082 -0.00652478
 -0.00171552 -0.00653959 -0.00079353  0.00305249
150449	 6.20210834e-04  1.50960649e-03  2.88967974e-03  2.11658119e-03
  5.94913960e-03  1.51556615e-05  9.71174450e-04  2.70651001e-03
 -9.78710409e-03 -6.49164198e-03
74674	 1.0163629e-02  6.4012187e-05  8.6251991e-03 -1.5432677e-03
  6.2546274e-03 -6.4423657e-03  1.7861181e-03 -1.8721713e-03
  5.7063824e-03 -1.8168894e-03
263095	 0.00435841  0.00139526 -0.0009765   0.00264566  0.00486445 -0.0090022
 -0.00111174 -0.00536944  0.00279508  0.00210436
199096	 0.00344644  0.00156744 -0.00468561  0.00046547  0.00787801 -0.00861655
 -0.00058453  0.00130921  0.00467841  0.00115069
387003	-0.00533569 -0.0011686  -0.00477094  0.00415108  0.01377191 -0.00729259
  0.00374301 -0.0077773   0.00228893  0.00408927
182717	 0.00223196  0.00199714 -0.00408702  0.00324211  0.00610425 -0.00845606
 -0.00300742  0.00068461  0.00365643  0.00524248
279999	 0.00159235 -0.00137707  0.00011165 -0.00374813  0.00838812 -0.00633927
 -0.00123937  0.00195289  0.00359163 -0.00265581
522178	 0.00589863  0.00382524 -0.00538686  0.00104935  0.00538032 -0.00839582
 -0.00387729 -0.00540315 -0.00049688  0.00499382
155083	 3.3633977e-03  6.3631870e-03 -1.8388095e-03 -5.6945905e-03
  6.1727194e-03 -6.2389220e-03 -5.3280527e-03 -1.0057981e-02
 -1.3221236e-05  6.7463075e-03
424396	-0.00046278  0.00516457 -0.00981263 -0.00211169 -0.01149477 -0.00896305
 -0.00148015 -0.0044078  -0.00737069  0.00641358
297208	 7.8470235e-05  5.3065354e-03 -1.4439605e-02 -2.9595890e-03
  7.1169115e-03  9.2088041e-04 -2.2536197e-03  4.2093485e-03
  2.5669094e-03  6.2452024e-04
520665	 0.00122849  0.00720285 -0.00266499  0.00296736  0.01317083 -0.00280228
 -0.00354124  0.00064757  0.00088162  0.00589569
299482	 0.00332935 -0.00561286 -0.00143258 -0.00500913  0.01218972  0.00134827
 -0.00125803 -0.0036459   0.00554065  0.01146435
212960	-0.00337588  0.00493856  0.00017028  0.00099255  0.00729573 -0.00032085
 -0.00945553 -0.00926618  0.00130103  0.00827261
241123	-1.1936582e-04  3.2769057e-03 -2.8290022e-03  4.3803966e-03
  4.0190397e-03 -8.0016190e-03 -3.7975360e-03 -1.7134899e-03
 -8.8415654e-05  2.5452494e-03
447972	-6.4221160e-03  1.4393209e-03 -3.3846952e-03 -5.5111777e-03
  7.2035156e-03 -3.4282777e-05 -5.6455373e-03 -1.0009313e-03
 -3.6336941e-04  7.4926959e-03
510437	-0.00301753  0.00494387  0.00134653  0.0038739   0.0065991  -0.00659478
 -0.00185749 -0.00396421 -0.00051607  0.00841681
303079	-0.00268626  0.00238836 -0.00185147 -0.0011303   0.00708588  0.00109222
 -0.00158011  0.00160655 -0.00057192  0.00389355
285173	 0.00548602  0.00923914 -0.01266188 -0.00205527  0.01251891 -0.00566804
 -0.00111324  0.00367241  0.01028716 -0.00864182
