470020	-0.00073708 -0.00017648 -0.00601521 -0.01230605 -0.00078548 -0.00121171
  0.003433   -0.00552516 -0.0018744   0.00419003
509958	 0.00215013  0.0048401   0.00012792 -0.001809    0.00185994 -0.00237035
  0.00360098  0.0022346  -0.00229918  0.0027183 
70676	 0.01305389  0.0029718  -0.0080162  -0.00171078  0.00096335  0.00088193
  0.0046045   0.01073167 -0.00114008  0.01458091
144919	-0.00697603 -0.00586203  0.0056781   0.00107056  0.00284777 -0.0033855
  0.00358223  0.00360578 -0.00323677  0.00770446
130102	-0.00143825  0.00527255 -0.00501561 -0.00295847  0.00041828  0.00142397
  0.00717458  0.00107057 -0.00257167  0.00026134
70713	 0.01109864  0.00812924 -0.0041582   0.00026318  0.00517828  0.00240866
  0.00315223  0.00566481  0.00258587  0.00865986
172606	-0.00629033  0.00014864  0.00379178  0.01158461  0.00739668  0.00312346
 -0.00974825 -0.00566985  0.00236574  0.00133119
481856	 7.6725366e-05  3.8745082e-03 -1.2888574e-03 -6.4833388e-03
 -3.4192326e-03  6.2683382e-04  3.8945614e-03 -8.3552313e-04
 -9.0000266e-03  4.6718162e-03
214027	 0.00032188 -0.00615358  0.00664165 -0.00094371 -0.01004649 -0.01169302
 -0.0074937   0.00783976 -0.00641319  0.00122627
449621	-0.00676606  0.00776899 -0.00013408 -0.00239989  0.00071814 -0.00076372
 -0.00032742  0.00276336 -0.0091875   0.00439742
97373	 8.5924054e-04 -7.2832991e-05 -6.6403197e-03  1.5305637e-03
  4.3125483e-03  5.1336139e-03  2.1870618e-03 -3.4489727e-04
 -2.2724138e-03  4.4597471e-03
70241	 0.01737988  0.01618526 -0.00611195 -0.00363756  0.00321703 -0.00546905
 -0.00032879  0.00680653  0.00545359  0.00932684
470116	-0.00831877 -0.00145333  0.00634727  0.00283975  0.00118067  0.00476194
  0.00299099  0.00470669  0.00569137 -0.00084493
320614	 0.00094128 -0.00288049  0.0026379   0.00290377 -0.00256438 -0.00239591
  0.00708286 -0.00562053 -0.00613892 -0.00161789
35439	-0.00525189 -0.00378421 -0.0088118  -0.00344582 -0.00882809  0.00341789
 -0.00636649  0.00055693  0.00110525  0.01065795
62066	-0.0011988   0.00680844  0.0027947   0.00864197  0.00701592  0.00541555
  0.00393204  0.00478632 -0.00476424 -0.0009108 
448651	 0.00433205 -0.00697676 -0.00103353 -0.00560345  0.00225082  0.00411088
  0.0048515   0.002969   -0.0069652   0.01251529
92304	 4.9891775e-03  5.4831565e-03  2.2509118e-04 -9.6663527e-05
  4.8474581e-03 -5.2032946e-03  6.1891265e-03 -3.5323212e-03
 -7.5020012e-03  5.0775842e-03
92305	 0.00198445  0.00191383  0.00116214 -0.00019156  0.00524969  0.0001668
  0.00891039 -0.00336486 -0.00768123 -0.00169887
97428	-0.00639404  0.00382923 -0.00695521 -0.00532183 -0.00494648  0.0093858
  0.00722214  0.00013526 -0.00383984  0.00317165
70814	 0.01688035  0.01530139 -0.00643001 -0.00394013  0.00330168 -0.00525795
 -0.00082375  0.00606834  0.00485672  0.00901521
301215	-0.00163789 -0.00282578 -0.00605879 -0.01213346  0.00265099 -0.01066109
 -0.00153172  0.0059779   0.0054028   0.00806343
38513	-0.00525189 -0.00378421 -0.0088118  -0.00344582 -0.00882809  0.00341789
 -0.00636649  0.00055693  0.00110525  0.01065795
364205	 0.00350619 -0.00676472  0.00138796 -0.00703076 -0.00206157 -0.00044682
  0.00409193  0.00961187 -0.00663131 -0.00452523
497329	 7.5031326e-06  5.0121783e-03 -1.2582763e-03 -4.0803063e-03
 -4.9659689e-06  3.7968811e-03  2.5945567e-03  4.1568084e-03
 -3.6309683e-03 -1.5833163e-04
20664	-0.00333992  0.00101348 -0.00855682 -0.0014022  -0.00044319 -0.00408471
  0.00424362  0.00476864 -0.00354474 -0.00147308
360138	 0.00427178 -0.00032219  0.00292095 -0.00520493  0.00144156  0.00080581
 -0.0023429   0.00728167 -0.00305738 -0.00154343
261321	-0.01454715 -0.00171557 -0.00770712  0.00553599  0.00561461 -0.00067679
  0.01397559 -0.00838424  0.00916253 -0.00137836
69847	 0.01664599  0.01676001 -0.00679422 -0.0044642   0.00646634 -0.00191721
  0.00174811  0.0110581   0.00437091  0.00952464
443623	-0.00251787  0.00147058 -0.0030262  -0.0061138   0.00092591 -0.00319032
  0.00538339  0.00133147 -0.00216684  0.00489443
71913	 0.00617326 -0.00349542 -0.0004875  -0.00660667  0.00715853  0.00522796
 -0.0010784  -0.00337572 -0.0044994   0.01000205
43243	 0.00199868 -0.00423192 -0.00340952 -0.00745289 -0.002132    0.00063495
  0.00607951  0.00216172 -0.00688039  0.0079588 
211325	-0.0003743   0.00709178  0.00192275 -0.00425848 -0.00014556 -0.00382215
  0.00450824  0.00209144 -0.00485597  0.00486512
180986	 0.00615303  0.00150937  0.00291233 -0.00446189 -0.00052679 -0.00175483
  0.00758741  0.00714519 -0.00424485  0.00305656
87807	-0.00340328  0.00637631  0.00099257 -0.0063386   0.00181279  0.00635846
  0.00081154 -0.00131419 -0.00305449  0.00961478
558336	-0.01163671  0.01771338  0.00484029 -0.00949366  0.00975697 -0.00999886
  0.00299192  0.01261642 -0.00326324  0.01509789
208159	 0.0016592   0.00891489 -0.00272381 -0.00861474 -0.00502595  0.00496106
 -0.00114496  0.00039093 -0.00753843  0.00019362
7970	 2.4887603e-03  6.3084539e-05 -2.4940195e-03 -2.6303907e-03
  4.6824282e-03 -2.8024600e-03  2.5742587e-03  6.1135925e-03
 -8.1078260e-04  1.6229493e-03
191784	-0.00881138  0.00604696 -0.00662617 -0.00182058  0.01189508  0.00052458
  0.01045626  0.00586335  0.00059415 -0.00307422
373546	-0.00370795  0.01272944  0.00942534 -0.002233    0.00101763  0.004158
 -0.00360943 -0.00252032 -0.00290214 -0.00385361
445746	-0.01108704 -0.00011072 -0.00469939 -0.01312301 -0.00365994  0.00516536
  0.00461458  0.00971119  0.00123046  0.00141663
404810	 0.00168548  0.00596937 -0.00422682 -0.00023416  0.00203447 -0.00343348
  0.0039781   0.00037339 -0.00104891 -0.00023629
373583	 5.04032988e-03 -8.16374493e-04 -3.90978949e-03 -9.43657383e-03
 -1.12189185e-02  8.55279563e-04 -6.77988539e-03 -7.51289235e-06
 -5.04862843e-03 -1.59260128e-02
221021	-4.4334629e-03 -2.6938683e-04 -9.6607115e-03 -4.9512112e-03
 -1.3021437e-03 -2.5701502e-03  4.9915365e-03  8.9812653e-05
 -4.3858420e-03 -3.8949365e-03
469343	 0.00273088  0.00047077  0.01034004 -0.0050624   0.00204016 -0.00164889
 -0.00641238  0.00220648 -0.00102526 -0.00313357
98148	 0.00502707  0.00763063 -0.00660641 -0.00186334 -0.00562543 -0.00223414
  0.00956158  0.00801398 -0.00534048 -0.00314701
219497	 2.4411451e-05  3.9971300e-04 -5.1600575e-03 -1.4835694e-02
 -7.7268225e-03  5.9294351e-05  4.5693731e-03 -2.2241666e-03
 -1.0288308e-02  5.5642676e-04
440551	 0.00046946  0.00493592  0.00040543 -0.0046487   0.00074276 -0.01063321
  0.00540053  0.00693317  0.00042463  0.00179092
312189	 0.00185485  0.00879891 -0.00333031 -0.00723617 -0.0086379   0.002848
  0.0078349   0.00749234 -0.00391819 -0.00400289
200069	 0.00267577  0.00104256 -0.00267112 -0.00744022 -0.00298957 -0.00080838
  0.00306529  0.00195164 -0.00727439  0.00195785
71558	 9.6130505e-05 -9.7245409e-04  8.2714353e-03 -1.1247807e-02
 -2.5166087e-03 -1.1587482e-02  5.7519833e-03  2.6349878e-04
 -3.4286075e-03  5.6730409e-05
32652	 0.00026665 -0.00764776 -0.00411059 -0.00604519 -0.00834323  0.00697517
  0.00285068 -0.00208511 -0.01124707  0.00292506
404366	 0.00468178  0.02205999 -0.0062558   0.00563098  0.00250548 -0.00170027
  0.00848279  0.01534178  0.00494003  0.00087642
285078	-0.00093867  0.00487314 -0.00233572 -0.00096274 -0.00025374 -0.00356255
  0.00725543  0.00078898 -0.00577277  0.00573742
486301	-0.0009114   0.00221154 -0.00596023 -0.00572616  0.00287115 -0.00159374
  0.01089645 -0.00200031  0.00140764  0.00274596
469923	-0.00138515  0.00197212 -0.00171294 -0.00263724  0.00261331  0.00361246
  0.00617263  0.00046548 -0.0008986   0.00380589
218020	 0.00654023  0.00386441  0.08156776 -0.02034395  0.04218762  0.00113681
  0.05011877 -0.01437162 -0.02087101  0.01996413
42921	 4.3153209e-03  1.5158481e-03 -7.8913028e-04 -7.0135626e-03
  5.2537034e-05  3.8152570e-03  7.0636021e-03 -1.8775425e-04
 -5.9675626e-03  3.4078144e-04
224171	-0.00509464 -0.004038   -0.00974219  0.00459458 -0.00016116  0.00056608
  0.00115031 -0.0028891  -0.00367503 -0.0010001 
258480	 0.00042617  0.00012975 -0.00966556 -0.01197155  0.00302006 -0.00540656
  0.00402653  0.00035864 -0.00298295 -0.00088159
488371	-6.1931219e-03  1.0581346e-02 -8.4348459e-05 -1.1798771e-02
  6.9438136e-04 -1.1027536e-03 -9.1496669e-03  2.5113509e-03
 -1.8536155e-04  2.5037238e-03
406964	-0.00141397  0.00722485  0.00621506 -0.00159413 -0.0016141   0.00061509
  0.00802939  0.00285167 -0.00429522 -0.00034105
442014	-0.0002673  -0.00062051 -0.00512626 -0.00332228  0.00446408  0.00545344
  0.00271489  0.0030795  -0.00953051  0.00679586
469958	 1.9393833e-03  5.6089279e-03 -3.1579048e-03 -2.7707354e-03
  2.2230197e-03  1.0645110e-05  4.0668924e-03  7.7725747e-03
 -7.9284701e-03  1.1162828e-03
435658	 0.00097536  0.00724105  0.00646508 -0.01745208  0.00528252 -0.0005467
 -0.00428611 -0.0008295  -0.00885952 -0.00563218
259020	-0.00198141  0.00434947  0.00442705 -0.00346221  0.00612279 -0.00374574
  0.00151909 -0.0022795   0.00184909  0.00109741
335324	 0.01106518  0.00388663  0.00746182 -0.00550565  0.00865253  0.0031861
 -0.00496933  0.0114597   0.00207172  0.00403662
493306	 0.00922264  0.01215171 -0.00240306 -0.00771326  0.0055327   0.00415683
 -0.00463014  0.01035671  0.00498738  0.00105144
87014	 0.00876726  0.00973304 -0.00040268 -0.0045896   0.00081839  0.00270556
  0.00157943  0.00091129 -0.00237651 -0.00168451
2024	 2.5917373e-03  8.9512375e-04  1.9424423e-03  3.3093223e-03
 -4.9671660e-05 -3.0264400e-03  4.0397700e-03  7.5961259e-04
 -7.2424160e-03 -1.7130553e-03
279019	 0.005914    0.00313547 -0.00073762  0.00153054  0.00872185  0.00461771
 -0.00271876  0.00278241 -0.0048065   0.00790842
238062	 0.00560614 -0.00456243  0.00865454  0.00117376  0.00029559  0.00804149
 -0.00371259  0.00735708  0.00560252  0.01133148
306166	 0.00702487 -0.00073706 -0.002394   -0.00485997  0.00220657  0.00185725
  0.00883544  0.00268123 -0.0031901   0.00795436
210857	 0.00452512  0.00189784  0.00270741 -0.00187072  0.00535693  0.01262032
  0.00428434  0.0031618  -0.0129005   0.00289189
550905	 0.00658522  0.00943009 -0.00236562  0.00041212  0.00079202 -0.0029896
  0.0108007  -0.00097052 -0.00108532  0.00640066
554492	 0.00175129  0.00433331 -0.00095944 -0.00147787  0.00283269 -0.00610119
  0.00851297  0.00263193 -0.00798984  0.00128621
554493	 0.00512543  0.00546422 -0.00624192  0.0002708   0.00068354 -0.00370456
  0.0077262   0.00079167 -0.00254629  0.00697913
