178304	 0.01170774  0.0068604   0.00306758 -0.00188804  0.00191678  0.00359462
  0.00383014  0.00262277 -0.00365123  0.00309425
2816	 0.01947732  0.00081228 -0.00440259 -0.00991049 -0.00163483 -0.00088106
 -0.00030331  0.0024371  -0.00041237  0.00306777
252421	-0.00166953 -0.00189524 -0.0059259  -0.00290717  0.0045193  -0.00297169
 -0.00509934  0.00083047  0.00867173  0.00284756
398982	 0.01408989  0.00534298 -0.00289872 -0.0029171   0.00904105 -0.00153167
  0.00032089  0.00564382  0.00914271  0.00770597
245001	 1.8212797e-02  6.4636529e-03 -1.1624865e-03  4.4192653e-05
  8.3588045e-03 -4.1584144e-03 -7.2978884e-03 -1.7018643e-03
  8.9430641e-03  1.0658890e-02
435086	 0.00609935  0.00273703 -0.00201414 -0.00890267  0.00368    -0.00504871
 -0.00074649  0.0050342   0.00516743  0.00451312
277775	 0.01642661  0.00184219  0.00424821 -0.0060025   0.00472579 -0.00108763
 -0.00613313  0.0028105  -0.00127942  0.00683571
544150	 0.0180398  -0.00194077  0.00144578 -0.00893986  0.00780349 -0.00471293
  0.000129    0.00446312 -0.0020117   0.00297132
264987	 0.00209362  0.00651499 -0.00448794 -0.00842033 -0.00041928 -0.00068357
 -0.0081096   0.00411472  0.00061302  0.00577987
437536	 0.01136044  0.00505268 -0.0006704  -0.00024217  0.00342283 -0.00132857
 -0.00254341  0.00031557 -0.00228449  0.00425138
107426	 0.00634579  0.00372772 -0.0010873  -0.00477275  0.00382582  0.00033758
 -0.00144235 -0.00149276  0.00011447  0.00217337
437539	 0.00621825  0.00669583  0.00072627 -0.00392559  0.00668187 -0.00551156
 -0.00055448 -0.00029708 -0.00357751  0.00552097
578085	 0.00944489  0.00103414  0.00620774 -0.00724901  0.00549543 -0.00344429
  0.000909    0.00453754  0.00461424  0.00294745
249002	 0.01181257  0.00584063 -0.00027871  0.00170921  0.00866845  0.00301882
 -0.00021303  0.00668986  0.00101157  0.00581115
203568	 0.01245594  0.00132621 -0.00122914 -0.00611294  0.00513535  0.00170619
 -0.00418662  0.00749661  0.00250269  0.00405485
203570	 0.01303642  0.00510878  0.00105711  0.00306646  0.00261115  0.00262528
  0.0002494   0.00127857 -0.00209495  0.00054457
379318	 0.00984216  0.00338022  0.00255325 -0.00549328  0.00399773 -0.0035608
 -0.00085654 -0.00104826  0.0009259   0.00541021
228937	 0.01181133  0.00165906 -0.00137817  0.00105662 -0.00429887 -0.00638628
 -0.00307163  0.00471267  0.00250682  0.00506225
101180	 0.01305374  0.0065886   0.00667199  0.00217437  0.00490287  0.0021979
 -0.00669765 -0.00013398 -0.00417477  0.00131944
241354	 1.6242813e-02  7.1289840e-05  6.6102077e-03 -3.7639260e-03
  9.7542666e-03 -6.4038252e-03 -2.4884022e-03 -4.2004496e-04
  5.5576541e-04 -3.2834351e-04
336319	 0.01376949  0.0019001   0.00249456 -0.00041781  0.00356372  0.00331715
 -0.00766174 -0.00262354  0.00100636  0.01045321
415680	 0.01497232 -0.0023159  -0.00517979 -0.00796235  0.00021582 -0.00725168
  0.0029717   0.01228625 -0.00569172 -0.0021757 
289095	 0.0180398  -0.00194077  0.00144578 -0.00893986  0.00780349 -0.00471293
  0.000129    0.00446312 -0.0020117   0.00297132
537544	 0.01188303  0.00731567 -0.00050858 -0.00569363  0.00924211 -0.008382
 -0.00303153 -0.0013774  -0.00019561  0.002139  
241353	 1.6242813e-02  7.1289840e-05  6.6102077e-03 -3.7639260e-03
  9.7542666e-03 -6.4038252e-03 -2.4884022e-03 -4.2004496e-04
  5.5576541e-04 -3.2834351e-04
288586	 0.01386953  0.00743574  0.00515435 -0.00617776  0.0101943  -0.00244203
  0.00142993 -0.00395487  0.00648675  0.00392929
379319	 0.01550113  0.00369478 -0.01065086 -0.00576041  0.01148188 -0.00437242
  0.00530777  0.0019435   0.00400887  0.00849615
578165	 0.0146614   0.00263438  0.00143442 -0.00046379  0.01331469  0.00014731
  0.0006028  -0.00642458  0.00098635  0.00963821
77146	 0.00564407 -0.00013425  0.00044731  0.00126923  0.00817109 -0.00304952
 -0.00128556  0.0029836   0.00446695  0.01135534
579317	 0.00995757 -0.00122129 -0.00335857 -0.00103413  0.00608828  0.00025831
 -0.00072332  0.00579837  0.00694872  0.00809906
286558	 0.00582231  0.00410248  0.00414353  0.00238603  0.00510202  0.00431311
 -0.00734035  0.00234979  0.00596748  0.01013719
178911	 1.6242813e-02  7.1289840e-05  6.6102077e-03 -3.7639260e-03
  9.7542666e-03 -6.4038252e-03 -2.4884022e-03 -4.2004496e-04
  5.5576541e-04 -3.2834351e-04
516065	 0.01507816 -0.0075296   0.00564352  0.00119632  0.01631372 -0.00562223
 -0.00346369 -0.01026752 -0.01009453  0.01044808
415714	 0.00621226  0.00504044  0.00124168  0.00163704  0.00356601 -0.00324116
 -0.00577543 -0.00138748 -0.00224142  0.0037565 
542440	 0.01702789 -0.00029827  0.002909   -0.00284253  0.00657821 -0.00435421
 -0.00343636  0.00488156  0.00040189  0.00110943
17130	 0.0037611   0.00058812 -0.00314091  0.00055564  0.00373372  0.00513616
 -0.00214643  0.00046032  0.00363845  0.00759893
415726	 0.01220909 -0.00233352 -0.00020623 -0.00223764  0.00805118  0.00067512
 -0.00230108  0.00287488  0.0015118   0.00328705
101181	 0.01305374  0.0065886   0.00667199  0.00217437  0.00490287  0.0021979
 -0.00669765 -0.00013398 -0.00417477  0.00131944
185072	 0.01105311  0.00044655 -0.00086888 -0.01382682  0.01306317 -0.00311824
 -0.00050715  0.00314224 -0.00245039  0.00624908
42353	-0.00436548  0.00404606  0.00818728 -0.0094723   0.00849556 -0.0024353
  0.00557749  0.01001885  0.00837535 -0.00487053
472562	 0.02078468 -0.00174194  0.00227988 -0.01046473  0.00818728 -0.00359895
 -0.00227568  0.00318336  0.00157509  0.0065428 
333811	 0.01376949  0.0019001   0.00249456 -0.00041781  0.00356372  0.00331715
 -0.00766174 -0.00262354  0.00100636  0.01045321
540599	-0.00011508  0.00758623 -0.00356174  0.00042732  0.00565689  0.00431915
 -0.00496954 -0.00369627  0.00371884  0.00327843
304374	 0.00935757  0.00262672  0.00261108 -0.00149267  0.00524528  0.00182793
  0.0005481   0.00567668  0.00087292 -0.00174843
86775	 0.01723903  0.00086889  0.00066007  0.00022558  0.00231324 -0.00390557
 -0.00611996  0.00200185 -0.00098976  0.00344537
138748	 0.02023624 -0.00170985  0.00845603 -0.00625412  0.00045237 -0.00230811
 -0.00530656  0.00081992 -0.00094353  0.00576441
456575	 0.01371973  0.00190199  0.00105268 -0.00666461  0.01167412 -0.00099291
  0.00125353 -0.00564761 -0.00145859  0.00199286
