263680	 0.00035353  0.00254588 -0.00279641 -0.00833244  0.00352869 -0.00947875
  0.00040013 -0.00303113 -0.00417364  0.00675992
158038	-0.00199866  0.00439053  0.00024407 -0.00848266 -0.00363487 -0.00407516
 -0.00563074  0.00577947 -0.0064953   0.00439434
306710	 6.23790873e-03  4.47074370e-03  5.26574906e-03  3.36300232e-04
  6.50892791e-04 -5.30742807e-03  8.01398710e-04 -4.17314097e-03
  8.94643163e-05  1.27564175e-02
480507	 0.01627289 -0.00785366  0.00127911 -0.00019976  0.0022403   0.00297786
 -0.00217237  0.0085724  -0.0021044  -0.00563925
160792	 0.00235403  0.0013538   0.01234473  0.00265102  0.00214142 -0.00504874
 -0.0092282  -0.01203826 -0.00281197 -0.00190096
317470	 0.00042828  0.0029003   0.00259051 -0.00257163  0.00316071  0.00119525
 -0.00043751  0.00417784 -0.00057424  0.00389895
83489	 0.0082256   0.00051508  0.00252801  0.00288624  0.00294573 -0.00101897
  0.0057677   0.00660449 -0.00335058  0.01574342
81960	-0.00056755 -0.0050222   0.00626303 -0.00708506  0.00762869  0.00663347
  0.00757656 -0.00343238  0.00370505  0.00897357
81962	 0.00245868 -0.00309481  0.00923005 -0.00902291 -0.00408947  0.00370367
 -0.00598099  0.00029808 -0.00288726  0.00723997
480300	 0.01145018 -0.00364792  0.00457893 -0.00287369  0.00313151 -0.00298323
  0.00205433  0.00167564 -0.00060193  0.01175682
206894	-0.00651948  0.00124495  0.00203005 -0.00282256 -0.00050687 -0.00498784
  0.00392008 -0.00657586  0.00184982  0.00361726
570429	-0.00112055 -0.00248832  0.00249054  0.00094142 -0.00353035 -0.00481691
 -0.01001208 -0.00225335 -0.0005774  -0.00089899
452672	 0.00652436 -0.0038646   0.00425331 -0.00473308 -0.00227338 -0.00144828
 -0.00239201 -0.00052665 -0.00313967  0.00691609
181324	 0.00033354  0.00792833  0.00135644  0.00050559 -0.00356778 -0.00200182
  0.00155529  0.00085197 -0.00254255  0.00380036
511214	 8.3176405e-05 -8.7700067e-03  8.1400685e-03  3.2978093e-03
  2.0147942e-03 -3.9479891e-03 -4.0576863e-03  4.9601328e-03
  3.6655138e-03  8.0449656e-03
315477	-0.0008559   0.00781119 -0.00180615  0.00165981  0.0060948  -0.00986337
 -0.00953577  0.00110423  0.00094563  0.00792051
85078	-0.00392981 -0.005886    0.00803153 -0.01122965 -0.00502573 -0.00914011
 -0.00176897 -0.00222016 -0.01117998  0.00857517
397919	-0.00069616 -0.00559462  0.00113933  0.00010033 -0.00177143  0.00449588
 -0.0040884  -0.00037164  0.00047084  0.00470846
303718	-3.9796392e-03 -4.2775841e-03  1.7432718e-03  8.6335149e-03
 -7.4148136e-03 -9.6067721e-05 -1.8558390e-03 -1.7483789e-04
 -9.6829364e-04  3.5265419e-03
524904	 0.00721417 -0.01136237 -0.00527815  0.00840172 -0.00719049  0.00393414
 -0.00448934  0.00467917  0.00176679  0.00450268
39531	 0.00580344 -0.00141248  0.00324665 -0.00070507  0.00879958  0.00260187
 -0.00488831  0.00795395 -0.00675661  0.01085007
321651	 0.00115767  0.00285603 -0.00117735 -0.00131344  0.00118125 -0.00907504
 -0.00816938  0.00106264 -0.00111356  0.00658389
385141	 2.2731861e-03  2.8470939e-03 -1.1082361e-03  9.2513254e-03
 -3.7091523e-03  5.3240526e-03 -1.0924567e-02  5.0446116e-03
 -4.6084109e-03 -3.8038519e-07
448123	-0.00114685 -0.00138152 -0.00085226  0.00710496  0.00268682 -0.00579056
  0.00102592 -0.00723741 -0.00473288  0.00528431
319101	 0.00177179  0.00305062  0.00085179 -0.00067047  0.00638794 -0.00724079
 -0.00457439 -0.00124848 -0.00284227  0.00951555
234117	 0.00293597  0.00400474  0.01010212 -0.00467428  0.00353831  0.00389818
 -0.00469242 -0.0067438   0.00700416  0.01423995
316552	-0.00173088  0.00306061 -0.00202316  0.0012571   0.00330874 -0.00486477
 -0.00818943  0.00126346 -0.00349529  0.00539829
318601	-0.00173088  0.00306061 -0.00202316  0.0012571   0.00330874 -0.00486477
 -0.00818943  0.00126346 -0.00349529  0.00539829
275597	 9.4299263e-05 -9.6252072e-04  8.6995232e-04 -1.7802910e-03
 -1.3705076e-02  3.9236145e-03 -5.4486170e-03 -3.1669228e-03
 -6.8938257e-03  1.5974579e-02
526990	 0.00331687 -0.00582706  0.00838185 -0.00295499 -0.0004393  -0.00306152
  0.00285323  0.00619153 -0.00375192  0.01392813
323228	 0.00677816  0.00782585 -0.00104486 -0.00097232  0.00300336 -0.00886849
 -0.00293745  0.00318732  0.00135789  0.00417762
300701	-0.00508304 -0.01139213  0.00836647 -0.01352794 -0.00700533  0.00544018
 -0.00112316 -0.00910475 -0.00805334 -0.00386231
256680	-0.011733   -0.00056777  0.00523009  0.00264555 -0.01750502 -0.01006011
  0.0020563  -0.0146654  -0.00347075 -0.00448198
104105	-0.00011804  0.0006544   0.00226245 -0.01256246  0.00323306  0.00532195
 -0.00228419 -0.00216252  0.00377257 -0.00203151
577200	 6.7996932e-04 -3.6087960e-03  3.8811769e-03 -6.0274155e-04
  5.7396905e-05 -1.0676275e-03  2.2161438e-03 -6.5707561e-04
 -1.6926517e-03  1.2676475e-03
94897	-0.01127953  0.01477915  0.00095899  0.00609356 -0.0371168   0.01521776
 -0.00950497  0.00010176  0.00724755 -0.00108326
348339	 0.00362454  0.00144148  0.00344967 -0.00618811  0.00140284  0.00263144
 -0.00147836  0.00545948 -0.00014281  0.00734782
87733	-0.00105873  0.00508526 -0.01803112 -0.0225582   0.01306339  0.00518979
 -0.006741   -0.00107594 -0.00778357  0.00438257
204994	-0.01127713  0.00311636  0.00903438 -0.00816177 -0.00129965 -0.00598553
 -0.00684059 -0.01179653  0.00233765  0.00426895
317635	-3.1710419e-04 -2.3558261e-04  4.1237861e-04  6.5947114e-04
 -1.5676288e-03 -7.3103821e-03 -8.6148148e-03  4.4869320e-03
  1.8171095e-05  8.0188354e-03
465604	-0.00139647 -0.00272129  0.00765681 -0.00180844 -0.00340735  0.01547039
 -0.00543524  0.00900158 -0.00243964  0.01430672
210630	-4.5232875e-03  3.8952644e-03 -2.5218138e-03 -3.6955720e-03
 -1.5890934e-02  4.2975993e-05 -3.4647139e-03 -3.5729867e-03
 -2.7481490e-03  3.9463309e-03
39623	 0.00027638  0.00123104  0.00252213  0.00095433 -0.00494471 -0.00687477
 -0.00181009  0.00379675 -0.00055115  0.00971913
457416	-0.01939373  0.00080566  0.01967164 -0.01127238 -0.01314193 -0.0162209
  0.00393477 -0.01299932  0.00328174  0.00365355
189652	-0.00513851 -0.00233431 -0.0014156   0.00084645 -0.00033897 -0.00070406
 -0.00070879  0.00035609  0.006572    0.00579079
116949	-0.00125093  0.00506205  0.00890229 -0.00472241 -0.00045321  0.01154128
  0.00094963  0.00207294 -0.0008357   0.00513743
503001	-0.0056088   0.00224013  0.00437162  0.0042805  -0.00045274 -0.01226695
  0.00513391 -0.00344552  0.00228196  0.0012053 
155355	 0.00137651 -0.00510439  0.0003789  -0.00936738 -0.00134683  0.00115215
  0.00439693 -0.00348519 -0.00195591  0.00796162
507103	-1.0238441e-02  4.3878234e-03  6.7423084e-03 -7.2990812e-04
  9.6479980e-03 -1.7289825e-03  5.5424272e-05  6.0130777e-03
 -5.4106014e-03  1.6479769e-03
383205	 0.0040111  -0.00768798  0.00626831  0.00324029 -0.00239472 -0.00034349
 -0.00423964 -0.00719084 -0.00386929  0.00573113
318694	 0.00319954  0.00500351  0.00152838 -0.001431    0.00378254 -0.00925513
 -0.00831419  0.00067406  0.00146767  0.00763054
245482	 0.00930398  0.00574855  0.00579107 -0.00405276  0.00449312 -0.02229076
 -0.02057095 -0.01287461 -0.00245587  0.01469568
479982	 0.00723813 -0.00090196 -0.00226817  0.00800717 -0.00112284  0.00473922
 -0.00365835  0.00148394 -0.00188951  0.00975221
467707	 0.0030659  -0.0037913   0.00822934  0.00012613 -0.005372   -0.00016644
 -0.0012487   0.00020726 -0.00513983  0.00033845
317653	-0.00173088  0.00306061 -0.00202316  0.0012571   0.00330874 -0.00486477
 -0.00818943  0.00126346 -0.00349529  0.00539829
350464	 0.00203076 -0.00137379  0.00274832  0.0056934  -0.00358497  0.00907404
 -0.00101784 -0.00963055  0.00689824 -0.00049621
204036	 6.2590670e-03  1.6173378e-02  2.1087562e-03 -3.3360310e-03
  9.3793385e-03 -2.8062807e-04  7.0848465e-03 -6.5710687e-04
  9.1365393e-05 -1.6192435e-03
204675	 7.4377422e-05 -5.0773402e-04 -2.9689930e-03 -1.1353287e-02
  2.6710485e-03  5.8498452e-03 -1.2207258e-02  1.8242326e-03
  1.0861146e-03  8.3847241e-03
526612	-3.2449299e-03 -3.2004181e-04  3.0989095e-03  3.8191187e-04
 -9.1835679e-03  6.0503674e-03 -2.4263747e-05 -1.2321011e-03
  1.3360903e-03  2.8629307e-04
367893	-0.00368353 -0.00748126 -0.00797269 -0.00496893 -0.00271989 -0.00572904
 -0.00313891  0.00695002 -0.00401916 -0.00186952
157978	 0.00036332  0.0007712   0.00078049 -0.00220057 -0.00554194  0.00187171
 -0.00305802  0.00082273 -0.00074367  0.00630603
432923	-0.00326013 -0.00251545 -0.00140985  0.00110734 -0.00282921  0.0134571
  0.01094228  0.00617161 -0.01107938 -0.01052358
577308	-0.00245864 -0.00920478  0.00207039 -0.00111985  0.00069449 -0.00675783
  0.00080319  0.00433613  0.00166241  0.00269278
472864	 0.00613612 -0.00344734 -0.0072546  -0.00069866 -0.00445091 -0.00642301
 -0.01299833  0.00928848  0.00171564 -0.00140122
230107	 0.00205248 -0.00392663 -0.00581256 -0.00592547  0.00127435 -0.00176678
  0.00627234 -0.00446014 -0.00485279  0.00214544
363301	-2.7496235e-03  3.3249776e-03  4.4633984e-03  2.7829879e-03
 -3.8577309e-03 -6.4549902e-03 -3.1604746e-03  2.2759922e-03
 -9.7862538e-04  2.0975702e-05
570156	-1.6895647e-05 -3.6688424e-03 -7.0928866e-03 -3.4771112e-03
 -4.4548213e-03  4.9867434e-03 -1.7758574e-03 -2.0410195e-03
 -4.9987948e-03  1.9447826e-03
430381	-0.00486961 -0.00566594  0.00229789  0.00234599  0.01188666  0.00397177
 -0.01443137  0.0123095  -0.0052742   0.00164542
201007	 0.00373705  0.00281642  0.00311505 -0.0020639  -0.00240347 -0.00481473
 -0.00111244  0.00168655  0.0005771   0.00641056
537909	 0.00634213 -0.00346878  0.00084176  0.00040062 -0.00375182  0.00233732
 -0.00558633  0.0009995   0.00159843 -0.0036952 
457528	-0.00728455 -0.00294892  0.00279219  0.00653664 -0.00467427 -0.00080247
  0.00414098 -0.00430592 -0.00826427  0.0028859 
205130	-0.00079555 -0.00087695  0.0090717   0.00162056  0.00402911 -0.00346908
  0.0025814  -0.00315752 -0.00148583  0.00571544
480080	 0.00845765 -0.00764926  0.00028146  0.00223439 -0.00185895  0.00098286
  0.00075922  0.00403325 -0.01175787  0.0150025 
11091	-0.00623673 -0.00069847 -0.00378511 -0.00264801 -0.00204348  0.00262904
 -0.0014717  -0.00916524  0.00138438 -0.00039846
82261	-0.00431005  0.0007845   0.00601041 -0.0019696   0.00169843  0.00381972
 -0.00049107  0.00133199 -0.0018685   0.00526502
197974	 0.00030512  0.00327544 -0.00303419  0.00353399 -0.00126981 -0.00350445
 -0.003476    0.00742477  0.00332968  0.00148416
232791	-0.00332183  0.00101611 -0.0099268   0.00407501  0.00674863 -0.00128228
  0.00617469 -0.00573213 -0.00253771  0.00067776
209756	-0.00093988 -0.00490873  0.00808977 -0.00685614  0.00612063 -0.02082253
 -0.00975396  0.0093839   0.00754687 -0.00331395
314205	-8.5459594e-03  1.5578504e-03  9.3390411e-03 -6.1844336e-03
  9.0823025e-03  3.7123285e-05 -2.0828622e-03  6.2015890e-03
  5.4341741e-04  5.5674585e-03
317793	-0.00173088  0.00306061 -0.00202316  0.0012571   0.00330874 -0.00486477
 -0.00818943  0.00126346 -0.00349529  0.00539829
259955	 0.00811486  0.00552778  0.00329395 -0.00703396 -0.00643615  0.00832602
  0.00601782 -0.00445155  0.00868527 -0.0042575 
198517	 0.02224271  0.00612668  0.00937981  0.00724457 -0.00088462 -0.01727712
  0.00705322 -0.00814381  0.00293494  0.00422863
53121	-0.00754767 -0.00417395 -0.00073201  0.00548198 -0.00272664  0.00354685
  0.00265882 -0.00113143  0.00028975  0.0099005 
343939	 0.00199993 -0.00228395 -0.0040749   0.01373859 -0.0053277   0.00046858
 -0.00176135  0.00596858 -0.00776181  0.00067568
577412	-0.00076212 -0.00710579  0.00662788 -0.00053104 -0.00251025 -0.0023041
 -0.00152697  0.00164979  0.00075916  0.00304597
13206	 0.00228337  0.00043142  0.00735395 -0.00203296  0.00056008  0.0015519
  0.00343993 -0.00423083 -0.00274784  0.00576073
184202	-7.4019749e-03 -2.7273132e-03  7.1142353e-03  2.0628353e-03
 -3.3496961e-03  1.8236848e-03  2.1514804e-03 -3.0543834e-03
 -7.0853428e-05  9.0816654e-03
302993	 0.00292278 -0.01069124  0.00084554  0.00541906 -0.00485706 -0.00953354
 -0.00347478  0.00508009  0.00517866  0.00372913
576914	-0.00028531 -0.00843339 -0.00241414 -0.00098782  0.00169136 -0.00587088
  0.00477083  0.00317025 -0.00166061  0.00261442
576915	 0.00952048 -0.00301154  0.01333776 -0.00099264 -0.00333892 -0.01190544
 -0.00449708 -0.00686962 -0.00741941  0.00782629
577428	 0.00015293 -0.00476683 -0.0007731   0.00322538  0.00210593 -0.00073773
  0.00310213  0.00467672 -0.0021768   0.0018067 
502677	-2.2508409e-03  3.0548039e-03  3.1365992e-03 -6.2483530e-05
  5.3802277e-03 -2.9568325e-03  6.7232735e-04 -2.6983412e-03
  1.0039718e-03  3.3297932e-03
508310	 3.5505947e-03 -4.6514310e-03 -6.9524336e-05  4.3786345e-03
 -1.4222694e-02 -4.2942553e-04 -5.5959472e-03  2.2419444e-03
 -3.4606358e-04  6.8651774e-04
92569	 0.00272362  0.00453941  0.00852072 -0.00257716 -0.00093418  0.00232557
  0.00144149 -0.00371977  0.00036308  0.00639294
233894	-1.2885452e-02 -3.9029652e-03 -1.2086555e-03  6.2261214e-03
 -1.5354329e-02 -1.2432598e-02  1.8806146e-03 -8.5287000e-05
 -2.2606621e-03  5.0510331e-03
455092	-0.00423664 -0.0031443   0.00424848 -0.00336355  0.00449388 -0.0045101
 -0.00379393  0.00145088 -0.00354828  0.00246947
295863	 0.00198337  0.00208408  0.00291909  0.0062305   0.00597813 -0.00502564
 -0.00021862  0.00226078 -0.00639241  0.00786164
228284	-0.00096145  0.00537938 -0.00013843 -0.00169581 -0.00475925 -0.00246903
  0.00982993  0.00363014 -0.00383738  0.00178877
317375	 0.00100957  0.00346365  0.0024121  -0.0010359   0.00085381 -0.00678182
 -0.00414229  0.00233724 -0.00158721  0.00486634
98759	 0.00441146  0.01451616  0.01384663 -0.00243769 -0.00015519 -0.00916642
 -0.00618227  0.00750874  0.0059988   0.01801556
576973	-0.00210547 -0.00905227 -0.00471841  0.000526    0.001097   -0.00315097
  0.00134771  0.00540281 -0.00201463  0.00247187
524768	-8.5565532e-03 -5.1599904e-03  1.4735892e-02 -4.4437405e-03
 -4.1685794e-03  5.6034231e-05 -2.3335997e-02  2.7624860e-03
  9.4351213e-04 -8.7096781e-04
492515	-0.01146855 -0.00303293  0.01138978  0.00658824 -0.00711552  0.00757042
 -0.00827797  0.00599345 -0.00427055  0.00634286
328678	 0.0056932   0.00558187  0.00039482  0.00477749  0.00317465  0.01003704
 -0.00636685 -0.00075024  0.00230616  0.00088587
132080	 0.00763387  0.00046333  0.00048438 -0.00217461 -0.00683359  0.00288694
 -0.00409682 -0.01177729 -0.00373545 -0.00082237
