175621	 0.00789583 -0.0014394  -0.01024115  0.00848868  0.00778968 -0.00141557
  0.00261355  0.00844331  0.00294383  0.01074964
299017	-0.00914573 -0.0010264  -0.006896   -0.01285317 -0.00386213 -0.0025956
 -0.00593245 -0.00062893 -0.00093156 -0.00126946
111628	 0.00167159  0.00895113 -0.010568    0.00557427 -0.0060463  -0.00464455
 -0.00539271 -0.00745377  0.00599087  0.00259093
132621	 0.01042307  0.00976996  0.00235064 -0.00157952  0.0031496  -0.00607522
 -0.00552165 -0.01289134  0.007457    0.00946595
278043	 0.00334123  0.00199332  0.0052435   0.00338539  0.00267898 -0.00559914
 -0.00343327  0.00357243 -0.00250956  0.00043373
120325	-0.0019443   0.00402104  0.00035485 -0.00639591 -0.00500917  0.00055022
 -0.01351236  0.01218855 -0.00215985  0.00691047
203303	-0.01280789  0.00844383 -0.0039272   0.00596552  0.01193738  0.00757184
 -0.00275571  0.01106024 -0.00596956 -0.00048036
473642	-0.01145977  0.00256995 -0.00444776  0.00345608 -0.01027702 -0.01739271
  0.01386533  0.00029432 -0.00077762 -0.00457213
71216	 0.00145277 -0.00094125  0.00422058  0.00373016  0.00277712  0.00018027
 -0.00527162  0.00327147 -0.00304444  0.00137507
425009	-0.00359309  0.00272132 -0.00184136 -0.00112851  0.00112898 -0.00713149
 -0.0050465  -0.00224977  0.0044636   0.0024578 
247863	 0.00575661 -0.00290526  0.01099981  0.00429816  0.01178477 -0.01859759
  0.00552336  0.01004766  0.00688691  0.00962279
58936	 0.00831497  0.00322958 -0.00417513  0.00087144 -0.0059803  -0.00653968
  0.00028671  0.00483834 -0.00356841  0.00341484
59452	-0.01207043 -0.01378407 -0.01776555 -0.01846053 -0.0029443   0.00965962
 -0.0039041  -0.01718583  0.00434113  0.00346905
533566	-0.01313265 -0.00019419 -0.01816759  0.01456563 -0.00417441 -0.00191165
 -0.00358074 -0.01695682 -0.00032116 -0.01083229
256084	-0.00780068  0.00999648  0.00144088 -0.00183173  0.0035978   0.00388031
 -0.01438967 -0.00476     0.00785129  0.00549762
115471	 0.02048172  0.0046147   0.00059081  0.00286248 -0.00472201 -0.0007365
 -0.01301205 -0.00134761 -0.00725543  0.00177576
129632	 0.00600886  0.00427666  0.00031463 -0.00108998 -0.00359486 -0.00479942
 -0.00516531  0.00107665 -0.00410323  0.00136041
465001	 0.00570524  0.00544017 -0.00568957  0.0125311   0.00578471 -0.0008816
 -0.00254127 -0.00024855 -0.00384187  0.00108482
82539	-0.00386877  0.00028778  0.0048996   0.00403794  0.00199871 -0.00395316
 -0.01005277  0.00078065  0.00238598 -0.00275109
82556	-0.00865924  0.01145926 -0.00541149 -0.00839885  0.00215986 -0.01414288
 -0.0002721  -0.00397757 -0.01171214  0.00515503
425087	-0.00250334 -0.00108921 -0.00647577  0.00014957  0.00559766  0.00779894
 -0.00787386 -0.00134948 -0.00341193  0.00954244
181892	-0.00283347 -0.00254145 -0.00582076  0.00248015 -0.00448318 -0.00487058
 -0.00526667 -0.00230201  0.00135911 -0.00036776
252551	-3.0144888e-03  2.6984760e-03 -3.7957761e-03 -3.3465838e-03
  9.2801685e-03  5.8315373e-03 -4.1659176e-03 -9.1239242e-05
 -5.5057378e-03  1.0003139e-02
112779	-0.00471006 -0.00202709  0.00225149  0.00545785 -0.00506951 -0.00407067
 -0.00297161 -0.00111098 -0.00277768 -0.00512742
418754	 0.00172638 -0.00349315  0.0005674   0.00552891 -0.00448999 -0.00329353
 -0.01146043  0.00240398  0.00208397 -0.00659613
507537	 0.00622948 -0.00270775  0.00118794  0.00797468  0.0014487   0.00231
 -0.00511329  0.00160317 -0.00158358  0.00055206
275091	 0.01226321  0.00357023  0.00295341  0.00109366 -0.01079421  0.00708713
 -0.00880009 -0.00799735 -0.00102494 -0.00424449
115860	 0.00106051  0.00299311  0.00029505  0.00719224 -0.00184248 -0.00910697
 -0.00209149 -0.00271401 -0.0032969   0.00262606
294555	 0.01010771  0.00839172  0.00134921  0.00471956 -0.00446878  0.00035253
 -0.01296854 -0.00215045 -0.00469189  0.0025733 
252578	 0.00242673  0.00336955 -0.00426378  0.01117812  0.01648425  0.0047358
 -0.00015608  0.00231834 -0.00998388  0.00466746
114852	 0.0004453   0.00597823 -0.00483316 -0.01525789  0.01280313  0.00767715
 -0.00936854 -0.00227678  0.00599564  0.00539474
241829	 0.0026074  -0.00967893  0.01517193 -0.0011175  -0.01155611  0.00339768
 -0.00465366 -0.00735959 -0.00699761  0.00114734
21161	-0.00875589  0.00335511 -0.00313577 -0.00524368 -0.00776136  0.00216228
 -0.00402884 -0.00137121  0.00098936  0.00062486
69804	 1.9307991e-03  5.8264042e-05  1.7067689e-03  2.4128258e-03
 -1.3063346e-03 -5.4664565e-03 -8.8822553e-03  5.0865491e-03
 -2.2939795e-03 -5.2702050e-03
470387	 0.01061997 -0.00119439  0.00181058 -0.00186872  0.00709787 -0.0050773
  0.00108497  0.00873459 -0.00202307 -0.0018189 
124361	 0.00678439  0.00377497 -0.00318494 -0.00381611  0.00054245 -0.00382388
 -0.01182886 -0.00765287 -0.00387535 -0.00503501
515264	 2.6123270e-03  3.1285123e-03 -4.2018285e-03 -5.4152105e-03
  2.6877436e-03 -1.1252941e-03 -2.8736212e-03  9.6358868e-05
 -4.2866604e-04 -4.7784615e-03
202434	 0.00797883  0.0095057   0.00027549 -0.01151155  0.00705567 -0.00405655
  0.0008983  -0.00213564  0.01095179  0.00044419
7883	-0.00218603 -0.00181216 -0.00560849  0.00102875 -0.00300496 -0.00820165
 -0.0022689   0.00524833  0.00813234 -0.00277193
507427	 0.00618513 -0.00729006 -0.00549013  0.0116735   0.00357362  0.00541701
 -0.0069418  -0.0025071  -0.0050439   0.0014981 
71380	 0.0010967   0.00423734 -0.00808295 -0.00445726  0.004041    0.0121282
 -0.00445905  0.00231193  0.00055769  0.00084687
149719	 0.00884857  0.00622494 -0.00423698 -0.00912219 -0.00088426  0.00514258
  0.01116358  0.00295024 -0.00586005  0.00412075
71896	-0.0079581   0.00688598 -0.0070696   0.0054651  -0.00689746 -0.00315807
  0.00083404 -0.00509413 -0.00107213  0.00133597
360154	-0.00145825  0.0073558  -0.00340446 -0.0019014  -0.00545072 -0.01139717
 -0.0062826   0.00783113  0.00136144 -0.00150248
106208	 6.0415850e-03  7.6902765e-03 -8.5451473e-05  7.5655011e-03
 -4.2931363e-03  6.3585781e-04 -9.0132738e-03 -1.9922443e-03
 -4.4851415e-03  5.4507395e-03
302820	 0.00037663 -0.0011159  -0.00197589  0.00256052  0.0004907  -0.00655101
 -0.00147412  0.00785212 -0.00515834 -0.00932227
417587	-7.7295146e-05 -3.1555124e-04 -1.5239619e-03  5.9057232e-03
 -8.4204152e-03 -5.3332304e-03  3.3729691e-03  3.4085447e-03
  2.2728241e-03 -7.0180069e-04
252667	-2.2972526e-03  1.7263521e-04 -6.2006335e-03  7.2032786e-03
  1.7481020e-03 -9.1588190e-03 -7.9688849e-04  2.3909307e-03
  7.8760134e-03  9.0510221e-05
181290	-7.6529826e-03 -3.4138835e-03 -7.4444513e-05 -5.6030559e-03
 -1.2515827e-02 -8.2560759e-03  2.5412757e-03 -8.0452906e-03
  7.0338720e-04  1.6345994e-03
360199	-0.00181922  0.00016776 -0.00381142  0.00235    -0.00243067 -0.00798261
  0.00997353  0.00240221 -0.00725413  0.00493828
395531	-0.00194671  0.00648419  0.00462267  0.00108433  0.00544734 -0.00189265
 -0.00492595 -0.00345916 -0.00244025  0.00166735
516876	-6.7853332e-03 -2.3207974e-03  2.7164577e-03 -2.9091365e-05
  4.8145927e-03  7.9513416e-03 -5.2480800e-03 -9.2585571e-04
 -1.4056583e-02  3.4326981e-03
191768	-0.00342136 -0.01892615  0.00044179 -0.00884013 -0.00858277  0.00266001
  0.01197005 -0.00635138 -0.00504602  0.00547506
84252	-0.00063653  0.00549857  0.00164548  0.00394549 -0.00095457  0.0027912
  0.00046039 -0.0023462  -0.00413087  0.00085277
310561	-0.00913166 -0.00316686 -0.0008444   0.00633133 -0.00932696  0.00480406
 -0.00279168  0.01371497  0.0097034  -0.00604022
313634	 0.00414607  0.00164261  0.00108834  0.00359182 -0.00041453 -0.00236713
 -0.00083826 -0.00073937 -0.00101985  0.00498928
66851	 0.00250098  0.00669756  0.00456849  0.0029142  -0.00579037 -0.00195667
 -0.01009964  0.00019957  0.00192501  0.00535631
157476	 0.00304843 -0.00052324 -0.00723869  0.00543111  0.00243246 -0.00900665
 -0.00423779  0.004125    0.00481752 -0.00934426
453931	-0.00132278  0.00120719  0.00445121  0.00069305 -0.00815582 -0.00263564
 -0.00217808 -0.0010253  -0.00329441  0.00170849
271155	-0.00238755 -0.00249018 -0.00381219 -0.000924   -0.00754923  0.00233367
 -0.00265243  0.00278197  0.00239918 -0.00107317
369462	-0.00103586  0.00185217 -0.00419311  0.00111751  0.00286907 -0.00015543
 -0.0005601   0.00657958 -0.00292337 -0.00168358
395579	 0.00157553  0.00311873 -0.00324261  0.00107956  0.00535722 -0.00418052
 -0.00250292 -0.00145649  0.00306182 -0.0026539 
457541	 3.2033324e-03  4.3237083e-05  4.5277127e-03  4.1145855e-03
 -5.2495217e-03 -7.7359108e-03 -7.3406934e-03 -1.6418706e-03
  4.2740587e-04 -6.2674633e-03
181066	-0.00571063  0.00388943  0.00175081 -0.00575104  0.0012216   0.00472244
  0.00379015 -0.0029372   0.00823468 -0.00105288
463693	-0.0112717  -0.01292229 -0.00732053 -0.00301486  0.01411877 -0.00099279
  0.00545452  0.00715519  0.00073098  0.0068483 
32593	 0.00073053 -0.00239162  0.01141495  0.00174567 -0.00455446 -0.00371115
 -0.00540778  0.00406211  0.00113748 -0.00715784
346454	-0.00281141 -0.0157017  -0.00309494 -0.00029776 -0.00010379 -0.01028416
 -0.01478081  0.00239429  0.01275281  0.00662745
162663	 0.00211481 -0.0049306  -0.00682509  0.00766539 -0.00073689 -0.01324684
  0.00685852  0.00778662  0.00690814  0.0018567 
180585	 0.00346881 -0.00320941  0.00346878  0.00800989 -0.00365005 -0.00082085
  0.00367532 -0.00073279 -0.00324579 -0.00796421
98155	 0.002785    0.00984169 -0.00148236  0.00272738 -0.00302376  0.0031061
  0.00028236  0.00167454  0.0067406  -0.0111825 
136559	-0.00297578  0.00371881  0.00378758  0.0043151  -0.00077981  0.00313665
 -0.00646207  0.00159006 -0.00424999  0.00089122
489619	-0.00145599 -0.00791789 -0.00802161 -0.00434568 -0.00138453 -0.0005182
 -0.00686982  0.0001088  -0.00495768 -0.0017418 
507454	 0.00317601  0.00466886 -0.00039092  0.00123487  0.00761706  0.00276969
 -0.00734551 -0.00241303 -0.0039548   0.00095848
460163	 0.002748    0.006293   -0.00245762 -0.00017162  0.00342318 -0.00358289
 -0.00756638 -0.0017141  -0.000267   -0.00063707
292237	 0.01132371 -0.00322565  0.00237506 -0.00089518 -0.00087406 -0.00462751
 -0.00231062  0.00488702  0.00420248  0.00382164
208275	 0.00978736 -0.00687969 -0.00295765 -0.00022566  0.00079317 -0.00944992
  0.00375472 -0.00831837  0.004048   -0.00163693
136599	-0.00476651  0.00270922 -0.00128405 -0.00166887  0.00740882  0.0005922
  0.00297997  0.0058682  -0.00175556  0.00288421
563611	 0.00984316 -0.00770172 -0.0052986   0.00018396 -0.00288528  0.00207705
 -0.01621704 -0.00700512  0.00365143 -0.00887718
283036	-0.00327022  0.00419303 -0.00133749 -0.00018073 -0.0016216   0.00553659
 -0.00108911 -0.00116275 -0.00014611  0.00232926
168861	-0.00325455 -0.00031043 -0.00590663  0.00317016  0.00362349 -0.00346517
 -0.00491058 -0.00856171 -0.00011422  0.001303  
224158	-0.00336694  0.00057801  0.00087638  0.00181435  0.00373007  0.00055812
  0.00047451 -0.00021063  0.00075568  0.00161666
256938	 0.00331821  0.00703281 -0.00677847  0.00427337  0.00525436 -0.00636761
  0.00167202 -0.00190613 -0.00039382  0.00109754
182188	 3.0829207e-04  9.8803765e-05  7.9797721e-03 -2.3955710e-03
 -2.2629397e-03  2.5916100e-03  2.1001720e-03 -7.3687226e-04
 -3.1173346e-03  1.6546273e-03
418735	 0.00172638 -0.00349315  0.0005674   0.00552891 -0.00448999 -0.00329353
 -0.01146043  0.00240398  0.00208397 -0.00659613
226242	-0.00258313 -0.00023975  0.00182844 -0.00245418  0.00084106 -0.0030229
 -0.00359368  0.00017522  0.00034321 -0.00249631
452549	-0.00216828  0.00691693  0.00907307  0.00173496 -0.01442917 -0.00189652
 -0.00171494 -0.00737012 -0.00087781  0.00718241
72647	-0.00065856 -0.00243624 -0.00471442 -0.00100673 -0.00418946 -0.00521926
  0.0064552  -0.00364697  0.00447725  0.00562433
72649	 0.00974551  0.00321323  0.00622479  0.00649203 -0.00826872 -0.00398204
  0.00971209 -0.01312134  0.00032304  0.00101836
582092	-0.00198686  0.00196198  0.00054336  0.00172039  0.00324894 -0.00697545
  0.00157116 -0.00094436  0.00141147  0.00725036
108496	 2.5232923e-03  2.4559665e-03  7.8650413e-04  1.6174648e-03
 -1.2668193e-03 -1.4288928e-03 -4.1691437e-03  2.3667454e-03
  5.7039753e-04  8.2490049e-05
179803	 0.01260418  0.0073373   0.00325362  0.0031174  -0.00050064 -0.00549212
 -0.00660517  0.00619866 -0.00205767 -0.00317007
579551	 0.00957236 -0.01520587  0.00378138 -0.0055498   0.00317858 -0.01105102
 -0.01929203  0.00691751 -0.00060203 -0.01088512
334841	 0.00797785  0.00126304 -0.00540393  0.00956836 -0.00209368 -0.00203831
 -0.01371494 -0.00375819 -0.00361604  0.003573  
163754	 0.00164225  0.00446268  0.00325353  0.00360023 -0.00611316 -0.00295537
  0.01720265  0.00174399  0.00956628  0.00024694
