54278	 0.01269713 -0.00713687  0.00611313  0.01467961  0.0023277  -0.0104876
  0.00731398 -0.00842127  0.00269274  0.00304329
57354	-0.00072277  0.00119521 -0.01479455 -0.00545538  0.0005162   0.00428606
 -0.00494938 -0.00555018 -0.00291739  0.00997484
180567	-0.00926681  0.00370124 -0.00770714 -0.02102835 -0.00655158 -0.00762978
 -0.0046075  -0.02186521  0.00092363 -0.00505477
292876	 0.00011281  0.00052463 -0.00143453 -0.01062936 -0.00183951 -0.00647933
  0.00221255 -0.00109018  0.0001737   0.00372365
120338	 0.00288113  0.0157257   0.00434209  0.00618713  0.01149392 -0.00863054
  0.00758999 -0.00705177  0.00243739  0.01643825
539155	 0.00757522 -0.00303415  0.0123237  -0.00089309 -0.00274881 -0.0079349
  0.00034071  0.00100606  0.00329895 -0.00420864
292891	 0.00103158 -0.00130099  0.00308772 -0.00992374  0.00431581 -0.00922216
  0.0028405  -0.0054424  -0.0014661   0.00192148
72732	-0.00643034  0.00689369  0.00462632  0.00174346  0.00092447  0.01123803
 -0.00103268  0.02428636  0.00212717  0.01087071
112178	-0.00314128  0.00178474  0.00752483  0.00018986 -0.00095805  0.00402665
 -0.00218518  0.00015705  0.00057658 -0.00453661
64639	 0.00447952  0.0072758   0.00083412 -0.00540576 -0.00499495 -0.00681515
 -0.00156857 -0.00711014  0.00253963  0.00325832
308797	-0.00063102  0.00136053  0.00654849 -0.00116695  0.00427648  0.00986644
  0.00097348  0.00524824 -0.00883154  0.00989692
560195	-0.01099727  0.00610567  0.0071251   0.01046327  0.00176971 -0.00800096
 -0.0069434  -0.01041381  0.00994734  0.0186577 
87112	 0.00614652 -0.01079967  0.00549854 -0.00292485 -0.00159522 -0.0057636
 -0.00275729 -0.00203195  0.00175235  0.00059553
478798	-0.01044596 -0.00108055 -0.00457981  0.00080971  0.00239511 -0.0014077
  0.00048396 -0.00436908 -0.00635292  0.00781396
555448	-0.00020904  0.00209831  0.00770605 -0.00030321 -0.00066649  0.00220138
 -0.00063715 -0.00807731 -0.00027183  0.00204993
443479	-0.00156618  0.00662317 -0.00168346 -0.00201137 -0.00961836 -0.00184783
  0.00435548 -0.0090961  -0.00205274  0.00342837
232034	-0.00283085 -0.0002312   0.00074333  0.00070509 -0.00245942 -0.00526921
 -0.00513123  0.00075308  0.00940536  0.00451929
551525	-0.00390683 -0.01070354  0.00139833  0.00818122  0.0010362  -0.01287786
 -0.00707089  0.00348955  0.00572345  0.0096895 
79804	-5.2852784e-03 -1.6285168e-03 -4.4066850e-03  4.8089810e-06
 -9.9851761e-04  6.0231434e-03 -6.6138515e-03 -8.7108221e-03
  4.9951358e-04  3.1835223e-03
429694	-0.0017343  -0.00066633 -0.00129848  0.00038523 -0.00259703 -0.00505986
 -0.003602   -0.0003051   0.00472284  0.00124185
54399	 0.01269713 -0.00713687  0.00611313  0.01467961  0.0023277  -0.0104876
  0.00731398 -0.00842127  0.00269274  0.00304329
515712	-0.00760962  0.00289654  0.01062712  0.00434108 -0.00465446 -0.0051487
 -0.00607616 -0.01278586  0.00502329  0.01177716
464014	 0.0048876  -0.00321409 -0.00553124  0.0078728   0.00023641  0.0003537
 -0.00818918  0.00065142 -0.00697435 -0.00102193
311455	-0.00523428 -0.00699732 -0.0023763   0.01389875  0.00385589 -0.00147972
  0.00093702  0.00320723  0.00043712  0.00267834
111268	 0.00211021 -0.00033412 -0.0027383   0.00355934 -0.00037673 -0.00572348
  0.00511775 -0.00717389 -0.00191517  0.00037742
290984	-0.00699648 -0.00270811  0.00057935  0.00707771  0.00244859  0.00238466
 -0.00274656 -0.01197089 -0.000332    0.00414778
476849	-0.00915941 -0.00558366  0.00506452 -0.00238192  0.00553256  0.00276626
  0.00297298 -0.00573692  0.00903692  0.00495622
279733	 0.00769585  0.01062752  0.00227792 -0.01081008 -0.00638333  0.00338836
 -0.00473279 -0.01700526  0.01790831  0.00417906
389306	-1.6286690e-03  1.8512328e-03 -6.3415966e-05 -7.6928935e-03
  8.7560411e-04 -5.9393998e-03  4.9879435e-03  5.6293991e-04
 -1.5724992e-03  3.8780607e-03
38590	 0.02296585 -0.00769093  0.01746207 -0.00085222 -0.00542348  0.00565803
  0.00837238 -0.00295066 -0.00822927  0.00583464
421570	-4.9592792e-03  2.1465452e-05  9.9660112e-03 -4.3261386e-03
 -4.1488772e-03  8.7906783e-03 -4.0200204e-03 -2.3374062e-03
  8.3422149e-03 -7.2153904e-03
452043	-0.00794476  0.00075213  0.00554798 -0.00743729  0.00068085  0.00697518
 -0.00593047  0.00278877  0.00420917 -0.00077481
270539	-0.00024102  0.0047371  -0.00029741 -0.00253715  0.00022308  0.00161053
  0.00138011 -0.0030618   0.00159668 -0.0019456 
502990	-0.01561699 -0.00785359 -0.00410686  0.00122776  0.0058548  -0.01299814
  0.00804938  0.00944264  0.00115978  0.00407585
26832	-0.00119395  0.00055796 -0.00725405 -0.0014841   0.00043625  0.00744827
 -0.00836892  0.00231579  0.00558317 -0.0072899 
48338	-0.00967753 -0.00287635 -0.00282132  0.00447563  0.00229433  0.00227325
  0.00432099 -0.00147921  0.00163255 -0.00128597
518875	-0.00617353 -0.01499325 -0.00468534 -0.00085199 -0.00866735 -0.00676826
 -0.00710283 -0.01299433  0.01347895 -0.00146137
128732	 0.00410297  0.00387671  0.00186388 -0.00855416 -0.00218117 -0.00579237
 -0.01003951  0.00253485  0.00209213  0.00429997
408272	 0.00712592 -0.00227337 -0.00205361 -0.00544406  0.00521307 -0.01362405
  0.00319824  0.01425566 -0.00242518 -0.0064203 
308964	-0.00876224  0.00319174  0.00055208 -0.00143003 -0.00381715 -0.0058333
  0.00332084 -0.0057499   0.00446618  0.00581467
214244	-0.00517476  0.00282987  0.00104887 -0.0030812  -0.00828542  0.00146869
 -0.00226309 -0.00341287  0.00324854  0.00994268
209644	-0.00101571  0.00369223 -0.00349483 -0.01038253  0.0025582  -0.00889927
 -0.00211673 -0.00858338  0.00325342 -0.0008408 
415982	-4.9765650e-03 -5.1112981e-03  1.5875955e-04  2.2621388e-03
  1.4854565e-04 -3.1014242e-05  1.5626376e-03 -3.6284081e-03
  2.4236441e-03  2.1100871e-03
290034	 0.00452449 -0.00113523  0.00545359  0.000264    0.00104248  0.00319717
  0.00175663 -0.00735594  0.00322922  0.00487271
500474	-0.00659623 -0.00305711 -0.00645724 -0.00342161  0.00625051 -0.00482353
 -0.00010924  0.00740124 -0.01088358  0.01529596
8443	 0.00282734 -0.00762174 -0.00237636 -0.01566467  0.00535857  0.00100359
 -0.00200704 -0.00769316  0.00333008 -0.00059078
130176	-2.0331813e-03  2.8653617e-03 -2.6644525e-04  8.5818181e-03
 -2.3935076e-03  1.5549049e-03  1.8548428e-03 -9.1836052e-03
 -1.4061736e-03 -8.0856655e-05
119556	 0.00192935 -0.00344298  0.00465235  0.00073027 -0.00258822 -0.00376748
  0.0064262  -0.00251132 -0.00141214  0.00053949
372485	-0.00330674  0.00958524  0.0024478   0.00209607 -0.00467342  0.00245284
 -0.00744966 -0.01294892  0.00681309  0.01162408
493321	-0.01017846  0.00291861 -0.00209818 -0.00019388 -0.00575955 -0.00131146
 -0.00117766 -0.00302662  0.00343879  0.01228905
363797	-0.00152408  0.01230504  0.00241166 -0.01260425  0.00947159 -0.01040164
  0.00196441 -0.00881186  0.00604944  0.00374488
273180	-0.00167277  0.00248308  0.00645939  0.00176557  0.00473973 -0.00122478
 -0.00016472 -0.00558103  0.001762    0.00203483
488667	-0.00522268 -0.00318439 -0.00251238 -0.0005713  -0.00213521  0.00079332
  0.00048447 -0.00249912  0.00257207  0.00148234
241958	-0.00324101  0.00947982 -0.00039685 -0.00087629 -0.00031107 -0.00574505
  0.00260322  0.00019312  0.00890536 -0.0006545 
165164	-0.00781343 -0.00308231 -0.00482618 -0.00081473 -0.00588693 -0.00339242
 -0.00065422 -0.01182638  0.0072895  -0.00663073
48432	-0.00398972 -0.00221018 -0.00343282  0.00112665  0.00438367 -0.00069808
  0.00392733  0.00036714 -0.00452762 -0.00295575
494920	-0.00359561 -0.00457843  0.00453515 -0.00517896 -0.004374   -0.01696398
 -0.00025522  0.00208735  0.00132346  0.00060237
356171	-0.00051155 -0.00127251 -0.00010445 -0.00732111 -0.00340988 -0.00060019
  0.00256933 -0.00931316 -0.0009782  -0.0011114 
312142	 0.00155014  0.00375692 -0.00249052 -0.00886454  0.00279446 -0.00282513
  0.00710609 -0.01043411 -0.00127438  0.00052134
507223	-0.00481097 -0.00021449 -0.00573448  0.00217465 -0.00217811 -0.00221423
 -0.00606824 -0.00824148 -0.00093966  0.0005812 
228184	-0.00455091 -0.00854119 -0.0053637  -0.00418916 -0.00194873 -0.00341143
 -0.00014625 -0.01267076  0.00156652  0.00587936
443737	 0.00227233  0.00065042 -0.00051347  0.00145349  0.00195752  0.00225426
 -0.0026196  -0.01165231 -0.00124899  0.00517012
201062	-0.00896055 -0.00194446  0.00569934 -0.0015117  -0.00056211 -0.00018697
  0.00474777 -0.00027288  0.00726302 -0.00171292
384366	 0.00118865  0.00463141 -0.00743247 -0.00085921  0.01228875 -0.01774597
  0.0092058   0.003583    0.00774806 -0.00070794
194934	-0.00587654  0.00413993 -0.00075664 -0.00095688  0.00181082 -0.00574607
  0.00060684 -0.00751736 -0.00633102 -0.00412856
465272	 2.6049735e-03 -1.9346954e-03 -1.3033726e-03  4.9009984e-03
  2.9071642e-03 -3.2836813e-03 -5.1537305e-03 -7.4549942e-05
 -7.7629662e-03 -6.3461815e-03
326011	 9.2558774e-05  3.1255416e-03 -3.0375861e-03 -3.2036582e-03
 -5.8903620e-03  5.2989408e-04  6.0546063e-03 -4.0150858e-03
  1.0755453e-03  5.2560852e-03
279935	-0.0054328   0.00166557  0.00449192  0.00404344 -0.0021522   0.0026177
 -0.00736339 -0.01033586  0.0028787   0.00263412
192385	-0.00250437  0.00407269  0.00298852  0.00044569  0.00643493  0.00038877
  0.00445712 -0.0039749   0.00165489  0.00227717
560517	-5.2359686e-03 -1.6374578e-06 -5.5294340e-03 -3.6838630e-03
 -1.0382063e-04 -5.6115650e-03 -6.5202443e-03 -8.8407276e-03
  5.8816089e-03 -1.1669162e-03
308107	 0.00279229 -0.00833993  0.00114353  0.01366926  0.00307203  0.00309315
 -0.00169579 -0.00221388  0.01023695 -0.00511413
79758	-0.00561379 -0.00481735 -0.00324982 -0.00173841 -0.0001167   0.00917976
 -0.00848997 -0.00654032 -0.00157003  0.00314256
528272	-3.8085319e-03 -7.7482677e-05  8.7656612e-03 -6.0692062e-05
  1.4971063e-04 -1.3907578e-02  2.1834550e-03 -1.0555450e-02
 -2.7081491e-03  9.6759462e-04
121234	 0.00626419  0.01086039  0.00682885 -0.00840043  0.00098845 -0.01058672
  0.00083061 -0.01359291  0.00687573  0.00971807
218516	 0.01355262  0.00640723  0.00033111 -0.00318899  0.0019949  -0.01926912
  0.00293534  0.0032851  -0.00593422 -0.00578007
334229	-0.00516909  0.00145321  0.00048717 -0.00136443  0.00586621  0.00233336
  0.00529674 -0.00645151 -0.00284738 -0.0019418 
528805	-0.0045103  -0.00029208 -0.00024151 -0.00326399 -0.00162202 -0.00161396
 -0.00151215 -0.0033804  -0.00309758 -0.00236614
79789	-0.0036212   0.00028011 -0.00308494 -0.00069684  0.0015618   0.00565956
 -0.00679612 -0.00805496 -0.00176817  0.00747836
221104	-0.00738312  0.00718329  0.0015264   0.00184408 -0.00405454 -0.00364712
  0.0038938  -0.01016019  0.00236023  0.00707427
79793	-0.00371519 -0.00239793 -0.00585389  0.00155523  0.00329719  0.00637917
 -0.00476018 -0.00626764 -0.00531589  0.002465  
149432	-0.00839195 -0.00403386 -0.00460217  0.01407149 -0.00117964  0.00361021
  0.00691792  0.00488011  0.00724415  0.00117344
495034	-0.0046609   0.00627745  0.0025985  -0.00134022 -0.00390412 -0.01404373
 -0.00388882 -0.00363908  0.00034207  0.00036896
464316	 5.7055173e-04  1.5213112e-03 -3.2437358e-03 -1.3689378e-03
  2.9097744e-03 -2.1044952e-03  2.2832966e-04  3.0399453e-05
 -6.0942695e-03 -2.2568253e-03
464319	-0.00022427  0.00083742  0.00815292  0.00897518  0.00127783 -0.00731052
  0.00047456 -0.00409332  0.00755765  0.00053126
412608	 2.0379915e-03 -9.1374776e-04  4.4841352e-05  7.1234116e-03
 -3.6138601e-03  3.0712192e-03  5.6214891e-03 -2.3016967e-03
 -4.0127817e-03  7.0993179e-03
17863	 0.00392634 -0.000336    0.00483188 -0.00598629  0.00025903 -0.00647593
 -0.01002637 -0.01834872 -0.00779323 -0.01539152
477131	-0.0038578   0.00097342 -0.00237426  0.0032393  -0.00364954 -0.01128549
  0.00173717 -0.00936115  0.00296066  0.00819274
431564	 0.00487493  0.00419081  0.00418937  0.00374848  0.00177966 -0.00595302
  0.00176089 -0.00619545  0.00569855 -0.00048336
311246	-0.00448068 -0.00607615  0.00149187  0.00644933  0.0002503  -0.00552542
 -0.00271053 -0.00505265 -0.00109522 -0.00245925
332239	 0.0040542   0.00240883  0.00966352 -0.00584145  0.00055614 -0.00303354
 -0.00081423 -0.01210957 -0.00377505 -0.0010655 
130523	 0.00539005  0.00407652  0.00887551  0.00688203  0.00060263 -0.00485525
 -0.00067243 -0.00132743  0.00200678 -0.010883  
332769	-0.00591687  0.00426439  0.00354022  0.0036183   0.00117935  0.00634373
  0.00462107 -0.00041337  0.00211261  0.00416829
8063	-0.00091948 -0.00033096 -0.00107131 -0.00272159  0.0076208  -0.00108285
  0.00802389 -0.00036674 -0.00473088 -0.00123023
371692	 0.01326607  0.00256479  0.01732443  0.0076261  -0.0084623   0.00366299
  0.00420383 -0.00995066  0.00737864  0.00742821
362995	 0.00137486  0.0044789   0.00174032 -0.004894    0.00618188  0.00373756
 -0.00022028 -0.00694674  0.00359786  0.00191097
253430	-0.0064981   0.00089111 -0.00112637 -0.0025535  -0.0082729  -0.00433603
  0.00211466  0.01170949  0.00269452  0.00693999
60923	 0.00719177  0.00394862  0.01186911 -0.0064345  -0.00297439 -0.00678174
  0.00087005 -0.00346477  0.00376459  0.00887978
262652	 0.00625193 -0.01059429  0.00804235  0.00794444  0.00384526 -0.00352902
  0.00645775 -0.0027525   0.00933327  0.00865161
