360450	 6.9453716e-05  3.7489012e-03 -1.0817583e-02 -2.5831971e-03
  7.7203140e-03 -4.7037196e-03 -3.7041858e-03 -6.8898319e-04
  1.4904579e-02  1.2863938e-02
249864	-2.8140844e-06 -5.2923535e-04 -1.5252263e-02 -1.8348474e-02
  7.5152242e-03 -8.8660987e-03 -1.1898273e-02  9.7311573e-04
  1.1219586e-02  1.5844798e-02
249865	-2.8140844e-06 -5.2923535e-04 -1.5252263e-02 -1.8348474e-02
  7.5152242e-03 -8.8660987e-03 -1.1898273e-02  9.7311573e-04
  1.1219586e-02  1.5844798e-02
327702	-0.00374668  0.00751142 -0.0219358  -0.01463241  0.00949454 -0.01405746
 -0.01037658 -0.00218173  0.01847547  0.01501605
41504	 0.0009729   0.00487829 -0.01697807 -0.01424771  0.00806006 -0.00911443
 -0.00856527  0.01184379  0.01686118  0.01397859
236070	 2.3202690e-05  5.5776612e-04 -5.9684054e-03 -8.0793006e-03
  8.5269921e-03 -8.4023485e-03 -4.9988241e-03  2.4697268e-03
  8.3795004e-03  1.2502699e-02
124455	 0.00041121  0.00075219 -0.0142018  -0.00780692  0.00737393 -0.00548308
 -0.00505934  0.00415156  0.01408286  0.00303995
138285	 0.00071174  0.00053309 -0.00331415 -0.00893828  0.00855975 -0.00795379
 -0.01009531  0.00675076  0.01144717  0.00845729
335880	-0.00469828  0.00184938 -0.01407263 -0.01174167  0.00427304 -0.01239996
 -0.01175174 -0.00332659  0.01154855  0.02043724
74294	-0.00227848 -0.00371964 -0.01249754 -0.00708456  0.00644398 -0.00353983
 -0.01048524  0.00638978  0.01097794  0.01896702
470584	-0.00373043  0.00135649 -0.01843055 -0.00454634  0.01251762 -0.00182871
 -0.02358848  0.00534514  0.01847233  0.01511728
173115	-9.1001502e-06 -3.6950361e-03 -7.9239625e-03 -8.7855160e-03
  6.0105887e-03 -6.0154567e-03 -1.1475331e-02 -3.7381455e-04
  1.8426016e-02  7.3869023e-03
252988	-1.4045014e-05  1.7039701e-03 -1.1899152e-02 -8.0643473e-03
  9.9445675e-03 -2.1518774e-03 -3.7686343e-03  9.6424326e-04
  1.3679166e-02  1.5104923e-02
252993	-0.0060006   0.00076751 -0.00473437 -0.00524817  0.00813094  0.00159298
 -0.0139967   0.00292566  0.01592334  0.008589  
207434	 0.00099533  0.00112998 -0.0106181  -0.00871368  0.00920653 -0.00090078
 -0.01522196  0.00517263  0.00712372  0.01481249
7756	 0.00198563 -0.00177928 -0.02021038 -0.01535786  0.00944501 -0.01097611
 -0.01550155 -0.00212326  0.01514347  0.01110294
360525	-0.00286727  0.00307538 -0.02670803 -0.0121592   0.00334827 -0.00742626
 -0.01483366  0.01282018  0.03483387  0.01870636
413267	 0.00531936 -0.00098527 -0.01276713 -0.00773486 -0.00075546 -0.0080933
 -0.00287139  0.00060573  0.01128406  0.00688701
339544	 0.00037611  0.00178284 -0.01548839 -0.01064744  0.00648615 -0.00937687
 -0.01108862 -0.00730692  0.01356194  0.01489423
533604	-0.00722426 -0.00394892 -0.01190423 -0.0083191   0.00628704 -0.00054679
 -0.01854675  0.00984681  0.01206348  0.02602162
577627	-0.00281937  0.00128141 -0.00713935 -0.01071076  0.00471312 -0.00133484
 -0.01078673  0.00127988  0.00805973  0.01292757
511584	-0.00083245 -0.00104359 -0.01254237 -0.00798476  0.00338844 -0.00210099
 -0.00872025  0.00035923  0.01349332  0.01162338
497764	-0.00156826 -0.00168232 -0.00399118 -0.00423464  0.00491806 -0.0067687
 -0.00824774 -0.00367527  0.00564664  0.00674746
235621	-0.00019436 -0.0089232  -0.00884905 -0.0141279   0.00991974 -0.00823236
 -0.01282029  0.00639703  0.00910531  0.0173587 
146876	 0.00623481 -0.00459184 -0.01951482 -0.00939934  0.01476116 -0.00386791
 -0.01496579  0.01052188  0.02104302  0.01346435
447083	 0.00401977 -0.00094004 -0.01071898 -0.00163783  0.00227615 -0.00651414
 -0.00461214  0.00410679  0.0106812   0.01070963
511100	-0.00875885 -0.002701   -0.01727318 -0.01220649  0.00436538 -0.01208582
 -0.01133566  0.00604865  0.01851809  0.01829484
511101	 0.00449424 -0.00017597 -0.00506848 -0.00263929  0.00575967 -0.00629238
 -0.00689905  0.00119542  0.00905645  0.01168604
511102	-0.00848923 -0.01209293 -0.00294266 -0.00183765  0.01002876  0.00046349
 -0.01185792  0.00985912  0.00724134  0.01683657
494720	 0.00370295  0.00133983 -0.01245823 -0.0144178   0.00902257 -0.00748191
 -0.00964967  0.0016945   0.02226959  0.0182735 
235143	-0.0052928  -0.00036716 -0.01540745 -0.01273829  0.00352378 -0.00797232
 -0.01303679 -0.00030547  0.01661757  0.01923009
387725	-0.00359646  0.00224997 -0.01233772 -0.01526438  0.00723075 -0.00308276
 -0.01859113  0.00020114  0.01532673  0.01812546
508058	 0.0032447  -0.00037688 -0.01490963 -0.01441994  0.00590588 -0.00636962
 -0.0121536   0.00340259  0.01514929  0.01318084
242847	-0.01766647  0.00640737 -0.03742828 -0.01071562  0.01199592 -0.02086816
 -0.0035487   0.01309301  0.0252068   0.02656381
416428	 0.00147109  0.00273725 -0.007209   -0.006765    0.00737466 -0.00552834
 -0.00560544  0.00513278  0.01296251  0.00901399
156849	 0.0042293   0.00268576 -0.0218823  -0.01375033  0.00664206 -0.00595796
 -0.01132661  0.00211669  0.01814995  0.01768499
343225	-0.00509404  0.00088971 -0.01015772 -0.01177212  0.01038564 -0.00662295
 -0.01500541  0.00105611  0.01172484  0.0184019 
528062	-0.00043239 -0.00190767 -0.00961826 -0.01578877  0.00403949 -0.00152454
 -0.00961364  0.00588183  0.01196735  0.01855404
121549	-0.00025908 -0.00109495 -0.0023213  -0.00999921  0.00164017  0.00099525
 -0.01075501  0.0024146   0.01031796  0.00840209
129742	 0.00444404  0.00449167 -0.01804044 -0.00703178  0.00727939 -0.00460581
 -0.01054797  0.00240938  0.00578665  0.00463211
108239	 0.00424161  0.00181144 -0.00665741 -0.00440215  0.00531558 -0.00267462
 -0.0088046   0.00331953  0.01186333  0.00100893
129744	 0.00138273  0.00253817 -0.01088988 -0.00868702  0.00411197 -0.00112936
 -0.01779473  0.00581195  0.01121388  0.01159042
410833	-1.7429114e-03 -4.0915889e-05 -1.3553238e-02 -1.0526097e-02
  4.4973777e-03 -6.1263153e-03 -1.0737065e-02  4.4536912e-03
  8.7008113e-03  1.4351966e-02
577761	-0.000556   -0.00168063 -0.00740979 -0.01006173  0.00870478 -0.00532781
 -0.00387687  0.00583579  0.01148284  0.01092594
423139	 0.00235256  0.00364097 -0.01218478 -0.0096129   0.00674665 -0.01067661
 -0.00509022  0.00620572  0.01957926  0.01138315
121572	 0.00354147  0.00430277 -0.00923046 -0.00838504  0.00453703 -0.00314878
 -0.00540019  0.01084014  0.0146189   0.00679095
121574	-0.00041022  0.00119564 -0.01320166 -0.0146998   0.00504954 -0.00391648
 -0.01108096  0.00673172  0.0134741   0.01423454
236071	-0.00349516 -0.00113118 -0.00569232 -0.00966489  0.00644913 -0.00914224
 -0.00921928  0.00471827  0.01205908  0.01356466
48766	-0.00273017 -0.00043117 -0.01956942 -0.01514881  0.01346572 -0.00673046
 -0.00993037  0.00372563  0.01344831  0.01729969
508156	-0.0025437  -0.00576259 -0.01122642 -0.01027335  0.00476331 -0.00654079
 -0.00747573  0.00307843  0.01400968  0.01385447
508157	 0.00166302 -0.00441334 -0.02421303 -0.01466966  0.0105148  -0.00421887
 -0.00427516  0.00791917  0.02335092  0.02188883
170242	 0.00404149 -0.00082077 -0.01207133 -0.0007372   0.00867509 -0.00255201
 -0.00381112  0.00390023  0.01652861  0.01195651
409473	 0.00441211 -0.00093386  0.00137804 -0.00950775  0.00532809 -0.00280327
 -0.00599964 -0.0039045  -0.00385709  0.00876561
377614	-0.0051369   0.00131174 -0.00797082 -0.00366663  0.01338632 -0.00539804
 -0.00845642 -0.00188182  0.00613878  0.00598607
565009	 0.00217331 -0.00270972 -0.01672764 -0.01232799  0.00844545 -0.00796583
 -0.0091033   0.00681013  0.02323622  0.01669082
256274	 0.002425    0.00037657 -0.00813736 -0.00126343 -0.00043791 -0.00270157
 -0.00620506 -0.00143711  0.00391195  0.00808845
24346	-0.00046823 -0.00030154 -0.00403866 -0.00218957 -0.00078687 -0.00190203
 -0.0039862   0.00543372  0.00717916  0.01047094
47908	 0.00163151 -0.00143582 -0.01127564 -0.00823047  0.00543592 -0.00729749
 -0.00377733  0.00192401  0.01049566  0.01436082
47909	-0.00329407 -0.00737317 -0.01128753 -0.01275124  0.00537197 -0.00974267
 -0.00743065  0.00280689  0.01075022  0.01596746
392500	 0.00401733  0.00547955 -0.01843465 -0.01236403  0.01290018 -0.00650204
 -0.01143377  0.00415371  0.0263123   0.01538085
266555	 5.1747156e-05 -7.1640359e-04 -1.5679497e-02 -1.0921021e-02
  8.8693714e-03 -5.8217538e-03 -1.9256599e-02  6.1900974e-03
  1.1137199e-02  2.5382912e-02
30529	-0.00292821  0.00063283 -0.01369199 -0.01113866  0.00682349 -0.00044891
 -0.01906998  0.00892048  0.01048344  0.01640962
161608	-0.00758678 -0.00236819 -0.01626636 -0.01228335  0.00612903 -0.01385933
 -0.01175552  0.00569561  0.0181023   0.01809056
103821	-0.00806245 -0.00909229 -0.01689271 -0.0074198   0.00231694 -0.00947574
 -0.01318873  0.00572401  0.01781192  0.01408745
394584	-0.0019154   0.00137618 -0.01893985 -0.0139205   0.00729928 -0.00647471
 -0.01325183  0.00151782  0.01576787  0.02068434
177552	 0.0027155   0.0087663  -0.01086262 -0.01132051  0.00151971 -0.00110946
 -0.01971096  0.00638233  0.01899687  0.02440575
298853	-0.0031613  -0.00788276 -0.01242426 -0.00613487  0.00663299 -0.00218573
 -0.01261632 -0.00348078  0.01650274  0.01819596
477543	 0.0073693   0.01156517 -0.00111097 -0.01135539  0.00674818 -0.00421307
 -0.0080802   0.00409895  0.01222837  0.00941302
510826	-0.00404713 -0.00226798 -0.01384503 -0.01286168  0.01169153 -0.00382824
 -0.02026846  0.00450729  0.02169205  0.02541947
405362	-0.00722124  0.00395046 -0.02041605 -0.01302835  0.00676188 -0.01515085
 -0.01051171  0.00015083  0.01933384  0.01522282
69640	-0.00188967 -0.00387188 -0.01307249 -0.01067554  0.01048238 -0.00160698
 -0.01515608  0.00552534  0.00677053  0.014895  
405367	-0.00758678 -0.00236819 -0.01626636 -0.01228335  0.00612903 -0.01385933
 -0.01175552  0.00569561  0.0181023   0.01809056
333204	-0.00583678  0.00239374 -0.01793596 -0.006319    0.00469487 -0.01136735
 -0.01018077  0.00308802  0.02666446  0.01473519
394620	-0.00083526 -0.00174128 -0.00671516 -0.00283612  0.01098676 -0.0040842
 -0.0163709   0.00565528  0.01192268  0.03080499
64385	-0.00320208 -0.0019279  -0.01215732 -0.00029666  0.00253973 -0.00402362
 -0.00936061  0.00473448  0.01445376  0.01390332
109959	-0.00287516  0.00345515 -0.02055787 -0.0159633   0.01074158 -0.00834691
 -0.01759987  0.00228124  0.01276532  0.01967176
131976	-1.5387635e-03  1.9614347e-03 -1.3931204e-02 -1.5313473e-02
  4.6758740e-03 -4.5821010e-03 -9.5679462e-03 -7.9778107e-07
  9.4230445e-03  1.3513794e-02
479626	 0.00456236  0.00248415 -0.02160574 -0.01617398  0.01212925 -0.00484594
 -0.01159986 -0.00168814  0.00958912  0.00914675
275853	-2.3494652e-03  8.1267448e-05 -1.3852151e-02 -7.8083179e-03
  8.1144571e-03 -3.9047180e-03 -1.3729898e-02  5.1888218e-04
  1.2812578e-02  1.6198123e-02
103822	 0.00259293 -0.00167069 -0.01457896 -0.01737172  0.00554642 -0.01107713
 -0.0093003   0.0013441   0.01245174  0.01326499
5007	 0.00117046 -0.00184623 -0.01202332 -0.00698208  0.00523186  0.00139293
 -0.00715359  0.00191853  0.00832443  0.01041445
452496	 0.00032022 -0.0001379  -0.01244253 -0.01111813  0.00940033 -0.00696175
 -0.00997877 -0.00032293  0.01168969  0.01242244
341908	-0.00384504 -0.00120747 -0.01538742 -0.01201758  0.00689394 -0.0021983
 -0.01475587  0.0002232   0.01123882  0.0185396 
510879	 3.15447141e-05  4.10996005e-03 -1.42978514e-02 -9.20641795e-03
 -1.57464878e-03 -9.35341790e-03 -1.34367263e-02 -6.58015953e-04
  1.43647175e-02  1.27255684e-02
509348	 0.00050437 -0.00076474 -0.00867813 -0.02005061  0.0047941  -0.01161369
 -0.00515206  0.00053251  0.01514938  0.00690641
510886	-0.00134783  0.00317882 -0.02502375 -0.00940185  0.00447093 -0.01365881
 -0.01522667  0.00096614  0.01758349  0.01591044
426	 0.002486   -0.00423839 -0.01859876 -0.01909135  0.00796237 -0.00966161
 -0.00836214  0.0091116   0.0231619   0.01209415
563631	-0.00611505 -0.00146178 -0.00874102 -0.01263351  0.00463946 -0.00523096
 -0.01110392  0.00320298  0.00779371  0.01038855
563632	 0.00395719 -0.00098785 -0.0151176  -0.01450431  0.00912953 -0.00587433
 -0.01542533 -0.00074131  0.00740964  0.01324549
29106	 0.00242906 -0.00292237 -0.01134514 -0.00531593  0.00291486 -0.01099349
 -0.00363879  0.00150176  0.0069612   0.00820267
446390	 0.00322576  0.00084523 -0.01311317 -0.01216244  0.00582436 -0.00135138
 -0.01125902  0.00492448  0.01384642  0.0107931 
46519	 0.00347045  0.00123244 -0.0138514  -0.01367301  0.01439834 -0.00472071
 -0.00475471 -0.00039184  0.00768844  0.01521726
295868	-0.0048136  -0.00025012 -0.00928089 -0.00475414  0.00611695 -0.00822369
  0.00186077  0.0039358   0.009586    0.00582886
146879	 0.0010999   0.00318208 -0.00832979 -0.0035833   0.01129976 -0.00303659
 -0.0136391   0.00497609  0.0095716   0.01417995
510924	 0.00100423 -0.00118187 -0.01252372 -0.00638595  0.00211312 -0.00283853
 -0.00753241  0.00736484  0.00910955  0.01640353
41937	-0.00195471  0.00215411 -0.00690725 -0.00258267  0.00467326 -0.00327077
 -0.00252557 -0.00377282  0.00100903  0.00535747
436693	 0.00521768 -0.00075153 -0.00962757 -0.01634585  0.0106149  -0.00565232
 -0.00637876  0.00512502  0.01781174  0.00873077
307671	 0.00118041 -0.00140949 -0.01197199 -0.01163137  0.00754829 -0.00358831
 -0.00177844  0.00426438  0.01548919  0.00498221
156634	 0.00087016  0.00611875 -0.00808083 -0.00937288  0.00575125 -0.00108863
  0.01266607  0.0010146   0.01455978  0.00735198
438235	 0.00232438  0.0012304  -0.01455079 -0.00678318  0.00594873 -0.0037881
 -0.00461395  0.00482418  0.01264984  0.01110716
510945	 0.00198563 -0.00177928 -0.02021038 -0.01535786  0.00944501 -0.01097611
 -0.01550155 -0.00212326  0.01514347  0.01110294
418787	 0.00235879  0.00379717 -0.01549397 -0.01193253  0.00860633 -0.00774678
 -0.00642595  0.00229198  0.01081077  0.01448421
275942	 0.0003894   0.00668623 -0.01280488 -0.01086822  0.00465432 -0.00297213
 -0.01030078 -0.0005106   0.01422404  0.01820291
