321025	 0.00169955 -0.00210024 -0.00524498 -0.00311591  0.0018087  -0.00091865
  0.00218945 -0.00049922 -0.00269366  0.00512578
485898	 0.00653473  0.01036253 -0.00406637 -0.00847085 -0.00464027 -0.00149191
 -0.00113684 -0.00450187  0.00075496  0.00753179
451088	 0.00822216  0.00240544  0.00981569  0.00136117  0.00691056  0.00045499
 -0.00091154 -0.00084829 -0.00341678 -0.00514703
451090	 0.00306018 -0.0052681   0.00715349  0.00122587  0.00574919  0.00467265
 -0.00471426  0.00579826  0.00087267 -0.00145841
438291	-3.3040838e-03  3.3148571e-03  7.4981120e-03  2.0344302e-03
 -2.7426346e-03 -1.0725222e-05 -1.3019599e-03 -1.4330502e-04
 -4.5498130e-03 -3.9958912e-03
497173	-2.5462587e-03  2.7175357e-03  1.4374347e-03 -4.6643079e-03
  8.7997280e-03 -1.5351031e-03 -4.0238197e-03 -1.1886199e-04
  7.5244711e-04 -8.4569576e-05
563740	-0.00180485 -0.0067996   0.00322284  0.0006711   0.00438296 -0.002212
  0.00323557  0.00226958 -0.00226983 -0.00204986
563741	-1.4456023e-03 -4.6494962e-03 -5.1366595e-05  1.9538258e-03
 -2.1927719e-04 -3.5036865e-03  2.6309562e-03 -4.5379498e-03
 -4.3206275e-03  4.4219829e-03
563742	-0.0025809  -0.0091231   0.00801947 -0.00327107  0.0069493  -0.00095298
  0.00576032 -0.00217821 -0.00159743 -0.00337642
563743	-0.00074521 -0.00822528  0.0051128  -0.00297634  0.00685215 -0.00434389
  0.00167662  0.00053289 -0.00070117 -0.00072255
563744	-0.00166652 -0.00258735 -0.00032876 -0.0026352   0.00017209 -0.00095846
 -0.00552808 -0.00228088 -0.00301949 -0.00162886
201253	 0.00891671  0.01615897 -0.00338665  0.00512847 -0.00737271 -0.00277572
  0.02210724 -0.00043869 -0.02297052 -0.00736718
441437	 2.2344792e-04  1.0294936e-05  4.6089239e-04 -4.8412723e-03
 -1.4703036e-03 -1.2454395e-03 -3.3410445e-03 -1.4414039e-03
 -1.6998244e-03  6.5637630e-04
224817	-0.00559345  0.00446887  0.00249483 -0.00483016  0.00038247 -0.00078694
 -0.00649308 -0.00391235 -0.00405791  0.00024496
447032	 0.00500808 -0.01266192  0.0025438  -0.00803026  0.00349163 -0.00079036
 -0.00171674 -0.00702288 -0.00967046  0.00206436
243269	 0.0059834  -0.00180568 -0.00493135 -0.00336695  0.01053866  0.00202858
 -0.00705105 -0.00160628  0.00778724  0.01319072
452170	 0.00077204 -0.00065057  0.00294562 -0.00207323 -0.00040916  0.0054983
 -0.00484175 -0.00266221 -0.00043976 -0.00087318
493651	-0.00182153 -0.00143916  0.00552077 -0.00706573 -0.00594614 -0.00501983
  0.00092272  0.00202737 -0.00228645 -0.00210991
507476	 0.00323497 -0.00572648 -0.00595826  0.00471498 -0.00022944 -0.00345966
 -0.00248752 -0.00429072 -0.00076553 -0.00415994
242773	-0.00059636 -0.00104843  0.00167006  0.0009449   0.00279895  0.00459733
 -0.00734364  0.00611161 -0.00664291  0.00293488
480854	 8.5057579e-03 -6.3015157e-03  1.1891334e-04  2.9629320e-03
  4.8607225e-03 -4.8136430e-05  4.3241666e-03  1.3350253e-03
 -1.3732525e-02 -7.0156385e-03
423515	-0.00182432 -0.0048231  -0.00725182 -0.00115423  0.00800797 -0.00316423
 -0.00239346 -0.00420431  0.0003176   0.00209287
106589	 4.8248847e-03 -6.7973707e-04 -4.1821830e-05 -3.7170146e-03
  2.3726877e-03 -5.0831167e-03 -9.6254479e-03  3.0004876e-04
 -3.4128700e-03  2.2631648e-04
274023	 0.00026098 -0.00329133  0.00207261 -0.01328192  0.00511364  0.0097924
 -0.00603301  0.01019302 -0.00409167  0.00443546
57704	-0.00147191  0.00038837 -0.00410965 -0.01028775  0.00442535  0.00189792
  0.00161401  0.00595314  0.00399016  0.00123022
200818	 5.7188608e-03 -3.9064316e-03  5.8497270e-03 -1.9458833e-03
 -2.9560228e-05 -6.6968867e-05 -2.2051767e-03  3.9028134e-03
 -4.6870001e-03 -2.8327322e-03
222836	 0.00612122  0.00848044 -0.00485774 -0.00691418 -0.00182382  0.00423829
 -0.00300166 -0.00173654 -0.00153503 -0.00818168
62080	-0.00096316  0.01093767  0.01152871 -0.00271367 -0.00553962  0.00869553
  0.00401326 -0.00524907  0.00948772 -0.00437999
519809	-0.00332054 -0.00066318 -0.00194868 -0.00158314  0.00626834  0.00104706
 -0.00107007  0.0006514   0.00090363 -0.00269898
431235	 0.00475574 -0.00206431  0.00386139 -0.00829506  0.00143947 -0.0030214
 -0.00064589  0.00278036 -0.00095279 -0.0011492 
173193	 0.00138199 -0.00390627  0.00124956 -0.00130873  0.0028382  -0.00158956
  0.00087089  0.00040135 -0.00019416 -0.00695803
425109	-0.00432719 -0.01167035  0.00474672 -0.00377361 -0.00095919  0.00020342
  0.00449178  0.00261651 -0.00242714  0.00265024
460439	-0.00551816  0.00097945  0.00275555  0.00162116  0.00525795 -0.00175162
  0.00039969 -0.00285771 -0.00315347 -0.00457737
466075	-0.00268181 -0.00503487 -0.00827313 -0.01072497  0.00269518 -0.00400875
  0.00845494 -0.00196514 -0.00977678  0.00290741
172702	-0.00014644  0.00919224  0.0024853  -0.00454207 -0.00099805  0.0142312
  0.00313477  0.00161435 -0.00270939  0.0155694 
300193	 0.0127406  -0.00572853  0.01476714  0.00429264  0.00628003  0.01535497
  0.00356454  0.00814656  0.00113312  0.00207717
15473	-0.00247832 -0.00059972  0.00680565 -0.0052748   0.00242     0.0007182
 -0.00394994 -0.00398191 -0.00248934  0.00102565
191145	-0.00406027 -0.00533181  0.00279054 -0.0018844   0.00097673  0.00474727
 -0.00259538  0.0019175  -0.00163977 -0.0007744 
509613	-0.00119357 -0.00293046 -0.00063631 -0.00233544  0.0040869   0.001859
  0.00014792 -0.00108777 -0.00083369  0.00166202
458526	 0.00296827 -0.00335097  0.00551736 -0.00297154  0.00092377  0.00306382
 -0.00225985 -0.00093053 -0.00791334  0.00106844
235193	-0.00225433  0.0043903  -0.00472341 -0.00116097  0.00413261 -0.00623622
 -0.00196897 -0.00397263  0.0034766   0.00525951
580982	 0.0113456   0.01102611  0.00137402 -0.00957379 -0.00434009 -0.0025538
  0.0007142  -0.00208339  0.00355887 -0.00168499
442568	-0.0001566  -0.00270007  0.00125087 -0.00329201  0.00417425  0.00152959
 -0.00390979  0.00220101 -0.00017753 -0.00405583
356048	-0.00264405 -0.00583234  0.00170571 -0.00818601 -0.01353648 -0.00691277
 -0.01274777 -0.01779105  0.00607636  0.00874311
299227	 9.5126277e-04 -6.5055967e-04 -1.7010162e-03 -2.1382638e-03
  3.6301444e-05  5.3598764e-03  1.3680111e-03  1.0398939e-03
 -9.0112370e-03 -5.8874255e-03
130272	-0.00204631 -0.00280369  0.00455518 -0.00417072  0.01048974  0.00242259
 -0.00387827 -0.00690365  0.00145547 -0.00662798
39140	-0.00026086  0.00335903 -0.0018718  -0.00305214 -0.00265273  0.00342916
 -0.00151878  0.00280502 -0.00183423 -0.00671768
579822	 0.00051237 -0.00139543  0.00868224 -0.00263589 -0.00134659  0.00107342
 -0.01063681  0.00912823 -0.00313064 -0.00420424
94455	 1.1349025e-02  8.8958042e-03  3.4146719e-03 -1.3761180e-02
  3.1518964e-03  2.8394621e-03 -8.9879441e-06 -2.3207979e-03
 -5.9773256e-03 -9.9378768e-03
277240	 0.00554427 -0.00474829  0.00178577 -0.0004444   0.0035359  -0.00126302
 -0.00161092 -0.00015804 -0.00642829 -0.00337416
277241	 0.00346535 -0.00616682 -0.0050921  -0.00487253 -0.00119899  0.00444338
 -0.00121741  0.00322329 -0.00859732 -0.00225627
141566	-0.00020165  0.0031917   0.00366867 -0.00216057  0.00488436 -0.00737422
  0.00357055  0.00229192 -0.00356477 -0.00186786
434947	 4.3553126e-05 -1.5710307e-03  4.2436123e-03  7.4952515e-04
 -3.9984020e-03 -3.6549547e-03  6.6299546e-03 -5.2013965e-03
  4.0348545e-03  5.9487619e-03
32516	 0.00141109 -0.01193862 -0.00266271  0.00872381  0.01150576 -0.0015011
 -0.00377827 -0.00457879 -0.00446485  0.00115748
66824	 0.00720354 -0.00752879 -0.00029864 -0.00079325  0.00460228  0.00025617
  0.00647858  0.00185555  0.00345424 -0.00376572
499477	-0.00411666 -0.00296971  0.00166198 -0.00433975  0.00284083 -0.00127603
  0.00664824  0.00103221 -0.00025711 -0.00017222
299289	-0.00051109 -0.00502437 -0.0045243  -0.00123192  0.00490769  0.00279748
  0.00236348  0.00273213 -0.00920235 -0.00042769
4378	-0.00623858 -0.00111394 -0.00095196 -0.00858911  0.00114449  0.00130539
 -0.002121   -0.00092033  0.00534969 -0.00222405
299294	 0.00099162 -0.00177403 -0.00198203 -0.00254763  0.00040691  0.00540123
 -0.00021627  0.00186967 -0.0096089  -0.002361  
32558	 0.00141109 -0.01193862 -0.00266271  0.00872381  0.01150576 -0.0015011
 -0.00377827 -0.00457879 -0.00446485  0.00115748
182582	-0.00038819 -0.00070301  0.00094088  0.00075887  0.00436192  0.00507085
  0.00133451  0.00075343 -0.00264169  0.00034172
510274	-0.0016892   0.00760352  0.00967067 -0.01313602  0.01362767  0.02159228
 -0.00098272  0.0069401  -0.01022704  0.01076773
218949	 0.00012407 -0.02210991  0.0061399  -0.009183    0.01280564  0.00309771
 -0.00490264  0.0013886  -0.00013567 -0.01123311
511303	-0.00738235  0.00698371  0.01704927 -0.00379225  0.00663125  0.01057864
  0.01807806 -0.00133499  0.01306896  0.00584701
126286	 0.00238875  0.00087007  0.00216689 -0.00691895  0.00866095  0.00535214
 -0.00320269  0.00473965 -0.00171264 -0.00247697
423760	-0.00486549 -0.00301373 -0.00359855  0.000226    0.00416649  0.00098827
 -0.00404976 -0.00315784 -0.00093742 -0.00293128
463700	 6.49457070e-05  2.17778794e-03  1.56233823e-02  1.82016112e-03
 -1.50491735e-02  5.38759399e-03 -9.85008851e-03 -2.52555031e-03
  1.19455624e-02  2.69298418e-03
531291	-0.00183079  0.00138262 -0.0037418  -0.00012272  0.00336903 -0.00564136
  0.00086207 -0.00085189 -0.00021283  0.00489607
229726	 2.5545713e-05  3.9818715e-03  7.0191091e-03  1.0534134e-04
 -3.4896395e-04 -9.9465123e-04  7.8811441e-03  5.2928815e-05
 -7.7951578e-03 -1.6688191e-03
485701	 0.02541329  0.00227516  0.04608289  0.00679045  0.00565102  0.02857794
 -0.0033681   0.00824673  0.00363818 -0.00278571
16232	 0.00017818  0.00472524  0.00253732 -0.00172796  0.00425955  0.00073455
  0.00022529  0.00250273 -0.00543876 -0.00245501
573808	 0.00043518  0.01152947 -0.00129985 -0.00262474 -0.0013168   0.00281466
  0.00719462 -0.00138062 -0.010289    0.00466538
539510	 0.00667925  0.00234023 -0.00107172 -0.00628213  0.00432497 -0.01385945
  0.00440736  0.00767818  0.00840763 -0.0095743 
185208	-0.00071802  0.00692929 -0.00480343  0.00603615  0.0004576  -0.00039273
  0.00182634  0.00111222  0.00223331 -0.00357802
365957	 2.4535439e-03  3.8692928e-03 -6.9154133e-03  2.2654682e-03
  7.5305081e-03  6.6496534e-03  1.9111363e-05  5.4119448e-03
  1.5130909e-03 -1.0941165e-04
517271	 0.00904833 -0.00378642 -0.00612356  0.00090294  0.00382403 -0.00426316
  0.0090269  -0.00565258 -0.00102849 -0.00148176
56718	 1.6987531e-02  1.2038184e-02  8.7052584e-05 -1.2654151e-02
 -2.8727543e-02 -1.3090333e-02 -1.2484734e-02  5.6409580e-04
  5.3563211e-03 -1.2496127e-02
485784	 0.0039448   0.01285376  0.00683579 -0.00151121  0.00475824 -0.00509664
 -0.00938468  0.00434721  0.00348563 -0.00105392
538525	 0.00781144 -0.00352212  0.0036747   0.00604922  0.0055978   0.00269706
 -0.00664286 -0.00657223  0.00354366 -0.00370367
446878	-8.8653164e-03  3.3486664e-04 -1.6791193e-05  4.4203717e-03
  1.2347473e-02  1.9357573e-03 -3.8113473e-03 -1.1472848e-02
 -2.3704948e-02  9.5442096e-03
488261	-0.00324915  0.00058008  0.00579352 -0.00085628  0.00015673  0.00239561
 -0.00400837 -0.0010555  -0.00160317  0.00163012
547246	 0.0022778   0.00972707 -0.00093561 -0.00141887  0.005249   -0.00632632
 -0.00120078  0.00759622 -0.00321776  0.0046934 
388534	 0.01035713  0.0101802  -0.01574578  0.00482455  0.00450838  0.00990723
  0.00458249  0.00285433 -0.0164217  -0.00613315
40894	 0.0001034   0.00198162 -0.01150465 -0.01941402  0.01326422  0.0021034
 -0.00021368  0.0015663   0.00659063  0.00288021
36803	-0.00234789 -0.00395376  0.00325527 -0.00101203 -0.00452997  0.0029234
 -0.00987092  0.00448911  0.00801187  0.00689118
308173	-2.5923576e-03 -2.0291233e-03 -1.1539429e-04 -1.5046582e-05
  7.5525837e-03  3.9925310e-03 -2.2069609e-03 -2.1077513e-03
  3.1377992e-03 -9.0870063e-04
389070	 0.00017307 -0.00187876  0.00051926 -0.0016578   0.00054055 -0.00131878
  0.00479402 -0.00153924 -0.00066053  0.00091486
16339	-0.00069587  0.00097815  0.00152085 -0.00076308  0.00324417 -0.00020814
  0.00025771  0.00345876 -0.00085526 -0.00437188
426452	 6.7551917e-04 -4.3150311e-04 -2.7193828e-03 -8.3849230e-04
 -2.2209293e-05 -4.1953577e-03 -6.4893565e-03  2.2504402e-03
  3.3801310e-03 -1.6142528e-03
255968	-0.0014554  -0.00081864  0.00509847 -0.00534556  0.00204718 -0.00196521
 -0.00783508  0.00461845 -0.00368986  0.00098022
81377	 0.00300749 -0.00072472 -0.0012226   0.00076918  0.00423165 -0.00148835
 -0.00213365 -0.00252975 -0.00300441 -0.00165528
350692	 2.4988113e-03  1.2065781e-03  2.7623675e-05 -7.7332095e-03
  1.0909254e-03 -3.9686981e-04 -5.5112159e-03  3.2583333e-03
  3.4495748e-03  7.3502655e-03
37302	 0.00604851 -0.0034993  -0.00575371  0.00868052  0.00404103  0.00404371
 -0.01448053 -0.00049141  0.00870322  0.00726371
441837	-0.00172523  0.00205708  0.00101149 -0.00419496  0.00414169  0.0032069
 -0.0052348  -0.0001501  -0.00278876 -0.00235237
184310	 0.00141109 -0.01193862 -0.00266271  0.00872381  0.01150576 -0.0015011
 -0.00377827 -0.00457879 -0.00446485  0.00115748
121855	 0.00017492 -0.00453222 -0.00775678  0.00043009 -0.00152157  0.00214105
 -0.00490789 -0.00417206  0.00035633 -0.00271341
39935	 0.005385   -0.00074555  0.00080142  0.0001592   0.00629906  0.00094209
 -0.00494858  0.00290403  0.00471631 -0.00736005
