189956	-0.00429135 -0.00106822 -0.00870059 -0.01448465  0.00011422 -0.00250803
  0.00590003 -0.003206   -0.00536653  0.00473293
259077	 0.00193124  0.00800212 -0.0037251  -0.00801397 -0.00032471 -0.00639338
 -0.00392339 -0.00569586 -0.00079476  0.0029582 
507914	 0.00312585  0.00040655  0.00088416  0.00096536 -0.002405   -0.00526516
 -0.00768182  0.0004801  -0.01058684 -0.0024712 
507916	-0.00143633  0.00600715  0.00165524  0.00115133  0.00681344 -0.00630135
 -0.00255051  0.00074608 -0.00284788 -0.00103476
552981	-0.00366336  0.00244173 -0.00089141  0.00011644 -0.00338984 -0.00452711
 -0.00115469  0.0029987  -0.00108863 -0.00506262
211483	 0.00144558  0.01485421 -0.00024853  0.00311655  0.00146415 -0.00124197
 -0.01685606 -0.00295884  0.00492997  0.0075429 
195616	 0.00124229  0.00093918 -0.00056069  0.00738488 -0.0022144  -0.00833621
  0.00073231  0.00664906  0.00317858  0.00579663
17442	-0.00825003 -0.00060111 -0.00401899 -0.00918032  0.0016146  -0.00154827
  0.00407183 -0.00709221  0.00728248  0.00326343
203811	-0.0079231   0.00523619 -0.00511511 -0.00827848  0.00170815  0.00911288
 -0.00206369  0.0025943  -0.00206011 -0.00494491
208429	 0.00047476  0.00715234 -0.0078851  -0.00685157  0.00656206 -0.00360372
 -0.01016785 -0.00277452  0.00085904  0.00181456
28720	 0.01247736  0.01114449 -0.00590368  0.00499417 -0.00325885  0.0052006
  0.00152103 -0.00243361  0.00351479  0.00031737
397362	 0.00712803  0.00124512 -0.00180035 -0.00182774 -0.00990998  0.00382163
 -0.00830739 -0.00577486 -0.00997516  0.00223433
197684	-0.00080862  0.00186994  0.00202173  0.00413343 -0.00598552 -0.00740324
  0.0081489  -0.00010246 -0.00926127 -0.00496423
26678	-0.00224693  0.00292257  0.00292219  0.00136593 -0.00479656 -0.00395029
 -0.00765755  0.00304024  0.00409791  0.00178   
265273	 0.00069426 -0.00130211 -0.0051159  -0.00454302 -0.00528227  0.00659673
 -0.00598853 -0.00529721 -0.01000712  0.01027202
255036	-0.00482519  0.00072769 -0.00468297  0.00612079 -0.01089525 -0.00499175
 -0.0041343   0.00281198  0.00928955  0.00538747
555587	 0.00041157 -0.00038742 -0.00323798 -0.00610698 -0.00388245 -0.00517962
 -0.00392586  0.00273166  0.00509133 -0.00120071
437316	-2.4760889e-03 -7.3607359e-04 -1.0979799e-02  4.1962033e-03
  7.0523605e-04 -3.0008911e-03 -7.8346366e-03 -3.4616354e-03
 -7.3255392e-06 -7.5942860e-03
21063	 0.00186797 -0.00151605  0.00951567  0.01014148 -0.00137281  0.00370557
 -0.00191252  0.00101996  0.00207196  0.00193292
13385	-1.4368248e-03  4.6071927e-03 -1.9788833e-03  8.6972676e-04
 -7.9141225e-04  1.4044594e-03 -8.7335036e-05 -2.8813372e-03
 -2.9789535e-03  3.0304580e-03
429643	-0.00184111  0.00240849 -0.00463591 -0.00114243  0.00228106  0.00775052
 -0.0011238   0.00469024 -0.00081981  0.00105584
350805	 0.00127188  0.00283928 -0.00326274  0.00084681 -0.00584391 -0.00055345
 -0.00438871  0.00375342 -0.00438937 -0.00156801
234072	-0.0039309   0.00487129 -0.00058491 -0.00705197 -0.0058288  -0.00817373
 -0.00448524 -0.00424949 -0.00143497 -0.00580724
560735	 0.00350847  0.00081892  0.0055002  -0.01507655  0.00531176  0.00319285
  0.00133154  0.00356461  0.00609492 -0.00404326
440417	-0.00487318  0.00095966 -0.00178087 -0.00190519 -0.00411515 -0.00271963
  0.00745251  0.0012162   0.00371412 -0.0019502 
575075	-0.01035732  0.00405991 -0.0030655  -0.0074461  -0.00587705 -0.00016835
 -0.01112841  0.0056619  -0.00184898 -0.0017737 
575076	-0.00722134  0.00476094 -0.00355188 -0.00813365 -0.00553058 -0.00125796
 -0.01132282  0.00468338 -0.00187865 -0.00041063
301681	-0.006002    0.0052432  -0.00433488 -0.00394351  0.00104079  0.00198912
 -0.00160373 -0.0063541   0.00993182  0.00067799
374903	-0.0067888   0.0061704  -0.0064685   0.0071884  -0.00625776 -0.0039892
 -0.00339857 -0.00108182 -0.00457865 -0.00626171
233091	-0.00120478  0.00895966  0.00688983 -0.00766699  0.0002565  -0.00532995
 -0.01189882  0.00217138  0.00199957  0.0024284 
120964	-0.00285055  0.00742219 -0.00014507 -0.00332382  0.00097862 -0.00734477
 -0.00031376  0.00500772 -0.00021321 -0.00064413
267920	-0.00144878  0.00200376 -0.00436767 -0.00066076  0.00220027 -0.00409527
  0.00652959  0.00318183  0.0003707   0.00730753
190083	 0.00164534  0.00920993 -0.00080708 -0.00597111 -0.01026233  0.00762525
 -0.00139539  0.00558415  0.00791191 -0.00055446
186519	-6.9002616e-03  1.0147552e-02  7.4716317e-03 -3.8628276e-03
 -4.7526611e-03 -1.9055795e-03  3.2608754e-03 -6.5424014e-05
 -9.9600060e-04 -1.2870845e-03
443547	-0.00768512  0.00525619  0.00530991  0.00593224  0.00299303 -0.00027682
 -0.00633157 -0.00432099 -0.0014579   0.00011246
273054	 0.00367466 -0.01324287 -0.00051354 -0.00995686 -0.0030111  -0.0007215
  0.00145051  0.00256539  0.01704767  0.00094122
404127	-0.00349722  0.00363384 -0.00029302  0.00257499 -0.00461641 -0.00480994
  0.00050203  0.00334201  0.00117224 -0.00172301
345762	 7.3897805e-05  2.7842154e-03 -1.2442861e-03  1.3512993e-03
 -2.6653023e-03  1.5793859e-04 -3.0170472e-03  2.8138531e-03
  2.1584693e-03  8.2648601e-03
388379	-0.00690091  0.00871305 -0.01088748  0.00078707 -0.00290745 -0.00760356
 -0.0060413   0.00141961  0.00499371 -0.00145048
388807	-0.00042994  0.00530978 -0.00091622 -0.00598256 -0.00154576 -0.0074444
 -0.01005278  0.00243601  0.00261571  0.00757164
40624	-0.00210555  0.00716329 -0.00114639  0.0004641  -0.00445036 -0.00168572
 -0.00150318  0.00471262  0.00075645  0.00214779
524980	-0.00834621  0.00056882 -0.01001557 -0.01130912  0.00037063 -0.00148896
  0.00365008  0.00213688 -0.00718386  0.00410418
116923	 0.004246    0.01409465  0.00456557 -0.01056528 -0.00109434  0.00309955
  0.00623222  0.00552949 -0.0023291  -0.00819394
75452	-4.2778016e-03 -8.2111190e-05 -4.7346083e-03 -1.5410531e-03
 -9.6993655e-04 -9.8987343e-03  9.8232424e-04  1.0535973e-03
 -4.4839933e-05  1.3678295e-04
156871	-0.00830781  0.01080182 -0.00547921 -0.00658549 -0.0114111  -0.00776033
 -0.00389163 -0.00371909 -0.00630024 -0.00934136
90319	-0.00856703  0.00231187 -0.00196123 -0.00119671  0.00320534 -0.00262398
 -0.00623637  0.00861727  0.00700232 -0.00090086
235730	-0.01430891 -0.00230474  0.00133751 -0.00996438  0.00652093 -0.00056087
 -0.00368047  0.01401419 -0.00431183  0.00159031
457427	 0.00360603  0.00916319 -0.00277339  0.00521775 -0.00282501 -0.00385897
  0.00100288 -0.00252976 -0.00494084 -0.00150582
271060	-0.00660055  0.00656206  0.00073948  0.00020943  0.00134445 -0.00596557
  0.00228542  0.00016117 -0.00671852 -0.00112243
234201	-0.02376653  0.01983779  0.02688666  0.00201768 -0.02112556  0.00509914
 -0.00843291 -0.00130798  0.00195015  0.01720729
266466	 0.00298514  0.00441562 -0.00398375  0.00434329  0.0023248   0.00071963
  0.00261208  0.00231224 -0.00261513  0.0029501 
432356	 0.01116283  0.00975046  0.00721777 -0.01516957 -0.00231205  0.00790974
 -0.02497897  0.00461893  0.00773113 -0.00381808
229621	 1.5318416e-03  8.9832228e-03  5.5728764e-03 -1.9541914e-03
 -1.6578471e-03 -4.4502140e-04 -4.5239213e-03 -2.0759511e-03
 -1.1709715e-02 -6.5488864e-05
29431	 0.00152085  0.00644444  0.00428902  0.00064205  0.00549772  0.00109483
 -0.00211147 -0.00047088 -0.00014103 -0.00089924
494292	-0.0012481   0.00088624 -0.00311819 -0.00425175  0.00149444 -0.00336882
  0.00339866  0.00217344 -0.00283281 -0.00291998
54522	 0.00456107  0.0091569  -0.00231395 -0.0025338   0.00807169 -0.00711963
  0.00734489  0.00273982  0.0111055  -0.00737014
503035	-4.2509828e-03  3.6754063e-03 -1.2708672e-02  2.1810639e-03
  8.9935464e-04 -6.1504180e-03 -8.4432140e-05 -8.6002820e-04
 -3.4300981e-03 -5.9258668e-03
346881	-0.00191695  0.00616455 -0.00048531 -0.00420207  0.00358618 -0.00766533
 -0.00848316 -0.00167882  0.00207857 -0.00394716
481546	-0.00603309  0.00585436 -0.00012145 -0.000534   -0.00800264 -0.00138952
 -0.00438916  0.00746362  0.00425655  0.00566726
481548	-0.00551825  0.00742575 -0.00137774  0.00234623 -0.00329917  0.00542882
 -0.00691617  0.00349029  0.005629    0.00464787
330002	 0.00276801  0.00668291 -0.00171867 -0.00351534  0.01133591  0.00505993
  0.00542854 -0.0041109   0.00584432  0.00242966
481563	-0.00367205  0.00907893  0.00115903  0.00098023  0.00233872  0.0010081
 -0.00136403  0.0080569   0.00607822  0.00753286
320805	-0.00261637  0.00166538  0.00289373 -0.00242906 -0.00275458 -0.00205092
  0.00226418  0.00172211  0.00068981 -0.0002225 
70952	 0.00037966  0.0048811  -0.00137792 -0.00036013  0.00022517 -0.00212808
 -0.00676114  0.00273851  0.00011298 -0.00069253
229675	 3.5720488e-05  2.8503093e-06 -8.8683609e-03  3.7907789e-04
 -1.9628745e-04 -1.2927944e-03  8.1952772e-04  4.8428774e-03
 -6.5487665e-03  5.0975210e-03
99120	-0.01535286 -0.0088537  -0.02283484  0.00445248  0.00344636  0.01663348
 -0.0262172   0.00416349 -0.01048774  0.00637161
482783	-0.00768087 -0.0001593  -0.00081532 -0.00149559  0.00357445 -0.00343557
 -0.00729612  0.00306524  0.00449233  0.00284828
142660	 0.003971    0.00464549 -0.0003331  -0.00275943 -0.01072295 -0.00097812
  0.00414092 -0.00458706 -0.0013781  -0.00319489
347465	-0.00216839  0.00316139 -0.00321627  0.00984186  0.00611673 -0.00254483
  0.0019378  -0.00094379 -0.00198699  0.00930056
399181	-0.00090134  0.00257382 -0.00103121 -0.00321281 -0.00524579 -0.00757957
 -0.00216533  0.0048463   0.0060239   0.01000137
89961	 0.0055294   0.01281179 -0.0009973   0.0062801   0.00270068 -0.0097209
 -0.00442428  0.00165771 -0.00510397 -0.00697692
277328	-0.00630845  0.00298871 -0.00215505  0.00092541  0.00137312 -0.00617135
 -0.00266655  0.00917755 -0.00279372 -0.00177574
127841	-0.00224192 -0.00121505  0.00181152  0.00446644 -0.00294374 -0.00723831
 -0.00216605 -0.0010898   0.00199727  0.0090843 
5094	-0.00395189  0.00363638 -0.01218597 -0.01376857  0.00487252  0.00442706
 -0.0147026  -0.00628123  0.00895969  0.00673687
79932	 3.2887929e-03  6.1967419e-03 -2.0304918e-03 -5.9017073e-03
  5.1618651e-03 -7.2244578e-04 -9.8131294e-04  2.7039441e-05
  2.3969153e-03  5.1457589e-03
99182	-0.00208132 -0.00018163 -0.00704218 -0.00200621 -0.01006388 -0.00136986
 -0.00168044  0.00986628 -0.00558409  0.0051715 
323445	-0.00229704 -0.0036976   0.00750891 -0.00137605  0.00080734  0.00119365
  0.00165486  0.00123642  0.00231992  0.00333624
298870	-0.00170241  0.00543302 -0.00243228 -0.00653578 -0.00633255 -0.00417257
 -0.00255606  0.00551352  0.0022767   0.00662823
89980	-0.00580221  0.01340583 -0.01472894  0.00160817  0.02319495 -0.0181857
  0.00416261 -0.01767097  0.003208   -0.0122716 
294274	 0.00129208  0.00278503  0.00307624  0.00349751 -0.00320282  0.0022856
 -0.00665608  0.00463958 -0.00618979  0.00466973
543639	-0.00582499  0.0080623  -0.00149256  0.00369372  0.00042684  0.00149356
 -0.00259011  0.00568793 -0.00133383  0.00318862
270744	 0.01450579  0.00758281 -0.01034327 -0.00437107  0.00544754  0.00898102
  0.00021158 -0.00427806 -0.00174046  0.00201153
547737	-0.00425346 -0.0169284  -0.01732585 -0.00793787  0.00815353  0.00355782
 -0.00624174 -0.00604399  0.00296145  0.00534241
380312	 0.00310154 -0.01909963  0.00661339  0.01415127  0.00900266  0.01737165
 -0.00250819  0.01602731 -0.01540923 -0.01431226
270745	 0.01025442  0.01037487  0.01154693 -0.0092762  -0.00871056  0.0024079
  0.00145357  0.01695942 -0.00313783  0.00742731
555950	 0.00346521  0.00108333 -0.00155229 -0.00450385 -0.00419328 -0.00788281
  0.0006254   0.00187058  0.00540548  0.00016535
77212	 0.012981   -0.00049574 -0.00393073  0.00314612  0.00392702  0.00074146
 -0.00131836  0.00368607  0.0054505  -0.0062995 
348573	 0.00229944 -0.00163777  0.00061826  0.00073976  0.00125843  0.00363762
  0.00295706  0.00399087  0.00622703  0.00056235
103342	 0.00080709  0.007693    0.00602177 -0.00082744  0.00088863 -0.00140761
  0.00386464 -0.00089327  0.00344577 -0.00411015
203710	 0.00085942  0.00838721  0.00213769 -0.00047617 -0.00345623 -0.00544879
 -0.00549943  0.00302191 -0.00230672  0.00762018
118207	 0.00399557  0.01114233  0.00418452 -0.00234696  0.00500382 -0.00974838
  0.00239699  0.00024876 -0.00172377 -0.00539168
383563	-7.2928960e-03  1.1200774e-02  5.1875999e-03  6.8287817e-03
  6.0778210e-04 -1.7340704e-03  1.8277477e-05  3.7113091e-03
 -1.0271870e-02  5.6622061e-03
161738	-0.00843679 -0.00463697 -0.01475965 -0.00777466  0.00162211 -0.01558914
 -0.00692947  0.01225678  0.00275795  0.00476928
189687	 3.0123141e-05  1.4052746e-02  9.9043604e-03 -3.2630300e-03
 -1.9721916e-02 -2.3172966e-03 -2.3069491e-03  8.3798775e-03
 -1.0075348e-03  3.4371642e-03
389583	-0.00178248  0.01164549  0.00110166 -0.00686794  0.00522462 -0.00660868
 -0.00294074  0.00126945 -0.00305137  0.00088244
150997	-0.00327532 -0.00046887 -0.00113029  0.00312608 -0.00275069 -0.00690752
 -0.00223832 -0.00283933 -0.0049635   0.00242653
246232	-4.50488697e-05  2.40778667e-03 -8.90326407e-03 -6.52527960e-04
 -9.32428893e-03  1.06363548e-02  1.29261715e-02  1.11181838e-02
  3.25235864e-03  1.08518312e-02
314335	-0.00434125  0.00244802  0.0026132  -0.00696636  0.00233228 -0.00365287
  0.00165749  0.00991243  0.00303466  0.00018546
413158	 0.0025466   0.0018915  -0.00168926  0.00062255  0.00448048 -0.00734617
 -0.00566023 -0.01553109 -0.00557605  0.00016063
170985	-0.00455056  0.00589314 -0.00442061  0.00344833  0.00472473 -0.00493115
 -0.00583594  0.00135923 -0.00088694  0.00664489
8183	-0.0010738   0.0049895  -0.00393448 -0.00288876  0.00275672 -0.0036633
 -0.00586652  0.00043423  0.00145858  0.00129145
233978	-0.02376653  0.01983779  0.02688666  0.00201768 -0.02112556  0.00509914
 -0.00843291 -0.00130798  0.00195015  0.01720729
511483	 1.3690221e-02 -5.8233473e-03  3.1113470e-04 -9.6645142e-04
  1.8020727e-03 -7.8435363e-03  1.6139853e-03 -2.6689393e-03
 -2.6266831e-05 -6.3019391e-04
