381957	-0.00271014  0.00106793 -0.01075816 -0.01078928  0.00581846 -0.00208579
 -0.00605211 -0.007207   -0.00431061  0.00438128
23561	-0.00841053  0.01560585 -0.01928375 -0.00702483 -0.01085446 -0.00126155
 -0.0113108  -0.0052141  -0.00601981 -0.00688866
420364	 0.00210988  0.0005634   0.00168494  0.00133508  0.00298704 -0.00126785
 -0.00519959  0.00341332  0.00013053  0.00585726
477016	-0.00434243  0.0022465   0.00615689 -0.00223735  0.00062634 -0.00108554
  0.00020769 -0.00343872 -0.00627812 -0.00582667
444445	-0.00330803  0.00286247 -0.00732411  0.00211761  0.00388711 -0.00414217
 -0.00609522  0.00572062  0.00194895  0.00794036
340515	 0.00173422 -0.00507927  0.00380456  0.00715818 -0.00028005 -0.01374289
 -0.00593308  0.00977131 -0.01218782  0.00651072
75815	-0.00360389  0.00065262 -0.00558132 -0.00405589  0.00474702 -0.0026909
  0.00082325 -0.01170614  0.00323207  0.00089675
203310	-0.00200129 -0.01492509  0.00922472  0.00692979 -0.00314159  0.0041414
  0.00923389  0.01044694  0.00273051  0.00291804
181807	 0.00491786 -0.0026195  -0.00053311 -0.00147777 -0.0033426   0.00129104
  0.00291989 -0.0024815  -0.00011366 -0.00197769
566320	-0.00343359  0.00209823  0.00333833 -0.00129193  0.00898053 -0.00061499
  0.00238189 -0.00359319  0.00307033 -0.00067552
58929	 0.00544719 -0.0025672  -0.00256036 -0.00393821 -0.00348422 -0.00636898
 -0.01143547 -0.00299214 -0.01057739  0.00204855
484914	 0.00303817 -0.00059577  0.00275607 -0.00135267 -0.00868707  0.00128645
 -0.00414002  0.0011946  -0.0074317   0.00378972
283196	-2.2304559e-03 -8.5196567e-05  4.0238528e-03  6.2198886e-03
 -5.4149196e-04  4.9250986e-04 -1.0087786e-02  1.8448001e-04
  8.1813009e-04  3.0332138e-03
453183	-8.9525413e-03  1.8001270e-02 -5.4486115e-03  7.7079176e-03
 -1.4158965e-03 -1.0019415e-03  4.0255141e-05  4.6113590e-03
  4.0696100e-03  1.5578736e-02
467009	-0.0143695  -0.00935279 -0.01466528 -0.00663997  0.01048306  0.00539785
 -0.00135326  0.01341735  0.00130971  0.00013074
261703	 0.00011986  0.00276324 -0.00469123 -0.00465261 -0.00056098 -0.00194963
 -0.0115745  -0.00297114 -0.00746294  0.00762307
115724	-0.00255482 -0.00226576 -0.00360063 -0.00125293  0.00037612  0.00353928
 -0.01222135 -0.00320429  0.00322745  0.00136114
476234	-0.00552164 -0.01107378  0.00650327 -0.00265539 -0.00687002  0.0094732
 -0.0057644   0.00092141 -0.00073943  0.00573844
341067	-6.1028898e-03 -1.5903832e-04  4.1639144e-03  2.8327019e-03
 -3.0884182e-03 -1.5815211e-03 -3.7823676e-03  7.1370567e-05
 -2.1924637e-04  9.8646141e-04
80468	-0.00016848 -0.01107801  0.00037395  0.00075958 -0.00526743 -0.00644347
 -0.00905243 -0.0077236  -0.00147795 -0.00387698
276565	-0.00169939  0.00101317 -0.00865883  0.00045496 -0.0024379  -0.00121786
 -0.00548868 -0.00141857 -0.00666695  0.001155  
15452	-0.00452409 -0.00081106 -0.00052216  0.00177214 -0.01014703  0.01430249
  0.00518124  0.00587102 -0.00112465 -0.00272867
144479	-0.00064656 -0.00156572 -0.00099408  0.0051344   0.00299744 -0.00282631
 -0.00560039  0.00072098 -0.00130373  0.00473724
458848	-5.9550619e-03 -4.5135543e-03 -3.0976560e-04  6.9278758e-04
 -9.6743833e-04 -2.4283689e-03  1.2609995e-05 -9.2137530e-03
 -2.3386909e-03 -2.0369834e-03
522598	-0.00382639 -0.0064583   0.0088067  -0.00578926  0.00057079  0.00152026
 -0.00605909 -0.00058467  0.00153873  0.01137173
434792	 1.5971051e-03  3.0124641e-03  1.6138309e-03  6.9011294e-04
 -9.3069412e-03  7.6762815e-03 -6.9225818e-05  3.0739087e-04
  4.6744812e-04  4.8808069e-03
148591	-0.00327675 -0.00144067 -0.00104486 -0.00544682 -0.00126377  0.00068052
 -0.00104693  0.00350712  0.00274584  0.00012019
565872	-0.00088292 -0.00387692 -0.00646547 -0.0018568  -0.00741583  0.00048552
 -0.00203289  0.0025537  -0.00484557 -0.00360341
24179	 0.01163434  0.00793716  0.00118167 -0.0210312   0.01598263  0.01277871
  0.01393199 -0.0078681   0.00418717 -0.0048857 
19060	 0.00412048  0.01061729  0.00130277  0.00259786 -0.01840788  0.01184287
 -0.00224413  0.00599855 -0.00328879  0.00498853
113782	-0.00154267  0.00420675 -0.00914905 -0.00288558  0.00457543 -0.01073455
  0.01830155  0.0015002   0.00931339 -0.0094695 
196731	-0.00498176  0.00111162  0.00702302  0.00798412 -0.00209441  0.00224922
 -0.01117756  0.00148501  0.00375108 -0.00270408
572028	-0.01118685 -0.01209412 -0.01016352  0.01099332  0.00309627  0.00129122
 -0.00180771  0.00667491  0.00123184 -0.00628798
572864	-0.00749668  0.00251368 -0.00221938 -0.00282262  0.00534627  0.00685226
 -0.00419089  0.00447856  0.00026557  0.00354929
38534	 0.00320295 -0.01911336  0.00460202  0.00308219  0.00519946  0.00687662
 -0.00585332 -0.00481141  0.0044044  -0.00300695
321163	-0.00278978 -0.00361357 -0.00370237 -0.00723128 -0.00070177  0.00072093
 -0.00508392 -0.00312675  0.00015445 -0.00338024
189068	 0.0019319  -0.00275168 -0.00053443  0.00467133 -0.00080615 -0.01222161
 -0.01102663  0.00834397 -0.00362121 -0.00237163
540302	-0.00342011 -0.00041029 -0.00514937 -0.00688441 -0.00199398  0.00013372
 -0.0014762   0.0043426   0.0030473  -0.00032673
29329	-0.00027506  0.00327891 -0.00383877  0.00242977 -0.00209675 -0.00166076
 -0.0071007   0.0054531  -0.00359138  0.00378402
25747	-0.00405505  0.00211775  0.00338244 -0.00082119  0.00092371 -0.00672997
 -0.00477848  0.00207287  0.00035692  0.00372725
548503	-0.00476398  0.00776761 -0.001999   -0.01073543 -0.00804577 -0.00874168
 -0.00244026  0.0033978  -0.00948441  0.0101718 
507551	 0.00104957  0.00143785  0.00442649 -0.00348093 -0.00301796 -0.00441277
  0.00385741 -0.00080443 -0.00026784  0.0027041 
198819	-0.00381962  0.00108395  0.00410838  0.00066372  0.00281833 -0.00302264
 -0.00242189 -0.0042351   0.00200096  0.00130888
405679	-0.00222506 -0.00550359 -0.00345765  0.00052116  0.00038681  0.0003973
 -0.00533027 -0.00335873 -0.00345661  0.00818549
79561	-0.0001939  -0.00398796 -0.00017333  0.00514849 -0.00249476 -0.00129163
  0.00568249  0.00616675 -0.00025119 -0.00239165
356542	-0.00204504 -0.0039911   0.00058009  0.0016008  -0.00053476  0.00086515
 -0.0045442  -0.00331283 -0.00122736  0.00270108
32959	-0.00644826  0.00594648  0.00207034 -0.00071745 -0.00510523 -0.00165832
 -0.00363396 -0.0005889   0.00822982  0.01263452
527041	 0.01003511 -0.0052361  -0.00564026 -0.00911778  0.00024894 -0.00499647
 -0.00227807 -0.00131199  0.00093152  0.00016497
87234	-0.00050035 -0.00387783 -0.00979641 -0.00061667 -0.00295909 -0.00345631
 -0.00546371 -0.00667656 -0.00160122  0.00696261
484553	-0.00531272 -0.01336975 -0.00263468 -0.00062304 -0.0031228  -0.00553973
 -0.00363117  0.00204093 -0.00058928  0.00191981
164044	-0.00120383  0.00301216  0.00494719  0.00760782  0.00544068  0.00344363
 -0.00534254 -0.00437366 -0.00484817  0.00223572
320717	 2.5230472e-03 -2.7493224e-03 -8.2343454e-03 -6.1390549e-03
 -4.1291206e-03  2.3424180e-04 -4.3729697e-03 -3.4102707e-04
  2.8542848e-03 -8.4186933e-05
33487	-0.0081636  -0.01955439  0.0187673   0.00076105  0.01149525  0.01252026
 -0.01301649 -0.00498259  0.00603583  0.00754978
24297	-0.01018235 -0.00274998 -0.00564165  0.00181208  0.00175701 -0.00558903
  0.00121779  0.00118906 -0.00277867  0.00399918
364783	-0.00216213 -0.00334784 -0.00026317  0.00654865 -0.00801571 -0.00168803
 -0.00739386  0.00023269  0.00156952 -0.0013648 
12018	-0.00617975 -0.00445113 -0.00835965 -0.0017334  -0.00346452 -0.00355538
 -0.00423811  0.00419899  0.00210923  0.00162167
211707	 0.00101081 -0.00401869  0.00030005  0.0005283  -0.00338613  0.00062273
 -0.00442174  0.00437882  0.00510126  0.00196746
92927	-2.4291291e-03 -2.5747987e-03 -6.8513816e-03 -2.0013507e-03
 -1.1430233e-03  5.3049685e-03 -4.4642622e-03 -9.8416189e-05
 -2.9143030e-03  5.4025319e-03
122639	-0.00408029  0.00491016  0.00042241 -0.00145513 -0.00113596 -0.00088472
 -0.00732206 -0.00027306 -0.00650513 -0.00083861
360209	 0.0087586   0.00087859  0.01309897  0.0093009  -0.00827406 -0.00661548
 -0.00417027 -0.0033252   0.00069495  0.00867227
191256	 0.01919142 -0.00314186 -0.00426586  0.01610947 -0.00180661 -0.00802775
  0.00194428 -0.01189755  0.00331907 -0.00107229
207133	 0.00359092 -0.00029987 -0.00555381  0.00565401 -0.00011996 -0.01449339
 -0.0048809  -0.00423807  0.0006816   0.00305539
115079	-0.00761482  0.00801795 -0.00604881 -0.00602112  0.00129378  0.00124799
  0.00147085 -0.00051159 -0.00415862 -0.00164401
97583	-0.00314112 -0.00095339 -0.00807455 -0.00247009 -0.0038005  -0.00232474
 -0.00137566 -0.0024438  -0.00600694  0.00360317
318771	-0.00322433 -0.00635867  0.00012707 -0.00504968 -0.00357011 -0.00171569
 -0.00491114 -0.00624104  0.00302554  0.00092116
56123	-0.00588312  0.01347803 -0.01194755  0.01518603  0.00529819 -0.00758884
  0.00573909  0.00447917  0.00118357 -0.00203559
45384	-0.00286153 -0.01008823 -0.00158262  0.00664217 -0.00052974  0.00850107
 -0.0082518  -0.00322199  0.00169672  0.00439657
35657	-0.0081636  -0.01955439  0.0187673   0.00076105  0.01149525  0.01252026
 -0.01301649 -0.00498259  0.00603583  0.00754978
24395	-0.00820993 -0.00281704 -0.00856903 -0.00015887 -0.00203018  0.00058922
  0.00208987 -0.00275355  0.00196869 -0.00209232
132947	-0.00350189  0.00158394  0.00289481  0.00225827 -0.00359642 -0.00078074
 -0.00713778 -0.00099581  0.00126832  0.00320152
34133	-0.00456213 -0.00144331  0.00763578 -0.00627625 -0.00623376 -0.00139791
 -0.00889124  0.00137845 -0.00088862  0.00962602
504662	 0.01083277  0.00163592  0.00668621  0.00314154 -0.00416721  0.005436
 -0.00146782  0.00587838  0.01357468  0.01889844
122200	 8.8543526e-04  2.3012266e-03 -9.4019081e-03 -1.2133367e-03
  1.7767693e-03 -1.8185235e-04 -3.6319881e-03 -3.1063952e-05
  5.0939755e-03 -3.3232651e-03
360221	-0.00240791 -0.00145404 -0.00750127  0.00547445 -0.00605505 -0.0038274
  0.00029425  0.00658022 -0.0011501   0.00348806
522597	-0.00382639 -0.0064583   0.0088067  -0.00578926  0.00057079  0.00152026
 -0.00605909 -0.00058467  0.00153873  0.01137173
112998	-0.00408163 -0.01061347 -0.00093169 -0.00398123 -0.00247605  0.00062407
 -0.00826996  0.00034739 -0.00111656 -0.00680596
24945	 0.00811305  0.00609012 -0.00066687 -0.00178217  0.00884122 -0.00332343
  0.01817697 -0.00510723 -0.0024604  -0.00093253
386941	 0.00175156  0.00137918 -0.00092872  0.02346823 -0.00072709 -0.0039224
 -0.01343886  0.00204131 -0.01646719  0.01113901
471423	-0.00918679 -0.00253806 -0.00324906  0.00185387  0.0031463  -0.0061206
 -0.00307928 -0.00508084 -0.00542612  0.00028248
115072	-0.01196255  0.00375257 -0.00652803 -0.0089913   0.00205618  0.00060592
  0.00190203 -0.0024539  -0.00157031 -0.00201377
348034	 0.01108559 -0.0015459  -0.00031766 -0.00018397 -0.00650961  0.00772513
 -0.0046945   0.01681102 -0.0051208   0.02120015
185223	 0.03164559 -0.0144057   0.02741582  0.02215801  0.00835451  0.00134531
 -0.00695568 -0.00323285  0.02697835 -0.01322606
177032	 0.00061197 -0.00585487  0.00132614 -0.00797501 -0.00365091 -0.01094942
 -0.0097153   0.00620089 -0.0012614   0.00053602
414093	-0.01373162  0.00963942 -0.00359499  0.01774302 -0.0121713   0.00185345
  0.01037943 -0.01014212  0.00669984 -0.00232109
291216	 0.00284379 -0.00515555  0.0050671  -0.00228507 -0.00183385 -0.00088419
 -0.0024106  -0.00150067 -0.00461034  0.00349812
418711	 0.00487384  0.0072584  -0.01180424  0.00322373 -0.00593212  0.00104674
 -0.00955195  0.00337164  0.00374517  0.00701115
367512	 0.00020815 -0.00382905  0.00667649 -0.00033832 -0.00893295 -0.00763335
 -0.00040663 -0.00696487 -0.00471543  0.00249524
109982	-0.00488214  0.00198586 -0.00698595  0.0042833   0.004418   -0.00487326
  0.00176505  0.00515974 -0.00276654 -0.0019728 
476065	-0.00346752 -0.00217001  0.00040723 -0.00125526 -0.00560172 -0.00051222
  0.00064587 -0.00108314  0.00570399 -0.00320648
423331	-5.0298749e-03 -2.8845996e-03 -6.6998503e-03 -6.3777752e-03
 -4.6477914e-03  5.8572250e-04 -6.0076924e-04 -8.7679065e-05
 -1.3802048e-03  1.5034780e-03
572339	 0.00299776 -0.00162657 -0.00924181  0.00429189 -0.00077791 -0.00513613
 -0.00695177 -0.00342996  0.00072919 -0.0005054 
33694	-0.0081636  -0.01955439  0.0187673   0.00076105  0.01149525  0.01252026
 -0.01301649 -0.00498259  0.00603583  0.00754978
58810	 0.00959399 -0.00078111  0.00425649 -0.00023264  0.0073983  -0.00292067
  0.0002038  -0.00115822  0.00750506 -0.0005821 
210877	-2.6564577e-03 -3.4268948e-03 -1.3041740e-03 -2.8514469e-03
  4.5106710e-05 -2.0582344e-04 -3.4113771e-03 -2.2556062e-04
  6.2999399e-03 -8.5497946e-03
200128	-0.00666112  0.00059308 -0.00253309  0.00328578  0.00190766 -0.00145567
 -0.00295535 -0.00339739  0.00070819  0.00192038
275907	 0.00136868  0.00152829 -0.00551636 -0.00044134  0.0043336   0.00557265
 -0.00344645 -0.00426347 -0.00318674  0.00280222
148897	-0.00074237  0.00623402 -0.00622624 -0.00237114  0.00097117 -0.00542496
 -0.0071167   0.00373813 -0.00421235  0.00549998
581065	-0.00514307 -0.00217839  0.00260341  0.00333303 -0.00351258 -0.00064329
 -0.00483355 -0.00301997 -0.00234203  0.00885869
59860	 4.7213412e-03 -7.0448194e-05  8.7987557e-03 -3.3892191e-04
 -3.1949570e-03 -4.0061409e-03  4.7177504e-04 -1.5657303e-03
  1.8016400e-03  3.0607395e-03
256983	-0.00453833 -0.00416442  0.00205633  0.0053996  -0.00084424 -0.0005464
  0.00021539 -0.00420164  0.00397254  0.00748497
24024	 0.00180845  0.00349112 -0.01000858  0.00103434  0.00731582 -0.00019147
  0.00602538  0.00518532  0.00770728 -0.00558586
101849	-0.00375341 -0.00120914  0.00020234 -0.00326349 -0.00617279 -0.00239408
 -0.00437729  0.00367397  0.0042531   0.00690291
311770	-0.01024819 -0.00124809  0.00032748  0.00303899 -0.00463433 -0.00697007
 -0.00656901 -0.00117221 -0.00416476  0.00020019
162268	-0.00436427 -0.00259745 -0.00510948 -0.00071582  0.00415069 -0.00371633
 -0.00518851  0.00192993 -0.00093721  0.00252812
37854	-0.01068555  0.00882478  0.00678782 -0.01313252  0.01087351 -0.00471413
 -0.0068357   0.00660802  0.00191228  0.00545672
217571	-0.00598235  0.00134829  0.0028182  -0.00203918  0.00214009 -0.00514573
 -0.00447193  0.0012711   0.00083478  0.00466616
209901	 0.00388292 -0.00880041 -0.0097356  -0.00465331 -0.00929451  0.00511804
 -0.00395223 -0.00584167 -0.00286605  0.00017716
21490	-0.00625909  0.0007346   0.00603457  0.00404925 -0.00399873  0.00224796
 -0.00990751  0.0003904  -0.00072331 -0.00285913
444243	-0.00201507 -0.00051661  0.00018056 -0.00394997  0.00010936 -0.00088872
 -0.00335129  0.00775189  0.00074914  0.00627872
491007	-0.00846233 -0.00254238 -0.00296531  0.0047097  -0.00889796 -0.00997177
 -0.01471458 -0.00568523 -0.01095399  0.00326829
