23299	-0.00141289 -0.00283007 -0.00226513  0.00315633 -0.00200091  0.00157193
 -0.01042595  0.00063442  0.00099886 -0.00468311
137220	 0.00236952 -0.00010916 -0.00514526 -0.00176345  0.00268852 -0.00129521
  0.00279193 -0.00251026  0.0107238   0.01005203
132871	-0.00570632 -0.00081603 -0.01486624 -0.00421118  0.00215996 -0.00454631
 -0.00830589 -0.00858364 -0.00283647 -0.00345297
13833	-0.00363968  0.00455058 -0.0027083  -0.00682556  0.00174255 -0.00586799
 -0.00062632  0.00204558  0.00084746  0.00431279
450186	 0.0085298  -0.0003003   0.01076568  0.00129949 -0.00388685 -0.00193749
 -0.00512429 -0.01238645  0.00382878  0.00623447
256011	-0.00108458 -0.00266747 -0.01582769  0.00194256  0.01950685 -0.00960847
  0.00320202 -0.0042387   0.01063069  0.01461604
424588	 0.0008457  -0.0004993   0.00472876 -0.00477664  0.00200703 -0.00128516
 -0.0043708  -0.00516552  0.01157786  0.0058853 
295555	-0.00134497  0.00280293  0.00224412 -0.00045443  0.005966   -0.00072467
  0.00027971  0.00193133 -0.00345876 -0.0054989 
328469	-0.0004911  -0.00045766 -0.00338974 -0.00152588  0.00813798  0.00152566
 -0.0065224  -0.00398599  0.00600384  0.00073972
328470	-0.0004911  -0.00045766 -0.00338974 -0.00152588  0.00813798  0.00152566
 -0.0065224  -0.00398599  0.00600384  0.00073972
461977	 0.00243864 -0.00128     0.00909567  0.00060404  0.00296422 -0.00119751
 -0.002659   -0.00712635  0.01168394  0.01078261
337946	-0.00745836  0.00999599  0.00307424 -0.0025021   0.00511956  0.00422253
 -0.00065998  0.01342574  0.00059404  0.00195026
253658	 0.00272493 -0.0027639   0.00416772 -0.00268112  0.00168508 -0.00489958
 -0.00357131 -0.00425724  0.00511723  0.00561988
131358	-0.00016718  0.00581007  0.00217387 -0.004873   -0.00368944  0.00194814
  0.00138928 -0.00490008  0.00445973  0.00144383
553503	 0.00489595 -0.0017651   0.00991512  0.00029746  0.00300163 -0.00026958
 -0.00917479 -0.01148587  0.00287302  0.01097933
343585	 0.00095031  0.00172993  0.01537188 -0.00021974 -0.00674067 -0.00273256
 -0.0005817   0.00459546  0.01233371  0.00790842
125091	-0.00219584  0.0058722  -0.00295419 -0.0008206   0.00170354 -0.00163532
 -0.00587177 -0.00530573  0.00821803 -0.00579804
450215	-5.3495280e-03 -6.4356253e-04 -6.4541900e-04 -4.5130801e-05
  4.9650874e-03 -5.5487566e-03  1.5176943e-05  8.1301937e-03
  3.5731706e-03  1.5791025e-02
439593	-0.00292378 -0.00111388  0.00117899 -0.00681085  0.00060843 -0.00576116
 -0.00495447 -0.00100725  0.00956818  0.00414276
461994	 0.00303271 -0.00079444  0.01169801  0.00138711 -0.00197687 -0.00479077
 -0.00444455 -0.00033351  0.01328451  0.01037437
461995	 0.00303271 -0.00079444  0.01169801  0.00138711 -0.00197687 -0.00479077
 -0.00444455 -0.00033351  0.01328451  0.01037437
178735	-0.00296334 -0.00448349 -0.0056394  -0.00097167 -0.0002022  -0.00326916
 -0.0033898  -0.00701199  0.00411273  0.01137922
448132	-0.00524519  0.00082973 -0.00325093 -0.00543611  0.00169356  0.00025797
 -0.00286125 -0.0029104   0.00599066  0.0038294 
132785	-0.0002977   0.00336809  0.00450668 -0.00052797  0.0040877  -0.00731671
 -0.00234953 -0.00568247  0.00605948 -0.00070932
283186	 0.00153529  0.00438672  0.00779838 -0.00094183 -0.00105051 -0.00159579
 -0.00449642 -0.0083266   0.00376298  0.00675772
431283	 0.00035845 -0.00369978 -0.00254859 -0.00621163  0.00529121 -0.00321621
 -0.00094982 -0.00046906  0.00705715  0.00155804
361141	-0.0038975  -0.00438331 -0.0027383   0.00099159  0.00342851 -0.00252755
  0.0006676  -0.00260114  0.0069633   0.00702175
427062	-0.0022555  -0.00323436  0.00328086  0.00107009  0.00587252 -0.00018441
  0.00299074 -0.00203039  0.00133647 -0.00033912
366775	-3.5000897e-03  3.6079150e-03 -4.0012226e-03 -1.2166055e-02
  6.8368870e-05  1.5941346e-03 -4.5283716e-03 -5.6301951e-03
  2.3332397e-03 -2.2265976e-03
538655	 0.00132261 -0.00468455  0.00183288  0.00068546  0.00490176 -0.00300621
 -0.00529581  0.00205742  0.00348937  0.00376983
446404	 5.9089721e-03  9.9288556e-04 -5.1147526e-04  4.5816745e-03
 -4.1399486e-03 -8.7311666e-05  1.2268876e-03 -3.9704745e-03
  6.2121835e-04  3.3860872e-04
371141	 0.00468501  0.0023427   0.0098817   0.00242232 -0.00025085 -0.00149634
 -0.00673139 -0.00529229  0.00798653  0.00451315
207773	-0.00449564 -0.00423976 -0.00189684 -0.00615713  0.00422553 -0.00654137
 -0.0050726   0.00121886 -0.00011425  0.00903643
361034	-0.0040788  -0.00409964 -0.00248723  0.00089521  0.00335978 -0.0027712
  0.00051591 -0.00265976  0.00659945  0.00686882
532721	-3.3468429e-03 -4.0713511e-03  7.0068114e-03  2.8923911e-03
 -5.1464816e-03 -7.0331749e-03 -2.4413533e-04  1.3559733e-03
  3.8574010e-03  4.3329917e-05
439632	-0.00044814 -0.00381363 -0.00735754 -0.00332127  0.0036787   0.00237357
 -0.00570339  0.00332571  0.00556992  0.00571384
390737	-0.00013014  0.0008878   0.00790847 -0.00256548  0.00119437 -0.00024462
 -0.00688455 -0.00377768 -0.0046233   0.00782059
267986	-0.00347552 -0.00155571 -0.01278243 -0.00789176  0.00534454  0.0078475
 -0.0067963  -0.00122955  0.00620248  0.01036878
390740	 0.00358715 -0.00187241 -0.00187378  0.00031221 -0.00153834 -0.00539161
  0.00423319 -0.00249573  0.00636654 -0.00154154
253653	 0.00272493 -0.0027639   0.00416772 -0.00268112  0.00168508 -0.00489958
 -0.00357131 -0.00425724  0.00511723  0.00561988
287574	-0.00164667 -0.00266533  0.00053392 -0.00433585  0.00993586 -0.01464828
 -0.00261617 -0.00246132  0.00570021  0.00650042
298969	 0.00539134  0.00042801 -0.00308083 -0.0007351  -0.00375538 -0.00075916
 -0.00712357 -0.01262507 -0.00010011  0.00499136
154714	-0.00492483  0.00047129 -0.00897565 -0.00210308  0.00734127  0.00051257
 -0.00352789  0.00018532  0.00834189  0.00726556
79835	-0.00470265  0.00452512 -0.00687795 -0.00474779  0.00534536  0.01069453
 -0.002433   -0.00125385  0.00313747  0.00738371
439395	-0.0046768   0.00127878 -0.00425433 -0.00727663  0.00356492 -0.00302982
 -0.00235637 -0.00103863  0.00599632 -0.00402191
106852	-0.00245254  0.00060691 -0.00503301 -0.00270745 -0.00129567 -0.00113645
 -0.00180649 -0.00311682  0.00584627 -0.00019313
390507	 0.00171248 -0.00375754 -0.00567004 -0.00660123 -0.00209189  0.00212893
  0.00308128 -0.00395237  0.00390017  0.00010763
330093	 0.00246469 -0.00357592 -0.00500548  0.0053954   0.00068478  0.00193665
 -0.00066348 -0.00863604  0.00318265  0.0028845 
520559	 0.00389179  0.00143989  0.00338795 -0.00559116  0.00240839 -0.00042617
 -0.00059085 -0.00439978  0.0088104  -0.00116657
80497	-0.00352206 -0.00407264 -0.00312127 -0.00026614  0.00106241 -0.00264779
  0.0003921  -0.00639928  0.00532868  0.00485342
132850	 0.00429664  0.00498761  0.00468464  0.00792773 -0.00294444 -0.00041931
  0.00191093 -0.00252896  0.00513298  0.00455797
445044	-0.00644546  0.00021801 -0.00361237 -0.00322862  0.00433553 -0.00064709
 -0.00099631 -0.00191147  0.00608121  0.00022041
532478	-0.00292378 -0.00111388  0.00117899 -0.00681085  0.00060843 -0.00576116
 -0.00495447 -0.00100725  0.00956818  0.00414276
112631	 0.00423045 -0.0040663  -0.00039377  0.00317848  0.00232123 -0.00095013
 -0.00287048  0.0025904  -0.00082719  0.00889343
196732	 0.00137583 -0.00437721 -0.00246381 -0.00217061  0.00085846  0.0052808
 -0.00453265 -0.00361688  0.00418906  0.00133979
335914	-3.2911086e-03  9.1059366e-05  9.8349098e-03 -4.5383964e-03
 -6.2051849e-03  2.6801687e-03  4.9567334e-03  6.4700022e-03
  1.1385069e-02  9.6619688e-03
360452	 0.00152766 -0.00289939  0.00159146 -0.0015128   0.00032377  0.00154189
 -0.00534806  0.00170097 -0.00064337  0.0033222 
