341504	-5.2924370e-03  9.4641354e-03 -2.7410148e-03 -5.9496448e-03
  4.8914915e-03 -3.6982954e-05 -5.6970459e-03 -2.2600526e-03
  1.0852133e-02 -2.6537422e-03
208002	 0.00202199  0.00734104 -0.00821558 -0.00045313  0.00646319  0.00121233
  0.00834163  0.00277616  0.00671477  0.00765532
177835	-0.00809301  0.01204054 -0.00799953 -0.01024595  0.01033452  0.0007468
 -0.01000423 -0.00251276  0.01138569  0.00788743
99975	-0.00800258  0.01422783 -0.00847313 -0.00810156  0.00667094  0.00243509
 -0.00778209 -0.00312437  0.0106017   0.00025898
437932	-0.00745468  0.01786362  0.00040217 -0.0107531   0.01259669 -0.0010782
 -0.00510466 -0.0019661   0.01465291  0.00822574
150606	-0.00957864  0.01775268 -0.00505576 -0.00909267  0.01144647 -0.00057302
 -0.01108172 -0.00546358  0.01248219  0.01200602
342669	-0.00630861  0.01130124  0.00040548 -0.01167942  0.00623685 -0.00231003
 -0.00573428 -0.00100701  0.00857335  0.00134773
173199	-0.00511586  0.01375937 -0.00811121 -0.01441166  0.01022449  0.00177154
  0.00327185  0.00290476  0.01005549  0.00150121
103184	-0.00250493  0.01652549 -0.00964092 -0.00810256  0.00618887  0.00447889
 -0.00342187 -0.00555706  0.00870787 -0.00054194
552681	-0.00321486  0.01269368 -0.00314393 -0.00045747  0.01149954 -0.00171884
 -0.00232853 -0.00623238  0.00409678  0.01232796
333550	-0.00370302  0.01419113 -0.00102115 -0.00981948  0.00806775 -0.00412455
 -0.00625861 -0.00204157  0.00965499 -0.00030204
329366	-0.00870928  0.01709503 -0.00709024 -0.00742192  0.0069871   0.00190241
 -0.00816703 -0.00457486  0.01108085  0.00178158
575333	-0.00031607  0.00629151  0.00060679 -0.00391691  0.00895767 -0.00499758
 -0.00402679 -0.00013568  0.00879062  0.00481897
140698	-0.00592046  0.01880231 -0.00698683 -0.01338422  0.0136651   0.00257837
 -0.00483327 -0.00040105  0.01228232  0.00594912
542619	-0.00609734  0.01408285 -0.00472573 -0.00294099  0.00639547 -0.00386412
 -0.01005542 -0.0053852   0.00945097  0.0018076 
335260	-0.00463706  0.01378804 -0.00196225 -0.00320363  0.010818   -0.00182794
 -0.00275588 -0.00561743  0.00402221  0.00012854
312605	-0.0113072   0.00091532 -0.00053654 -0.00169249  0.00987039  0.00430638
 -0.00336002  0.01379347  0.00137741 -0.0040533 
288287	-0.00687718  0.01449784 -0.00287073 -0.00533273  0.00717396  0.00254179
 -0.0019783  -0.00405942  0.01372637  0.00814909
569890	-0.00074284  0.02935066 -0.0075951  -0.02570633  0.01804367  0.00667961
 -0.00145251 -0.00187874  0.01771549  0.00138835
554971	 0.00133037  0.01178806 -0.00195041  0.00186603 -0.00094374 -0.00213922
 -0.00304405  0.00271675  0.00682462 -0.00845482
298472	-0.00514578  0.01652039 -0.00872719 -0.00560083  0.01386892  0.00223281
 -0.00149914  0.00013614  0.01098214  0.00656924
341233	-0.00760205  0.0153356   0.00041023 -0.0046469   0.00975279  0.00058277
 -0.00555325 -0.00286994  0.0066779   0.00339614
272042	-0.00938924  0.01554065 -0.00739425 -0.00468706  0.0070652   0.00039685
 -0.00670127 -0.0051866   0.01183995  0.00460658
288263	-0.00771508  0.01396642 -0.00261154 -0.00418285  0.00718466  0.00509434
 -0.00247224 -0.00350076  0.01498386  0.00321344
464556	 0.00131322  0.00698008  0.00310307 -0.00547344  0.0049057  -0.00385178
 -0.00626597 -0.00222145  0.00875497  0.0069792 
7652	-6.6476321e-04  1.2180235e-02 -8.1671446e-05 -1.0756441e-02
  1.3415764e-02  2.6320261e-03 -1.9734885e-04 -8.4839133e-04
  9.4545269e-03  5.3479970e-03
290862	 0.00020679  0.00299918  0.00151687 -0.01004758  0.01050992 -0.0023872
 -0.00117139  0.00274799  0.00914508  0.00010105
535604	-0.00316355  0.01487222 -0.00482109 -0.01204164  0.01022573  0.00198219
 -0.00207858 -0.00298757  0.01124262  0.00387054
290792	-0.00616475  0.02305682 -0.00294623 -0.01203311  0.01642627  0.00195099
 -0.00536459  0.00273834  0.01457118  0.00418022
454710	-0.01016017  0.01504794 -0.00557971 -0.00599198  0.01284139 -0.00215446
 -0.00530251  0.00313311  0.0102675   0.0083613 
580297	 0.00128097  0.00828024 -0.00464719 -0.01064627  0.00933778  0.00179101
 -0.0027393   0.00356646  0.00336856  0.0042018 
141882	-0.00398966  0.00695804 -0.00196429 -0.00557628 -0.00039839  0.00156113
 -0.00652662 -0.00117846  0.00235288 -0.00090385
349544	 0.0015591   0.00757968 -0.00476064 -0.00280502  0.00500874  0.00270454
  0.00529237 -0.00183073  0.002836    0.00165524
542221	-0.00779866  0.01259611 -0.0050695  -0.00870407  0.00980594 -0.00069663
 -0.00223275  0.00164275  0.01636279  0.00529074
339389	-4.1918382e-03  9.3095088e-03 -3.3355423e-04 -4.4290889e-03
  1.2442149e-03 -3.9724482e-04 -6.6589634e-03 -5.3765772e-05
  8.4456820e-03 -3.1531989e-03
336958	-0.00576295  0.01124869 -0.00278832 -0.00773397  0.00772785 -0.0014162
 -0.00606774 -0.00063428  0.00567921  0.00141066
298577	-0.0044538   0.01963367 -0.00052694 -0.00795462  0.01547349 -0.00564458
 -0.00567856 -0.00093271  0.01140704  0.00715934
523205	-0.00528841  0.00696378 -0.00501775 -0.00893188  0.01378654  0.00497521
  0.00253534  0.00495611  0.00918018 -0.00293137
371179	-0.00155096  0.02229873  0.00101933 -0.01360615  0.01192538  0.00190266
 -0.00747204 -0.00247332  0.01222739  0.00413975
186567	-0.0073656   0.01616566 -0.00971292 -0.00761038  0.00212379  0.00532232
 -0.00842235 -0.00652316  0.01094281 -0.00115832
342729	-0.00463233  0.00984443 -0.00301279 -0.00397156  0.00942893  0.00441609
 -0.00590355 -0.00064478  0.00506069  0.00494491
343184	-0.00128918  0.0144595   0.00325464 -0.01546364  0.01112074  0.00431623
  0.00215765 -0.00558588  0.00662861  0.0020444 
516791	 0.00415758  0.01270782  0.00135211 -0.0067257   0.00507038  0.00307671
 -0.00476356 -0.00359288  0.00577402  0.00160269
412386	 0.00128957  0.00649853 -0.00232925 -0.00551337  0.01401364 -0.0037274
 -0.00188509 -0.00460782  0.0114732   0.00340764
556110	-0.00944975  0.012449   -0.00184051 -0.01217299  0.00687859  0.00839893
 -0.00522564  0.00318386  0.01031406  0.00365268
186575	-0.00569201  0.01454074 -0.00434444 -0.01086676  0.00882522 -0.00408145
 -0.00714211 -0.0018457   0.01148937  0.00601385
186576	-0.01032858  0.01940204 -0.00260129 -0.01145777  0.02007634  0.0018819
  0.00542536  0.00103244  0.02070297  0.00774302
554961	-0.00809301  0.01204054 -0.00799953 -0.01024595  0.01033452  0.0007468
 -0.01000423 -0.00251276  0.01138569  0.00788743
528341	-0.00074284  0.02935066 -0.0075951  -0.02570633  0.01804367  0.00667961
 -0.00145251 -0.00187874  0.01771549  0.00138835
334168	-7.2305272e-03  1.0447315e-02  3.3950849e-04 -8.8132527e-03
  1.0394920e-02  1.2914663e-03 -7.9696579e-04  9.4175506e-05
  1.0744113e-02  3.7303267e-04
533081	-0.00427588  0.00941208 -0.00107828 -0.0052746   0.01062784  0.00445498
 -0.00506414 -0.00331142  0.0110779   0.00362293
337498	-0.00660543  0.01068843 -0.00365115 -0.00891478  0.00926735  0.00161342
 -0.0043287  -0.00173733  0.01171363  0.00045753
305243	-0.01145847  0.01134529 -0.00228447 -0.00847216  0.00912774  0.00230886
 -0.00352712 -0.00058512  0.01204386  0.00026877
254556	-0.00843341  0.01732345 -0.00379192 -0.00777666  0.00973074  0.00273823
 -0.01034336  0.00086216  0.01461672  0.01146723
286047	-7.4595567e-03  1.4942332e-02 -8.1246896e-03 -8.9493748e-03
  1.0047955e-02  6.6569388e-05 -5.0449972e-03 -3.3594570e-03
  1.0476874e-02  4.6883835e-03
159201	-0.00619518  0.01905114 -0.00285525 -0.01243991  0.01513272 -0.0016372
 -0.00444505 -0.00283039  0.01622298  0.00397351
525922	-6.0130712e-03  7.0644729e-03 -5.4295911e-03 -4.5170905e-03
  8.2939509e-03 -4.5223558e-05 -3.0346406e-03 -1.7900271e-03
  1.0248044e-02  2.2024169e-04
31227	-0.00388287  0.00274711 -0.00628349  0.00066526  0.00894774  0.00376004
 -0.00895416 -0.01211625  0.00278461 -0.0104554 
173203	 1.8992135e-04  8.3464095e-03 -7.3862155e-03 -7.3775928e-03
  7.0188064e-03 -1.3779702e-03 -9.9951995e-04  5.6885867e-05
  7.6888870e-03  3.7538100e-03
298213	-0.00049132  0.00861383 -0.0024068  -0.00768457  0.00392741 -0.00366109
 -0.00708225 -0.00246248  0.01224375  0.00773924
214118	-0.00834078  0.01710989 -0.00662575 -0.00684054  0.01358733 -0.00221401
 -0.00897388 -0.00532506  0.01045654  0.00774111
560743	 0.00683827  0.00890433 -0.00553664 -0.00397138  0.0074471   0.00626783
 -0.00427583  0.00115976  0.00144478  0.00271626
340328	-0.00660543  0.01068843 -0.00365115 -0.00891478  0.00926735  0.00161342
 -0.0043287  -0.00173733  0.01171363  0.00045753
519548	 0.00346867  0.0106401  -0.00360539 -0.00161835  0.00696076  0.00336552
 -0.00298459  0.00167748  0.00974107  0.0024794 
290794	-0.00143461  0.01186349 -0.00725917 -0.01164983  0.00941992  0.00603517
 -0.00122922 -0.00646263  0.01332769  0.00167998
290795	-0.00143461  0.01186349 -0.00725917 -0.01164983  0.00941992  0.00603517
 -0.00122922 -0.00646263  0.01332769  0.00167998
298477	-0.00514578  0.01652039 -0.00872719 -0.00560083  0.01386892  0.00223281
 -0.00149914  0.00013614  0.01098214  0.00656924
360302	-0.01001918  0.01730623  0.00398923 -0.00789538  0.00912907  0.00313581
 -0.00267862 -0.00441118  0.01364631  0.00633267
415229	 0.00271146  0.01029504 -0.00429123 -0.01170009  0.01637568 -0.00099482
 -0.00136451  0.000849    0.0175802   0.00349869
333809	-0.00737247  0.01207944 -0.00216451 -0.00382652  0.00776054  0.00126156
 -0.00745354 -0.00036789  0.0064659   0.00506495
99954	-0.00669307  0.01730852 -0.00261841 -0.0069648   0.01182915  0.00735174
 -0.00340414 -0.00382313  0.00809327  0.00865564
182387	-0.00074284  0.02935066 -0.0075951  -0.02570633  0.01804367  0.00667961
 -0.00145251 -0.00187874  0.01771549  0.00138835
158964	 0.00688708 -0.0032006  -0.00309332 -0.00374006  0.01327442  0.00851844
 -0.00152658 -0.01342839  0.00467587 -0.00498224
447733	-0.0001391   0.01255651 -0.0006004  -0.0014068   0.00626493 -0.00125902
 -0.00461758  0.00044343  0.01371965  0.00895766
573430	-0.00150802  0.00733903 -0.00331736 -0.00435605  0.01525447  0.00041208
  0.00039096  0.00219154  0.00726766  0.00378444
66423	-4.5712187e-04  8.5544633e-03  9.6617575e-04 -1.6925478e-02
  2.7090278e-03  4.5314338e-03  3.6320587e-05  2.8577556e-03
  1.4018789e-02 -3.8839767e-03
555129	 0.00155755  0.00836975 -0.00319657 -0.00619631  0.00811115  0.00635065
 -0.00908297 -0.00022905  0.00411171  0.00620276
471034	 0.00561772 -0.0007219   0.00101416 -0.00258609  0.00119516  0.00508429
  0.00317853  0.00345939 -0.00418792 -0.00445707
528439	 0.00439756  0.00727747  0.00159836 -0.00808804  0.01044442 -0.00108233
 -0.00134121  0.00826074  0.00820479  0.00417505
239740	-0.00766721  0.0148456  -0.00703928 -0.00164312  0.00827371  0.00384291
 -0.00643325  0.00058136  0.00919562  0.00610462
502951	 0.00434997 -0.00702428  0.00316758 -0.01046294  0.00258769  0.00306576
 -0.00339457 -0.00212866  0.00189945 -0.00727772
528382	-0.00763038  0.0086224  -0.00651243 -0.00649078  0.00198372  0.00602075
 -0.00271333  0.0003851   0.00809417 -0.00241956
