341512	 0.00308805 -0.01148198  0.00653088 -0.0011091   0.00567237 -0.00721444
  0.00525261 -0.00511947  0.01259095  0.01304344
319499	-0.00632607 -0.00058402 -0.00933724 -0.01020144 -0.00102257 -0.00040527
 -0.00485688 -0.00383718 -0.00359327  0.004344  
317965	-0.00305365  0.00200284 -0.00588886 -0.0104744   0.00031572 -0.00262717
 -0.00541842 -0.0023976  -0.00393684  0.00727558
319502	 0.0016869  -0.00089863 -0.00731248 -0.00572918 -0.00317285 -0.0029677
 -0.00051801 -0.00032197 -0.00080912  0.00026319
79888	 0.00073994 -0.00123429  0.00731856 -0.00100597  0.00057329  0.00109816
 -0.00494954  0.00355026 -0.00038657  0.01016458
406548	-0.00851383  0.00146099  0.00375361  0.00071938  0.00680548  0.0038134
  0.00102615  0.01299894  0.00138093 -0.00035653
489495	 0.00408018  0.00025237  0.00109992  0.00617721 -0.00051889  0.00174206
 -0.00221806 -0.00458845  0.00162559  0.00528078
262683	 0.00061246 -0.00933106  0.00286235  0.00160485 -0.00517412 -0.00546623
 -0.00899283 -0.00045478 -0.00068523  0.01366931
198174	 0.00570283 -0.00876705 -0.00245581  0.0074846  -0.00480216 -0.00235962
 -0.00992116  0.00193546  0.00402097  0.01384318
219179	-0.00941277  0.0022402  -0.00673483  0.00315387  0.00386148 -0.00252147
 -0.00160955 -0.00455412 -0.00111385 -0.00138262
480302	 0.00154264  0.00443784 -0.00182296  0.00438967  0.00352705  0.00462153
 -0.00918178 -0.00107056 -0.00638617  0.00420531
384561	 5.2641775e-03 -8.4239960e-04  2.9409683e-05 -4.8162295e-03
 -3.8750109e-03 -1.1243261e-03 -3.2962735e-03  4.4554763e-04
 -5.7732118e-03  1.2512063e-03
557109	 0.0066525  -0.00296473 -0.00602533 -0.00118391 -0.00264683 -0.00308696
 -0.00857636 -0.00091345 -0.00139039  0.00686626
463930	-0.00264403  0.00986816 -0.00826692 -0.00157262  0.00059349  0.00397068
 -0.01567901 -0.00377674 -0.00940613  0.0137204 
322113	-0.00277237 -0.00121098 -0.00621674 -0.01137497 -0.0027089   0.00028977
 -0.00041248 -0.00470392 -0.00174338  0.00364515
370754	-0.00479692 -0.00987284 -0.01193355 -0.00310912  0.00570271  0.00856958
 -0.0092724  -0.00547312 -0.00594975  0.01285093
414791	 0.00403373 -0.00166221 -0.0030929  -0.00032952  0.00146114  0.00445844
 -0.01588699  0.00509307 -0.00239584  0.01847539
316491	-0.00606693 -0.00235913 -0.00926411 -0.00946855 -0.0029226  -0.00177267
 -0.0005349  -0.00128295 -0.00212907  0.00374679
456802	-0.00389229  0.00687798 -0.00972257 -0.0019781   0.0012661  -0.00172785
 -0.00727966 -0.00720802  0.00415855  0.00670315
431694	 0.00043217 -0.00122883 -0.00503656 -0.00830589  0.00250616 -0.0072097
 -0.0072141   0.00477747  0.01070231 -0.00384947
565330	 0.00482612 -0.00945882 -0.00639901 -0.00503842 -0.00629531 -0.00633704
 -0.00742063 -0.0015665   0.00334518  0.00987921
308310	 0.00104084 -0.00778802 -0.00657556  0.00423604  0.00439908  0.00070444
 -0.01144025 -0.00147305 -0.00729355 -0.01211175
48727	-0.00178295 -0.00384258 -0.00193903  0.00936447  0.00017195 -0.0025625
  0.00102585  0.00219156 -0.00561567  0.00470865
190040	 0.0016942   0.00018754 -0.00363065  0.00212019  0.00022787 -0.0030412
 -0.00240101 -0.00446058 -0.00383042  0.00719242
97887	-0.00434202  0.00285699  0.00250539  0.0009087   0.00843437  0.00045436
 -0.00340923  0.00126414 -0.00167242  0.00462474
406624	-0.00621806  0.00268462  0.0033288  -0.01301821 -0.00225379  0.00282507
 -0.00133336 -0.00276552 -0.00081768  0.00790527
421474	 0.00217438 -0.00669421  0.00573367 -0.01238271 -0.0042274   0.00089483
 -0.00467756  0.00882186 -0.00252296  0.01407534
393315	 0.00815596 -0.00149522  0.00387574 -0.01170546 -0.0027501   0.00012648
  0.00176405 -0.00270229 -0.00166986  0.00252781
175722	 0.0014655   0.00241776  0.00124863 -0.00666056  0.00137936  0.00328019
 -0.00599935 -0.00053332  0.00401702 -0.00094011
415872	-0.006957   -0.00562955 -0.00464434 -0.00108402  0.00461651  0.00199858
 -0.00223016  0.00305499  0.0049422  -0.00575085
348289	 0.00642747 -0.00122754 -0.00345054 -0.00011495 -0.00395719 -0.00025316
  0.00085456 -0.00876605  0.00126838 -0.00238123
393351	 0.00476103 -0.00481797  0.00358803 -0.01074101 -0.00247701  0.00379122
 -0.00462486 -0.00322197 -0.00444011  0.00258146
315016	-0.00406044 -0.00264291 -0.00797814 -0.00700093 -0.00536168 -0.00197862
  0.00069899 -0.00222232 -0.00297384  0.00620561
290459	-0.00638416  0.00329503  0.00095458 -0.0040122   0.01154167 -0.00235141
 -0.01426638 -0.00279721  0.00548387  0.00828544
259235	-0.00479429  0.00108841  0.00188394 -0.00210403 -0.00294505 -0.00423256
  0.00374337 -0.01281899 -0.00583975 -0.00389977
251563	 0.00352595 -0.00546687  0.00047411 -0.00013041 -0.00642012  0.00506584
 -0.00697756  0.00054383 -0.00088163  0.00146334
444597	-0.00222566 -0.00559787 -0.00023983 -0.00139819  0.00150702  0.00021655
  0.00168593  0.00242218  0.00116685 -0.00136307
61113	-0.00256136  0.00081689 -0.01268629  0.00550861 -0.00245645 -0.009924
 -0.00320212 -0.00394373  0.00492441  0.01280996
409790	 0.00965867 -0.00609153  0.01166182 -0.00800093  0.00495309  0.00275275
 -0.0035799  -0.00227896 -0.0031618   0.02327052
170176	-0.00610727 -0.01335434 -0.00501805  0.00276037  0.00077107  0.00040568
 -0.00964917  0.00066341 -0.01337173  0.01524987
220355	-0.00013062  0.00263354 -0.00811426  0.00197986 -0.00194823 -0.00247886
 -0.00426581 -0.00797856 -0.01270585  0.01822394
403659	 0.001038   -0.00042902  0.00087323  0.0031419   0.00265129  0.00367347
 -0.0081164  -0.00670084 -0.00786721  0.00087803
443610	 0.00186975 -0.00713262 -0.00147482  0.00069635  0.0002474  -0.00065196
 -0.00262596 -0.00397307 -0.00273188  0.00127878
71903	-4.5665861e-03  5.6137786e-05  1.2060694e-03  6.3507054e-03
  1.6824020e-03  8.2426593e-03 -9.5243324e-03 -7.7905073e-03
  5.6409361e-03  7.1900445e-03
356581	-2.2710343e-03 -2.1515361e-03 -4.0934323e-03 -5.1929066e-03
 -7.9082047e-06  5.1470799e-03 -3.2593969e-03  1.0079836e-03
  1.8730484e-03  6.0571516e-03
221930	 0.00108949  0.00533076  0.0027759  -0.00386076  0.00031841  0.00018113
  0.00115055  0.00489833 -0.0073449   0.00351656
382704	 0.00114402 -0.00156786 -0.00513683 -0.00381253  0.00125641 -0.00374791
 -0.00502345 -0.00051635  0.0030018   0.00091477
79614	 0.00126782 -0.0033019  -0.00283116 -0.00378382  0.00327791 -0.0030163
 -0.00248372  0.00661254 -0.00826464 -0.00137768
393005	-0.00354743 -0.00396818 -0.00045594  0.00284442 -0.00356746 -0.00381783
  0.007924    0.0099045   0.00949902  0.01045798
157458	 5.4179858e-05  9.4327156e-04 -1.7466423e-03 -1.2854324e-02
 -5.1968363e-03  1.7993114e-03  2.2759102e-03 -3.6740724e-03
 -2.5313711e-03 -4.8940754e-03
550787	 0.00817538  0.00811083  0.00127972 -0.00171674  0.00334736 -0.01608867
  0.00378958 -0.00219978 -0.00788365  0.00216107
562454	-5.5906904e-04 -6.6902624e-03  7.2042865e-05 -1.2089337e-03
 -1.0605715e-04 -3.9297543e-03 -2.3417850e-03 -3.0146330e-04
 -4.9443520e-03 -2.0694176e-03
364825	 0.00591599 -0.00407933 -0.00291427 -0.00778047 -0.00510276  0.00680349
 -0.01305017  0.00027993 -0.0032792   0.00170944
151341	 0.00496916 -0.00783854 -0.00041411 -0.00220619 -0.00228611  0.00226261
 -0.00760645 -0.00318407 -0.00568418  0.01189091
474926	 0.0004187  -0.01301873  0.00303546 -0.00624867  0.0012656   0.0002293
 -0.00013807  0.00715761 -0.00280152  0.01397357
323295	-0.00214608  0.00348939 -0.00814096 -0.00877962 -0.00142444 -0.00109631
 -0.00115911 -0.00419697 -0.00082602  0.00424527
528706	 0.00662572  0.00960746  0.00381157 -0.00500197 -0.00214677 -0.01366944
 -0.00753101  0.00331089  0.00355474  0.00394553
317763	-0.00392279 -0.00084086 -0.00726322 -0.00966444  0.00015912 -0.00348938
 -0.00443134 -0.00169794 -0.00583264  0.00544346
22342	-0.00164413  0.00244901  0.00950919 -0.00689482  0.0095955  -0.00487172
  0.0003566   0.0007689   0.01137551 -0.00538528
468306	-0.00236624  0.00441708 -0.00458703  0.00030938 -0.00090714 -0.00516962
 -0.00275855  0.00484227  0.001258   -0.00938999
484697	-0.01259821  0.00499828  0.00445907  0.00223361  0.00664889 -0.00488405
  0.01772712 -0.00345056  0.00337374  0.00054189
331616	-0.00219348 -0.00196196  0.00249302  0.0088803  -0.00101223 -0.00579437
 -0.0226309   0.00215868 -0.00305141  0.0016436 
157537	-0.00071544  0.00384163 -0.00822551 -0.00652362 -0.00277948 -0.00020155
  0.00261114 -0.00985762 -0.00063534 -0.00154057
51555	-0.00478689  0.00351665 -0.00495949 -0.00082563 -0.00309226 -0.00094683
  0.00053047  0.00260858 -0.01089665  0.00457777
331624	 0.00400171 -0.01426774 -0.00144461 -0.00248815 -0.01159247  0.00381265
 -0.00696108  0.00463403 -0.00110672  0.02160688
381291	-6.2438110e-03  6.1078237e-05  5.9999502e-03 -4.7819670e-03
 -1.8268345e-03  7.1230540e-03 -2.3986239e-03 -3.0040916e-03
  2.4278197e-03  6.0269195e-03
8558	-1.80868269e-03 -1.19166821e-02 -1.19793937e-02 -9.05626733e-03
 -3.74720199e-03  6.47717109e-03 -1.23259835e-02 -5.68157947e-03
  5.39578432e-05 -1.87474198e-03
497520	-0.00012933  0.0022964   0.00066814  0.00381991 -0.00505031  0.00232436
  0.00542087  0.00502604 -0.00796455  0.00562762
423794	-0.00214248 -0.0034056   0.00226936 -0.00279182  0.00431744  0.00094051
 -0.0016941  -0.00516532  0.00412688  0.00520704
373108	-0.01014049 -0.02327955  0.00773787 -0.01785271 -0.00393215 -0.00628807
 -0.00364149 -0.00110106  0.00160827  0.00766865
473463	-0.00167805 -0.00395901 -0.00440144  0.0015915  -0.00294812  0.00487339
 -0.0039459   0.00039297 -0.00368544  0.00561026
509305	 2.1300397e-03  2.4323543e-03  2.4907698e-03  7.8575744e-04
  7.7563487e-03 -3.3153130e-03  2.6288629e-04 -1.7841571e-03
 -4.1675549e-03  8.8079316e-05
290172	-0.0046246  -0.0043916  -0.00311161 -0.01555864  0.00695839 -0.00139889
 -0.01230321  0.0025295  -0.00894653  0.0098652 
322429	-0.00517289 -0.00198021 -0.01122694 -0.0116512  -0.00322692 -0.00032642
 -0.00189629 -0.0011542  -0.00298756  0.00359397
351619	 3.7594654e-03 -5.5743130e-03 -7.5882394e-03  7.3256749e-03
 -6.0697631e-03 -2.3986865e-03 -1.6428996e-03  7.9518868e-05
  1.5752156e-03  1.6313069e-02
242053	 1.9126538e-04  3.9676148e-03  5.7717261e-05 -1.2513493e-02
 -5.3975615e-03 -4.4039036e-03 -1.4870609e-03 -8.4036058e-03
 -5.9330226e-03 -1.5208908e-04
20358	-0.00459975 -0.00158135  0.00573478 -0.0020954   0.00321473  0.00488888
 -0.00919674  0.00203115 -0.00789108  0.01040731
399246	 0.0073807   0.001905    0.00086333 -0.00064388  0.00149481 -0.00536134
 -0.00912383  0.00115412  0.00254802  0.00364645
387985	-0.00624351  0.00014447 -0.01570266 -0.00857788  0.00552797 -0.01023293
 -0.00487478 -0.00523161  0.00404581  0.01534233
325529	-0.00476122  0.00121958 -0.00737538 -0.0090255  -0.00218599 -0.0030796
 -0.0024561  -0.00254261 -0.00251166  0.00550063
416157	 0.00076726 -0.00377998 -0.00348757  0.00158346 -0.00160708 -0.00503675
 -0.01465758 -0.00126595 -0.00206724  0.00608431
29598	 0.00432369  0.00659358 -0.00524934  0.00112721 -0.00226194 -0.00269218
 -0.00478282  0.00119047 -0.00788423  0.00650859
505248	-0.00217597 -0.00971344 -0.0060892   0.00074724 -0.00447584 -0.00966768
 -0.01063253 -0.00290939  0.00131479  0.01370939
91553	 3.1563910e-03  7.4050413e-04 -1.5119427e-02 -8.4907078e-05
 -4.0922272e-03 -9.8379245e-03 -1.4871316e-02 -3.0369677e-03
 -1.4891867e-03  1.8381057e-02
321955	-0.00277237 -0.00121098 -0.00621674 -0.01137497 -0.0027089   0.00028977
 -0.00041248 -0.00470392 -0.00174338  0.00364515
560039	 0.01231319  0.01680816  0.00920646 -0.00512853  0.01022806 -0.00979285
 -0.00715932 -0.00613984  0.00222766  0.00498986
22952	 0.00104084 -0.00778802 -0.00657556  0.00423604  0.00439908  0.00070444
 -0.01144025 -0.00147305 -0.00729355 -0.01211175
179626	 0.00228584  0.00770608 -0.00187294 -0.00368555  0.00387838  0.00200288
 -0.0048268   0.00078775  0.00020331  0.00248697
328109	 0.00153502  0.00469884 -0.00042371 -0.0058227  -0.00241218  0.00328702
 -0.0109756  -0.01456807 -0.00090295  0.00289649
393650	 0.00108516  0.00080863  0.00423992 -0.01113803 -0.00327806  0.00104849
 -0.00826    -0.00483163 -0.00377684  0.00163663
324531	-0.00517785 -0.00162598 -0.0071113  -0.01054918  0.00062738 -0.00310236
 -0.00019648 -0.00536528 -0.00399574  0.00255288
520643	 0.00600833 -0.00229583 -0.00497263 -0.00364455 -0.00048053 -0.0042715
 -0.00265881 -0.00463941 -0.01170601 -0.00149072
328644	-0.00011703 -0.00056737 -0.00026361 -0.00214175  0.00682734  0.00874253
  0.00302823 -0.00163819 -0.00891435 -0.00642871
319393	-0.00471491  0.00177441 -0.00860113 -0.00967161 -0.00157184  0.00070203
 -0.00461832 -0.00288282 -0.00376587  0.00207437
382412	-0.00648491 -0.00493735 -0.00274177  0.00931214  0.00089528  0.00517028
  0.00164908  0.00302793 -0.00441979  0.0070947 
324559	-0.00277237 -0.00121098 -0.00621674 -0.01137497 -0.0027089   0.00028977
 -0.00041248 -0.00470392 -0.00174338  0.00364515
340432	 0.00165016 -0.00419877  0.00774817 -0.00148281  0.00848655 -0.008997
 -0.00631187 -0.00088621  0.00400003  0.0064934 
319442	-0.00632607 -0.00058402 -0.00933724 -0.01020144 -0.00102257 -0.00040527
 -0.00485688 -0.00383718 -0.00359327  0.004344  
107990	 0.00180814 -0.00626648 -0.00735969 -0.00551124  0.00341013  0.00858965
 -0.01293152  0.01533584 -0.01682522  0.00593412
122842	 0.00521284  0.0021479  -0.01239544 -0.01247856  0.00019258  0.00037247
  0.00168472 -0.00622058  0.00550577  0.00814778
189403	 0.01335448 -0.00320559 -0.00412286  0.00526526 -0.00526899 -0.00742592
 -0.00213479  0.00180013  0.00198909 -0.00198176
558562	 3.0762597e-03 -8.1358152e-04  7.0488219e-05  7.8308345e-05
  5.8503659e-03  1.2059802e-02  1.0513061e-03  3.6116794e-03
 -2.4596689e-04  3.5392051e-03
314852	-0.00611999 -0.00078429 -0.0067106  -0.00878343 -0.00335978  0.00035034
 -0.00934984 -0.00400551 -0.00165226  0.00745134
310247	-0.00160697 -0.00817426  0.00760593 -0.01370637 -0.00363712 -0.00905179
 -0.00922911  0.00067875  0.00099834  0.00316455
423401	 1.9091815e-03 -1.6426187e-03  8.3881168e-04 -1.2140315e-03
  1.9451730e-03  2.8820084e-03  5.2620562e-05 -7.4577574e-03
 -6.3143270e-03  4.8206127e-03
324588	-0.00315762 -0.00091488 -0.00737773 -0.01166703 -0.00272281 -0.00351293
 -0.00126846 -0.00377306 -0.00088319  0.00837602
129618	 3.6711183e-03  2.0236582e-04 -8.1193624e-03  3.7619451e-03
 -6.6136927e-05 -2.7417541e-03 -1.1725003e-02  1.7114053e-03
  1.0502846e-02  1.2429644e-02
300018	 0.00287754 -0.00548143  0.00277437 -0.00500804  0.00073614  0.0040287
 -0.00359607  0.00409769 -0.00204951  0.00159231
