205319	-0.00052445 -0.00013441 -0.00721653 -0.00028361  0.00364164 -0.00736049
 -0.00585736 -0.0047956  -0.00368937  0.00704686
459351	-0.00559159  0.00010089 -0.00518185 -0.01799319  0.00104909 -0.00719368
 -0.00951466  0.00383245 -0.00719251  0.00501849
153100	 0.00649994  0.01021497 -0.00530856  0.00183979  0.00152074 -0.00444547
 -0.00323311 -0.00250162 -0.00453843  0.01389253
128015	 3.0544121e-03 -4.9307728e-03  9.7070532e-03 -3.4747210e-03
  5.7102344e-03 -7.6929387e-03  6.2700040e-03  4.7864476e-05
 -5.1721715e-04 -1.5142653e-03
30382	 0.0009086   0.00341547  0.00155135  0.00245428  0.00283983  0.00484594
 -0.00046447  0.00124032 -0.00282622 -0.00043601
102428	-0.00879637 -0.00061276  0.00782643  0.00344884  0.00894448  0.00066289
 -0.00193912  0.0014754  -0.00914849  0.01099957
147999	 1.4116209e-03 -5.6598819e-04  9.5434894e-05  3.9824806e-03
  2.3637384e-03 -3.1775718e-03 -6.0810475e-03  2.2093936e-04
  2.2535075e-03  6.0199532e-03
133808	-0.00776798 -0.0008699  -0.00754353 -0.00985501 -0.00327736  0.00277387
  0.00093186  0.00121296 -0.00449921  0.00440009
149542	-0.00136531  0.00661619  0.00178255  0.00153332  0.00818648 -0.0029708
 -0.00738975 -0.00549465  0.00055727  0.00358057
378180	 0.00269713 -0.0031741   0.00222136 -0.00292166  0.00379728  0.00338188
 -0.00107676 -0.00465666 -0.00719761 -0.00060235
247360	-1.7602228e-03  6.9859196e-03 -3.4084604e-03  1.1451169e-03
 -1.9798956e-03  2.9092317e-03  7.0663067e-03 -9.5303410e-05
 -8.9469487e-03  3.4621118e-03
330507	-3.7396788e-03  5.0878879e-03 -5.9583390e-06  1.4651344e-03
  1.3936356e-03 -6.4208154e-03 -5.3260443e-03 -8.8545389e-04
  1.4338928e-03  1.1483191e-03
523844	-0.00812755  0.0119133  -0.00533292 -0.00298716  0.00013336  0.0100169
 -0.02817116  0.01264555 -0.00637303  0.00472295
150088	-2.3340576e-03 -6.3862879e-04  5.9090741e-03 -7.1343705e-03
  2.7571491e-03  5.7855402e-03 -3.5962863e-03 -5.7702679e-03
 -9.8609244e-03  4.0725386e-05
341069	-0.00537133 -0.00118612 -0.01022263 -0.00312299  0.0086714  -0.0063041
 -0.00372801 -0.0102057  -0.00413158  0.00568717
519248	-1.3854752e-03  2.8260804e-03  3.4657093e-03 -2.3633691e-03
 -4.0632491e-03  2.9232639e-03 -4.1332222e-03  3.7587437e-05
 -2.3303903e-03  6.6490965e-03
42578	-0.00017718 -0.00437377  0.00363733  0.00047789  0.00394403 -0.0024757
 -0.00255551 -0.00761794 -0.00322677 -0.00538241
367191	-0.00155364  0.00171636 -0.00127519 -0.00047451  0.00282297  0.00827001
 -0.00567451  0.0059316  -0.01040439 -0.00044023
459352	-0.00474023 -0.00790341 -0.0038012   0.00213195 -0.0053166   0.00296686
 -0.00164394  0.00884792  0.00057518  0.00426129
489050	 0.00159059 -0.00471187  0.00169191  0.00587076  0.00347553  0.00321117
 -0.00142406 -0.00415157 -0.0077344   0.0049779 
110684	 0.00572469  0.00196934  0.00697606  0.0118031   0.00303152  0.00115268
 -0.00028822 -0.00308748 -0.00425189 -0.00658277
545898	-0.00061033 -0.00036852 -0.00223595  0.0006532   0.00103696  0.00553426
 -0.00016909  0.00425871 -0.00579449  0.00955634
443499	 0.00168145 -0.0017953   0.0085148  -0.00843523  0.00822378  0.00283105
 -0.00355435  0.0052624  -0.00882062  0.00881805
515183	 0.00299885  0.00221262  0.00776037 -0.00198221 -0.00624357 -0.00115685
 -0.00885435 -0.00583023  0.00609279  0.00889849
255602	-6.0438135e-05  8.9975838e-03 -7.4969116e-03 -1.1369515e-02
 -5.5362331e-03 -3.2511840e-03  8.4957934e-04 -3.8921856e-04
 -3.9003543e-03 -1.7392029e-03
311413	-0.00845198  0.00173985  0.00030982 -0.00955832  0.00303205  0.00736974
 -0.00386187  0.00154625 -0.00820958  0.0027574 
131194	-0.00386254  0.00016195 -0.00073145 -0.00091668  0.00084887  0.00203506
 -0.00232094  0.00425635  0.00216264  0.00744581
61547	 0.00129442  0.00278113  0.00892969 -0.00781894  0.00184781  0.00611134
 -0.00297266 -0.00151413  0.00033958 -0.0015765 
383110	 0.00078265 -0.00107101 -0.00091194 -0.01327606  0.00280367  0.00182304
 -0.0046647   0.00177677 -0.01830532  0.00935707
323209	-0.00025978 -0.00015352  0.00371775 -0.00079112 -0.00298074 -0.002486
 -0.00139357 -0.0010957   0.00245897  0.00655196
374416	 0.00442344 -0.00430829  0.0063092  -0.00362905  0.00968039 -0.00706174
  0.00400081  0.00641756 -0.00088407 -0.00189423
218261	 0.00338335 -0.00090037  0.00471294  0.00809967 -0.00031332 -0.00208825
  0.00249443  0.00310403 -0.00804489  0.01025284
167063	-0.01007723 -0.0064452   0.00521664  0.00266004  0.00307468  0.01663892
  0.00167745  0.00960371  0.00954331  0.01597232
185497	-0.00436786 -0.00157094 -0.00292554  0.00711958 -0.00490497 -0.01296784
 -0.00834046  0.00204151 -0.00229353 -0.00990316
373403	 0.00040839 -0.00380205  0.00883775 -0.00665576  0.00451505 -0.00064909
 -0.00879429  0.0005839  -0.00397165  0.00581457
327325	-0.01348799  0.00314284 -0.0035176   0.00381186  0.01880795 -0.01501017
 -0.0176168   0.00160856 -0.03019741  0.00228614
431265	-0.00407926 -0.00291623 -0.00318692  0.00846544  0.00035921  0.00225947
  0.00852178  0.0039429  -0.00756268  0.0120371 
348330	 0.00431918  0.00413703  0.00013938 -0.00082389  0.0083911   0.00651137
  0.00356546 -0.00630162 -0.00737169  0.01625496
433326	-0.00409097  0.00041256  0.00426876  0.00063692  0.00727578  0.00312645
 -0.00182423  0.00329965 -0.00332806  0.00530177
298672	 0.00380642  0.00355007  0.00036266  0.00314421 -0.00091816  0.00371463
 -0.00588741 -0.00867727  0.00334814  0.00166573
219836	 0.00109597 -0.00284045  0.00575272 -0.00583076 -0.00055068 -0.00192207
 -0.00213819  0.00507436 -0.00409442  0.00384415
49855	 0.00674069  0.00378986  0.00861076  0.00801917 -0.00633623 -0.00359783
 -0.0178022   0.01010804  0.00241162 -0.00130228
32962	-0.01181079  0.00903347  0.01077186  0.00350597 -0.00499348  0.01393664
 -0.00145372  0.02434779 -0.0153235  -0.00134838
233157	 0.00063188  0.00332616  0.00837431  0.00756509  0.00264817 -0.00435838
  0.00317474  0.00871365  0.00365536  0.01212305
80582	-0.00398006 -0.00450803  0.00396243  0.01372296  0.0018705   0.00741395
  0.00354863  0.00717348 -0.01701519 -0.00056675
117455	 6.9306890e-04 -4.4381097e-03  8.6908136e-03 -5.4189316e-03
 -6.8424894e-03 -1.5991155e-02 -4.1598673e-03  3.6699262e-03
  6.8524663e-05  8.6775413e-03
6868	 0.00500591 -0.00163772 -0.00169526  0.00086827  0.00307541  0.00397809
 -0.00514098 -0.00474074  0.00116962  0.00839299
136927	-0.00328181  0.0048041  -0.00316601 -0.00303641  0.01248171 -0.00619596
 -0.00273175  0.00410376  0.00148057  0.00534768
312040	-5.3395983e-04  6.0012699e-03  1.9786807e-03 -7.5942829e-05
  8.7543540e-03 -5.3388817e-04  2.6214838e-03 -6.7722755e-03
 -1.8296840e-03  3.9343396e-03
443636	-0.00398085 -0.00234333 -0.00114235 -0.00073157 -0.00143031  0.00082192
 -0.00063961 -0.00018555  0.00113317  0.00278372
372471	 4.9749310e-03 -4.1733948e-03  6.5702605e-03 -6.2474319e-05
 -3.1928406e-03  4.0719183e-03 -1.7058434e-03 -1.8228684e-03
 -2.9216702e-03  4.8627406e-03
319243	-0.00577569 -0.0007562  -0.00186313 -0.00134595 -0.00267147 -0.00067684
  0.00291894  0.00466477  0.00341067  0.00233877
167692	 0.00159897  0.00200409  0.0052523  -0.00597785  0.00289751 -0.00416817
 -0.005929    0.01490034 -0.01276931  0.01013697
417556	 0.00027821 -0.00299147  0.00052182  0.00015578 -0.0054865  -0.00071706
 -0.00522646  0.00476913 -0.00734553 -0.00340357
302042	-1.0195365e-02  5.8869063e-03  6.0533569e-03  1.7217925e-03
  3.8917623e-03 -5.5509361e-05 -6.0174108e-04  3.2511789e-03
 -4.4679019e-04  7.8186527e-04
505630	 0.00530046  0.00140541  0.00360324  0.00628705 -0.00709824 -0.00396377
  0.00369083  0.00538897 -0.00768593  0.00044201
296228	 0.00684165 -0.00982997 -0.01151906  0.00700791 -0.00829936 -0.00761354
 -0.01198757  0.00189791 -0.005039   -0.00304309
108840	 0.00209071  0.00184697 -0.00343875  0.00102245  0.00097372  0.00139398
 -0.00356145 -0.00328078 -0.00221134  0.0050899 
177472	 0.00271748  0.00081363 -0.00506871 -0.01694547  0.00809037  0.00355875
 -0.00635754 -0.00129651 -0.01282968  0.00800667
44338	-0.00264349  0.00461434  0.00357616  0.00460367 -0.00156455  0.00113175
 -0.00802095 -0.00194876 -0.0082424   0.00070523
555317	 0.0053272  -0.00632023  0.00753851  0.00088366 -0.00116675 -0.000713
  0.0013292  -0.00160163 -0.00073203  0.00226889
379199	 0.01143216 -0.00247656 -0.00748488  0.00993018  0.00520786 -0.00478013
  0.00262656  0.01287765  0.00175157 -0.00420861
475968	 0.00045487  0.00179314 -0.00361024  0.00400595  0.0058148  -0.00132644
 -0.00084614 -0.00300491 -0.01472483  0.00633257
475969	-0.0019121  -0.00879947  0.00415807  0.01035112  0.00848457  0.00126564
  0.00335909  0.00201597 -0.00788734  0.00443559
191812	-0.01290747 -0.00300681  0.00398696 -0.00039006  0.0159253  -0.01047061
  0.00241156 -0.00070981  0.00426395  0.01211316
139078	 0.00034323  0.0022325  -0.00426906 -0.00127862  0.00666039 -0.00095754
  0.00310929 -0.00195214 -0.00941602  0.0086837 
326475	 0.00326543 -0.00175584 -0.00038841 -0.00068732 -0.0043819  -0.00563272
  0.00879817 -0.00416131 -0.00591296  0.00100457
363340	-5.1717791e-03  2.1673043e-03  9.5127536e-05 -1.0696694e-05
  5.6357484e-04  8.2585998e-03 -5.5638924e-03 -3.3794814e-03
  7.8687066e-04  6.7344615e-03
503125	-0.00961266  0.00636602  0.01951561 -0.0064119  -0.0025155   0.00995137
 -0.00551907 -0.01115091 -0.00756023  0.00881464
329047	-0.00098497  0.00114426 -0.00042867 -0.00216624  0.00332389 -0.00188423
 -0.00478697  0.00095084 -0.00602426  0.00226143
403803	 0.00138289  0.00369624  0.00279729  0.00112963  0.00131425  0.00290061
  0.00630007 -0.00170126 -0.00443977  0.00524008
315740	-0.00284193 -0.00136059  0.00026948 -0.0035563  -0.00459426  0.0006669
 -0.00700389 -0.00177597  0.0003707   0.00716308
29533	-0.00333625  0.00064006 -0.00571179  0.00958996 -0.00145361  0.00308892
  0.00678804  0.00544253 -0.00319847  0.00157899
420196	-0.00425941 -0.00156027  0.00037398 -0.00151516  0.00808297  0.00079787
  0.00133666  0.00317528 -0.00211425  0.00446762
231289	 0.0019407   0.00628664 -0.00048808  0.00370122  0.00187084 -0.00290273
  0.0043989   0.00660983 -0.00619656  0.00035757
281467	-1.9335564e-03 -2.5733305e-05  1.0309946e-02 -6.5345033e-03
 -2.7514941e-03  7.7975262e-04 -1.8325771e-03 -1.1809179e-02
 -1.2380668e-02  2.2765312e-02
216444	-0.00060505  0.00204121  0.00879555  0.00049745 -0.00502705  0.00340482
 -0.00366654 -0.00324374 -0.00705063  0.01740026
310145	 0.00406531 -0.00349328 -0.00668845  0.0136863   0.00219976  0.0011376
 -0.00481055 -0.00048973  0.00280307  0.00186159
247189	 4.8604319e-03  8.9254975e-03  4.4754636e-03  4.4600496e-05
  5.2015972e-03 -5.2990620e-03 -4.9795280e-03  3.4191462e-03
 -7.6165944e-03  4.8520179e-03
116121	-0.00436313 -0.00170827  0.00462681  0.00078508  0.00623713 -0.00260056
  0.00288852  0.00544462 -0.00708184 -0.00212023
190369	 0.00011048  0.00290678  0.00109093  0.00285369  0.00798492 -0.00037782
 -0.00379366  0.00846283  0.00090097  0.01570695
460710	-0.00076314  0.00117242 -0.00933646  0.00419485  0.00369047  0.00325552
 -0.00334015  0.00450939 -0.00504385  0.00998664
24999	 0.00534198  0.00277907  0.00448046  0.00201503  0.00662859 -0.00161608
 -0.00287256  0.00046866 -0.00200134  0.00392027
124330	 0.00489137 -0.00065018  0.00563372  0.00108654 -0.00541911 -0.00786647
  0.001915   -0.00317586 -0.00661442  0.00316847
365213	 0.00506908  0.01920008  0.00114415 -0.01117697 -0.00840504  0.00696697
 -0.01231815  0.02387565 -0.00462477 -0.00116555
192435	-0.00095731  0.0012151   0.00042539 -0.00195653  0.00063296 -0.00168201
 -0.00188263 -0.0002398  -0.00308424  0.00661509
302015	-0.00215314  0.00603966  0.00305122 -0.00022209  0.00207563  0.00192052
  0.00307232  0.00434074 -0.00130527  0.00095224
520645	-0.0014768  -0.00131127  0.00421798  0.00051976  0.00019574  0.01377735
 -0.00388041  0.00540581 -0.01052104  0.01105711
165842	-0.00549145  0.00647928 -0.01275335  0.00036497 -0.0093721   0.01280088
  0.02863996  0.00493806 -0.01023949  0.01850207
266707	-0.00318686 -0.01156361 -0.00485717  0.00459483 -0.01140967 -0.00081203
 -0.01568449 -0.00829816 -0.00787517  0.00533806
459223	 0.00955247 -0.01294359  0.027098    0.0077876   0.0070974   0.00192766
  0.01485565 -0.01142529 -0.01510348 -0.00468394
20440	 0.0020964  -0.00682719  0.00208385  0.00215901  0.00487466 -0.00319342
  0.00218169  0.00086321 -0.00491371  0.00473198
52186	 1.5341490e-02  6.0698944e-03  8.0639572e-04  8.4496876e-03
 -2.5337953e-03 -1.1986902e-02  5.2260519e-03  3.8395291e-03
  5.5081449e-03  9.1649243e-05
175579	 0.00471694 -0.00040859  0.00456825  0.00092383  0.00058912  0.0006658
  0.00465202 -0.00388887  0.00309719  0.01129146
271840	-6.6463025e-03  3.0688462e-03 -2.7948641e-03 -1.6707858e-03
  9.6896087e-04 -1.5538138e-03 -3.4142183e-03  4.3093972e-03
 -6.6100219e-03 -8.0776124e-05
427496	-0.00436945  0.00801317  0.00406689 -0.00287861  0.00566023 -0.00828493
  0.00582956 -0.00336356 -0.00417225  0.01032241
284652	 0.01943884  0.00600065  0.01028564 -0.00739057  0.01251714 -0.01176951
  0.00858972 -0.0126425  -0.00709905  0.00054282
208371	-0.00091001  0.00956604  0.00391341  0.00220316  0.00140543  0.0056745
 -0.00589185  0.00356716 -0.00306821  0.00619433
543735	-0.00237269 -0.00697206 -0.00379232 -0.00241095 -0.00185876 -0.00370018
 -0.00319518  0.00281537 -0.00801815  0.00360646
543736	 0.00436105  0.0046868   0.00450204 -0.01025852  0.0068506   0.00221645
 -0.00208693  0.00622613 -0.01301053  0.01124043
421371	 0.00787464  0.00091838  0.00366952 -0.00564935  0.00641206 -0.00657766
 -0.00018876 -0.00412416 -0.01097251  0.00661944
