88073	 8.9721591e-04  3.2581391e-03 -4.7912160e-03 -6.7592035e-03
  9.2719583e-04 -4.0079933e-03 -3.2341259e-03 -5.3414525e-03
  5.4030868e-05 -7.6408287e-05
32270	 5.5621434e-03  1.1164801e-02 -1.8790524e-02 -1.8920079e-02
  8.5582854e-03 -1.1608675e-02 -8.9510082e-05  2.1434191e-03
  7.5309859e-03  9.2540300e-03
281106	 1.1000398e-02  3.3424357e-03  4.7503901e-03  3.9443560e-03
  5.4965792e-03 -6.1916038e-03 -2.9578467e-03  5.9657724e-04
  2.3316890e-03  4.1359632e-05
320029	 0.00116827 -0.00141188  0.00028912  0.00098248  0.00871151 -0.00431801
  0.00067731  0.00328891  0.00124128  0.00176971
185888	 0.00337452  0.00566642  0.00064453  0.0009101   0.00036245  0.00126207
 -0.00330402  0.00330175  0.00095824 -0.00401418
37424	 0.00143423  0.01346396 -0.00787755 -0.0060294   0.00109497  0.00199218
  0.00240945  0.00142426 -0.00412846  0.00646178
556085	-0.00027592 -0.00106961  0.00419495 -0.00124154  0.00203029 -0.00051409
 -0.00134932  0.00393666  0.00558365  0.00228319
191032	 0.00887319 -0.01281788  0.00249633  0.00650294  0.00359018 -0.00530925
  0.00445165  0.00794013  0.00864882 -0.00628485
185917	-3.7510728e-04  3.4350334e-03 -1.4053413e-03 -2.9142597e-04
 -8.5077947e-05  7.3527434e-04  1.4215121e-03  1.8087949e-04
 -1.5643461e-03 -2.4381422e-03
74302	-7.2478629e-03  1.0366682e-02 -5.9339544e-03 -6.4431573e-05
 -1.1590251e-05  2.9138136e-03 -1.5228189e-03 -2.4258429e-03
  3.8732744e-03  2.1968379e-03
330309	 0.01418258 -0.00339839  0.00020238 -0.00220157  0.00385378  0.00100488
 -0.00339366 -0.00249691  0.00507446 -0.00326397
357446	-0.01793807 -0.01321693 -0.01107076  0.00652626 -0.02823612  0.02195577
 -0.00979042 -0.01213987 -0.03221306  0.01064514
417870	 0.00180084  0.00321738 -0.00130164 -0.00295812 -0.00421894  0.00204434
 -0.00506198 -0.00200783 -0.00079101 -0.00088879
16465	 2.6017367e-03 -8.3398700e-05 -2.5106771e-03 -1.3616346e-03
  3.0546810e-03  8.8632409e-04 -4.4773230e-03 -3.4594585e-03
 -6.6385412e-04  4.9204393e-03
43603	 0.00247632 -0.00135597 -0.00557651 -0.00240494  0.00199814  0.00357432
 -0.00463555  0.00357349  0.00595607  0.00282323
370772	 0.00012158  0.00400044  0.00171413 -0.01307511  0.00096437 -0.00495933
  0.00187253  0.0008388  -0.00465839 -0.00137493
170577	-0.00040522 -0.0029684   0.00332377  0.0031632  -0.00211964 -0.00257081
 -0.01020622 -0.00289512  0.00255464  0.00074779
13403	 0.00389388 -0.00377798 -0.00424737  0.0084984  -0.00189786  0.00463615
  0.00464178 -0.00048078 -0.00048061  0.00616388
18013	 0.00810086 -0.00623902 -0.00690083  0.00401894  0.00596486  0.00110134
  0.0082408  -0.00260369 -0.00421122 -0.00324495
8808	 0.00106679 -0.00180549  0.00021419  0.00746765 -0.00664392 -0.00322362
  0.0046783  -0.00983843  0.00326363 -0.00111576
141931	 0.00687547 -0.00058369 -0.00513834  0.02500109  0.00580401 -0.0013048
 -0.01286597  0.01005783 -0.00385096  0.00156557
188015	-1.0438544e-03 -3.9450927e-03  4.8293332e-03 -6.3003516e-03
  2.8789677e-06  1.7146991e-03 -5.5202516e-03  2.3053661e-03
  6.5763504e-04  3.6726664e-03
73840	 0.00809657 -0.00612222  0.00355059  0.00069803 -0.00124281  0.00504718
  0.00476344  0.00908157 -0.00560123  0.00026644
345724	 0.00544036  0.00030994 -0.00076708 -0.00687733 -0.00564207  0.00169642
 -0.00321671  0.00245094  0.00240974 -0.00610776
35690	 5.5621434e-03  1.1164801e-02 -1.8790524e-02 -1.8920079e-02
  8.5582854e-03 -1.1608675e-02 -8.9510082e-05  2.1434191e-03
  7.5309859e-03  9.2540300e-03
489602	-0.00240101 -0.00126572  0.00331393 -0.00687912  0.0051559   0.00101511
  0.00552722 -0.00111776  0.00204541 -0.00814085
220813	 0.00096532 -0.00175626 -0.00618748  0.00042348  0.0042432   0.00791141
  0.0043638   0.00033783  0.00150123  0.00075396
68766	-0.00462507  0.01733337 -0.00513549  0.00171043  0.00421471  0.00602482
  0.00526955  0.01403064  0.00464194  0.00564864
468640	-0.00065855  0.00060298 -0.00575001 -0.00608283 -0.00148786  0.00137767
  0.00364557  0.00623051 -0.00089927  0.00507024
61089	 0.00205814  0.00617822 -0.00681635 -0.00564167  0.00050552 -0.00264127
 -0.00387627 -0.00242978 -0.00048495  0.00031134
179874	 0.00651812 -0.00501116 -0.00748511 -0.0085831   0.00837443 -0.00669827
 -0.00484727  0.00377675 -0.00508041 -0.02232684
478388	-2.1779898e-03 -1.7914446e-03 -4.1134921e-03 -5.9964657e-03
 -1.0329403e-03 -2.1162639e-04  5.2580358e-03 -1.7408121e-03
 -7.6992274e-04 -7.0315757e-05
447158	 0.00015282  0.0102181  -0.0018597  -0.00573838 -0.0051788   0.00317299
  0.00760413  0.0081755   0.00257059 -0.00470055
534199	-0.00239037  0.0027806  -0.00265783  0.01017864 -0.00092311 -0.01012988
 -0.00894248 -0.00212007 -0.00059133  0.00360788
432825	-0.00954286 -0.00244252 -0.00028415  0.0045012   0.00722475 -0.00470641
  0.00833368  0.00082624  0.00674352  0.00575428
527547	-2.1349485e-03 -1.5666354e-03 -4.6062157e-03 -2.4803746e-03
  3.9450711e-05 -3.6245051e-03  1.7930182e-03  2.3557716e-03
 -1.3047111e-03  1.7722547e-03
201920	 0.00234728  0.00563593 -0.00202747 -0.00226437  0.00977755 -0.00502818
 -0.00205062  0.01069668 -0.00174226  0.00336437
457413	-0.00434379  0.00242304 -0.00428718 -0.003392    0.00855056  0.00286807
 -0.0047531   0.00024672 -0.00283796 -0.00876341
94919	-0.00894939 -0.00275091  0.00394944  0.0013167  -0.0060695  -0.000397
  0.00420122 -0.00806567 -0.00984116  0.00620118
321228	-0.00109223 -0.00733717 -0.0031965   0.00149297  0.00074865 -0.00230287
  0.00126259  0.00257855  0.00345577  0.00260945
433870	 0.00493046  0.00555288  0.00158582  0.0037812  -0.00274931  0.00963582
  0.0019198   0.00304551 -0.00111154 -0.00322927
34514	 5.5621434e-03  1.1164801e-02 -1.8790524e-02 -1.8920079e-02
  8.5582854e-03 -1.1608675e-02 -8.9510082e-05  2.1434191e-03
  7.5309859e-03  9.2540300e-03
546516	-0.01011082  0.00210216 -0.00012356 -0.01084976 -0.00678659  0.01542804
  0.00717705  0.00675228  0.00608466  0.01319787
346837	-0.00614717 -0.01026639  0.00400904  0.00593355 -0.01361005 -0.0141899
  0.00089996 -0.00288662  0.00351821 -0.01474026
379684	 0.0070104  -0.0013816  -0.00083235 -0.00734286  0.00553577 -0.00134238
 -0.00254412 -0.00692279 -0.01145151 -0.00397683
230115	 3.6764382e-03 -5.8449590e-05 -1.1760709e-03 -6.4240163e-04
 -2.3844230e-03  7.5734621e-03  2.0421827e-03 -3.7531201e-03
  9.8525023e-04 -2.0686798e-03
62181	 0.00488268  0.01092699 -0.00995593 -0.00437715  0.0012583  -0.00601841
 -0.00129657  0.00719005  0.00593284 -0.0048903 
423145	-0.00184453 -0.00846875 -0.00165796 -0.00492894  0.00367757 -0.00355769
 -0.01044089  0.00299623 -0.00362791 -0.00715654
13547	 0.00445505 -0.00162008 -0.00400404  0.00921259 -0.00161165  0.00440482
  0.00423364  0.00022583  0.00020249  0.00733681
528112	-0.00061537 -0.00531061  0.00196816 -0.00316772  0.00541269 -0.00460638
 -0.01102098  0.0047872  -0.00633738 -0.00397745
564473	-0.01240644 -0.01212939 -0.00762667  0.00794102  0.00554946  0.01355181
 -0.00692559  0.01168619 -0.00684481 -0.00039458
495890	 0.00347675 -0.00073849  0.00084206  0.00085541 -0.00054812 -0.00162213
 -0.00108776 -0.00216631 -0.00045454  0.00232866
165143	 0.00105645  0.00124871 -0.00100719  0.00671872  0.0037857   0.00207311
  0.00153813 -0.00265987  0.00704678  0.00693126
376096	-0.00046087  0.00341943 -0.00702749  0.00200671  0.00143943 -0.00346663
 -0.00070933  0.00036408 -0.00766684 -0.00234971
137507	 0.0018626   0.00139915 -0.00152391 -0.00440009 -0.00547567  0.00416914
 -0.00708152  0.00054468 -0.00402    -0.00354749
137508	 7.6445118e-03 -1.0063553e-03 -4.2895451e-03 -4.9716104e-03
 -4.9674017e-03  3.1898101e-03  1.1045302e-03  3.8894959e-04
  2.4555568e-05 -3.6326719e-03
222000	-0.00549322 -0.00200857 -0.00715544  0.00079096 -0.00238816 -0.00491385
  0.00023509  0.00167651  0.00092301 -0.00193519
321842	 2.2858871e-05  2.0346895e-03 -2.5144692e-03  1.7067068e-03
  4.4640703e-03 -3.1661878e-03 -4.4524021e-04  6.1975066e-03
  3.7035963e-04 -4.4311355e-03
383283	 0.006208    0.00101866 -0.01360157  0.00317457 -0.00804624  0.00459492
 -0.00086237 -0.00589697 -0.00828865 -0.01255478
558754	 0.00196162  0.00130425 -0.01102741 -0.01317398  0.00487127 -0.00634752
 -0.00330132 -0.00393928  0.00965649  0.0004539 
224056	 0.00173046  0.00345551 -0.00185788  0.01766764  0.00012994 -0.01290972
  0.00051102 -0.00066405 -0.00436241 -0.00695149
35643	-0.00429846  0.00151863 -0.0018928   0.0044245   0.00156686 -0.00503927
 -0.00246054  0.0014868  -0.00172033  0.00420571
260418	 0.00265585 -0.00455945 -0.01320959 -0.00723751 -0.00110247  0.00111607
 -0.00566209 -0.0054774  -0.00118354 -0.00366069
362318	-5.07552875e-03 -9.34869796e-03 -2.68560019e-03  3.48735484e-03
  2.59554968e-03 -9.58133372e-04 -1.22151505e-02 -3.84060107e-03
  1.99450333e-05 -1.14956587e-04
453456	-0.00065301  0.00120258  0.00261448 -0.00154915  0.0002444  -0.00413986
 -0.0008705  -0.00239986 -0.00105515 -0.00166165
272721	-0.00248665  0.01088709 -0.00153251  0.00246653 -0.0067398  -0.00116516
 -0.01222885  0.00706269 -0.00243693 -0.00099457
199512	 0.00356471  0.00230948 -0.00346282 -0.00154473  0.00199289 -0.00176336
 -0.00439337 -0.00129894  0.00207032 -0.00343511
122713	-0.00190933 -0.0008096  -0.00116343  0.00683288 -0.00132068 -0.01310655
  0.00263464 -0.00887339 -0.00205146 -0.0001457 
357210	-5.2559027e-03 -3.8246890e-03 -7.0350962e-03  6.8670930e-03
  2.3732376e-03  3.4307505e-03  6.9601918e-03 -1.3223420e-03
  5.3488024e-05  5.2949297e-03
434405	-0.00013048  0.00458702 -0.00227046 -0.00131452 -0.00129445  0.00126704
 -0.00253604 -0.00163529 -0.00233705 -0.0002535 
40801	-0.01096848  0.00923558 -0.00167795  0.00482044  0.01711694  0.00825628
  0.00500089  0.0157355   0.0085671  -0.00434365
376682	 0.00156133 -0.00608113 -0.00137326  0.0012804   0.0068952   0.00016229
 -0.00318958 -0.00099591  0.00324079 -0.00012169
131437	-0.00091219  0.00668534 -0.00427309  0.00185892 -0.01245561 -0.00219939
  0.00554548 -0.00602279 -0.00651166 -0.00276178
363889	 0.00419272 -0.00469175  0.00130649  0.0027153   0.00962573 -0.00582469
 -0.0067763   0.00154558  0.00283488  0.00466472
78709	 3.6245943e-03  5.1633618e-03 -2.0811929e-04 -1.0639699e-02
 -1.2961498e-03  4.0813768e-05  2.2933527e-03  1.0415508e-03
 -5.3122165e-03 -4.1305129e-03
157929	-9.53742396e-03 -4.74798784e-04 -4.91196150e-03  1.69433246e-03
 -2.01913039e-03  2.21379823e-03 -3.79557023e-03  7.82622397e-03
  2.54593580e-03  1.40581615e-05
302970	 0.00277467 -0.00939744 -0.00421458 -0.00265242 -0.0015802   0.00059753
 -0.00210035  0.00286947 -0.00067441  0.00545259
224124	-6.2262476e-03 -3.6395343e-03 -9.7419841e-05  5.3812987e-03
 -5.9360843e-03 -1.1298554e-02 -5.9200772e-03 -6.9562602e-03
  5.6012478e-03 -2.7164344e-03
469889	 0.00393404  0.00315462 -0.00196963 -0.00095086  0.00200246  0.00078085
 -0.00212959 -0.00253748  0.00205024 -0.00157622
225160	-0.00383275  0.00380891 -0.00704606  0.00020351  0.00032646  0.00053334
  0.00181009 -0.00028633 -0.00037956 -0.00076829
103310	 0.00472986  0.00292144  0.00402873  0.00502223 -0.00336366 -0.0039869
  0.00395064  0.00085136  0.0001264   0.00084986
311198	 0.00440922  0.00658862 -0.00102141  0.00539304 -0.00122363  0.00113972
  0.00097433 -0.0014314  -0.00737948 -0.0010469 
364468	-1.0370527e-03  1.2567628e-04  3.7828246e-05  7.6560820e-03
  1.0796458e-03 -5.3051375e-03 -4.4090273e-03  8.2085961e-03
  3.2120238e-03  1.4640114e-03
176053	 0.00144797  0.00736274 -0.00723229  0.00438561  0.00124674  0.00021079
 -0.00188165  0.00052988 -0.00102486 -0.0001294 
108985	 0.00018542  0.00700024  0.00231287  0.00488361  0.00605239  0.00120903
  0.00930407 -0.00519714  0.00618773  0.00452651
345018	 0.00652479 -0.00141498 -0.00176405  0.00077809  0.00452625 -0.00264995
 -0.00631576 -0.00554402 -0.00419484 -0.0055824 
38334	 5.5621434e-03  1.1164801e-02 -1.8790524e-02 -1.8920079e-02
  8.5582854e-03 -1.1608675e-02 -8.9510082e-05  2.1434191e-03
  7.5309859e-03  9.2540300e-03
284608	-1.3514216e-03 -3.4736798e-03  1.8465266e-03  4.3449234e-04
 -8.9222629e-04 -7.0710055e-05  8.5172970e-03 -6.6477484e-03
 -2.7641451e-03 -4.8468299e-03
35789	-0.00429846  0.00151863 -0.0018928   0.0044245   0.00156686 -0.00503927
 -0.00246054  0.0014868  -0.00172033  0.00420571
77262	 0.00663207  0.00459086 -0.00148423  0.00108171 -0.00360768  0.00684143
 -0.00536489  0.00356642  0.00234074 -0.00120647
77263	 3.4947507e-03  3.3388683e-03  1.0619621e-03  5.7245092e-04
 -5.1622275e-05  8.1448024e-03 -2.1245393e-04 -3.4428176e-03
 -3.7834230e-03 -5.2186013e-03
393806	 0.00027817  0.00208522 -0.00257151  0.00141117 -0.00118396 -0.00180666
 -0.00425803  0.00213224  0.00193246 -0.00137654
54353	 0.00619958  0.01002368 -0.00317175  0.00845011 -0.00386017  0.00817147
  0.0172359  -0.00051519 -0.00445523  0.01390043
118761	 4.1734767e-03  3.6334349e-03 -1.5988293e-03  8.2727981e-04
  4.6601072e-03  9.7004548e-03  1.4006505e-05  3.7577010e-03
  3.6551142e-03  4.2125531e-03
259566	-4.8356322e-03 -9.7411539e-05 -5.9532207e-03 -1.5278863e-03
  1.2555636e-02  6.4190952e-03 -4.4199727e-03 -4.8798849e-03
 -5.0717313e-03  5.6180079e-03
293361	 0.00123558 -0.00384835 -0.00400566  0.00155806  0.00451977  0.0041645
 -0.00662617 -0.0077451   0.00073414  0.00077319
225266	-0.00153435  0.00232567 -0.00975356 -0.00091504 -0.00135931  0.00413928
 -0.00246114  0.0020518   0.00114141  0.00079316
309236	-0.00706436 -0.00048658 -0.01227841 -0.0006428  -0.00714042  0.00398991
 -0.0051961  -0.00914     0.00781116 -0.00123945
