217601	-0.00031581  0.00732341 -0.02352621 -0.00017538  0.00234512 -0.0097783
 -0.00163903  0.00149414  0.00478843  0.01025979
335881	-0.00381432  0.00379152 -0.01644642 -0.00608253 -0.00132647 -0.00636228
 -0.00202056 -0.00451444  0.00205763  0.00578453
2578	 0.00037587  0.01900293 -0.02642414 -0.00772838  0.00565649 -0.00253618
  0.00244308 -0.00563463  0.00218127  0.0163777 
238103	-0.00314609  0.00343356 -0.02909672 -0.00159091 -0.00683263 -0.00643821
  0.00120401 -0.00783878  0.00542424  0.0095177 
566298	-0.0008477   0.00549964 -0.01757599 -0.00451162  0.00271106 -0.00492572
 -0.0070215  -0.00298885 -0.00047462  0.00574693
252957	-0.00269588  0.00180047 -0.00541207  0.00095025  0.00228088 -0.00453757
  0.00227023  0.00164494  0.001979    0.00354772
252959	-0.00171182  0.0017236  -0.0097784  -0.00302542  0.00120318 -0.00893279
 -0.00157644 -0.00283703  0.00372331  0.0025269 
154145	-0.00827395  0.00431227 -0.02748465 -0.00333975 -0.00068413 -0.01464911
 -0.00789872 -0.0072894   0.00186521  0.00041286
279131	 0.00242005  0.00273434 -0.02239151 -0.00256687  0.00120924 -0.00599611
 -0.00295493 -0.00854556  0.00096864  0.01068857
566311	-0.01028088 -0.00069858 -0.01854272 -0.00273243  0.00737565 -0.01086783
  0.00252397 -0.00912306 -0.00248129  0.00265637
156205	-0.00617032 -0.00044129 -0.00886548 -0.00581819  0.00335981 -0.01087566
 -0.00071368  0.00242508  0.002411    0.00810294
154160	 2.7571485e-04  6.0870168e-03 -1.8718611e-02 -1.0484569e-05
  7.3252674e-03 -5.6434753e-03  1.3353514e-03  9.0578996e-04
  3.1368753e-03  7.0451302e-03
177201	-0.00209526  0.00435835 -0.02680938 -0.00252966 -0.00223726 -0.00393647
  0.00610583 -0.00212861  0.00071874  0.0015203 
154166	-0.00428378  0.00944385 -0.01485493 -0.00202781  0.0004031  -0.00281895
 -0.00646479 -0.00320803  0.00244056  0.00362044
154170	-0.00559883  0.00736971 -0.0244664  -0.00491751 -0.00535412 -0.00700863
  0.0016725  -0.0068665   0.0025198   0.00834872
81982	 2.7028201e-03  7.8507774e-03 -1.2822484e-02  4.9130549e-04
 -1.5039046e-03 -4.8537701e-03  3.9200052e-03 -4.4249836e-03
 -9.5970165e-05 -1.6412841e-03
330318	-0.00276885  0.00766035 -0.0164298  -0.00033659  0.00032561 -0.00900833
  0.00595157  0.00198593 -0.00146326  0.00541761
330320	-3.8068190e-03  1.2055332e-02 -2.0755172e-02  7.2150789e-05
 -4.1419521e-04 -1.3654070e-02 -4.2100879e-03 -2.5697784e-03
  3.7077472e-03  9.2302170e-03
279127	-0.01027255 -0.00029284 -0.00404214  0.00212239 -0.00318004 -0.01028601
 -0.00526151  0.00182496  0.00448757  0.00623725
279129	 0.00093348  0.00696007 -0.02279244 -0.00233589  0.00301583 -0.00459312
 -0.00187859 -0.01052665  0.00319112  0.01155411
279130	 0.00133596  0.00648723 -0.01752814 -0.00527696  0.00025538 -0.00386335
 -0.00199396 -0.00268516 -0.00245122  0.01129277
156251	-0.00505712  0.00611767 -0.01927181 -0.00617967 -0.00126003 -0.00757802
 -0.00806339 -0.00681102 -0.00251605  0.00555906
24683	-0.00627769  0.00185316 -0.02101699  0.00022244 -0.00010098 -0.00194878
 -0.00172415 -0.00197029  0.00285976  0.01013643
7282	-0.00772785  0.00663379 -0.02115018 -0.00506666  0.00134926 -0.0081131
 -0.00478495 -0.01148419 -0.00637443  0.00639154
436345	-0.00813715  0.00173282 -0.02139686 -0.00260589  0.00082612 -0.00216274
 -0.00772686 -0.01186945  0.00146613  0.00304219
113281	-1.1734580e-02  4.5749824e-03 -1.1588498e-02 -3.2420331e-03
  1.0361258e-03 -7.0491782e-03  6.2979037e-05 -5.2155312e-03
 -7.6923374e-04 -4.0980303e-03
521351	-0.00535623  0.00451351 -0.01559909  0.00450788 -0.00186297 -0.00708378
 -0.00336289 -0.00648957  0.0034785   0.00660151
217744	-0.00417593  0.00052485 -0.00963533  0.00310255  0.002206    0.00116228
 -0.00535966 -0.00289749 -0.00245743  0.00212972
163486	-0.00385523  0.00358684 -0.01511884  0.00375353  0.00519756 -0.00796679
  0.00063529  0.00336685 -0.00135146  0.00800683
217772	 0.00065893  0.00257422 -0.01227546  0.00011101 -0.00259298 -0.00094551
 -0.00170351 -0.00638409 -0.00051428 -0.00295142
506543	 2.8512100e-05  1.6857703e-03 -2.4896998e-02  1.0800258e-03
 -2.3130630e-03 -7.3169260e-03  2.6112140e-04 -1.0992065e-02
  1.1173072e-03  4.7701355e-03
404147	 0.00333786 -0.00212263 -0.00360914  0.00143813 -0.00236686 -0.01216805
 -0.00609568 -0.00679492  0.00630356  0.00601053
331978	-0.00236509 -0.00044941 -0.02445669  0.00102624  0.00654446 -0.00784333
  0.001914   -0.00426661  0.00267377  0.00567207
296640	-0.00560472  0.0022488  -0.01358903 -0.00421679  0.00587402 -0.00285498
 -0.00155354 -0.0049331   0.00096627 -0.00025001
296641	-0.00232707  0.01139434 -0.00810629 -0.00752076  0.0021936   0.00640173
  0.00079961 -0.0003471   0.00866333  0.00793552
63172	-0.00319414  0.00214647 -0.01838708 -0.00202462 -0.00333907 -0.00201657
  0.00159992 -0.00489666  0.00228003  0.00350612
478922	-0.0044214   0.00295851 -0.02792217 -0.00362007  0.00362139 -0.00940603
  0.00221619 -0.00934926  0.00183057  0.00678236
543948	-0.00882557  0.00907905 -0.01836114 -0.00179173 -0.00119863 -0.00792408
 -0.0039289  -0.00526453  0.0081371   0.00921418
440014	-6.2023108e-03  3.1603100e-03 -1.4679208e-02 -3.1568557e-03
 -9.5772870e-05 -2.8311478e-03  4.8668087e-03  3.2637126e-03
  1.1237900e-03 -1.5794878e-03
331983	-0.00618842  0.00238669 -0.0187516  -0.00456922  0.00422395 -0.00530622
  0.00259917 -0.0057383  -0.00276619  0.00314887
331985	-0.00326725 -0.00420092 -0.01930202 -0.00678437  0.00248287 -0.00711337
 -0.00010719 -0.01071596 -0.00268394  0.00126401
46805	-0.0047878   0.00921053 -0.02132397 -0.00260212  0.00238715 -0.00699855
 -0.00654496 -0.00452775  0.00777686  0.00809128
95446	-6.0695531e-03  1.1945645e-03 -1.6534647e-02 -1.0775294e-03
 -2.8473709e-05  1.8883660e-03 -8.3590130e-04 -1.6223671e-03
 -6.5194150e-03  1.7430717e-03
309977	 0.00330108  0.00928342 -0.00548087 -0.00258938  0.00158606 -0.00323436
  0.00427003  0.00166851  0.00118096  0.00197787
549602	-0.00680535  0.00996582 -0.02042861 -0.00034186 -0.00025894 -0.00764688
  0.00091282 -0.00515092  0.00861972  0.00224084
107235	-0.00302343 -0.00120583 -0.0166237  -0.00556548  0.00354321 -0.00444513
  0.00182613 -0.00282333 -0.00160241  0.00042824
155881	-0.00086857 -0.00167606 -0.01584678  0.00153496  0.0046335  -0.00502564
 -0.00726172 -0.00403146 -0.00355621  0.00277566
299760	-7.4578132e-03  3.1755238e-03 -1.7919643e-02 -1.8432140e-03
  1.4181520e-03 -6.1473395e-03 -3.5848464e-03 -5.6390199e-03
 -5.9284470e-05  3.6615082e-03
299762	-0.00970565  0.00387315 -0.01423106 -0.00194422  0.00538929 -0.00742288
 -0.00106874 -0.00208076  0.00213017  0.00222968
188808	-0.00845558  0.00690604 -0.02124868 -0.00135138  0.00248949 -0.00572488
 -0.0008846   0.00046086  0.00430827  0.00623266
572679	-0.00683709  0.00366657 -0.03284742 -0.00272759  0.00544053 -0.00741125
 -0.0022286  -0.01483925  0.00131011  0.00800333
150308	-0.00441743  0.00865498 -0.02011193 -0.00391372  0.00524434 -0.00463395
 -0.00088272 -0.00447391  0.00682137  0.0046466 
556422	-0.00095587  0.00282163 -0.03031056 -0.00210962  0.00156517 -0.01122854
 -0.0050613  -0.00333841  0.00597449  0.00532226
66857	 0.00281154  0.00258459 -0.02516476 -0.00037171 -0.00167587 -0.00584908
  0.00410286 -0.00768934  0.0027866   0.00936901
338225	-0.00376467  0.00797694 -0.0217138  -0.00448475  0.00295418 -0.00926474
  0.00180413 -0.00208818  0.00257913  0.00868605
29590	-0.00588017  0.0064876  -0.02055689  0.00067967 -0.00101174 -0.01062632
 -0.00241029 -0.0039924  -0.00082299  0.00229906
367927	-0.00559883  0.00736971 -0.0244664  -0.00491751 -0.00535412 -0.00700863
  0.0016725  -0.0068665   0.0025198   0.00834872
60741	-0.00619803  0.00449142 -0.01722656 -0.00728996  0.00027658 -0.00515041
  0.0017845   0.00411726  0.00345517  0.00608002
421260	-0.00093456  0.00246729 -0.01472877 -0.00605389  0.00623777 -0.0088185
 -0.00135525 -0.00355569 -0.00139622  0.00928645
178507	-0.00505138 -0.00033681 -0.02591457 -0.00443745  0.00290889 -0.01040991
 -0.00095307  0.00035172  0.00309532 -0.00136036
10060	 0.00129006  0.0075274  -0.02189072 -0.00809657  0.00492254  0.00298918
  0.00689282  0.00300529 -0.00107437  0.00929674
10061	 0.00149213  0.00394508 -0.02012184 -0.00289343  0.00303862 -0.0022171
  0.0014807  -0.00181421 -0.00238342  0.01132249
565588	-0.00053822  0.00349183 -0.01702678 -0.00366049  0.00513683 -0.00361305
 -0.00291877 -0.00430597 -0.00593246  0.00133548
83798	-0.00578812  0.00563522 -0.02210338  0.0005005   0.006083   -0.00845589
 -0.00324603 -0.00335614 -0.00407627 -0.00250822
565593	-0.00424246  0.00346445 -0.01456184 -0.00704882  0.00871383 -0.0054175
  0.00170744 -0.0008811  -0.00411501  0.00434778
565594	-0.00645711  0.00065114 -0.01954611 -0.00494866 -0.00061574 -0.00289975
 -0.00326837 -0.00477341  0.00265721 -0.00019885
514960	 0.00221309  0.00384982 -0.01139129  0.0045587  -0.00148087 -0.00308008
 -0.00471652 -0.00789836 -0.00178693  0.00222064
10087	-0.00802238  0.00678888 -0.019789   -0.00430199  0.00484887 -0.00304608
  0.0041146  -0.00106492 -0.00086242  0.00264187
47976	-0.00403567  0.00373263 -0.02634671  0.00204679 -0.00583846 -0.0039308
 -0.00028843 -0.00676915  0.0055874   0.01168186
186224	-0.0032753   0.0055386  -0.0223566  -0.00595192 -0.00157633 -0.00752292
  0.00102923 -0.00745449 -0.00181865  0.00648513
365425	 0.00022763 -0.00032093 -0.01588248  0.00122489  0.00707151  0.00432558
 -0.01151085 -0.00436544 -0.0078067   0.0046091 
10099	-0.00441731  0.00356756 -0.01852554 -0.00818595 -0.00217148 -0.00416937
 -0.00387151 -0.0082409  -0.00447917  0.00440038
571252	-0.01114888 -0.00017015 -0.01287542  0.00507891 -0.00719451 -0.02775811
 -0.00218123  0.01363262  0.00189161 -0.00096228
10103	-1.1557474e-02  9.9670608e-05 -1.8748250e-02  8.5757900e-04
 -2.1033124e-03 -5.2758968e-03  1.9428649e-03 -6.3620106e-04
 -4.3596481e-03  4.4882580e-04
29588	-0.00254013  0.00609133 -0.01393201 -0.00099342  0.00098825 -0.00743125
  0.00203058 -0.00171852 -0.00195654  0.00052252
29589	-0.00419697  0.00851062 -0.0161279   0.00049538  0.0028119  -0.0095249
 -0.00299859 -0.00361579 -0.00073163  0.00060284
188805	-0.00368371  0.00498981 -0.02119756 -0.00035347  0.00132172 -0.00412762
 -0.00486352 -0.007957   -0.00498336  0.00619657
264070	-0.00211151  0.00078761 -0.01550745 -0.00050792  0.00337161 -0.0048809
 -0.00114519 -0.00614849  0.00391497  0.01063979
200584	 0.00196525  0.00238672 -0.01774213  0.00104775  0.00700048  0.00338542
 -0.00499044 -0.00029947 -0.00287524  0.00734202
155532	-0.00828014 -0.00138457 -0.02526131 -0.00431961  0.00261572 -0.00740979
 -0.00080863 -0.00166663 -0.00030226 -0.00209534
188814	-0.00325889 -0.00289862 -0.02598947 -0.00232948 -0.00075757 -0.00393793
 -0.00154374 -0.00627348 -0.00334929  0.00862478
156052	-0.0040965   0.00789005 -0.0156624  -0.00338895 -0.00062791 -0.00758548
 -0.00461756 -0.00712124  0.00620867  0.00830074
156053	-0.00456134  0.00448919 -0.02602907 -0.00287511 -0.00061725 -0.00268546
  0.00062766 -0.0103903   0.00116113  0.00784015
156054	-0.00099647  0.0014097  -0.01795337 -0.0057493   0.00012516 -0.00774284
 -0.00370876 -0.00623209  0.00406244  0.00991451
188827	 0.00143167  0.00734648 -0.01142705 -0.00713936  0.00512841 -0.00410349
 -0.00666686  0.00419204  0.00397182  0.00031996
294303	-0.00896373  0.00582358 -0.01973459  0.00158101  0.00208225 -0.00719927
 -0.00203521 -0.00485493 -0.00038394  0.00385669
156065	-6.0297586e-03  8.4184520e-03 -3.0141415e-02 -6.8964455e-03
  1.7258943e-03 -3.7103004e-03 -4.3801938e-05 -8.3123697e-03
  2.7542720e-03  5.9343455e-03
437678	-0.00559883  0.00736971 -0.0244664  -0.00491751 -0.00535412 -0.00700863
  0.0016725  -0.0068665   0.0025198   0.00834872
193457	 0.00073366  0.00791344 -0.01900437 -0.00171802  0.01061501 -0.00250648
 -0.00368758  0.00052803  0.00196059  0.00539662
558516	-0.00492878  0.0023358  -0.01599389 -0.00438201 -0.00132592 -0.00185432
  0.00118744 -0.00710379  0.00041835  0.00732471
451999	-0.0050301   0.00770585 -0.02746713 -0.00449076  0.0061826  -0.00964651
 -0.00173019 -0.00202231  0.00474383  0.00853865
155585	 0.00116589  0.00799717 -0.02332056 -0.00401103  0.00197408  0.00334997
  0.0027174   0.00390213  0.0077331   0.01066528
91586	-2.4915505e-03  7.2220657e-03 -1.8621907e-02 -1.3001537e-03
  7.9911258e-03 -5.3203022e-03 -1.4572815e-03 -6.1500571e-03
  9.0119618e-05  1.0709910e-02
91587	-0.00021461  0.00722469 -0.0204008  -0.00051156  0.00652294 -0.00496664
 -0.00186621 -0.00362632 -0.00400954  0.01008155
155606	-0.00797924 -0.00430541 -0.0323418  -0.00298401 -0.00150891 -0.00681673
 -0.00075373  0.00054665  0.00132163  0.01395122
155613	-0.00556245 -0.00195777 -0.01479993 -0.00318706  0.00139417 -0.00684261
 -0.00416778 -0.01225512 -0.00195363  0.00053395
85584	-0.00248052  0.00775444 -0.02906559 -0.00047609  0.01194607 -0.00699657
 -0.0011197  -0.00211433  0.00778733  0.00359868
186344	-0.00559883  0.00736971 -0.0244664  -0.00491751 -0.00535412 -0.00700863
  0.0016725  -0.0068665   0.0025198   0.00834872
156141	-0.00441731  0.00356756 -0.01852554 -0.00818595 -0.00217148 -0.00416937
 -0.00387151 -0.0082409  -0.00447917  0.00440038
91118	-0.00565014  0.00147534 -0.01947913 -0.00288188  0.00341674 -0.00891251
  0.0039055  -0.00757832  0.00115933  0.00320146
217428	-1.13091795e-02  4.32758206e-05 -9.51295439e-03 -6.51170034e-03
  1.18595944e-03 -7.55918864e-03  1.95272663e-03 -1.47476816e-03
 -5.53518592e-04  1.60890154e-03
406012	-4.6012299e-03  3.8734518e-03 -2.1492839e-02 -3.0380981e-03
  3.5974982e-03  1.0986963e-05  2.8488801e-03 -2.8931701e-03
  1.6034574e-03  6.3396865e-03
