552448	 0.00499172 -0.00064029 -0.00441677 -0.00512436  0.00747717 -0.0064362
 -0.00087136 -0.00661898  0.00135033  0.00212063
78341	-0.00127043  0.00098476  0.00035962 -0.00658462  0.00118937 -0.00849728
  0.00129812 -0.00113077  0.0014749   0.00327082
512518	-0.0043627  -0.00358123  0.00591148 -0.0030564   0.00359865 -0.01283445
  0.00349863 -0.0073194   0.00014173  0.0005463 
443410	-0.02772604 -0.00673628 -0.00027419  0.00022369 -0.00095756  0.01284088
 -0.01002126  0.00144566 -0.01291598  0.01361926
107030	-2.0731902e-03  3.0911446e-04  1.9806761e-03 -2.9353381e-03
 -3.3340757e-03 -1.2867933e-03 -4.5684986e-03 -1.7132592e-05
  3.1751289e-03  2.4994209e-03
449051	-0.00575617 -0.00048667  0.00104374 -0.00550194  0.00073313 -0.0033694
 -0.00334476 -0.00085497  0.00140623 -0.0004452 
196645	-0.00331661 -0.00571804  0.00189904 -0.00084281 -0.00401159 -0.00378814
 -0.00365432  0.00240458  0.00235254  0.00756907
104502	-0.00434591 -0.00641957  0.00430147 -0.00347711  0.00250893 -0.00305158
  0.0008859  -0.00178856 -0.00115751  0.00225008
191071	-0.00902099 -0.00742305 -0.00143625 -0.00358122  0.00932757  0.0067149
 -0.00163447  0.00303497 -0.00540035  0.00583507
442947	-0.00709679  0.00255334 -0.01107875  0.00541245 -0.00198758 -0.00742631
  0.01078136 -0.00489316  0.00084125 -0.00903924
236644	-0.00681886  0.00829862  0.00171797  0.00141206  0.0015499  -0.00030831
  0.00274131 -0.00267909 -0.00137119  0.00217938
236639	-0.00207559  0.00298081 -0.00092955 -0.0013907  -0.00066583 -0.00463267
 -0.00610837 -0.00388487 -0.00582618  0.00616322
90212	 0.011982   -0.01259022  0.00351111 -0.00332792  0.00077159  0.00427212
 -0.00373937  0.00282935  0.004259   -0.00273481
334949	 0.00695719 -0.0015566   0.00413094 -0.00625538 -0.00678164  0.00220193
 -0.00031987 -0.00100697 -0.00185912  0.00213149
440430	-0.00029941  0.0034284   0.00618059 -0.00058479  0.00066768 -0.00443108
  0.00599983 -0.00377347  0.00205567  0.0013785 
38589	 0.00144002 -0.0142165   0.01231221 -0.00601154 -0.00452349  0.0029003
 -0.00991413  0.00286975 -0.00445279 -0.01201598
252022	 4.1432302e-03  2.1461016e-03  1.6067520e-03 -8.8231277e-04
 -9.3986094e-03 -4.3827719e-03 -2.8465844e-03  1.4329399e-05
 -5.9626682e-04  3.3533657e-03
5753	 0.00037362  0.00030713  0.00127222 -0.0034501  -0.00361434  0.00423676
 -0.00054143 -0.00589798 -0.00463679  0.00294364
428164	 2.5934288e-03 -1.2338683e-03  6.0452975e-04 -6.7963703e-03
 -2.5803400e-05  1.2927590e-02 -5.5714012e-03  3.9835498e-03
  6.9958176e-03  8.6733671e-03
285317	 0.0021156  -0.00792133  0.00025812  0.0023096  -0.0139211   0.00130859
 -0.00463617 -0.00538384 -0.00071508  0.00393445
268946	 0.00948033  0.00308178  0.00569425  0.00126839 -0.00914858 -0.00354192
 -0.00314392 -0.00011777  0.00509885  0.0021109 
226967	 0.00628108 -0.00141638  0.02648725  0.00116457 -0.00054459 -0.00885226
 -0.00880268 -0.00548787 -0.00586833  0.00541264
550556	-0.00226873 -0.00132932  0.00083586 -0.00436882 -0.0005756  -0.00848593
  0.00097832 -0.00466433  0.00047388 -0.0003898 
533661	 0.00333317 -0.00181799  0.00512891  0.01161742 -0.00497383 -0.00030565
 -0.00020906 -0.00041936 -0.0011796   0.00702336
467105	-0.00216606 -0.00855956 -0.00399347 -0.00351049  0.00802396  0.00321721
  0.00181598  0.00174479 -0.00608665  0.00104147
484002	 0.00159374  0.00359621  0.005059    0.00185835 -0.00887021 -0.01091405
  0.00491748  0.00215172 -0.00607644  0.00699236
285354	 0.00257508 -0.00496965  0.00100686  0.00502769 -0.00048218 -0.00188941
 -0.00269307 -0.00635099 -0.00259615  0.00156089
106673	-0.00090466 -0.0014218   0.00069614 -0.00842255 -0.00106487  0.0038015
  0.00269676  0.00163967 -0.00054997  0.00506588
400057	-0.00045335  0.00333422  0.00369609 -0.0053748  -0.00589536 -0.00832953
 -0.00219486  0.00179963 -0.00723614  0.0014388 
485066	 1.7679833e-02 -6.5396740e-03 -3.5162269e-05  8.2645041e-05
 -1.2533949e-02  5.9439517e-03  8.4470473e-03 -1.7130833e-02
  8.2621130e-04  6.0010408e-03
362176	-0.00134347  0.00890847  0.00036889 -0.00495034 -0.00200944  0.00528423
  0.00685148 -0.00192375  0.00398645 -0.00153405
182979	 8.9819623e-05  2.4438011e-03 -1.3420696e-03 -6.3864971e-03
 -4.0153568e-03 -1.4837552e-03  6.3549276e-03 -2.9199482e-03
  4.7296635e-03  1.2945530e-03
138948	-0.00341545  0.00129227 -0.00332762 -0.00587902 -0.00030953 -0.00127895
  0.00320397  0.00460471  0.00301427 -0.00043378
110792	-0.00320547 -0.00306952  0.00192415 -0.01980652 -0.00250476 -0.01197467
  0.00650616 -0.0042132   0.00312078 -0.00037566
310988	-0.00363277 -0.00086857 -0.00103754 -0.00746458 -0.01256737 -0.01344159
  0.00112583  0.00182849 -0.00811542  0.00254191
474317	-0.01335482  0.00946408  0.01332064 -0.00870275  0.00228687 -0.01089407
 -0.00309616  0.00510688 -0.00345032  0.00304873
305877	 0.0076871  -0.01035516  0.00183062 -0.00240007 -0.00570169 -0.01260924
 -0.00780482  0.00652817 -0.00898178 -0.00114342
366808	 1.1695882e-03  3.1962374e-04  1.6286793e-03  4.3082302e-03
 -6.4392672e-03 -2.1489472e-05 -1.8997688e-03  4.0431018e-03
  5.1371739e-03  5.7758493e-03
520925	 0.00137941 -0.00545835 -0.00529376 -0.0046381  -0.00853186  0.00072733
  0.00250599  0.00369206 -0.00338128  0.00491645
485925	-0.0100357   0.00191143 -0.0052328  -0.00193628 -0.00760305 -0.00565407
 -0.00497856  0.00238235 -0.00358419  0.00530462
132334	 0.00373318  0.00139177  0.00264866 -0.00432792 -0.00441953 -0.00962036
  0.00400291 -0.00207573  0.00494743 -0.00423383
97010	-0.01382978 -0.01413653  0.0030973  -0.00560833  0.00228489 -0.0005526
  0.00178911 -0.00367512 -0.00523125 -0.0056936 
423670	-0.00443534 -0.00307299  0.00319204  0.00195295 -0.0030782  -0.00439649
  0.00927851  0.00025223 -0.00375983  0.00150119
363778	-0.0007348   0.00228903 -0.00292483 -0.00326544  0.00238947 -0.00309862
  0.00458001 -0.00213113  0.00270468 -0.0011674 
497930	-0.00737199 -0.00436019  0.01550985  0.00809401 -0.00987004  0.00808442
  0.00581933  0.00030818 -0.00969649 -0.00328653
443659	 3.1540108e-05 -9.1133472e-03  1.0195726e-03 -3.9060286e-03
 -2.8317845e-03  1.6760329e-03 -2.5556299e-03 -6.8486584e-03
 -5.0608134e-03  1.2002673e-03
444172	-0.00461598 -0.00035665  0.00020109 -0.00386141 -0.00152734 -0.00340636
  0.00070618  0.00132168 -0.00188603  0.00065025
130320	-7.7281613e-03 -1.2581765e-05 -8.7297875e-03 -1.0272886e-02
  6.3039740e-03 -7.8684362e-03 -6.0685063e-03 -3.4270133e-04
 -3.0985021e-03 -1.1640829e-02
285457	 0.00781508 -0.00744583  0.0015954  -0.00508305 -0.00186558 -0.00014108
  0.00445841 -0.00842184  0.00270494 -0.00399969
419602	 4.1685374e-03 -8.1371184e-04 -2.2347642e-03  6.9835815e-03
 -1.0921002e-03 -1.4436130e-02  6.8318367e-04 -2.5029338e-03
 -2.4904008e-03 -8.8510147e-05
45849	 0.0004703  -0.00221549  0.00289472 -0.00407982 -0.00149054 -0.00081519
  0.00051512  0.00807666 -0.00404539  0.0055205 
38171	-0.00403381 -0.00727635  0.01550553 -0.00697973 -0.00584759  0.0063337
 -0.0119278  -0.00049431 -0.01131127 -0.02009066
378146	-0.00519633 -0.00530254 -0.0018478  -0.00341358 -0.00426321  0.00773898
  0.00247585  0.00617972 -0.00231228  0.00307697
163107	 0.00229292 -0.00256757  0.00530803 -0.00055429  0.00687003  0.00427941
 -0.00719413  0.00281532  0.00059722  0.00654959
419622	 0.00167756  0.00091932  0.00149801  0.00557426  0.00236453 -0.00374053
 -0.00436886 -0.0027729  -0.002921    0.00960512
262441	-0.00024968 -0.00230461 -0.0164101   0.00097438  0.00020745  0.00394259
 -0.00276039  0.00255053 -0.01550715 -0.00774851
550699	 0.00251293  0.00535835 -0.00225828  0.00203196 -0.00736992 -0.00091151
  0.00591987  0.00126255  0.0006748   0.00364756
38190	 1.0284097e-03 -1.0049067e-03  8.2311308e-05 -8.4326705e-03
 -6.4546890e-03 -2.4345650e-03 -3.7776981e-03  8.3806965e-04
 -1.9714539e-03  3.1667368e-03
512648	-0.01036621 -0.00096458  0.00103022 -0.0065191   0.00104364 -0.01090574
  0.00092805  0.00170753 -0.00065643 -0.00641387
71989	 0.00287463  0.00804293 -0.00094385 -0.00217091  0.00031207 -0.00947874
  0.006124    0.00408338 -0.00143469  0.00123298
354102	 0.00221181 -0.00149424 -0.00562309 -0.00266248 -0.00226559 -0.00075104
 -0.00253313  0.00045476 -0.00358142  0.00199224
371517	 0.00295964 -0.00250946  0.01081371 -0.0076345  -0.00502754  0.00114477
 -0.000447   -0.00475416 -0.00107152 -0.00507534
400694	 4.3670596e-03  1.5146770e-04 -1.5403795e-03  4.8822179e-03
 -4.1791634e-03 -1.0423987e-02  1.9707067e-03 -5.5771009e-03
 -8.6924508e-03  5.6169589e-05
141126	-0.00109472 -0.00270212  0.00662792 -0.00358911 -0.0050659  -0.00581786
  0.00010674 -0.00318942 -0.00140688 -0.0048396 
511308	 0.00764986  0.01473576  0.00335683 -0.01054857 -0.0077051  -0.00086497
  0.01041407  0.00827275 -0.00765263  0.01644182
183631	 0.00687084  0.00330631  0.00096125 -0.00445056 -0.00676068 -0.00130638
  0.00198961 -0.00077627  0.00253151 -0.00111063
197470	 0.00024906 -0.03056585  0.02045318 -0.0055572  -0.00189982  0.028767
  0.02806926 -0.01097164 -0.04230018  0.023187  
482660	-0.00016045 -0.03858678  0.0120419  -0.00426118 -0.00249261  0.00110386
  0.02191467  0.0095407  -0.01597379  0.00906413
244581	-0.00307381 -0.00898351 -0.00519457 -0.00636713  0.00642789 -0.00775738
 -0.00284523  0.00524478 -0.00997559  0.00803636
535912	 1.6327522e-03  1.9169206e-03  3.7866477e-03 -3.2209840e-03
  3.0115665e-05  2.4790459e-04 -5.4279300e-03 -3.3470865e-03
 -2.9116827e-03  3.2734147e-03
311661	 1.7811359e-03 -4.3952023e-04  5.3222063e-03 -3.0785925e-03
  9.9016324e-05 -6.6394685e-03  1.9117900e-03 -6.4975210e-03
 -2.1051820e-03 -3.0922666e-03
211310	-0.00616633 -0.00813276  0.00376504 -0.00373526  0.00104631  0.00878474
  0.0063463  -0.0008856  -0.00456153  0.00275072
59262	 0.00097474  0.00158468  0.00111053  0.00569905  0.0002532   0.00225197
  0.00570576  0.00665763 -0.00164115  0.01043842
497557	 0.00458966 -0.00679115  0.00236983 -0.00249157 -0.00122924  0.00013913
  0.0037726  -0.00376571 -0.01342548  0.00298054
527746	-0.00307627 -0.00169995 -0.00627706 -0.00315916 -0.00153327  0.00396386
  0.00205619 -0.00031139  0.00240259  0.00147863
425861	-1.2267159e-03 -2.3938529e-03 -9.8337978e-04  4.1857362e-03
  7.4163792e-05  3.1576080e-03  2.4960812e-03 -3.9168266e-03
  2.3663549e-03 -3.6820448e-03
98182	-0.00053179 -0.00138919  0.00456802 -0.00499946  0.00172918 -0.00110045
  0.00822252 -0.00482513 -0.00874587 -0.0011641 
491418	 6.9656030e-06  4.9106115e-03  1.2550158e-02  3.6021085e-03
 -5.1466296e-03  6.9349566e-03  1.4698348e-02 -7.9573533e-03
 -1.3326857e-02  1.0279249e-02
193949	 0.00425949 -0.00070262 -0.00156936 -0.0031017  -0.00285757 -0.00281078
 -0.00102756 -0.00176171  0.00179311 -0.00161565
183710	 0.00238044  0.00174911 -0.00108407 -0.00450755 -0.0049709  -0.00132606
  0.00017097  0.00174869  0.00409276  0.00233082
295851	 0.01188507 -0.00445715  0.00410623 -0.00842367  0.00314133 -0.00086711
 -0.00201055  0.00944324 -0.00372521  0.00236257
420082	-0.00417497 -0.00296772  0.00163584 -0.00669024  0.00241671 -0.0022682
 -0.00235368 -0.00122486  0.00012985 -0.00043384
375726	-0.0216229   0.01022761  0.01102837 -0.01485909  0.00707981 -0.01810342
 -0.00323588 -0.0077834  -0.00084047 -0.00515723
192435	-0.00222385 -0.00233976 -0.00023745 -0.00278201  0.00267289 -0.00199212
  0.00190055 -0.00185233 -0.00420467 -0.00249983
427448	-0.00799593 -0.00264034  0.00546178  0.00063522 -0.00424405  0.00307702
  0.00339128 -0.00025209 -0.00422902 -0.00522578
369081	 0.00258448 -0.00837566 -0.00048132 -0.00154393 -0.00275583  0.0006425
  0.0041144  -0.00596236 -0.0129913   0.00494104
77473	 0.01169001  0.00252818 -0.00711282 -0.01731568 -0.02329218  0.00314086
  0.01589657 -0.01646     0.00116311  0.00845321
168399	-0.00203846  0.00722003  0.00985872 -0.00335809 -0.0073452  -0.01140427
 -0.00678067 -0.00845794 -0.00728343 -0.0042723 
259026	-0.00019198  0.0024049  -0.00036587  0.0057918   0.00373659 -0.00243951
  0.00263604  0.00204379  0.00833815  0.0067028 
489432	 0.00506364  0.0087315   0.00346872  0.00252242  0.0019974  -0.00589967
 -0.00066979 -0.00144455  0.0024586  -0.00535134
23004	-0.00090466 -0.0014218   0.00069614 -0.00842255 -0.00106487  0.0038015
  0.00269676  0.00163967 -0.00054997  0.00506588
407018	 0.00140709 -0.00258008 -0.00316413  0.00042526 -0.00081821 -0.00040739
  0.00482507  0.00751363  0.00053068  0.00175491
426991	 3.9009976e-03 -2.8342002e-03  1.7994955e-03 -1.6865704e-03
 -1.5167799e-03 -2.7170009e-04 -4.9076461e-05 -1.7836315e-03
  3.0063423e-03 -2.5342354e-03
431088	-0.00959808 -0.0006784  -0.00388886 -0.00558967  0.00706369 -0.00665215
 -0.00368546  0.0029222  -0.00199434 -0.00578945
395761	 0.00447253  0.00408357 -0.00070949 -0.00683109  0.00148243 -0.0032994
 -0.00251091 -0.00234768 -0.00147197  0.00022651
257010	 0.00238589 -0.00349044  0.00582974 -0.00116124  0.00265155 -0.00085659
 -0.00255161 -0.00139067  0.0060059   0.00133527
257013	 0.00353778 -0.00345562  0.00434598 -0.00263249 -0.00418493  0.00037326
 -0.00242165 -0.00210421  0.00453005  0.00387842
489470	 0.00088019 -0.00050948  0.00334374  0.00057025 -0.00164778  0.00044631
 -0.0034402  -0.00174093 -0.00075333  0.00175   
209919	 0.00012908  0.00649429  0.00444998 -0.00068819 -0.00290796 -0.00432908
 -0.0038502   0.00884963 -0.00407695  0.00159717
