140203	 0.00117044  0.00011324 -0.00764064 -0.00579917  0.00081725 -0.00292521
 -0.00344126  0.0007998   0.00168357  0.00496801
132612	 0.0103628  -0.00261578 -0.00613436 -0.00113037  0.00440395 -0.00588342
  0.00204561  0.00163724  0.0024886   0.01391564
394759	 1.2154238e-02 -1.0935882e-02  1.2850582e-04 -2.9606007e-03
  6.8406309e-03  8.5250140e-05  3.8926420e-03  2.0784303e-03
 -1.1294598e-03  2.4395271e-03
555530	-0.00020929 -0.00133864  0.00139835  0.00257557  0.0041609  -0.00070275
 -0.00594921  0.01179508 -0.00360282  0.00344266
450578	-0.00171123  0.00113767 -0.00094683  0.00026926  0.00389959 -0.00543115
 -0.00143578 -0.00416515  0.00778773 -0.00412197
142355	 0.00364988  0.00417179 -0.00937636 -0.00597214  0.00409423  0.00042408
  0.00095321 -0.00060964 -0.00231742  0.00824416
347159	-0.00722085 -0.00372524  0.00345442  0.00200341  0.0003612  -0.00137541
 -0.00338574  0.01046874  0.00586126  0.0110478 
520219	 0.00258198 -0.00418025 -0.00339383  0.00511919  0.00166588 -0.00097081
 -0.00447789  0.00620653  0.0007761   0.00591609
450590	-0.00510802  0.0028923  -0.01399145 -0.00348203 -0.00419751 -0.00736973
  0.00205693  0.00704062  0.00171654  0.0093294 
394788	-0.00497067  0.01721659 -0.01233264  0.00853129  0.00286329  0.00503811
 -0.00223641 -0.00599073  0.00571099 -0.00236437
214053	-0.00226292  0.00369475 -0.00467248  0.00150127  0.00464588 -0.00225107
 -0.00207049  0.00112607 -0.0015303   0.00048721
520239	 0.00770615 -0.00257652  0.00292229 -0.00302535 -0.00273619 -0.0002378
 -0.00300082  0.00026325 -0.00142028  0.00262238
483889	 0.00238827  0.00223912 -0.00149498 -0.00548739 -0.00369195 -0.00270483
 -0.0031592   0.00126428 -0.00088567  0.00421293
450613	 0.00025147  0.00393611 -0.00024413 -0.00512687  0.00277958 -0.00110277
 -0.00308221  0.00401826 -0.00196492  0.0065838 
225855	 0.00344636 -0.00222996 -0.00049195 -0.00721673  0.00300395 -0.00253176
 -0.00646348 -0.00150181 -0.00372762  0.00098616
492101	-6.1879563e-03 -7.0250751e-03 -9.2913276e-03 -1.6763244e-05
  2.9601215e-03  1.3507406e-02 -6.3871592e-03  4.8534791e-03
 -6.2797922e-03  7.9467148e-03
364109	 0.00509759 -0.00247249 -0.00912168 -0.00111753 -0.00583692 -0.00478701
 -0.01274005  0.00273062 -0.0053142   0.00494385
224852	-0.00200827 -0.0043495  -0.00079358 -0.00173141 -0.00374914 -0.0038361
 -0.00233272 -0.00275187 -0.00258069  0.0029548 
177240	 0.00498503 -0.00188229 -0.00759662  0.00309976 -0.00397265  0.00519697
 -0.00589895  0.00763503  0.00152466  0.00371803
192089	 8.3109858e-03 -5.5499440e-06  2.6709801e-03  4.1394457e-03
  1.2793621e-03 -5.1436904e-03  6.4399865e-05  6.4605386e-03
 -7.6620369e-03  2.0678903e-03
428136	 0.00859374 -0.00393016 -0.00201772 -0.00467895 -0.00149324  0.00088643
  0.00050136  0.00010236 -0.01362082  0.00809277
431213	 3.1670672e-04 -1.7833196e-05 -9.9656107e-03 -1.0552427e-03
 -9.1253081e-04  3.5660795e-04  1.8085466e-03 -1.6692790e-03
 -6.1017238e-03  5.4675769e-03
137329	 0.00584474 -0.00517804 -0.0040588   0.00794316  0.00266323  0.00211022
 -0.01115717  0.00309344  0.00026183 -0.00118585
424578	-0.00140148 -0.0017418  -0.00630147 -0.00834775  0.0046488   0.00395949
  0.00124012  0.00198156  0.00393022  0.01362417
493701	 4.2587197e-03 -3.5712991e-03 -8.7689823e-03 -1.1005192e-03
 -4.9279351e-03  1.0102416e-04  5.6015037e-05  3.7700646e-03
 -4.5173531e-03  7.4451817e-03
188039	 8.1244530e-03 -3.3712687e-03 -1.4419137e-03 -1.3051349e-03
 -4.7304784e-03  1.7937791e-03  9.5428650e-06  4.8823822e-03
 -7.2240345e-03  8.1380474e-04
367241	-3.7668231e-03  2.1080787e-03 -6.4943191e-03 -1.0197041e-02
  2.1139749e-03  1.9153048e-03  4.1908608e-03  8.3601484e-03
  7.3571144e-05  1.3368095e-03
275598	 0.01079194 -0.00014737 -0.00099204 -0.00776156  0.00395864 -0.00659151
 -0.00415368  0.00017755 -0.00303359  0.01113089
132767	 4.5781503e-03 -4.3847039e-03 -5.8258371e-03 -4.5453203e-03
  4.5761042e-03 -2.3050283e-03 -1.6379212e-05 -1.1194049e-03
  6.4765746e-03  3.9035552e-03
204448	-0.00345791 -0.01285976 -0.00768434  0.00669309  0.00050861  0.00291049
  0.00142029  0.01046241  0.00209523  0.007871  
408226	-0.00146888 -0.00559169 -0.00165528  0.00560293  0.00283761  0.00766256
 -0.00458145  0.00441211 -0.0005754   0.00311662
169158	 0.00068179  0.00236465 -0.00543762 -0.00253688 -0.00094726  0.00273501
 -0.00758549  0.00695989 -0.00199833  0.00692099
424107	 0.00043841 -0.00179458 -0.00018549 -0.00087533  0.00066563 -0.00250965
 -0.00209701  0.00673974  0.00175049  0.00015663
491184	-1.7721449e-03 -1.8545185e-03 -2.7057106e-04 -3.9545725e-06
 -8.4833120e-04 -2.8020244e-03 -6.1501600e-03  7.3570660e-03
  1.3151279e-03  1.9047811e-04
551092	 0.00341767  0.0084933  -0.00801968  0.00170417 -0.00930847  0.00410065
 -0.00499978  0.0061663   0.00120002 -0.00693303
232634	 0.00101457 -0.00207734 -0.00343612  0.0034731   0.00187364 -0.00016881
 -0.00553474  0.01275175  0.0067105   0.01467534
335551	 0.01312204 -0.00870769 -0.00240678 -0.00423549 -0.00496105  0.00682939
 -0.00913513  0.01309706 -0.00535217  0.00411955
350406	 1.1926321e-02 -8.0419574e-03 -1.7889045e-03  9.0533307e-05
  2.9216725e-03  4.4340966e-03  5.7174852e-03 -2.1933918e-03
  5.3227353e-03  1.3652553e-02
187080	 0.00276924 -0.00884602  0.00296992 -0.00564856  0.00819883  0.00327979
 -0.0026233  -0.00489807  0.00783571  0.01408275
406223	 0.00166435  0.00067951 -0.00581585 -0.01405635 -0.00136855 -0.00082666
  0.00037743 -0.00332908 -0.00719155  0.00467308
406224	 0.00299689 -0.00229302 -0.00566769 -0.00196751  0.00368023 -0.00111207
  0.00363445  0.00827449 -0.00675467  0.00941657
498410	 0.00745505 -0.01467614 -0.00594207 -0.0074532   0.00748162  0.00487447
  0.0050645  -0.00825848  0.0008215   0.01783121
434415	 0.0096148  -0.00611177 -0.00192548  0.00204908  0.00867099 -0.00070389
  0.00147157 -0.00197003 -0.00019044  0.01771457
232688	 0.00149065  0.00085432 -0.00333434  0.00132786  0.00206866 -0.00285246
 -0.01111122  0.01156689  0.0008068   0.00643767
306418	-0.00224951  0.00624806 -0.00946525 -0.007103    0.00050777 -0.0048409
  0.00520863 -0.00203361 -0.00915513  0.01212708
550648	 0.0029168   0.0027788   0.00158528 -0.00152883  0.00507189 -0.00043756
 -0.00132105  0.00355441 -0.00646258  0.00308163
232698	-0.00030745 -0.00129454 -0.0020647   0.00374228  0.00156327 -0.00136023
 -0.00613808  0.01173925  0.00058904  0.01158444
232701	-0.00564479 -0.00098553 -0.00541486 -0.00177047  0.00444257 -0.00279078
 -0.0106507   0.00289968 -0.00281804  0.00853619
232703	-0.00201185  0.00379897 -0.00578752 -0.00099834  0.00575672 -0.00174246
 -0.0044473   0.00583252 -0.0003823   0.00645673
550659	 0.00804068 -0.00171168  0.00106137 -0.00181651 -0.00123261 -0.00307047
 -0.0083629  -0.00277188  0.00157055  0.00809051
300306	-0.00141303  0.00170649 -0.00135861  0.00217037 -0.00542803 -0.00336592
 -0.00026065 -0.00325336 -0.00097765  0.00691717
187156	-0.00080756  0.00370587 -0.00526438  0.00695744 -0.00715707  0.00109047
 -0.00100738  0.00496776  0.00229972  0.00586545
187158	 0.00385519  0.00758632 -0.00793209 -0.00245945  0.00590042 -0.00816766
 -0.01069114  0.02055533  0.00996915  0.00507884
136992	 0.00316862 -0.00643173 -0.00654326  0.00491052  0.01202217  0.00628676
  0.0018816   0.01350566 -0.00394417  0.01249617
106277	 0.00560287 -0.00509208 -0.00805687 -0.00100586  0.00041458 -0.00052024
 -0.00184349 -0.0021451   0.00080316  0.01350118
261767	 0.00411286 -0.00252872  0.00363699  0.00206778  0.00205266 -0.00128729
 -0.00431952  0.00084417 -0.009403    0.00665178
493362	-0.003084    0.00306059 -0.00464172 -0.00303629  0.00010363 -0.00668249
 -0.00707881  0.00280845  0.00043284  0.01028725
549173	 0.00408216 -0.00385942 -0.00358473 -0.00396135  0.00175322 -0.00055471
 -0.00522782  0.00124493 -0.00109388  0.00798994
220982	-0.00362027 -0.0019792  -0.00244026 -0.00192269  0.00320134 -0.00323699
 -0.00054355  0.00582411  0.00274029  0.00223133
305464	 0.00745118 -0.00332883 -0.00484929 -0.00239405  0.00494454 -0.00537485
 -0.0075587  -0.00012227 -0.00348484  0.00422891
305465	 0.00211626 -0.00366348 -0.00202916 -0.00085578  0.00960115 -0.0033873
 -0.00357405 -0.00201138 -0.00330542 -0.00013975
305466	 1.1263750e-02  1.0497074e-03  1.2143970e-03 -6.0869129e-03
  9.8928949e-03 -3.0679584e-03  8.1064054e-06  4.6167327e-03
 -4.3164343e-03  1.4917538e-02
188228	-6.86762715e-03  4.91474383e-03 -8.13851831e-04 -3.84767773e-04
 -6.55886950e-03  2.56148705e-05  7.75717106e-03  1.04514845e-02
 -3.71076958e-03  1.62936486e-02
137037	 0.0083152  -0.00197677 -0.000983    0.00397337  0.0024569   0.00998399
 -0.00504375  0.00896421 -0.00404171  0.01195274
492886	 5.8032828e-03 -7.3585543e-03 -4.8903618e-03  4.0697469e-05
 -2.1430680e-03 -6.4605093e-03  7.7226199e-04 -4.5258604e-04
 -6.7591663e-03  2.4376670e-03
305501	 0.00492438 -0.00608992 -0.00546501  0.00574833 -0.000561   -0.00436763
 -0.00010291  0.00089874  0.00576263  0.00585804
528222	 0.0060383  -0.01415654 -0.00179425  0.00326471 -0.01045368 -0.00022253
 -0.00238189  0.01169257 -0.00795982 -0.0038994 
551263	 0.00074929  0.00071067 -0.00638522 -0.00179517 -0.00046865 -0.00285077
 -0.00142792 -0.00031488  0.00457305  0.00458161
192362	 2.0171113e-04  1.0903227e-03 -5.5175419e-03 -2.5268758e-03
 -1.7190210e-05  1.5076548e-03 -3.5900476e-03  1.1204778e-02
 -1.1960567e-03  1.2182451e-03
435063	 7.7393805e-03 -7.9107191e-03 -1.8851841e-03 -8.7924991e-03
  6.9466978e-04 -8.0929119e-03 -4.0823230e-05  2.1076219e-03
  6.2296982e-03  1.1154200e-03
429944	 0.00980492 -0.00785699  0.00542913  0.00594556  0.00218624 -0.00248563
  0.00187607  0.00274427 -0.00132701 -0.0048664 
262011	-0.00017956  0.00158302 -0.00868114 -0.00410722  0.00225536  0.00771126
  0.00086318 -0.00145436  0.00087231  0.01364263
406250	-0.00505059  0.00429574 -0.00112467  0.01286096  0.00227509  0.00172384
 -0.00193793  0.00466083 -0.01345153 -0.00162258
487820	 0.00288505 -0.00127239 -0.00395464  0.00538464 -0.00318703 -0.01047571
 -0.00466903  0.00555149  0.00065547  0.00241107
523150	 0.0022146  -0.00253352 -0.00878007 -0.0041129  -0.00069053  0.00043312
 -0.00502574  0.00499291  0.00109313  0.01061754
466839	-0.0050394   0.00014377  0.00288951 -0.00956467 -0.00566791 -0.00369284
 -0.00715288  0.00440734  0.00102671  0.00856017
234394	-0.00075471  0.00910506 -0.00365819 -0.01052094  0.00377903 -0.00111257
 -0.00965293 -0.00235371  0.0025081   0.01089362
450462	 0.00453868 -0.00576723 -0.00788452 -0.00309073 -0.00140817 -0.0064739
 -0.00249924  0.00178818 -0.00513726  0.00337105
233888	-0.00768825 -0.00789846 -0.00753006  0.00311826  0.00507276  0.00492609
  0.00394964 -0.00060606 -0.00375686  0.01235649
479652	 0.00394166 -0.00410403 -0.00034889 -0.0056642  -0.0024765  -0.00388667
 -0.00394774  0.008676   -0.00052569 -0.0026724 
552870	 0.00265075  0.00842079  0.01131638 -0.01125583  0.0066131  -0.0097285
 -0.01352209 -0.00338275 -0.00829978  0.02092311
554919	 0.0104657   0.00454618 -0.00638324 -0.00453768 -0.00100051  0.00988285
  0.00579703 -0.01340809  0.00455607  0.00617011
260523	 0.00345583  0.00122813 -0.00774897 -0.00108165 -0.00492035 -0.01058895
  0.00038104  0.00388692 -0.01002386  0.01033839
194476	 0.01419273  0.00655829 -0.0022883  -0.00867671  0.00180236 -0.00262303
 -0.01413681  0.01601868  0.00165547  0.01070131
140206	 0.0041497  -0.00447086 -0.00489165 -0.00574622 -0.00166814 -0.00443617
 -0.00252681  0.0008999   0.00031219  0.00642257
284079	-0.00156168 -0.00909836  0.00533127  0.00302502  0.00251028 -0.00771906
  0.00622251  0.00207074 -0.0020004  -0.0050088 
491444	-0.00315148 -0.00252963  0.00190523  0.00280312 -0.01175706  0.00495774
 -0.01033995  0.01232627 -0.00723081 -0.00423713
272317	 0.0062713  -0.01268415 -0.00094142  0.01288447  0.00105912 -0.0036578
 -0.00463411  0.00099003 -0.01071039 -0.00088485
522687	 0.01557705 -0.00561234 -0.00483733 -0.00354782  0.00222193  0.00222908
 -0.02602735  0.02328896  0.00456641  0.01259941
338883	 0.01209786 -0.00427756 -0.0110431   0.00108591 -0.00397261  0.00665956
 -0.00246074  0.00442933 -0.00223791  0.00626214
368580	 0.00463754  0.0037865  -0.00782048 -0.00326138  0.00342119 -0.00283002
 -0.00088671  0.00668797 -0.00127748  0.00743534
522695	-0.01012751 -0.00615119 -0.00323233  0.00253029 -0.00068983 -0.00040806
 -0.00411635  0.00163782  0.01000916  0.00153362
143824	-0.00010399 -0.00367561 -0.00346702  0.0019435   0.00317681  0.00152262
 -0.00347785  0.00409219 -0.00224712 -0.003536  
249822	 0.00980492 -0.00785699  0.00542913  0.00594556  0.00218624 -0.00248563
  0.00187607  0.00274427 -0.00132701 -0.0048664 
331232	-0.00308596 -0.0013426   0.00115788 -0.001999    0.00571811  0.00473047
 -0.00175374 -0.00636404 -0.00652816  0.00626954
351716	 0.00130066 -0.00287696  0.00196357 -0.00396872  0.00265774  0.00417113
 -0.0034379  -0.00103431  0.00420726  0.00405824
273390	 0.00355881  0.00201519 -0.00444569 -0.01342527  0.0020513   0.00323874
 -0.00020572  0.00439318 -0.00253719  0.00692776
219901	 0.00445584 -0.00162402  0.000469    0.0016761   0.00096944  0.00270255
 -0.00377538 -0.00020602 -0.00452763  0.0090395 
399865	-0.00091389 -0.00048912 -0.00870935  0.0019434   0.00129201 -0.00078907
 -0.00026052  0.00223987 -0.0005633   0.00094801
450555	 0.01285587 -0.0055557  -0.000544   -0.00631037 -0.0001861  -0.00648746
 -0.00527235  0.00138495  0.00599391  0.00845193
