316928	-0.00181815  0.00186446 -0.00769603 -0.0028615  -0.0002474  -0.00556204
 -0.00176848 -0.00572296  0.00340943  0.00065095
158209	-0.00021433  0.0048449  -0.00528783 -0.00476679 -0.00156331 -0.00954174
 -0.00686357 -0.00188541 -0.00109907  0.00011903
326123	 8.4604218e-04  5.0644143e-03 -4.7144452e-03  5.3329604e-05
 -2.2229087e-03 -6.6476287e-03 -2.1223640e-03 -5.9674815e-03
 -2.3635239e-03  1.8647544e-03
26118	-0.00117702  0.00582995 -0.00114963 -0.00293122  0.00333921 -0.01071327
  0.00738311 -0.00439055 -0.0013164  -0.00411642
42377	-0.00719021  0.00165242 -0.00080134  0.00812076 -0.00195226  0.00344766
 -0.00582214  0.00489526  0.00263995 -0.00764334
126346	 0.00067541  0.00731405 -0.0079966  -0.00329615  0.00132547 -0.01471303
 -0.0051703  -0.00382391 -0.00155036 -0.00095026
303244	 0.00098343  0.00685599 -0.00174875  0.00575399  0.003101   -0.00667131
 -0.00988903 -0.00056851  0.00425029  0.01326318
374270	-0.01060566  0.00122688  0.00294455  0.00043629  0.00613897 -0.00330708
 -0.0004544   0.00074795 -0.00163357  0.01121672
303228	-0.00581951 -0.0032929  -0.01099104 -0.00048567  0.00772613 -0.00331607
 -0.00542087  0.00582773  0.00477819 -0.00135538
309778	-1.6594112e-02  3.1329026e-03  1.7291857e-06 -3.8660017e-03
  2.2990911e-03 -2.6372636e-03 -3.6634791e-03 -3.2257400e-03
  2.4985704e-03  5.3958660e-03
120083	-0.00262313  0.00625229 -0.00263286 -0.00643325  0.00013494  0.00595214
 -0.01459862 -0.00708111 -0.00072046  0.00082289
385455	 0.0172779  -0.00893093 -0.01335477  0.00435189  0.00080415 -0.0149633
 -0.01094719  0.01672859  0.00880204  0.01357028
60310	-0.0045606   0.00043983 -0.00273103 -0.00178656  0.00172085  0.00444175
 -0.00189149  0.00521359 -0.00409178  0.00244809
364110	-0.00027236 -0.00410579  0.00129256 -0.0005947   0.00085345 -0.00470352
 -0.00169562  0.0021398  -0.00153707  0.0021911 
218564	 0.00048014  0.00442148 -0.00256935  0.01135766 -0.01305208 -0.00021855
 -0.0263102   0.01177146 -0.00999394  0.01617038
256154	-0.00492033  0.00492252  0.00122124 -0.00761495  0.00100432 -0.0028215
 -0.00941983 -0.00678609 -0.00036706  0.00388335
529563	-2.0674034e-03  2.3330089e-03 -6.4938213e-03  6.1610988e-03
  4.8865527e-03  2.3255635e-03 -4.4349916e-03 -8.9562738e-05
 -4.4372459e-03  1.0240290e-02
448540	 0.00022182 -0.00213071 -0.00514072  0.00151611  0.00641037 -0.00198879
 -0.00254459 -0.00328608 -0.00021706 -0.00075926
61598	-0.00534145 -0.00091221  0.00490699 -0.00883701  0.00188967 -0.0010485
 -0.00230146  0.00153745  0.00927193 -0.00407024
333983	 0.00028391  0.00149497 -0.00326671 -0.00319381 -0.00447606 -0.00741962
 -0.00494508  0.00013694  0.00750543  0.00173644
349154	-0.00274132 -0.00796778 -0.00086789 -0.00263787  0.00244204 -0.00178066
 -0.01539162 -0.00147272 -0.00057573 -0.0079778 
46626	-0.0022692   0.00580941 -0.01454171  0.00255401 -0.00240887  0.00258691
 -0.00606925  0.00629853  0.00155785  0.00376061
8027	-9.4768422e-04  3.1457038e-03 -4.4347947e-03  2.4678500e-04
  7.6197502e-05 -4.9622348e-03 -9.1334870e-03 -2.0993345e-03
 -1.1805836e-02  2.3256850e-03
146596	 0.00636382 -0.00294999 -0.00371212 -0.00359551  0.00173888 -0.00685454
  0.00814526 -0.01237357 -0.00573286  0.00116941
540329	-0.0074695  -0.00390291  0.0015511  -0.00363996 -0.00110961  0.00676262
 -0.00633997 -0.00118904  0.00266033 -0.00400182
373034	 2.59818422e-04  2.22940720e-03 -1.63397694e-04  8.88113305e-03
  1.59313958e-02  2.94744573e-03 -6.69153873e-03 -1.96756166e-03
  2.49110999e-05  1.02056265e-02
374343	-0.01088051  0.00262515  0.00085462 -0.00047135  0.00145982  0.00669068
 -0.00533985 -0.00188642 -0.00238352  0.00376149
346156	 0.002268    0.00163162 -0.00232507 -0.00581727  0.00587979 -0.00268335
 -0.00102707  0.00987099 -0.00206197 -0.00225963
72749	 0.0092927  -0.00099245  0.0014783  -0.00760155 -0.00151158 -0.00014408
 -0.00680871  0.00085744 -0.00206922 -0.0047659 
465455	-0.0056745   0.00408695 -0.0089073  -0.0113082  -0.0008953   0.00590427
 -0.00812528  0.00367054 -0.00315658 -0.00277244
163248	 0.00180876  0.00935828 -0.00572359 -0.00440373  0.00290677  0.000595
 -0.00037525  0.00945568  0.00796707 -0.00241785
418075	-0.00640304  0.00970666 -0.00104338 -0.01134586  0.00359353  0.0059009
 -0.00286319 -0.01449427  0.00957564  0.00877634
373045	-0.00053651 -0.00759119  0.0073061   0.00755843 -0.00973289 -0.01152935
  0.00726316  0.00477269 -0.00110913  0.00088224
71990	-0.00687735  0.00349317 -0.00840008 -0.00057115 -0.00219272  0.00100501
 -0.00718577  0.00547514 -0.00817147 -0.00345607
579721	 3.3106239e-04  3.4562857e-03 -3.8335747e-03 -6.3105812e-03
 -1.4290721e-03 -2.2747344e-03 -1.4593580e-03 -6.5654698e-05
  2.9426191e-03  1.7297019e-03
132024	 3.1094252e-05 -4.2080178e-04 -1.3431694e-03 -2.2756446e-03
  4.2518391e-03 -5.0946786e-03 -4.6125259e-03  5.4414747e-03
 -1.1388666e-03  9.9366502e-05
373049	-1.22054815e-02  8.11518077e-03 -9.49788652e-03 -1.56663195e-03
 -4.48773708e-03 -1.63493231e-02 -5.08290948e-03  5.68846427e-03
  3.66238673e-05  1.51556043e-03
456251	-0.00406543 -0.00305685 -0.00586654  0.00160058 -0.00351019  0.00212786
  0.00607268 -0.00313984  0.00098973  0.00014308
362935	-0.00879178 -0.00531828  0.00322247 -0.00471722 -0.00044664 -0.00477648
 -0.00317759  0.00404145 -0.00421753  0.00810575
151136	-0.0049351   0.01041965 -0.00363285 -0.01237793 -0.00413748 -0.00589474
  0.0008088  -0.00627459  0.00404379  0.00431997
167490	 9.2773549e-03 -8.4014900e-05  3.1157085e-03  2.5100898e-02
 -7.0683039e-03 -1.4816621e-02  1.6770982e-03  8.5146464e-03
  2.8161011e-03 -1.3920439e-02
97091	-0.00659947 -0.00015534  0.00400552 -0.01054771  0.00047559 -0.00785711
 -0.00900946  0.00048521 -0.00069979 -0.00334713
318916	-0.00092933  0.00319991 -0.00998799 -0.00520285 -0.00386566 -0.0056354
  0.00090737 -0.00477647 -0.00129322  0.00155772
247548	 0.00230913 -0.00445999  0.00197438 -0.00917457  0.00419309 -0.00205764
 -0.00125039 -0.00372922  0.00694944 -0.00407066
187591	-0.01710809  0.03113703  0.01441229 -0.00099233 -0.00445401  0.00811727
  0.00561752  0.0218438  -0.01458789 -0.00794654
552392	-0.0038139   0.00318958 -0.00134272 -0.0077414   0.00819559 -0.00674996
 -0.00677331 -0.00192573 -0.00494369  0.00295261
333641	-0.00166259 -0.00466794 -0.00543181 -0.00351063 -0.00135577 -0.00422417
 -0.00486961 -0.00120439  0.0007668   0.00077755
221642	 0.00021848 -0.0017698  -0.00207991 -0.00157416  0.00321065  0.00134095
  0.00051576  0.00436812 -0.00148524 -0.00200082
415051	-4.6181605e-05 -3.1009554e-03 -1.3563838e-03 -3.2332030e-03
  2.0700349e-03 -1.3642224e-02 -5.5400757e-03 -5.0416994e-03
 -6.9393013e-03 -1.4501211e-03
122060	-0.00371411  0.00085071 -0.00337667 -0.00143207  0.00552854 -0.00072252
 -0.0016083  -0.00844188 -0.00354377  0.00761988
157026	 0.00080007  0.00767954  0.00112374 -0.00308283 -0.00765857 -0.00403021
 -0.00492846 -0.00533183  0.00742182  0.00221374
579742	 3.3106239e-04  3.4562857e-03 -3.8335747e-03 -6.3105812e-03
 -1.4290721e-03 -2.2747344e-03 -1.4593580e-03 -6.5654698e-05
  2.9426191e-03  1.7297019e-03
258511	 0.00143448 -0.00788717 -0.00276907 -0.00248922  0.0147479  -0.00728285
  0.0005407   0.00902986 -0.00123419  0.00372501
378960	 0.00288774  0.00535027 -0.01376769  0.00119319  0.00444272 -0.01031525
 -0.00275412  0.0029523   0.00448679  0.00844228
174802	-0.00733436  0.00697099  0.00252148 -0.0017497   0.00082288  0.00268827
  0.00089883 -0.00082808  0.00016957 -0.00110677
286291	-0.00164741  0.01144977 -0.0029616   0.00224325  0.00907898 -0.00542999
 -0.0022407   0.00040548 -0.00471947 -0.00591022
122068	-0.006264    0.00215381 -0.0093288   0.0011568   0.00171181 -0.00664418
  0.00260928 -0.00441877  0.00349667 -0.00274808
349160	 0.00398147  0.00343246  0.0001355  -0.00599891  0.00238322 -0.00249887
 -0.01177646 -0.00230824  0.00171333 -0.00644392
389846	-0.00260924  0.00482352 -0.00846843 -0.00549872 -0.00625873  0.00016723
 -0.00393863 -0.00808228  0.00421914 -0.00311225
149177	-0.0022082  -0.00467612 -0.00246897 -0.00291526 -0.00218936 -0.01065375
 -0.00496909  0.00847608 -0.00014192 -0.00398062
151256	-0.02367818 -0.00416336 -0.02355541 -0.00787952  0.00317371 -0.00634425
  0.00047425 -0.00249736 -0.01959967 -0.00015659
378703	-0.00918303 -0.0012631  -0.00713929 -0.00175163 -0.00105017 -0.00844213
 -0.00096086  0.00027284  0.00281062 -0.00727741
200156	 0.00541503 -0.01147445 -0.02214759 -0.00801835 -0.00597373 -0.00721064
 -0.00208506 -0.0160881   0.00740376 -0.01315692
324958	-0.00214057  0.00246171 -0.00628388 -0.00431649 -0.00259728 -0.00423308
 -0.00219182 -0.0076788  -0.00066688 -0.00402793
50015	 0.00409141  0.01918484  0.00195408  0.00174584  0.00647787 -0.00594281
 -0.00439467  0.00528788  0.00131741 -0.00110203
164320	-0.00043976 -0.0192393   0.00548522 -0.00858286 -0.00198185 -0.00111816
  0.01016053  0.00591963  0.01707012 -0.00949267
552290	 0.00105102  0.00656635 -0.00094258 -0.00033645 -0.01394067 -0.00935787
 -0.00275864  0.00530459  0.00133345  0.007239  
199655	-0.0001365   0.0012687  -0.00318159 -0.00491771  0.00288859 -0.01005609
  0.00559932 -0.00127351 -0.00496386 -0.00296824
133608	-0.00333887  0.01222635 -0.00291461 -0.00675158  0.00014092  0.0034598
 -0.00808637  0.00168202  0.00068457  0.00406663
351228	-0.00439304 -0.01154052 -0.00534563 -0.00423457  0.00022749  0.00454222
 -0.00541497  0.00074912 -0.00522707  0.00385402
179178	-0.01084722  0.00709265  0.01229012 -0.00170867  0.02373188 -0.01445242
 -0.00787125  0.00272259 -0.0046613   0.00496251
133607	-0.00488328  0.01095794 -0.00877854 -0.00482482 -0.00212102 -0.0021875
 -0.00901331 -0.00284204  0.00245242  0.00761181
266092	 0.00699491  0.01444935 -0.00174933  0.00356207  0.00616722  0.00677814
  0.00656696 -0.01079591 -0.00263574  0.00091895
199561	-0.0016305  -0.00518905  0.00147996  0.00483348  0.01002503 -0.00891014
  0.00313275 -0.00293667 -0.00180256 -0.00038076
25960	-0.00714458 -0.00364243 -0.00523912 -0.00272704 -0.00076235 -0.00394219
 -0.00021959  0.0016174  -0.00046611 -0.00448612
16524	-0.01329412  0.00142853 -0.00547393 -0.00101471  0.00507414 -0.01058404
  0.00179314 -0.00565287 -0.00606878  0.0049339 
521715	-0.00612547  0.00075807 -0.00542638 -0.00238476 -0.00144535 -0.00646429
 -0.00126427  0.0039359  -0.00691761 -0.00500952
322549	-0.00503189 -0.00174009 -0.00491609 -0.00589833  0.00275064 -0.00362166
 -0.00135572 -0.0095225   0.00180922 -0.00111293
555470	-0.00500473  0.00154325 -0.00322979 -0.00060684  0.0046288   0.00394742
 -0.00487281 -0.00087834 -0.00477021  0.00036732
331490	-0.00155485  0.01451366 -0.01792997  0.01159494 -0.00378746 -0.01370205
  0.00431814 -0.0116264  -0.00214839  0.0149283 
318460	 0.00031066  0.0033771  -0.00527586 -0.00180969  0.00024222 -0.00364206
 -0.00113462 -0.00312735  0.00049344 -0.00592627
490238	-0.00139827  0.00406424 -0.00054241  0.00086568  0.00961312  0.00268549
 -0.00097428 -0.00486182  0.00152361  0.0003776 
332885	 0.00498516  0.00101658 -0.00504511 -0.00744419 -0.00245837 -0.00078792
 -0.01077284 -0.00285436  0.00316906 -0.00343255
