345090	-0.00257014  0.00559533 -0.00360038 -0.00460059  0.00792655 -0.01056338
  0.00107785  0.00018111  0.00188384  0.00197587
399364	 0.00073665  0.00132475 -0.00568685 -0.004266   -0.00252353 -0.0056408
 -0.00342159 -0.00249333  0.00029668  0.00774389
196104	 0.00895522 -0.00315465  0.00368239  0.00209696  0.00735945 -0.00834525
 -0.00516415 -0.00131522 -0.00138594  0.00176032
450562	-0.00689632  0.00889541  0.00237736 -0.0033523  -0.00131627 -0.00446755
 -0.00088636  0.00629755  0.00759006  0.00863953
264212	 0.00362452  0.00186469 -0.00691109  0.00770797  0.00522579 -0.00053725
 -0.00180476  0.00048107  0.00185975 -0.00322458
549397	 0.00305848  0.00546452 -0.00030034 -0.00093261  0.00693286 -0.00142456
  0.00027458 -0.0008306  -0.00111844  0.00649126
509974	-0.00361382  0.00786962  0.00041811  0.00463931  0.00369769 -0.00233031
  0.00027475  0.00673466  0.00630282  0.01284295
538649	 0.00052314 -0.00358738  0.01270671  0.00388404  0.00499703 -0.01500579
 -0.00759315 -0.0015006  -0.00090867  0.00763573
394784	 1.4339108e-06 -4.0898593e-03 -1.7645091e-03  8.4452229e-03
 -4.7967322e-03 -1.0793066e-03 -1.5321561e-03  6.5683946e-03
 -4.0045641e-03  8.5489368e-03
242864	-0.00399254  0.00467576 -0.00289818 -0.00047569  0.01302738  0.00040707
 -0.00087405 -0.00292671  0.00547737  0.00361479
560170	 0.0015013   0.00943522 -0.00944378  0.00069206  0.00609459 -0.00496436
 -0.02257495 -0.0006215   0.00753912  0.00430668
419378	 0.00990677  0.00838719 -0.00789766 -0.00313504  0.00262701 -0.00193142
 -0.01217252  0.01024057  0.00459981  0.00124246
379444	 0.00606848 -0.00251688 -0.00249522 -0.0053415   0.00757436 -0.00549101
 -0.00133727 -0.00999801 -0.00275607  0.00800441
465463	 0.00224597  0.00651263  0.002081   -0.00209558  0.00654483 -0.00298051
  0.00038428 -0.0031638   0.00207274  0.00590313
484412	-0.00409294  0.00850333 -0.00027242 -0.00078167  0.00585249 -0.00576461
 -0.00963161  0.00168692 -0.0045105   0.01068659
232032	 0.0022384  -0.00209624 -0.00660825 -0.00231001  0.01024455  0.0066527
 -0.01068132 -0.007368   -0.00290454  0.0113803 
532577	-0.00858186  0.00212556  0.00179403  0.00197714 -0.0006761   0.0009528
 -0.00298941  0.00294248  0.00715408  0.01354906
198217	-0.00273465 -0.00113984  0.00297803 -0.00452118 -0.00136096 -0.0081239
 -0.00258954 -0.00127786  0.00497036  0.00362469
276044	-0.01170265 -0.00163638 -0.01431149  0.00521611  0.0040224  -0.00918489
 -0.00896169 -0.00491854  0.0108912   0.00406927
141903	 0.00672407 -0.00392485  0.00425076  0.00856349  0.00277157 -0.00604576
 -0.00343332 -0.00577865  0.00169904  0.0005453 
210016	-0.00158928  0.00297775  0.0001872  -0.00092498 -0.00343186 -0.00722073
 -0.00197712 -0.0080444   0.00291792  0.02278578
444001	-0.00092081  0.00123776  0.00369719  0.01270735  0.00344538 -0.00811855
 -0.00421594 -0.00048702 -0.00101906  0.00036581
252010	 0.00193387  0.00453666  0.00281809  0.01278122  0.0086916  -0.00689782
 -0.00084612 -0.0025991  -0.00291757  0.00388074
428661	 0.0019337  -0.00263145  0.00565002  0.01001296 -0.00080002 -0.00432213
 -0.00222185 -0.0041263  -0.00153038  0.00416969
224890	-0.00050651 -0.00059003 -0.00166197  0.00400651  0.00685833 -0.00415251
 -0.0002739  -0.00728756  0.00386688  0.00872876
520213	 0.00082016  0.00232578  0.00155674  0.00294611 -0.00101807  0.00665346
  0.00278335  0.00550091 -0.00051611  0.01054296
356483	 0.001217    0.00398824  0.00322722 -0.00028915  0.01030829 -0.00497554
 -0.00075875  0.00324307 -0.00399058  0.00152509
10889	-0.00021539  0.00551482 -0.0008331  -0.00269289 -0.0001216  -0.00213771
 -0.002823   -0.0041075  -0.00150772  0.00432737
285333	-5.57799404e-03 -4.56553476e-04 -1.19899205e-05 -6.07050257e-04
  1.10528385e-02 -7.72992149e-03  6.86646579e-03  3.38731392e-04
  1.02335785e-03 -7.97809334e-04
120857	-0.0060813   0.0055342   0.00125941  0.00553841  0.00361895  0.00290406
 -0.00827067  0.00132316 -0.00129957  0.00999922
424093	 0.00212081  0.00768564  0.00212488 -0.00598718  0.00344542 -0.00651807
 -0.00040415 -0.00161844  0.00092466  0.0117155 
285344	-0.00742411 -0.00532347 -0.0043001   0.00484199  0.01303493 -0.00766148
  0.00854367 -0.0040156  -0.00116082  0.00247683
408227	 0.00760064  0.00267512 -0.01117298 -0.00097261  0.00425395 -0.00413846
 -0.01066663  0.0048805   0.01041503 -0.00064581
119974	-0.00477682  0.0083451   0.00196833 -0.00116112  0.00422727  0.00369536
 -0.01008011  0.00515644 -0.00151587  0.00756855
445608	 0.00024397  0.00383602 -0.0036937  -0.00496551  0.00226798 -0.00354532
 -0.0005312   0.00383175  0.00576368  0.00613491
182957	 0.00052102  0.0006958   0.00337852 -0.0009825   0.00397508 -0.00712784
  0.00111538 -0.00079755 -0.00409005  0.00768653
366767	-0.00292617  0.00146335 -0.00386702  0.00062601  0.00592236 -0.00046274
 -0.00476221  0.00140966 -0.00172516  0.00852364
431280	 0.0002301   0.0048274   0.00084018  0.01378328  0.00412004 -0.0034699
 -0.00081239 -0.00193295 -0.00316148  0.00246824
155827	-0.00791302  0.00659291  0.00099404 -0.00099335  0.00402186 -0.00292938
 -0.00728473  0.00552699  0.00169009  0.00078792
436405	-0.00466413  0.00389558 -0.00011941  0.01025664  0.00625752 -0.00648855
  0.00433382 -0.00533523 -0.00066846  0.00117754
182974	-0.00148599  0.00135393  0.00248163  0.00338709  0.00397402 -0.00859335
  0.00035393 -0.01241695 -0.00992656  0.01961514
148674	-0.0060419   0.00158352 -0.0013145  -0.01601542 -0.00332943 -0.01700892
 -0.00096469  0.01661317 -0.02185018  0.02250469
253123	-0.00055333  0.00666915 -0.00527413  0.00482855  0.00235753 -0.00568411
 -0.00400173  0.00320766 -0.00198015  0.00989344
285382	-3.6141549e-03 -7.3413481e-03 -5.4909387e-03 -1.1903050e-03
  9.7304480e-03  7.7176759e-05  2.7737578e-03  4.2296033e-03
 -3.8134493e-03  2.0621528e-03
253131	-0.00999105 -0.00230962  0.00897938  0.0133386   0.00163794 -0.01108785
 -0.00387294 -0.00462762 -0.00144317  0.00808613
300238	 0.0038776   0.00581953 -0.00457466  0.00516052  0.00507247 -0.0079808
 -0.00071146  0.0001766   0.00350729  0.00775638
443598	-6.4713573e-03  2.7527674e-03 -3.8406088e-03  2.5481805e-03
  6.3511566e-03 -6.9568143e-03 -2.3791878e-03  2.8104514e-05
  9.3599716e-03  5.6453273e-03
484568	-4.9525965e-04  2.1133581e-03 -1.9046636e-03  1.8348952e-03
  2.6803825e-03 -4.6495553e-03  6.1245330e-05  2.5343290e-03
  3.2835600e-03  3.0129829e-03
193768	 0.00342328 -0.00257024 -0.00284346  0.00124121 -0.00190236 -0.00551105
  0.00399678  0.00072515  0.00236527  0.0086627 
306398	 0.00334992 -0.00360375 -0.01339886 -0.00795558  0.0088254  -0.00253278
 -0.00098526 -0.00211988  0.00263683  0.00166643
248545	-0.00642279  0.00650503 -0.00244915  0.01078046  0.00625507 -0.00491083
 -0.00578875 -0.00144671  0.00303752  0.00125955
424680	-0.00759677 -0.00069916  0.00326066  0.00070549 -0.00582189  0.00360063
 -0.00664017  0.00350456 -0.00495885  0.00886465
202987	-0.00407656  0.00306198 -0.003856   -0.00551561 -0.00260294 -0.00495096
 -0.00306333 -0.00073734  0.00837565 -0.00448478
206802	-0.00681259  0.00751813 -0.00446625  0.00265166  0.00731287 -0.0030475
  0.00342183  0.00580228 -0.00098133  0.00577941
498414	 0.00093387 -0.00151919  0.00949094 -0.00298172 -0.00017511 -0.00632776
 -0.00219139  0.00196213  0.00264539  0.00813807
484087	-0.00551129  0.00430917  0.00399086  0.00475767  0.00295018 -0.0056671
 -0.00404787 -0.00059643  0.00019183  0.00616569
150264	 0.00876969  0.006811   -0.01121764 -0.0042749   0.00034801 -0.00471461
 -0.00079404  0.00083867  0.00416769  0.01612866
193788	 0.00386318  0.00061765 -0.00821325 -0.00546089  0.01007402 -0.00290515
  0.00179458 -0.00841098 -0.00713511 -0.00535558
284674	 0.00092581  0.00599771  0.00303677  0.0044456   0.00657754 -0.00738804
 -0.00620325  0.00093847  0.00243109  0.00515014
450307	-0.00031181  0.00256701  0.00084958 -0.00116131  0.00202328 -0.00520071
 -0.00149273 -0.00132782 -0.00056152  0.00378516
445712	-0.0050965   0.01493581  0.00401637  0.00265516  0.00663389 -0.015953
 -0.00414117 -0.0039129  -0.0028953   0.00764132
131345	 0.00354027 -0.00154809  0.00678895  0.00188806  0.00781283 -0.01323632
  0.00430811  0.00482013  0.00494323  0.00565193
550674	 0.00229648  0.00228707 -0.00226833  0.00363821  0.00137836 -0.01038997
 -0.00087814  0.00165594  0.00444038  0.00052665
40579	-0.00283527  0.00371007 -0.00094043 -0.00244689  0.00325675 -0.0016374
  0.00282246 -0.00061124 -0.00165864  0.00647202
445722	-0.00493991  0.00762417 -0.00367481 -0.00317178  0.00112466 -0.00202206
  0.00276822 -0.00344882 -0.00034563  0.00295253
401181	 0.01214385 -0.01043747 -0.00642078  0.00972443  0.00981467 -0.00356997
  0.00369354 -0.02297048  0.00038518  0.01764276
445726	-0.00473811  0.00867178  0.00428605  0.00693461  0.00714233 -0.00043315
 -0.00247266  0.00230074  0.00099142  0.00840446
510758	-0.00706449  0.00354994 -0.00290968  0.00185698  0.0078662   0.00161628
 -0.0076157  -0.00063679  0.00291849  0.00314158
386365	-0.01104851  0.00400786 -0.00206808  0.00532304  0.00626905  0.00062056
 -0.00442458  0.00329209  0.00162793  0.00973048
520247	-7.2040395e-03  6.0214731e-03  5.1461247e-05  3.2974239e-03
  1.2384549e-03  2.2699665e-03  5.9767603e-03  2.6598680e-03
  4.4072564e-03  3.4121331e-03
306509	 2.6198688e-03  3.8258312e-03  9.2907736e-05  1.1622428e-02
  5.7684217e-04 -3.8214882e-03 -1.3377098e-03 -3.5945270e-03
 -1.0121810e-03 -7.5215579e-04
556373	-0.00098775  0.00713089 -0.00870279 -0.00363656  0.013674   -0.00244637
 -0.00380415  0.00108243 -0.0009426   0.00319202
183646	 0.00160821  0.00366896  0.00531292  0.01203096  0.00813939 -0.0041591
 -0.00677727 -0.00218787 -0.00551175  0.00075918
310114	 9.9511584e-05  2.5450073e-03  1.2973800e-03  1.6072363e-02
  7.5015407e-03 -2.4946081e-03 -4.1575101e-03 -2.2900407e-03
 -1.0172820e-03 -1.9144451e-03
224112	 7.9801620e-04  3.0291064e-03  1.7492855e-03 -1.9366615e-03
 -8.8750159e-05 -6.1177113e-03  5.0549232e-03 -3.1604811e-03
  2.5904952e-03  6.2834946e-03
138984	 0.00369601  0.00484073 -0.00089475  0.01285341  0.00618603 -0.00817081
 -0.00806485 -0.00078908 -0.00240867  0.00460053
465277	-0.00531288  0.00055509 -0.00822965  0.00080248 -0.00096266 -0.00847208
 -0.00431879  0.00870552 -0.00310006  0.00701889
458622	 0.00394476 -0.00179761 -0.00039682 -0.00239473  0.00778578 -0.00455812
  0.00200928 -0.00040025  0.00157053  0.00367517
284544	-0.00157918  0.00332207  0.00494257  0.00520938  0.00575085 -0.00786889
 -0.00446937 -0.00663065 -0.0051642   0.01177068
385921	-0.00380313  0.00585118  0.00291084 -0.00037832 -0.00374292 -0.00600401
  0.00420227 -0.0003061   0.00055565  0.00837225
450442	-0.0008068   0.00383015  0.00977419 -0.00252142  0.00418285 -0.00484512
 -0.00167197 -0.00128154 -0.0016555  -0.00096078
172427	 0.00176713 -0.00799276 -0.00231563  0.00154379  0.00897919  0.00692146
 -0.00034804 -0.00462061 -0.0023781   0.01628913
122253	-0.01367039  0.00979754  0.00449585  0.00015686  0.00232249 -0.00033005
 -0.00259975  0.00230372  0.00366295  0.0036913 
172946	-0.00899898  0.00603966 -0.00495441 -0.00926984 -0.00090277 -0.00774931
 -0.00788085  0.00037089 -0.00050937  0.00780036
172964	-0.00715084  0.00281048 -0.00020237 -0.00180553  0.00491982 -0.0019605
  0.00444391  0.00059045 -0.00277465  0.00094447
227238	-0.00406644  0.00380993  0.00442817  0.00880898  0.00599191 -0.0008749
  0.00408407 -0.00530381  0.00184342  0.0013523 
256450	-0.00656795 -0.00098985 -0.00488463  0.00512593  0.00721212 -0.00968303
 -0.00109318  0.00924981 -0.00287816  0.01027114
197196	 0.00752652  0.00298452 -0.00551738 -0.00364104  0.00519144  0.00241023
  0.00307054  0.00519061 -0.00228237  0.00399077
308172	-0.00270362  0.00301569  0.00080946  0.00147372  0.00509798 -0.00303334
  0.00054791  0.00071313  0.00093439  0.01482819
309202	-0.00282899 -0.00055759 -0.00301873  0.00496601  0.00551362  0.00288155
  0.0010595  -0.00601627 -0.00307468 -0.00521101
445725	 0.0067557   0.00034546 -0.00100005 -0.00234133  0.00407563 -0.00065092
 -0.0011856  -0.00114902 -0.00728389  0.01069466
355287	-0.00473811  0.00867178  0.00428605  0.00693461  0.00714233 -0.00043315
 -0.00247266  0.00230074  0.00099142  0.00840446
422872	-0.00336865  0.00754064  0.00233359 -0.00414694 -0.00386321 -0.00391438
 -0.00131317  0.00356537  0.01476068 -0.00302008
175695	 0.00396358 -0.00139104 -0.00326642 -0.00100582  0.00854339  0.00021859
  0.00343767 -0.010132   -0.00748907  0.00500023
305127	 0.00461028  0.0067846  -0.00046353  0.00684876 -0.00276884 -0.00291494
 -0.00419427 -0.00293302 -0.0065349  -0.00168404
309224	-0.00632149  0.01000259  0.00618793  0.00332093  0.01252578 -0.01330641
 -0.00312153  0.00441666 -0.0053432  -0.00141271
163326	 0.00372145 -0.01217391 -0.00760191 -0.00336719  0.00761795 -0.00296789
 -0.0013876  -0.00264378  0.00355179  0.00690656
539126	-0.00157791  0.00404358  0.00043823 -0.00551908  0.0077972   0.00383233
 -0.00429363 -0.00502436  0.00115267  0.00252925
498167	-6.4502852e-03  3.2907792e-03 -5.9541339e-06  5.3106635e-03
  6.1549288e-03 -1.2430693e-03 -7.9710158e-03  3.4061440e-03
 -7.5508974e-04  9.2812255e-03
503294	 0.00144699 -0.00187843 -0.00540236  0.00183968  0.00318174 -0.01686963
  0.00263731  0.00228133  0.00404173  0.01369316
