334337	 0.00314913  0.00540165 -0.00224583 -0.00361735 -0.0022446  -0.01125096
 -0.00111401 -0.00726873  0.00690727  0.00939038
479239	-6.4840503e-03  6.4529772e-03 -4.9096472e-03 -5.5210101e-03
 -2.7189814e-03 -1.8866860e-03  7.5494347e-05  4.9132239e-03
 -1.8663406e-03  4.7963886e-03
221196	 0.00690791  0.00619311  0.00112917  0.00067567  0.0001167  -0.00521227
 -0.00692092 -0.00238048 -0.00394873 -0.00045621
396310	-0.00259654  0.00435676 -0.00331826 -0.00215927 -0.00047803 -0.00238609
 -0.00652827 -0.00011181 -0.00390396 -0.00140146
202263	-0.00515649 -0.005106    0.00010449  0.00126222  0.00139383  0.00120976
 -0.00875871  0.00787549 -0.00338102 -0.00313835
383516	-0.00032743  0.00603932 -0.00676981  0.00223996  0.00268235  0.00024112
  0.0002095  -0.00090678  0.00191525  0.01065876
457245	-0.00429585 -0.00350076  0.00308907 -0.0114613  -0.00721615 -0.00040575
  0.00946534 -0.00111206  0.00370765 -0.00496157
532511	 0.00134926 -0.0059001  -0.00144898  0.00506958  0.00663584 -0.00287823
 -0.0021161   0.00563643  0.0059543   0.00774652
528421	-0.00468651  0.0054128  -0.01069908 -0.00706805  0.00880631  0.00110498
 -0.00120617  0.00090679  0.00189383 -0.00526471
531494	 0.00058261  0.00439003 -0.00147265  0.00073285  0.00582137 -0.00089452
 -0.0003288  -0.0035888  -0.00157984  0.00579124
200743	 0.00094586  0.00443217 -0.00524941  0.00032246 -0.00765294 -0.00143932
  0.0019949   0.00240665  0.00086558  0.00162683
232490	 0.00644026 -0.00204061  0.00577007 -0.00941272 -0.00930241 -0.00321904
 -0.01335744 -0.00026093  0.00110413  0.00504615
392370	-0.00172335  0.0026347  -0.01631521 -0.00465765 -0.00511802  0.00797861
 -0.0070473   0.00200863 -0.00305554  0.01259523
351284	-0.00301144 -0.00284109  0.0039751  -0.0052864   0.00268419  0.00396527
 -0.00224456 -0.00724138 -0.00507511  0.0065085 
209461	 0.00329255  0.0029877  -0.00251747  0.00702546  0.0066074   0.01458914
 -0.002617   -0.00582186 -0.00144634  0.01522657
157754	 0.00120066  0.00387092 -0.00828092  0.00191978  0.00111924  0.01015139
 -0.00964023 -0.00362859 -0.00488031  0.00229821
56387	-0.00217715  0.00176721 -0.00318043 -0.00521881 -0.00308722 -0.00131369
 -0.00874426  0.00363302  0.00080624  0.00793633
138318	-0.00152681  0.00563244 -0.00332746 -0.00293362 -0.00156012 -0.00080496
 -0.00075992 -0.00292532  0.00065952  0.00989281
396879	 0.00450097 -0.00928166 -0.00828917  0.00938315 -0.00677742 -0.00092907
 -0.00251442 -0.00621791 -0.00189629 -0.00021269
187475	 0.00406407  0.00277019 -0.00264557  0.00810833  0.00099669 -0.00240014
 -0.00989873 -0.00401729 -0.00336238  0.00786718
98902	 0.00452862 -0.00303591 -0.00349237  0.00604088 -0.00406529  0.00248048
 -0.00242537  0.00770325 -0.00235806  0.00679467
225881	 0.00345365  0.0018099  -0.00267409  0.000882   -0.00881325  0.00387144
 -0.0010246  -0.00487998 -0.00338108 -0.00194318
440414	-0.00386008  0.00095007 -0.00534306 -0.00244891  0.00254103  0.00680211
 -0.00120338 -0.00389272 -0.00229911  0.00746845
320609	 3.0075135e-03  1.6900434e-03 -4.2130807e-03 -4.0860791e-03
  3.2361613e-03  3.5991783e-05  1.3259583e-03  5.4134461e-03
 -3.4030769e-03  3.7503734e-03
205415	-0.00100126  0.00378042  0.00634398  0.0009413   0.0028954   0.02102453
 -0.00065    -0.00120317  0.00010453  0.00228189
277096	-5.3047901e-04  1.3538745e-03 -7.3306623e-04 -4.7532242e-04
 -5.6625190e-03 -1.2430219e-03 -3.6218047e-05  8.7213814e-03
 -5.1121460e-03 -8.0424256e-04
233076	 0.00985277  0.00046335 -0.012296    0.00107867  0.00858075  0.00493837
 -0.0098225  -0.00170085 -0.00133641  0.00148757
315004	 2.2655476e-03  1.9260247e-03  4.3585632e-04 -4.7598286e-03
  1.0639837e-03  3.4708246e-03  6.6121868e-03  6.0715654e-04
  5.9204474e-05 -1.3607922e-03
180861	 0.00020241  0.00183822 -0.00581254 -0.00804698 -0.00133706 -0.00464728
 -0.00208101 -0.0080719  -0.00025264  0.00509084
309886	-0.00318215 -0.0110657  -0.01412337  0.00238826  0.00938294 -0.00199327
  0.02686895  0.01256063 -0.00154033  0.00386274
387201	-0.00030552  0.00869983 -0.00069369  0.00043706  0.00414994  0.00487842
 -0.00199367  0.00207904 -0.00323337  0.00192703
429187	 0.00013478  0.00076988 -0.00363818 -0.00475806 -0.00073739 -0.00352937
 -0.0018382   0.00482699  0.00072293  0.00445225
541318	-0.00531854  0.00992104  0.00412655  0.0014815   0.00265173 -0.00649044
  0.00015391  0.00320335  0.00227097  0.00504951
247437	-0.00372615  0.00370382  0.00028072 -0.00286516  0.00438605  0.00066165
  0.00382183 -0.00324597  0.00509858  0.00538924
374944	-0.00708151  0.00203008  0.00225225 -0.00382627 -0.01224251 -0.00477319
 -0.00447961  0.006338   -0.00422332  0.00598222
186530	-0.00700622  0.01077834 -0.00075182 -0.00478126  0.00103339 -0.00515809
  0.00202272  0.00657143 -0.00221927  0.00707911
182727	 0.00127028  0.00201205 -0.00089437  0.00575454  0.00045937 -0.00232045
  0.00285595  0.00248546 -0.00359925  0.00236918
381106	-0.00706161  0.00238986  0.00879405 -0.0072973   0.00134847 -0.00324704
  0.00275108 -0.00085497 -0.01462307  0.01264181
75959	-0.00533099 -0.00059959 -0.00275801 -0.00142896  0.00058639  0.00393453
 -0.00094582 -0.00116781 -0.00257207  0.0030008 
379423	 0.01279762 -0.01147332 -0.0062465   0.00222196  0.00246438 -0.00337859
 -0.00821292 -0.00656806 -0.01009749  0.02228743
272579	 0.00823465  0.00860525  0.01241217  0.01299329  0.00034652 -0.01375087
  0.00936077 -0.00300345 -0.00194578 -0.00024176
366788	-0.00205237  0.00140592 -0.0030754  -0.00193176 -0.00149142 -0.00215208
  0.00043661  0.00407193 -0.00635447  0.00281869
122054	-0.00068805  0.00279465  0.00125011 -0.00080835 -0.00325669  0.00564785
 -0.01306989  0.00017724 -0.0039294   0.00872681
490698	-0.00269153  0.00017715 -0.00116692 -0.00021979  0.00653849 -0.00108453
 -0.00177273  0.00343342  0.0009946  -0.00503918
366795	-0.00205237  0.00140592 -0.0030754  -0.00193176 -0.00149142 -0.00215208
  0.00043661  0.00407193 -0.00635447  0.00281869
165071	-0.0087396  -0.00324883 -0.00532766  0.00568047 -0.00927989 -0.00694019
 -0.00232077  0.01002513  0.00037281  0.00978684
248023	-0.00381264  0.00017419  0.00195337  0.00149347  0.00274785 -0.00187769
  0.00671641  0.00137039  0.00090033  0.00219928
188710	-0.00696685  0.00256467 -0.01088388  0.00234107 -0.00190721  0.00042739
 -0.00817195  0.00742928 -0.00422545  0.01364178
211174	-0.00141622 -0.00487454 -0.00326024 -0.00332015 -0.01024818 -0.00355767
 -0.00839459 -0.00733785  0.00017912 -0.00424495
409843	-0.00547304  0.01004435 -0.00174612  0.00160868 -0.00636395 -0.00473192
 -0.00610176  0.00276254 -0.00192625 -0.00208682
552185	-0.00425302  0.00209891  0.0025171   0.00113006 -0.0057556  -0.00036851
 -0.00024115  0.00614876  0.00535544  0.00376483
283389	-0.00472094  0.01193879 -0.00981743 -0.00075334 -0.00477727 -0.00622584
  0.00838208  0.00574269 -0.00886007  0.00726643
299776	-0.00653339 -0.00653027  0.00921828 -0.00057217  0.00660507 -0.00118567
 -0.01118719  0.01107967  0.00224535 -0.00185924
560403	 0.00611375 -0.01063028  0.00376579 -0.004563   -0.00683407 -0.00861747
 -0.00568161  0.00703671 -0.00744025  0.00080829
425237	-0.00051193  0.00213943  0.00246848 -0.00089156 -0.0014303  -0.00601123
  0.00285249 -0.00429617 -0.00121321 -0.00140515
96546	-0.00376958  0.00251211  0.00344007  0.00150855 -0.00216174  0.00459949
 -0.0033502   0.00382887 -0.00179317  0.00272735
548486	-0.00867764 -0.00298273 -0.01697025 -0.00018427 -0.00174227  0.00039523
 -0.01038455 -0.008314   -0.00777534  0.00458746
302374	 2.8452144e-03 -6.2761648e-04 -1.4473445e-03 -8.8004810e-05
  2.5944549e-03 -2.0827153e-03 -2.8019813e-03 -2.8765891e-04
 -6.7589292e-03  3.2071050e-03
126252	 0.00425819 -0.00692603  0.00144376 -0.01470769 -0.00503202 -0.01093761
  0.00235898  0.00502823 -0.00514298  0.0015175 
439087	 0.00210811  0.00551021 -0.00796695 -0.00389615 -0.00450292 -0.00272956
 -0.00156332 -0.00328696  0.00055789 -0.00563051
552244	-3.3900246e-03  8.4535042e-03  2.9920929e-03 -1.4026236e-05
 -2.4752656e-03 -3.0685416e-03  6.8535800e-03  7.3198108e-03
 -1.4615314e-04 -3.5844391e-04
462133	-6.9761059e-05 -6.2909076e-04 -5.3413631e-03  2.5045432e-03
  1.4891347e-03 -1.8430667e-03  2.7133445e-03  3.3080138e-03
 -1.1973510e-03  2.7628620e-03
103735	 0.00404795  0.00591877 -0.00353076 -0.00100193 -0.0007688   0.01088203
 -0.00969404  0.00265492  0.00666211  0.00844572
507204	-0.00856555 -0.00012925 -0.0086336  -0.00117975  0.0012603   0.00215849
  0.00200432 -0.00131442 -0.00478758  0.00706659
212810	 0.00151948  0.00019327 -0.00436002  0.0032074  -0.0020829   0.00068908
 -0.00055434  0.00606147 -0.00157434  0.0049026 
344912	-1.5329701e-03 -3.9037620e-04  8.1038561e-05 -3.5995375e-03
  4.3479344e-03 -3.3944966e-03 -5.4308731e-04  1.0542893e-03
 -1.4750350e-03  2.2616528e-03
372564	-0.00641652  0.00332464  0.00137569 -0.00075797 -0.00157176 -0.00140439
 -0.00357764  0.00630425 -0.00493206  0.01348494
350552	-0.00360534  0.00322759 -0.00508097  0.00928998 -0.00300929 -0.00340182
 -0.00064385  0.00247706 -0.00528157  0.00266816
496987	 0.00614295 -0.01092887  0.01202512  0.00542776 -0.00445041  0.01119364
 -0.01207972  0.00208987  0.00097893  0.00687723
397660	-0.01297704  0.00328642 -0.01138241 -0.00616509  0.00709111 -0.00705394
 -0.00207437 -0.00675746 -0.00756344  0.00833616
521565	 0.00055711  0.00556684  0.00313443 -0.00399601 -0.00314777 -0.00129479
 -0.00675602  0.00189962  0.00067949  0.00373934
124766	-0.0067534   0.00764588 -0.00109615 -0.00441854 -0.00438593 -0.00218082
 -0.00087106  0.00419537  0.00358395  0.00221279
132447	-0.00053489  0.00033462  0.00310406  0.01133673  0.01291348  0.00165338
  0.00173034 -0.00826138 -0.0098578   0.00209328
98658	-0.00952221  0.0094158  -0.00584362 -0.0027983  -0.00734742  0.00130846
 -0.00057393 -0.00302391 -0.01215314  0.02652491
484208	-5.4950626e-03  1.0188950e-03 -8.2798535e-03 -6.6940105e-03
  9.6096219e-03  6.0945181e-03  5.2949428e-03  3.2930027e-03
 -8.4811887e-05 -1.3298648e-03
536433	 0.00336841  0.01291877 -0.00536275 -0.00889886 -0.0024174  -0.00198715
 -0.01246564  0.00167445 -0.01159457  0.00737588
340854	-0.00138462  0.00954768 -0.00662029 -0.01010768 -0.0035606  -0.00466223
 -0.00034579  0.00290086  0.0051166   0.01187584
71037	-0.00084742  0.00669236 -0.00496017 -0.0025352  -0.00658256 -0.0023894
  0.00248944  0.00348147 -0.00072569  0.004141  
192387	 0.00380083  0.00258383  0.00209554  0.00440057  0.0047847  -0.00343096
  0.00166943  0.00157417 -0.00094888  0.0045003 
389522	 0.00593309  0.01366845  0.00045495  0.00030418 -0.00062134 -0.00362673
 -0.00300827  0.00431351 -0.00094116  0.00938944
365461	-0.00283923  0.00338283 -0.00356918  0.00421044  0.00518814  0.00145877
 -0.00199408  0.0114395  -0.00629406  0.00202684
479638	-0.00126606 -0.01115413  0.00438201 -0.000927    0.00573334 -0.00271795
  0.00457544  0.00438647 -0.00438163  0.00127719
351128	-4.7260844e-03  1.1175668e-02  1.8068186e-03  2.5799279e-03
  5.2595595e-03 -2.4292008e-03  8.5821575e-06  4.9642273e-03
  2.8625017e-03  6.2752301e-03
72092	 0.00325909  0.00479666 -0.00284919  0.00148915  0.00446988 -0.00275896
  0.00525408  0.00076407 -0.00516968  0.0001766 
306078	 0.00641787 -0.00329985 -0.00379264 -0.00144774 -0.00826902  0.00485725
 -0.00760621 -0.00314303 -0.00603912  0.00297264
111519	 0.00385872  0.00112436  0.00145093 -0.00098405 -0.00173538 -0.0005764
 -0.00373173 -0.00119198 -0.0091869   0.00421764
54688	 0.00326125  0.00551841  0.00178259 -0.00034911 -0.00526185 -0.00054635
  0.00293702 -0.00449955 -0.00503507 -0.00802443
137634	-0.00184538 -0.00349626  0.00126063  0.00598988  0.00663981 -0.00478123
  0.00185559 -0.0018073  -0.00209659  0.01057902
407459	 0.00351078  0.00292813 -0.00382098 -0.00103072  0.0039563   0.00648838
 -0.00046937  0.00480682 -0.01096034 -0.00151402
373671	-0.00695198  0.00234775 -0.00222821  0.00087747 -0.00141908 -0.00083546
 -0.0045874   0.00422961  0.00255919  0.00700211
108975	 0.00702848 -0.0006595  -0.00554934 -0.00416104  0.00044081  0.00440385
  0.00639091 -0.00057716 -0.00269595  0.00671392
143795	 0.00318257  0.00850285 -0.00177455  0.00240876  0.00770722  0.00147272
 -0.00066609 -0.00679812 -0.00323907  0.00336248
188064	-0.00465808  0.00367855 -0.01100017 -0.00864035 -0.00921761 -0.0038514
  0.00182627  0.00488705 -0.00055748  0.01132478
176070	-0.00641957  0.00039729 -0.00336526 -0.00108229  0.00054171 -0.00090269
  0.00012912  0.00743386 -0.00404781  0.00835993
453063	-0.00940072  0.01123817  0.01223333 -0.00050043 -0.00032933 -0.00578748
  0.00518686  0.00033327 -0.01162359  0.00619967
256162	 0.01136184  0.00351766  0.00401262 -0.00280878  0.00030993 -0.00414058
  0.00447823 -0.01158822 -0.0007841   0.00301386
416718	-0.00641785  0.00050844 -0.00471211  0.00838279 -0.00235088 -0.00494837
 -0.00460946 -0.0068345  -0.00528463  0.00922652
145360	 0.00024224  0.00144158 -0.00090758  0.00216777  0.00723178 -0.00432848
 -0.00143905  0.0021993   0.00054712  0.00522265
546259	-0.01115097  0.00868537  0.00620674  0.00672073  0.0048969   0.00701444
  0.00773102 -0.00337923 -0.00978772  0.00799377
382543	-0.00831029  0.00354555 -0.00195787  0.00781775 -0.0102273  -0.00656307
 -0.00215803  0.00959233  0.00420031  0.0075667 
460781	 0.01443545 -0.00045834 -0.02210984 -0.00597534 -0.00545181  0.00233374
 -0.02237881  0.00145243 -0.01239167  0.00415646
265714	-0.00428966  0.00230106 -0.0084688  -0.0030142   0.0016804  -0.00788802
 -0.00510538  0.00533631  0.0004183   0.01217028
