195588	 0.00136211  0.00263118 -0.00508286 -0.0056454  -0.00271185 -0.00976845
  0.0002547   0.00016263  0.00094974  0.00238552
525833	 0.00093511  0.00504048 -0.00773103 -0.00616944 -0.01730559 -0.00013524
 -0.00836493  0.00459121 -0.00234573  0.00293747
31764	 0.01045867 -0.00078159  0.00833133 -0.00444732  0.00447524 -0.00405634
 -0.00209925  0.00051224 -0.00013384  0.00309274
536612	-0.00372414  0.00203018  0.00707642 -0.00702811  0.00396241 -0.00452956
  0.00013215  0.00731674  0.00642658  0.0034697 
389669	 0.00216035  0.0061101   0.00142836  0.00091859  0.00173824  0.00087496
 -0.0047381   0.00397851  0.00048857  0.00093978
530473	 0.00303325 -0.00415203 -0.00207134  0.00369552  0.00422287 -0.00453672
 -0.00134105  0.00091626  0.00762766  0.00696209
431658	 0.005392   -0.00134277  0.00220648  0.00475045 -0.00280996  0.00016728
 -0.00164037  0.0092395  -0.00740049  0.00795904
330294	 0.01307392  0.00214643 -0.0042144  -0.00797809  0.01023432  0.0044023
 -0.00423944  0.00253717  0.00243273  0.00698799
349243	-0.00785542  0.00909716 -0.00431367 -0.00357577 -0.00233001  0.00052558
  0.00282288 -0.0095643   0.00361379 -0.00127102
431677	-0.00687523 -0.0030726   0.00116829 -0.00349647  0.00337611  0.00527485
 -0.00675184 -0.00180145  0.00850421  0.01063946
98373	 0.01156394  0.00101314 -0.01235014  0.00103809  0.0028227  -0.00252213
 -0.00770478  0.0009663  -0.00408463 -0.00490591
193095	 0.01235677 -0.00591814 -0.00523515 -0.01977126 -0.00714339 -0.00310897
 -0.01412916  0.00251887 -0.00437419  0.01450681
491082	 0.00235198  0.00849102  0.0071308  -0.00584701 -0.00084787  0.0029251
  0.00128361 -0.00110332 -0.00331902 -0.00420434
80979	 0.00057307  0.00506412  0.00258817  0.00338932 -0.00512789 -0.00118711
  0.00058937 -0.00465704  0.00940051  0.00853451
208470	-0.0035426   0.00241417  0.01071419 -0.00688226 -0.00405685 -0.00201886
 -0.01808018  0.00238006  0.00571621 -0.00530564
380503	-0.00033351  0.00503076  0.00179619 -0.00391505 -0.00744381 -0.00658771
 -0.01201817 -0.00076114 -0.00066977  0.00306288
298079	 0.0054514  -0.00145725  0.00207903  0.00138995 -0.00228994 -0.00319951
 -0.009167   -0.00468491  0.00291287  0.0061587 
386157	-0.00865994  0.00587738  0.00129022 -0.00855535 -0.00199584 -0.00117889
 -0.00762192 -0.01362347 -0.00315338  0.00267117
143987	 0.01882355 -0.02933105 -0.02480214  0.00503365 -0.02155163  0.01783844
 -0.00748419 -0.00257494  0.02282506  0.000332  
47124	-3.6754686e-04 -6.7313495e-03 -8.8769756e-04 -1.1922028e-03
 -7.3684736e-05 -5.8458610e-03 -9.3809664e-03 -1.2390208e-04
  4.7981259e-03  1.8271164e-03
352378	 0.01057581 -0.00188279  0.00703229 -0.00504734  0.00926995 -0.00526135
 -0.00858838 -0.00716082  0.00763347  0.0091706 
421510	 6.2961866e-05 -1.8746679e-05 -2.9496173e-03  9.9598868e-03
  9.9051720e-04  4.2141192e-03  2.7933149e-03 -3.4715498e-03
 -8.8243810e-03 -4.4243964e-03
396942	 0.00555362 -0.00213667  0.00315687  0.00441975  0.00614924  0.00393704
 -0.00222998  0.00189411 -0.00123519  0.00555734
94357	 0.01003743 -0.00158012  0.00080418  0.00265435 -0.00048564 -0.00326918
 -0.00453823  0.00566241  0.00077508  0.00298196
541336	 0.00605148 -0.00378844 -0.0018798  -0.00095732  0.00478563  0.00364636
  0.00132482 -0.00022139  0.00121259  0.00430325
319133	 5.3017228e-03  1.1822712e-03 -5.6183822e-03 -2.6587932e-04
  1.0037727e-02  3.5301377e-06 -6.0981805e-03 -5.1175551e-03
 -2.6638985e-03  6.6348780e-03
146599	-0.00487391  0.00388971  0.00417434  0.00571802 -0.00876864  0.00488371
  0.00042066  0.00718439 -0.00400315  0.00660556
379563	 0.00132752  0.00461937 -0.00489279 -0.00868596 -0.00218724 -0.00158071
  0.00580955  0.00145881 -0.00252422  0.0093144 
433844	 0.00020265 -0.00195816 -0.00873428  0.00462656 -0.00402697  0.0116779
  0.00169753  0.0149572   0.00463143  0.0013942 
69303	 0.00123124 -0.00155809  0.00013253 -0.00386676 -0.0013326   0.00096944
 -0.00027845  0.00280249  0.0011089   0.00266965
489145	-0.00098206  0.00468346 -0.0048258  -0.00175962 -0.00090923  0.00242719
 -0.00817185  0.00578769 -0.00124383  0.00122293
254138	 0.00907067  0.00492008  0.00781079 -0.00880304  0.00025905  0.00185698
 -0.01107001  0.00471331  0.00565938 -0.00833109
272571	-0.00187375  0.0027082   0.00058027 -0.00277824  0.00222603 -0.00747905
 -0.00411064  0.00141626  0.00157805 -0.00353719
181438	-1.2230679e-03 -1.9476283e-03  3.3993493e-03 -9.7417543e-03
 -6.7161405e-03 -2.5549524e-03 -1.4722156e-03 -2.2750968e-05
  1.0516536e-03  4.7578886e-03
308930	-0.00241148  0.00082851 -0.0040356  -0.00445719  0.00112701 -0.00227199
  0.00026502  0.00414866 -0.00070383  0.00135665
90314	 0.00481289  0.00269661  0.00328339  0.00810745  0.0039762  -0.00421046
  0.00250483 -0.00329941 -0.00626449  0.00645921
544461	-0.00896299 -0.00369214 -0.00480454 -0.00391546  0.00134385  0.00216878
 -0.00553286  0.00483052 -0.01016749 -0.00202466
544476	 0.00460312 -0.00113567  0.00093134 -0.00023965  0.000804    0.00602615
 -0.00820769 -0.00085588 -0.00215975  0.00827753
237278	 0.00085979 -0.00844454 -0.00569583  0.00369926 -0.00070815 -0.00934629
 -0.00718862 -0.00851599  0.00336445  0.00264952
381156	 0.01222025 -0.00811075  0.00092993 -0.00455387  0.01603207 -0.00802371
  0.00397776  0.00317562  0.00054402 -0.00364967
213735	 0.00117071 -0.00511397 -0.00135284  0.00365914 -0.00619747  0.00173213
  0.01009997  0.00983609  0.00257878  0.00426309
330480	 0.00453771  0.00236771  0.00836118 -0.00283672 -0.00380347 -0.00513549
 -0.00232434 -0.00240235 -0.00635547  0.00459015
159476	-0.00219373  0.00369546  0.00508349  0.00267009  0.00136652  0.00596771
 -0.00092972 -0.00288694  0.01149055  0.00954523
7414	 0.00569937 -0.00292784 -0.00697536 -0.00196617 -0.00295571  0.00157037
 -0.00704429 -0.00106541 -0.00084568  0.00230018
384249	 0.00339613  0.00031592 -0.00501812 -0.00195817  0.00056575  0.00740804
 -0.00409954  0.01046899  0.00028426  0.01395609
189692	-0.00328924 -0.0091195   0.0024284  -0.00264643  0.00162698  0.01056636
  0.00403749  0.00379733  0.00358643  0.00644483
399620	 0.00501902  0.00354145  0.00066625 -0.005607    0.00557192  0.00829077
 -0.00376112  0.00723397  0.00339074 -0.00245359
519439	-0.01425326  0.00290463 -0.00920109  0.0024633   0.00495583 -0.00225685
  0.00279591  0.00118147  0.00326458  0.00960122
390929	-0.00112988 -0.0008954  -0.0014029  -0.00424704 -0.0030197  -0.001626
 -0.00277368 -0.00320355  0.00097382  0.00130056
390933	 0.00800943 -0.00043061 -0.00596918  0.00291924 -0.00755711  0.00307723
 -0.01030807  0.00086966  0.01122147  0.00736311
349974	-0.0076364   0.00371711 -0.00723626 -0.00432006  0.00023151  0.00040342
  0.00352548  0.01444715 -0.00089209 -0.00506207
123675	-0.00192545  0.00075447  0.00369016 -0.00270541  0.00804928 -0.00264474
 -0.01061256  0.00440722  0.00270076 -0.00050091
123679	 3.2962859e-04 -1.1345487e-04  3.1248867e-03 -2.0860361e-03
  8.6479327e-03 -8.4003643e-04 -3.3678520e-03  6.1091990e-03
 -4.8867250e-06 -2.2841704e-03
306977	 0.00433681  0.00167658 -0.00109909 -0.00957808  0.01074639 -0.00114962
 -0.00083737 -0.00487742  0.0049923   0.00246929
316716	 0.00685304  0.00417783 -0.0012873   0.00015889  0.00661301 -0.00582366
 -0.00272058  0.00229829  0.00222621 -0.00265794
319282	 0.00327499  0.00329148 -0.00600929 -0.00161478  0.00415916 -0.00197753
 -0.00235464 -0.00821951 -0.00288778  0.00336993
400182	 0.00722974 -0.00382199  0.00053736  0.00286155  0.00178629 -0.00278408
 -0.00065829  0.00167861 -0.0046703  -0.00204181
306999	 0.00083476  0.00613433  0.00116618 -0.00045774  0.002608    0.0011345
 -0.00683194  0.00380492 -0.00186428  0.0041841 
119109	 0.00412269 -0.00266504  0.00192115 -0.0067026  -0.00096351 -0.00586251
  0.00557398  0.00574682  0.00098345  0.00499144
396618	-0.00462237  0.0045116   0.00501866 -0.00483319 -0.00370417  0.01096422
 -0.00384828  0.01093683  0.0124991  -0.01599206
235860	-0.0045002   0.00171445  0.00053081 -0.00480879 -0.01047743 -0.00252182
 -0.00363283  0.00509303  0.00962311  0.00877037
465751	 0.01153444 -0.00632912 -0.00165671 -0.00989755  0.00502611  0.00748861
 -0.00066348  0.00803357 -0.00155845 -0.00444898
205144	 0.00262083  0.00028621 -0.00991542 -0.00193765 -0.00235265 -0.00547352
  0.00652892 -0.00284547  0.00229865  0.0030903 
403802	 3.0736868e-05 -7.6143802e-03 -2.4759136e-03  1.0265203e-03
 -4.7623576e-03  9.7514847e-03 -6.1300201e-03 -3.8445361e-03
  1.4925605e-02  5.7877232e-03
384360	-0.00804047 -0.00612753 -0.003267   -0.00134851  0.002795    0.01446574
 -0.0056074  -0.00613423 -0.00328628 -0.00109679
196458	 9.3431867e-05  5.6892121e-04  6.1906903e-04 -1.7389786e-04
  9.9833887e-03  5.4529263e-03 -7.6833912e-03  7.3658545e-03
  7.6152761e-03 -1.4007243e-03
307054	-0.0003132   0.00039253 -0.00075248  0.00072847 -0.00190669  0.00332327
 -0.00288405 -0.00057936 -0.00072712  0.00150844
310217	-0.00106055  0.00413595  0.00362023 -0.00978157  0.0075324   0.00109256
 -0.00114236 -0.0024323   0.00366411  0.00528336
54646	 0.00790994  0.00175134 -0.00214503  0.00094232  0.00041115  0.00590836
  0.00335623  0.00488368  0.00821054  0.00263182
116089	 0.00314573  0.00454847  0.00402107 -0.01424263 -0.00340408 -0.00418884
 -0.00033238  0.0050242   0.00113344  0.00408034
386426	 0.0058663   0.00157199 -0.00461023 -0.00664089  0.00607793 -0.00128779
  0.00109719  0.00782834 -0.00242179 -0.00094543
292236	 3.6047731e-04 -5.7716053e-03 -2.9314891e-03  4.5384131e-03
 -1.2553405e-04 -3.1915572e-03 -4.2960144e-04  8.9617875e-05
  9.6096256e-04  4.9198857e-03
543629	-1.0859589e-03 -3.4589339e-03 -9.4272600e-06 -6.4895405e-03
  8.9215999e-04 -3.3817899e-03  1.9834704e-04 -5.0457596e-04
 -8.8765216e-04 -1.9165158e-04
118158	-0.00581192  0.00602602  0.00427017 -0.00520817  0.0035352  -0.00243676
 -0.00233525  0.00124505  0.00228423  0.00196485
531352	 0.0006319  -0.00178704 -0.00056717  0.00585241 -0.00760132  0.00188666
 -0.00111286 -0.00159576  0.00601914 -0.00187604
459164	 0.00246444  0.00327874  0.01409311 -0.01008653 -0.00077792 -0.00733757
 -0.00685826  0.00278844 -0.01115597  0.00193499
284997	 0.01012289 -0.00337499 -0.00504666  0.01305885 -0.00477867  0.0083898
  0.0005497   0.00135996 -0.00058358  0.00494521
373164	 0.00895429  0.00711499  0.00299875  0.00099409 -0.00117694  0.00244578
  0.00217016 -0.00305102 -0.0001807   0.0026902 
431773	-6.9626519e-03  3.4085072e-03  5.0699546e-05 -2.3250736e-02
  3.4802568e-03 -7.0699415e-04 -2.0741043e-03  3.3711460e-03
 -1.3083104e-03  2.9249249e-03
167863	 0.00800226  0.00368246  0.01062338 -0.01452525 -0.0014561  -0.00754385
 -0.00497955 -0.00552283 -0.00349756  0.00311337
408505	-0.01075562 -0.00263784 -0.00244954  0.00776259  0.00388268 -0.00107889
 -0.00695912  0.01118236  0.00106189 -0.00310781
303548	 0.00144529  0.00950857  0.00303342 -0.00897664  0.00893982 -0.00643836
 -0.00743509  0.00363444  0.00054845  0.00517586
352713	 0.00417338  0.00459935  0.00052443  0.00606474 -0.00043819 -0.00107176
 -0.00134774  0.01061178  0.0045351   0.00544101
443344	 0.00498703 -0.0031586   0.00165432  0.00018846  0.00380826  0.00086401
 -0.0120984   0.00803431 -0.00084555  0.00344712
151514	 0.00157192 -0.00372125 -0.00280195  0.00256903 -0.00641532 -0.00863255
  0.01229114  0.00067254 -0.01397798  0.0073745 
302044	 0.00544717  0.00024266  0.00059788  0.00369083  0.00235994 -0.00476546
 -0.00698524  0.00278288  0.0010424   0.00595206
558557	 0.00598833 -0.00513554  0.00220695 -0.0015675   0.01232897  0.00581541
 -0.00113626 -0.00295069  0.00281242  0.00827798
314339	 0.00497661  0.00481143  0.00182686 -0.00156368  0.01131217 -0.00107514
 -0.00492455 -0.00165011  0.00135148  0.00618711
379878	 0.01911568 -0.00926981 -0.01446955  0.00307805 -0.0002695   0.0053224
 -0.01635905 -0.0023532   0.0115588   0.00791488
92140	 0.005326    0.00378357  0.00020797  0.00545601 -0.00260073  0.00323374
 -0.00516122 -0.00355392 -0.00204601 -0.00467917
360429	-0.00343104  0.00154459 -0.00257911 -0.00041676 -0.01260689  0.00232856
 -0.00930553  0.00851169  0.00627198 -0.00174299
144880	 8.0761602e-05 -6.8593370e-03  1.7267782e-03  4.6787197e-03
  1.5663229e-03  9.2517762e-03 -3.4796586e-03  3.7156520e-04
  3.3299003e-03  7.8443438e-03
88053	-0.00362323 -0.00313821  0.00314982  0.00153799  0.00370882 -0.00081162
 -0.00215905  0.00772546  0.00249884  0.00072656
288249	 0.00288218  0.00192005  0.00028999  0.00165224  0.01169942  0.00552607
 -0.00043757  0.00368521  0.00493471 -0.0002742 
307707	 0.0111921   0.00768834 -0.00140511 -0.00355482 -0.00577666 -0.00450789
 -0.00482062  0.00118381  0.00129793  0.00535411
525309	 0.007469    0.00032166 -0.00269128 -0.01121307  0.01476261  0.01617032
  0.00113171  0.01432855 -0.01009882  0.00656751
