389632	-0.00320873  0.00038901 -0.00963396 -0.00829452  0.00269005 -0.00557583
 -0.00445345  0.00115288 -0.00666277  0.00582853
440324	 1.3569725e-02 -4.6171010e-03 -3.6124725e-02 -1.1934747e-02
 -1.7760158e-02 -1.3522267e-02 -1.2417067e-02 -4.3087985e-05
  3.5059231e-03  2.5657775e-02
374282	 2.1929191e-03  3.0139331e-03  1.5845614e-03  6.5226188e-05
  1.4901202e-03 -1.0613975e-02 -2.1578808e-04 -4.6559614e-03
  9.7026168e-05  1.9624413e-03
29201	-0.0019852   0.01226812  0.00020537 -0.00285079  0.00555092 -0.00514657
 -0.00369652  0.00037341 -0.00395499  0.00384299
130597	-0.00180672 -0.00030179 -0.00306653  0.00068462  0.0031441   0.00065886
  0.00536234  0.00174244 -0.00731782 -0.00259533
87592	-0.0019068   0.01129881  0.00318744  0.00155107  0.00932641 -0.00128644
 -0.00171409 -0.00105879  0.00197748 -0.00395234
82985	-0.00312251 -0.00495819  0.00040251  0.0031005   0.00860269 -0.0029313
 -0.00168265  0.00348378 -0.00257248  0.00872049
215596	-0.00474775  0.01170655 -0.01246322  0.00133355 -0.00544081 -0.01057576
 -0.007183    0.00103987 -0.00209625  0.00587422
54320	-1.00403782e-02 -3.30176158e-03 -8.47679283e-03 -9.65252426e-03
  7.13013066e-03  1.98526913e-03  5.41011505e-05 -7.33814959e-04
  2.36215116e-03  1.05426535e-02
324147	-0.00015714  0.00263798 -0.00508797 -0.00112288  0.00227097 -0.00302388
 -0.00755143  0.0034784  -0.00060999  0.00295847
204341	-0.00377221  0.00624285 -0.00150666  0.00493659  0.00137281  0.00069253
 -0.00291042  0.0018064  -0.0057041   0.00141205
397878	 0.00336845  0.00412734  0.00251482 -0.00544783  0.00251641  0.00338879
 -0.00581263 -0.01029049 -0.01107657  0.00061319
165949	-0.00987548  0.00492233 -0.01248716  0.00885975  0.02423271 -0.00116629
  0.00084678 -0.0078964   0.00370073  0.03353795
374336	 0.00523839  0.00690362  0.00040232 -0.01232011  0.0074057  -0.01006391
 -0.00544978 -0.01117191 -0.0051535   0.00501782
110661	-0.00379635 -0.00610932 -0.00982956  0.01206815 -0.00834908 -0.00138453
 -0.00446662 -0.00406092  0.00589632 -0.00131348
241734	-0.0025981   0.00042186 -0.00623007  0.00480143 -0.0009312  -0.00017372
 -0.01569781 -0.00078677  0.003148    0.01076106
579149	-0.00265428  0.00620887 -0.00126105 -0.0027258  -0.00491153 -0.00985506
  0.00182621  0.00220096 -0.00067216  0.00026863
117847	-0.00671    -0.00323503 -0.004466    0.01959144  0.00431425 -0.01040945
 -0.00287402 -0.00708781  0.00096248 -0.01833937
38489	 0.00023338  0.01388643 -0.01786162  0.0102478   0.00113411  0.01307245
  0.01252994 -0.01522518 -0.00954693  0.00301127
55900	-0.00311538 -0.00014206 -0.00216964  0.0090105  -0.0035336  -0.00014676
  0.00032402 -0.00186358 -0.00203715  0.00683342
210530	-9.7910007e-03  1.4280214e-02 -1.0615511e-02  1.9443789e-03
 -6.1448803e-04  9.4802445e-03 -1.5228115e-03 -5.5520269e-03
  1.2130903e-03 -7.5586315e-05
555619	-0.00065308  0.00382148 -0.00731323 -0.00119599  0.0019503   0.00033427
  0.00147445 -0.00241622 -0.00126618  0.00289156
80998	-0.00511395 -0.00126088 -0.0044495  -0.00057268  0.00665034 -0.00216062
 -0.00737633 -0.00424419 -0.01417631 -0.00055119
275054	-0.00013266  0.00248876 -0.01110483 -0.00636685 -0.00043556 -0.00392274
  0.00388281  0.00997941 -0.00572357  0.00809557
383607	 0.00087614  0.00653106 -0.00289979 -0.00399252  0.00331887  0.00043072
  0.00248539  0.00137344  0.00014319  0.00088643
172175	-0.00510234 -0.00512422 -0.01844847  0.01687186  0.00357349 -0.00369702
  0.0010592   0.00465792 -0.00728113  0.00575097
509586	-0.00402466  0.00666614 -0.00445587 -0.00459395  0.00419    -0.00049697
 -0.00151409  0.00363518 -0.00449138  0.00038549
40597	-0.007051    0.00166112 -0.00493672 -0.00232271 -0.0009993  -0.00660309
 -0.00052266  0.00019383  0.00053801  0.00049498
94887	-0.00182015  0.00157183 -0.00209533 -0.00733041  0.00148134  0.00316792
  0.00714658 -0.00842889 -0.00533593  0.00652524
412334	 0.00287223 -0.00026329 -0.00445073 -0.00072319  0.00915301 -0.01179991
 -0.00364263 -0.00021858 -0.00825362  0.00648791
247473	-0.00835927  0.00431778  0.00515224 -0.00371063  0.00704044 -0.01527195
  0.02899909  0.0031122  -0.01175348 -0.00248651
384371	-0.00413205  0.00391966 -0.00160725 -0.00098038  0.00294701 -0.00318467
  0.00087476 -0.00166006 -0.00441487  0.00669173
325814	-0.00232831  0.00465478 -0.00284899 -0.0018751  -0.00186853  0.00217908
 -0.00895004  0.00682683 -0.00257976  0.00203667
278203	-0.00370595 -0.00653839  0.00170796  0.0062038   0.00828678 -0.00478309
 -0.00433834  0.0033239  -0.00169023  0.00989637
278204	-5.5342742e-05 -5.4152180e-03  1.0046769e-03  4.2240932e-03
  5.2690199e-03 -7.8071570e-03 -2.3604359e-03  9.8044320e-04
  1.1298690e-03  7.7968594e-03
80573	 0.00868342  0.00316947 -0.00843303 -0.00142062  0.00448025 -0.00336746
 -0.00039344 -0.00048195 -0.00834028  0.0091438 
252640	-0.00851294  0.00534916  0.00281794 -0.00181675 -0.00437748  0.00190013
 -0.00211827  0.00957239 -0.00254837 -0.00162978
437346	-0.00435494 -0.00249033 -0.00344093 -0.00252702 -0.00161983 -0.00909211
 -0.0035168  -0.00018921 -0.00619294  0.00298892
252646	 0.00223534 -0.00257566 -0.00273897  0.00752088  0.00072152 -0.00653952
 -0.00568926 -0.00249129 -0.00152427  0.00211262
363752	-0.00173765  0.00719647 -0.00289044  0.00109864  0.0037175   0.00288245
  0.00178864 -0.00129222  0.00240393  0.0113568 
205033	 0.00118071  0.00654913 -0.00678037 -0.00506035  0.01062273 -0.00061305
 -0.00393321  0.00193984  0.00399527  0.00207743
315118	 4.1778223e-03  9.1058412e-04 -6.8130465e-03 -4.4626179e-03
  1.7873906e-03 -6.0567523e-05 -7.6718172e-03  5.1908698e-03
 -3.0978352e-03  3.5670882e-03
330480	-1.1429830e-02  1.2166863e-03 -9.2020957e-03  8.9520454e-06
 -6.8331364e-04 -2.9220185e-03  2.2212518e-03 -1.6290159e-03
 -7.4498020e-03  6.6778855e-03
208625	-0.00513383  0.0001716  -0.00211058  0.00371524  0.0018985   0.00307945
  0.00641191  0.001778    0.00157871  0.00140758
197365	-0.00676773  0.00191572 -0.00906559  0.00420856  0.00984966 -0.01009204
 -0.00343068 -0.00201474 -0.00413873  0.00605829
206588	-0.00091347  0.00290538 -0.00534993  0.00090633 -0.0025265  -0.0061112
  0.00467294 -0.00218263 -0.00232665  0.00894347
372484	-0.01706543  0.00549134 -0.01454793 -0.00186619  0.01522876 -0.00538923
  0.00347221 -0.00601565 -0.00489393  0.00434783
276742	-0.00281734  0.0044722   0.00181067 -0.00624132 -0.0077328  -0.00593677
 -0.00257878  0.00440973 -0.00405126 -0.00054469
319471	 0.00066833  0.00039456 -0.00623015 -0.00320793  0.00297912 -0.00417928
 -0.0093902   0.00373373 -0.00108984  0.00551587
278284	-0.003002   -0.00205489 -0.00062711  0.00425613  0.00419914 -0.0081334
 -0.00011034  0.00132781 -0.00297283  0.00587285
514319	 1.30155531e-03  1.20118745e-02 -5.63380963e-05 -9.42882709e-03
  2.79976055e-03 -4.78213141e-03  3.87851172e-03 -5.89420786e-03
 -2.06311073e-04 -9.78100812e-04
255249	 0.01345001  0.00252754  0.00092881  0.00938486  0.00087363 -0.00633729
  0.00039859  0.00675576 -0.0203324  -0.00112033
457490	-0.00885089 -0.00520045 -0.0031665   0.00208421 -0.00102438 -0.00854843
 -0.00378853 -0.00410926  0.00140108 -0.0028033 
313122	-0.00092427  0.00325899 -0.00706723 -0.0013955  -0.00219643 -0.00012087
 -0.00391107  0.00342784 -0.00563912  0.0057601 
480050	-0.01946712  0.00459389 -0.01526012  0.00545725 -0.0005098  -0.00070364
  0.01455819 -0.0027036  -0.0154524   0.00123971
538422	-0.00339392 -0.00360076  0.00224474  0.0024774   0.00603995 -0.00142848
 -0.00547009  0.00258984 -0.00485886  0.00441099
514872	-0.00348063  0.00965206  0.00110057  0.00355116 -0.00067761 -0.00536339
  0.00301003  0.00071594 -0.00855856  0.00590457
233277	-2.8726931e-03 -8.7551624e-03 -1.3973829e-02 -2.9837174e-05
  9.0279728e-03 -6.7201788e-03  9.2566395e-03  4.7577219e-04
 -1.0081235e-02  1.6082210e-02
59198	 0.003972    0.00377632  0.0051143  -0.00217287  0.00433747 -0.0045198
  0.00478083  0.00336154  0.00284182 -0.00025366
61759	-0.00419276  0.00982921 -0.01165437  0.0025735   0.01090011 -0.00262296
  0.00222764  0.00118619 -0.00034242  0.00286181
290125	-4.5857695e-03  4.6390570e-03 -2.1910949e-03  4.6799844e-03
 -1.5439256e-03 -1.4346195e-03  1.8046658e-03  5.0552678e-04
  1.3821703e-05  4.0524378e-03
315729	 0.00478229  0.00175787 -0.0068374  -0.00249382 -0.00017367  0.00226803
 -0.00607474  0.00387568 -0.00286099  0.00411318
55123	-1.00403782e-02 -3.30176158e-03 -8.47679283e-03 -9.65252426e-03
  7.13013066e-03  1.98526913e-03  5.41011505e-05 -7.33814959e-04
  2.36215116e-03  1.05426535e-02
525141	-0.00589423 -0.00515021  0.00299234  0.00539149  0.0082586  -0.00742684
 -0.00567548  0.01050473 -0.00431791  0.01184399
163161	-0.00617992  0.0071192  -0.00743348  0.00437461  0.00248634 -0.00725574
 -0.00755635  0.00662696  0.00342031  0.0023667 
192354	-0.00532523  0.00057891 -0.00170306 -0.00048668  0.00353301  0.00018144
 -0.00375499 -0.00647955 -0.00266934  0.00322562
501137	 0.00198138  0.0046096  -0.00546142 -0.00423183  0.00391808 -0.0039805
 -0.00515781 -0.00230803 -0.0070447   0.01411939
384362	 0.00457986  0.010578   -0.0082922  -0.00173491  0.00803692  0.00174142
 -0.00146683 -0.00204946 -0.00587233  0.00421202
278384	-0.00165779 -0.00532683  0.00100656  0.00331157  0.00438064 -0.00816219
 -0.00258656  0.00226455 -0.00069418  0.00885365
422771	 0.00354294  0.00497039  0.00531808 -0.00288436 -0.00437887 -0.01212914
 -0.00367717  0.00932407  0.00358418  0.0003932 
116088	-0.00431254  0.00136935 -0.0101753   0.00552181 -0.00538059  0.00449168
 -0.0008774  -0.00316312 -0.00304542  0.00469459
259964	-0.00250044 -0.00072126 -0.00086744  0.00759241  0.00660608 -0.00122208
  0.00302774 -0.00198303 -0.00101912  0.00222454
189418	-1.0486624e-02  2.8672602e-03  7.9631675e-03  2.6111818e-05
  2.8200272e-02 -1.0392265e-02 -4.5996476e-03 -1.1252779e-02
 -1.0540993e-03  5.2526672e-03
463230	-0.00678052  0.01176587  0.00186651 -0.00961105  0.00455869 -0.00503392
  0.00162388  0.00256252  0.00176839  0.00135693
130197	-0.00715983  0.00412373  0.0050765   0.00529773  0.00214703 -0.00337992
  0.00519391  0.00458777 -0.00145536  0.00562623
331648	-0.00408388  0.00512382 -0.00606944  0.00489059  0.00291503 -0.00853119
 -0.00130508  0.00299254 -0.0065416   0.00269321
30784	-0.00595648 -0.00232229  0.00028721  0.0021528   0.00752814 -0.00474012
 -0.00455283  0.00541782 -0.00042777  0.00657714
141192	-0.00316294 -0.00035167  0.00413022 -0.00048522  0.00728551 -0.00670457
 -0.00136568 -0.00421934 -0.00340578  0.00150808
380812	 0.00334055  0.00784651 -0.00583354  0.00161642  0.00856889  0.00372873
 -0.00755596 -0.00536469 -0.00227413  0.00889004
430481	 0.00510667  0.00302509 -0.00880164  0.00173396  0.00299746  0.00434023
 -0.00771786 -0.00292796 -0.00459203  0.00819958
116123	-0.0002386   0.00135643 -0.0059773  -0.00131116 -0.00484627 -0.00506884
  0.00139539 -0.00270018 -0.00679654  0.00318198
218734	-0.00943624  0.00772833  0.00517001  0.00980662 -0.0006783   0.00217002
 -0.00916894  0.00369675 -0.00247999 -0.0015303 
480674	-0.00288258 -0.00153547  0.00302527  0.00821121  0.00271294  0.00536968
  0.00203197  0.00347033 -0.0035368   0.0075045 
159473	-0.00319693  0.00146056 -0.0005133   0.00548021  0.00312402  0.00032578
 -0.00189909  0.00182669 -0.00847755  0.00865783
460716	-0.00274146  0.00116148 -0.00422318 -0.00363706  0.00745291 -0.00245702
 -0.00142329 -0.00024997  0.00124778  0.00333217
211375	 3.7747470e-03  1.6986030e-03 -1.6111728e-03  4.5962883e-03
  5.7767387e-03 -6.9069589e-05  2.2665539e-03  4.3641529e-03
 -4.5928112e-03  5.4414268e-03
278457	-0.00373587 -0.00351887  0.00160757  0.00428035  0.00626578 -0.00480987
 -0.00128435 -0.00227405 -0.00118491  0.00542525
285117	 0.00349002 -0.00374744 -0.00446273 -0.00149142  0.00243396  0.00569355
  0.00188593  0.01599364  0.00172359  0.00303216
204223	-0.00345189  0.00717413  0.00383857  0.00061422  0.00304481 -0.00324188
 -0.00457349  0.00070687 -0.00345182  0.00014697
380355	-0.01268201 -0.01119033 -0.00622307  0.01659122  0.01915956 -0.01572927
 -0.00081487 -0.00340784 -0.00449075  0.01473906
409542	-0.00558132  0.01438222 -0.005838   -0.00262239  0.00152278 -0.00652979
  0.00276495 -0.00177808 -0.00940768  0.00231926
165879	-0.00987548  0.00492233 -0.01248716  0.00885975  0.02423271 -0.00116629
  0.00084678 -0.0078964   0.00370073  0.03353795
132045	-0.00176412  0.0029946  -0.00562601  0.00752214  0.00730136 -0.00884153
 -0.00179932 -0.00083657 -0.00380405  0.00937932
260173	-0.00261313 -0.00200981 -0.00047869  0.00275031  0.00649482 -0.00508845
 -0.00014211  0.00272429 -0.00552428  0.00636436
348124	-0.00113034  0.00195799 -0.00745475 -0.00625023  0.00393123 -0.00568654
 -0.0034101   0.00031179 -0.00724223  0.00156888
235492	 0.00442241 -0.00330042 -0.00538841 -0.004406   -0.00478036  0.00206602
 -0.00030436 -0.00180477 -0.00515675 -0.00187395
311781	-3.8583490e-05  3.2265857e-03 -7.3714746e-04  1.7155078e-03
 -9.0159527e-05 -6.1489586e-03 -2.1403697e-03  1.3142271e-03
  7.2473297e-03  2.0898234e-03
39402	-0.0090177  -0.01730486 -0.00366938  0.00479474  0.00232186 -0.00299742
  0.00487147 -0.03126193 -0.00885892 -0.00337737
127471	-0.00439525  0.00321419 -0.01191616 -0.00149012  0.00054071 -0.00089206
 -0.00269152 -0.00503249  0.0037347   0.00342417
319998	 0.00221003  0.00155511 -0.00658331 -0.00239754  0.00242563 -0.0013475
 -0.00860617  0.00281241 -0.00316602  0.00468215
259063	-0.00083326  0.00349671 -0.01042267  0.00192148  0.00455659 -0.00163046
 -0.00644923  0.0004283  -0.00557213  0.0003678 
373752	-0.00654014  0.0054955  -0.0048308   0.00556497 -0.00208474 -0.00781654
 -0.01166185 -0.0057316  -0.00584414 -0.00638445
204798	 0.00194968  0.00114714  0.01133334 -0.00539115 -0.00181595  0.00974857
 -0.00130392 -0.00474775  0.00793436 -0.00276019
