222210	 0.00365823  0.00952387 -0.00831962 -0.001462    0.00482211 -0.00310591
 -0.00293618 -0.00818119 -0.00911233  0.00207439
366085	-1.0831199e-02 -5.3586978e-03  6.5237737e-06 -1.1823088e-02
 -4.9816370e-03 -8.9814933e-03 -6.2647932e-03  2.9079481e-03
  8.8674983e-04  5.9244647e-03
484269	 0.0016927   0.00180053 -0.00873558 -0.00546085  0.00343636  0.00480486
 -0.00089963 -0.00514666  0.00165758  0.0169336 
217108	-0.00817229  0.00462415 -0.00766371 -0.002983   -0.00472669 -0.00496543
  0.00206093 -0.00434789 -0.00116919  0.00115754
125975	 0.00538409  0.0036875  -0.00256929 -0.00365418 -0.00476409 -0.00132078
  0.0035939  -0.00368069  0.00340666 -0.00608343
581147	-0.006722    0.0011413   0.00346381 -0.00095132  0.00663321  0.00096197
  0.00015837  0.01255681  0.00498384  0.00685521
453156	 0.0087341  -0.00206251  0.00345043 -0.00803524 -0.00170226  0.00892736
  0.00477442 -0.00849467  0.00084083 -0.00466091
193116	 0.00025496 -0.00180215  0.00059367  0.00098598 -0.00089518 -0.00116002
  0.00010694 -0.00160881  0.00307334  0.00936602
364078	-6.2458911e-03 -5.1703635e-03  7.3331501e-03 -2.9337549e-04
 -9.8109653e-05  2.6897902e-03 -9.0230914e-04 -6.1417450e-03
  3.3564377e-03  3.0024045e-03
46130	 1.8262136e-03 -4.8582070e-04 -3.4938229e-03 -7.0115646e-05
  5.1091943e-04  4.5290510e-03  4.2622951e-03 -4.0947124e-03
  2.7846110e-03 -2.4423311e-03
275003	-0.00107039  0.00613083 -0.00316502 -0.00098208  0.00095595  0.00091518
 -0.0051961  -0.00446756 -0.00228971  0.00149177
504899	-0.0003561   0.00684895 -0.00032671 -0.0026142  -0.00536293  0.00112788
  0.0043755  -0.01015379 -0.003522   -0.00419856
147524	-0.00142779  0.00414699 -0.00010258 -0.00172821  0.00327206  0.00590629
 -0.00201457 -0.00160008 -0.00474014 -0.0002557 
537157	-0.01045747 -0.00215026 -0.00469648  0.00360698 -0.00054015  0.00614347
 -0.00847858  0.00871281  0.00498263  0.00436673
392775	-0.00498129  0.0074298   0.00554389 -0.01081316 -0.00428926  0.00859004
 -0.00300414 -0.01178925 -0.01248408  0.00266298
389704	 5.3482214e-03 -2.4700738e-03  5.7647447e-04  9.8132034e-05
  8.4211916e-04  3.6788255e-04 -1.7514153e-03 -2.2652380e-03
  7.2300429e-03  2.9793323e-03
156249	-0.00143826  0.00681459 -0.00600489 -0.00969654 -0.01384798 -0.00032761
  0.000604   -0.00728378  0.00704396 -0.00183701
138844	-0.00166244 -0.00445952 -0.00434632  0.00692417 -0.00961862  0.00208825
 -0.00372626 -0.00711827  0.00224781 -0.00267307
536669	-3.6202576e-03  3.1940979e-03  2.2329150e-03 -2.3274443e-03
  1.9468501e-03  7.3512415e-03 -4.6274769e-03  6.7492190e-05
 -7.5047147e-03 -1.5120221e-03
497246	-0.00045807 -0.00289867  0.00048404  0.00269274  0.00268338  0.00408877
  0.00217196  0.00019384 -0.00529939  0.00103827
554513	 0.00247755 -0.00122744  0.0001319   0.00347483  0.00132515  0.00450594
  0.00064057 -0.00410703 -0.00403646  0.00307612
36462	-1.1430988e-02 -1.7083767e-03 -3.0699398e-04 -1.0285605e-02
  4.0980633e-03  5.9739798e-03 -9.4816161e-05  2.8549940e-03
  4.1663684e-03  3.0352795e-03
27250	-1.0831199e-02 -5.3586978e-03  6.5237737e-06 -1.1823088e-02
 -4.9816370e-03 -8.9814933e-03 -6.2647932e-03  2.9079481e-03
  8.8674983e-04  5.9244647e-03
150974	 0.00210012 -0.00084769 -0.00139964 -0.00608544 -0.01473178  0.00788675
  0.00090731 -0.00598915 -0.00180085  0.00432286
222845	-0.00530134  0.00625299 -0.01154667  0.00015234  0.00679142 -0.0010139
 -0.00477465 -0.00914267 -0.00621539 -0.00141341
246403	 0.00166768  0.00365503  0.00085303 -0.00054255 -0.00061408 -0.00147495
 -0.00152814  0.00023847  0.00434436  0.00080894
552068	-2.1249687e-03 -9.5709001e-05  5.0950464e-04  6.5389983e-03
 -7.4034519e-03 -2.9925036e-03  7.8698369e-03  1.4071712e-02
  3.7662983e-03  9.8764896e-05
474762	 0.00030408 -0.00437816  0.00316419 -0.00247433 -0.00818796  0.01342862
 -0.00296064  0.00149876  0.00263915 -0.00451634
494223	 0.00280489  0.00394431 -0.00135551 -0.00019726 -0.00169533  0.00780874
 -0.00105572  0.00134638  0.00917105 -0.00554306
447632	 0.00335673  0.00663107  0.00139672 -0.00366109  0.00242143  0.00326787
  0.0091016  -0.01799221  0.00099001 -0.00477996
193682	-0.00551536  0.00504644 -0.00406522  0.0029586  -0.0030637   0.00538463
 -0.00519213  0.00674109  0.00028519 -0.00513015
537239	-0.01002303  0.00603359 -0.0121233   0.00291294  0.00335656  0.01365451
 -0.00119312 -0.00158147  0.00234896  0.00554769
109208	-2.6656229e-03 -3.6577156e-03  4.4259298e-04 -4.5622527e-03
 -1.0231294e-02  1.0853537e-03  2.3796238e-06  6.1083457e-04
  5.1662717e-03 -3.0516987e-04
285337	 0.00450479  0.00087025 -0.00046699  0.00205703 -0.00046212  0.00252714
 -0.00660067  0.00457281  0.00136608 -0.00449675
392858	-0.00455551 -0.0001823  -0.00508     0.00489537  0.0030532   0.00514904
 -0.00074172 -0.00840772  0.00624685  0.00444397
27805	-2.1323408e-03  3.9564562e-03 -2.0795316e-04  4.3413853e-03
 -9.8313875e-03  1.6938519e-03  3.6461963e-03 -7.8089931e-04
  4.3025222e-05  8.1663847e-04
32416	 0.0021354  -0.00764854  0.00137064 -0.00375883  0.00396804  0.00054983
 -0.00946731 -0.00195272  0.01313617 -0.01451521
417966	 0.00908108  0.00235392  0.00103781 -0.00012587  0.00081654  0.00850903
  0.00799793  0.00595554  0.00926831  0.00046174
490671	 0.00250289 -0.01149488 -0.00570822  0.00781433 -0.0044512  -0.00218533
  0.01457139 -0.00431324 -0.00367916  0.00135403
396987	 1.3965069e-03  9.6923532e-04  1.0424719e-02 -2.6306540e-03
 -2.0155963e-03  1.3011419e-02 -6.4681489e-03 -3.8363857e-04
 -1.9747513e-05  3.0745186e-03
54462	-0.00533668  0.00931413  0.00768727  0.00528752  0.00608966 -0.01714799
  0.00097666 -0.00863209 -0.00649165  0.00025893
366453	-0.00867393  0.00398169  0.00919275  0.011046    0.00267091 -0.00163612
 -0.00762598  0.00649734 -0.00013072  0.00255478
271552	 0.00424729  0.0010303  -0.00055666 -0.00527579  0.00163659  0.00118755
 -0.00292747 -0.00949488 -0.00292906 -0.00643968
311489	 4.1349479e-03 -1.4708721e-04 -8.8449626e-04  3.6516506e-03
 -4.9579442e-03  3.4162272e-03 -1.1224733e-03 -2.7094549e-04
  7.2026206e-04 -4.9141956e-05
153547	-0.0012108   0.00074314 -0.00083996 -0.00149572 -0.00035978  0.00554669
 -0.00104302 -0.00601488  0.00225343  0.00485114
527045	 0.00275603  0.00157712 -0.00356142 -0.00570906 -0.00319098 -0.00433366
 -0.00154765  0.00038611  0.00072302  0.00112977
301776	 0.00629972  0.00025076 -0.0068448   0.00204734 -0.00724918  0.00503611
  0.01771415  0.00953509 -0.00034755 -0.00712051
276690	 0.00147232  0.00089746 -0.00359109 -0.00296706 -0.00295367  0.00216356
 -0.00280301  0.00210288  0.00221899  0.00275725
407260	-0.00093439  0.00069013 -0.00369776  0.00492562  0.0087776  -0.00414703
  0.00152489 -0.00119072  0.00285332 -0.00398997
179435	-0.00891657  0.00705804  0.00115639 -0.01159545  0.00291841  0.00054452
  0.00806294 -0.00608422  0.0083644  -0.01122195
439533	-0.00055253 -0.00082196 -0.00252531 -0.00359997 -0.00381966 -0.00235898
  0.00052086 -0.00238165  0.00211339 -0.00444063
536311	-2.2461151e-03 -6.3584819e-05 -3.0898792e-03 -2.6489870e-04
 -1.2407695e-02  2.8444792e-03  5.4363147e-03  7.7087269e-03
 -8.3614141e-03 -7.8031323e-03
138496	-1.5689903e-03  2.1458641e-03 -5.1206737e-03  7.6662963e-03
 -7.5102522e-05 -1.3290052e-03 -2.8672657e-04  6.7881104e-03
  2.3523648e-03  1.3398858e-04
425227	 0.00774623 -0.00281887 -0.01258834 -0.00721569 -0.00173356 -0.00725025
  0.0018289   0.00419296  0.00383863  0.01006529
156430	 0.00272091  0.00500223 -0.0001182  -0.00138131 -0.00186732 -0.00039443
  0.00329449 -0.00096341  0.00081849 -0.0020071 
104721	 0.00415547  0.00206521 -0.00323184  0.00918788 -0.01265845 -0.00022095
 -0.00534892 -0.00179735 -0.00254437 -0.00765071
41267	 0.00247227 -0.00695381 -0.0058835  -0.00253048 -0.00059738  0.00169748
 -0.00333121 -0.0012561   0.0012452  -0.00196388
228665	-0.00892645 -0.01300791 -0.00433979 -0.00574891  0.00958165  0.00602518
 -0.00564844  0.00214093 -0.00536814 -0.00101719
220487	 0.0042616   0.01783928  0.00150917 -0.00672905  0.0018362  -0.00334734
  0.000734   -0.01173538  0.00826925  0.00089461
423751	-4.5119687e-05  6.5781514e-04 -2.6753210e-03  2.2186853e-03
 -4.3179319e-04 -1.3944672e-03  1.8973351e-03  2.2778311e-04
 -9.5440198e-05  4.4233789e-04
536394	-2.2461151e-03 -6.3584819e-05 -3.0898792e-03 -2.6489870e-04
 -1.2407695e-02  2.8444792e-03  5.4363147e-03  7.7087269e-03
 -8.3614141e-03 -7.8031323e-03
138571	-4.0900065e-03  3.2668179e-04 -3.0812391e-03  3.1609109e-04
 -3.7849282e-03  2.4465453e-03  2.5843096e-03  3.1730899e-05
 -4.7622509e-03 -2.5299417e-03
109903	-0.00434257  0.00688717 -0.00022851  0.00257348 -0.00350737  0.00203145
 -0.00147251  0.00195489  0.00920734  0.00352077
354646	-0.00528002 -0.00143957  0.00297128 -0.00062439 -0.00149009  0.00168602
  0.00129414 -0.00652199  0.00417042  0.00494741
155993	-0.00328554 -0.00131447  0.00116905 -0.0019854  -0.00113203  0.00770879
 -0.00133363 -0.00162814  0.00446313  0.00135401
210293	 0.00620543 -0.00364929 -0.01159534 -0.0048524   0.0064461  -0.00390681
 -0.00996122 -0.00686571 -0.00292744 -0.00953368
415612	-0.0018756   0.00183483 -0.00214385 -0.00433616 -0.00421358  0.00523466
  0.00130801  0.00114163  0.0051294  -0.00166058
173442	 0.00343064  0.00428055 -0.00171205  0.0033634  -0.00927537  0.00124845
  0.00348476 -0.00108278 -0.00305972 -0.01199748
35215	 0.00056061  0.00393828  0.00237142  0.00093024  0.00703912  0.00110182
 -0.00234214 -0.00598554 -0.00470234 -0.00456662
239505	 0.00180734  0.00716097 -0.00466414 -0.00585798 -0.00360719 -0.00316954
  0.00131858 -0.00016024 -0.0010042  -0.00122184
254867	-0.00100624  0.00530646  0.0041069  -0.00257461 -0.00073702 -0.00071253
 -0.00085908  0.00208713 -0.00536315  0.01005896
418884	 0.00267796  0.00689059  0.00339087 -0.00870608 -0.00429238 -0.01451399
  0.0078035  -0.00756678 -0.00173693 -0.00212351
354209	 0.00086397  0.00691902 -0.00445001  0.00119053  0.0012858  -0.00254129
 -0.00052796 -0.00224188  0.00084572  0.0023317 
512933	 0.00020154  0.00485729 -0.00922379  0.00336271 -0.00733247  0.00248595
  0.00179771 -0.00157894 -0.00249682 -0.00054305
289197	-0.00246535 -0.00355411 -0.00314212  0.00174367  0.00535088 -0.00059883
 -0.00275051  0.007637    0.01146351 -0.00984801
156078	 2.2256689e-03 -2.5312896e-03 -3.9480231e-03 -7.4846765e-05
 -8.2038483e-03 -4.1107386e-03  9.6605364e-03  6.9125071e-03
  4.7573061e-03 -4.9193663e-04
257455	-0.00583337  0.00438896 -0.0024153   0.00341056  0.00471344  0.00202206
  0.00054863  0.00149107 -0.00286115  0.00642634
392112	-0.00124613  0.00086485 -0.007516   -0.00249686  0.004479    0.00070615
  0.00144994 -0.00535099  0.00720354  0.00772732
392118	-0.00124613  0.00086485 -0.007516   -0.00249686  0.004479    0.00070615
  0.00144994 -0.00535099  0.00720354  0.00772732
150970	 0.00168339 -0.00119138 -0.0066784  -0.00660862 -0.01525253  0.0060886
  0.0064045   0.00091754 -0.00732836  0.0051458 
179644	 0.00215301  0.00952367 -0.0002239  -0.0023027  -0.00037403  0.00103251
  0.00409019 -0.00368127  0.000199   -0.01044992
354238	 0.0017476  -0.00372708  0.00527181  0.00191931 -0.00180151  0.00399856
 -0.00090473 -0.00424075  0.00561005  0.00558168
222144	 0.00044359  0.00538545 -0.01112136  0.00298089  0.00161676 -0.00068116
 -0.00974504 -0.00773057 -0.00529117 -0.00167992
354243	 0.00195234  0.0046429  -0.00101277  0.0004315   0.00168659  0.00024103
 -0.00030133 -0.00308428  0.0005384  -0.00366629
126916	-0.00202903  0.0013833  -0.00618543  0.00074958 -0.00661207  0.00103671
  0.00640567 -0.00357512 -0.00290227 -0.00032786
448966	-0.00302164 -0.00427883  0.00083529  0.00471422  0.00259246  0.00404996
  0.00373466 -0.0014791  -0.00489349  0.00115039
76236	-0.00291665  0.00230195  0.00691447  0.00408502 -0.00848237  0.00102331
  0.00354298  0.0091448  -0.00487967 -0.01510091
324943	 0.00230338 -0.00232445  0.00348341 -0.00321385  0.00093476  0.00700709
  0.00442599  0.00099394 -0.00266395 -0.00032697
364509	-0.00446566 -0.00191134  0.00082243  0.0058976   0.0027145   0.00403389
 -0.00143994 -0.00101748  0.00180569  0.00347874
550884	-0.00482749  0.00581814 -0.00479311 -0.00511904 -0.00251997  0.0076144
  0.01056187 -0.00035665 -0.00223394 -0.00401315
59878	 0.01859097 -0.00757365  0.00450463 -0.00670618  0.00446914  0.00730313
 -0.00015897 -0.00774714 -0.00689347  0.005879  
471535	-0.00941301  0.00091127 -0.01007323  0.00217678  0.00604719 -0.00100424
 -0.00809639 -0.00607962  0.0020799   0.00418606
155636	-0.00311292  0.00486865 -0.00811885 -0.01022757 -0.01291959 -0.00240544
 -0.00061043 -0.00185548 -0.00111608 -0.00547441
551929	-0.0085226  -0.02045468 -0.01433199 -0.0164108  -0.01730093 -0.02342128
 -0.00768973  0.06610523 -0.02050496  0.01023116
