68617	-0.00257531 -0.00604048 -0.00474248 -0.00219718  0.00455839 -0.00440685
  0.00440863 -0.00285252  0.00806639  0.00817649
200206	-0.01005416 -0.00291155 -0.01245925 -0.01267334  0.00347374 -0.00915133
 -0.007197   -0.00316621  0.00044503  0.00285537
176047	 0.00195268  0.00403    -0.00236506 -0.00550989  0.00164541 -0.00481736
 -0.00429427  0.00307128 -0.0023717   0.0010006 
47660	 0.00188202 -0.00993086  0.01077189  0.00711839  0.01293326 -0.00155489
 -0.0003266  -0.00266547 -0.00442604 -0.00286036
392239	-0.00091719  0.0027241   0.00969761  0.00128249 -0.00032789 -0.01095265
 -0.00576923  0.00565645 -0.00822881  0.00882756
534066	-0.00448934  0.00945168  0.00133115 -0.00242126  0.01646261 -0.00514139
 -0.00998454  0.00717302 -0.00590034  0.00362133
2108	 0.00086529  0.00217832  0.00152004 -0.00105664  0.00663592 -0.00685554
 -0.00346911  0.00760063 -0.01023356  0.0057766 
480829	-0.00654358  0.00221038  0.00575056  0.00177581  0.01932509 -0.00374333
 -0.01407391 -0.00031203 -0.00857025  0.00464916
429126	-0.00316043  0.0020261   0.00046935 -0.00236077  0.00658371 -0.00886681
  0.00029364  0.00555323 -0.00495443  0.00654182
189025	-0.00189611 -0.00158411  0.00058104 -0.0045624   0.00869249 -0.01434934
 -0.00198604 -0.00409587 -0.00432124  0.00815426
57419	 1.8363879e-03 -7.4813287e-03 -8.2925538e-04  9.9623110e-03
  1.3087274e-03 -4.8131188e-03  1.0348017e-03  1.0719491e-02
  8.4914162e-04  7.8012294e-05
47694	 0.00188202 -0.00993086  0.01077189  0.00711839  0.01293326 -0.00155489
 -0.0003266  -0.00266547 -0.00442604 -0.00286036
68175	 0.00653211  0.00049776 -0.00671325 -0.00221686  0.00743595 -0.00175892
 -0.00200689  0.00135106 -0.0088615   0.00343211
477267	-0.00741567  0.00237966 -0.00391479 -0.00692428  0.00843823 -0.00418934
  0.00499741  0.00402316  0.00693231  0.00231972
230490	 0.002651    0.003052   -0.00077651  0.00711953  0.01401873 -0.0124794
  0.0043845   0.00256699 -0.00609818  0.00054755
282206	-0.01041972  0.00775868 -0.00243767  0.00105165 -0.00158163  0.00015359
 -0.00928619  0.00746683 -0.00277122 -0.00059579
66657	 0.01287756  0.00709964 -0.00762701 -0.00480847  0.00310064 -0.00860235
 -0.00679219  0.0058003  -0.00707386  0.00602043
582075	 0.00032494  0.01108389 -0.01246746  0.01035459  0.0091047  -0.00642787
 -0.01370624  0.01222202 -0.01343416  0.00723557
64627	 0.0058135   0.00512366 -0.00253062 -0.00464828  0.00195801 -0.00886516
  0.00514555 -0.0081581  -0.00542965  0.01476953
56439	 2.4509465e-03 -4.6269228e-03  4.7055096e-03 -1.9518381e-03
 -3.1726796e-03 -3.6853952e-03  7.3183066e-05 -2.2808549e-03
 -4.5058574e-03  5.4331560e-04
199288	-0.00889807  0.00281247  0.00113309 -0.00617653  0.00636681 -0.00200754
 -0.01157976  0.00140168 -0.00494198  0.00395219
501369	 0.00264052 -0.00968224  0.00130926  0.00767872 -0.00906383 -0.0109643
 -0.01163383  0.0047419  -0.00372338  0.00418281
419963	-0.00393291  0.0091159   0.00821973  0.00473087  0.00087657 -0.00933092
  0.00311084 -0.00106281 -0.00707684  0.00669908
62087	 0.0127389   0.01623717 -0.02536863  0.01954554  0.00027604  0.01094046
 -0.02769255 -0.00255504 -0.00469958  0.01308621
553612	-0.00204719  0.00135463 -0.00180749 -0.00684938  0.00294914 -0.00313093
 -0.00459723 -0.0004144  -0.007886    0.00182445
388237	-0.00311336 -0.00562837  0.00221817 -0.00178545  0.00765328  0.01021921
 -0.00863988  0.00314158 -0.00150136  0.01249351
468113	 0.0036137  -0.00238048 -0.01108892  0.00921221  0.00490374 -0.00947659
 -0.00417842 -0.00460287 -0.00500592 -0.00520949
426139	-8.8038319e-04  8.2826253e-04  1.4981455e-03  9.6008219e-03
 -6.5930360e-03  6.3993330e-03 -1.7267408e-02 -9.2688490e-05
 -3.2972559e-04  1.1455344e-02
45214	 0.00520862 -0.00311426  0.00047342 -0.0014124   0.0099118  -0.00680314
  0.00407899  0.00158697  0.00045822 -0.00062725
385185	-0.00497064  0.00081649  0.00848196 -0.00205154  0.00916283 -0.01439018
  0.00601701  0.01051623 -0.00632757 -0.00268701
258724	 0.00264829 -0.0039618   0.00562712 -0.00033004 -0.00453198 -0.00270409
  0.00038358  0.00223863 -0.00281612  0.0040868 
464067	-0.00036493 -0.01418193 -0.00500003  0.00350631 -0.00402346 -0.01358829
 -0.00784671 -0.00326612 -0.00660377 -0.00191341
2246	-0.00195664  0.0111296   0.00407787  0.01363096  0.01133732  0.0007692
  0.00766173 -0.02827565 -0.00335721 -0.0195822 
65232	 0.00600533  0.00225561 -0.00136218  0.00792219 -0.00477353  0.00060305
  0.00963187  0.00630794 -0.00617635 -0.00516616
432852	 0.00340215  0.01219017 -0.0103336   0.0051366   0.00269355  0.00614214
 -0.00861777 -0.00448313 -0.00528887  0.00966095
145118	 0.00277318 -0.00688958  0.00093815  0.00107933 -0.00095181  0.00184161
  0.00429406  0.00509727 -0.00474815  0.01229772
264417	-0.00513214 -0.00014898  0.00487277  0.00547996  0.02042384 -0.00329901
  0.00635146  0.00814024 -0.01708537  0.01825052
68327	 0.01332979  0.00987258 -0.00599444  0.00175761 -0.00171713 -0.00424039
  0.00757177 -0.0079649  -0.01202674  0.01587966
52457	 0.00137445 -0.00523648 -0.00135865  0.00099174 -0.00460364 -0.01044925
  0.00179508  0.00106061 -0.00220837 -0.00552855
52460	 0.00701388  0.00053647 -0.00709945  0.01325923 -0.00088079 -0.01004149
 -0.00787731  0.01208636 -0.0082602  -0.01757364
19181	-0.00103322  0.00411087  0.00684487 -0.00196596  0.00535514 -0.0065931
 -0.00189602 -0.00205901 -0.00731488 -0.00173354
8431	-4.8929034e-04 -1.3897191e-04  3.1688244e-03  4.7587822e-04
  1.1963978e-02 -9.0120863e-03  4.4849459e-03  4.1498756e-03
  5.7222871e-05  1.4014867e-03
8433	 0.00155493 -0.00211075 -0.00109121  0.00648564 -0.0014818  -0.00300603
  0.00659866  0.0032129  -0.00087594 -0.00366026
421628	 0.01231257 -0.00342726 -0.00345257  0.00851827 -0.00220486 -0.00709588
  0.01222226  0.01217415 -0.00183705  0.00184494
259837	 0.00359776 -0.00937465  0.0084143   0.00992956  0.00041905 -0.00342668
 -0.01183947 -0.00024664 -0.00975684  0.00587451
376581	-0.00017187 -0.00742898 -0.00393994 -0.00042492  0.00510288 -0.00477828
  0.00991822 -0.00575768  0.00117527  0.00219662
168718	-0.00163295  0.00295384 -0.00594476 -0.00878145 -0.01208903 -0.00574604
 -0.00141595  0.0025295  -0.00225893  0.01148885
548115	 0.00156518 -0.00080511 -0.0075363  -0.00359406  0.00858411 -0.0037095
 -0.00260818 -0.00074709 -0.01163778  0.00473647
45333	-0.00377009  0.00350445 -0.00515962 -0.00239139  0.00453965 -0.00413666
 -0.0024816   0.00188163 -0.00656639  0.00079097
258330	 0.0051176   0.00211514 -0.00685538  0.01048152  0.00782973  0.00772534
  0.01004834  0.0130331   0.0059976   0.00682633
2334	 0.02795783  0.02092816  0.00782946 -0.03449634  0.01175552 -0.05861779
  0.00622908 -0.00651456 -0.00679395  0.0046548 
548138	 0.00308194 -0.00454874 -0.00969907 -0.00860517  0.00052559 -0.00049409
 -0.00253961  0.00397195 -0.00466686 -0.00091565
530055	 0.00196984 -0.00126984 -0.00411425 -0.00069262  0.00517817 -0.00164064
  0.00192314  0.00283374 -0.00077671  0.00353066
403247	 0.01102249 -0.00504558  0.01113358  0.00700897  0.00756042 -0.00811427
  0.00141324  0.00762991 -0.01305484 -0.00043836
64817	 0.01173575  0.0082431  -0.00434841  0.00420472  0.00195475 -0.00583207
  0.00729265 -0.0080018  -0.01108998  0.01343613
9013	-0.00077321  0.00785068  0.00269542 -0.00411407  0.00293126 -0.00124529
 -0.00399838  0.00463873 -0.00351073 -0.001002  
388919	-0.00045048  0.00929996  0.00606469  0.0010527   0.00463226  0.00383545
  0.00826323 -0.00036048 -0.00447012  0.004722  
62272	 0.00698599  0.00394389 -0.00773981 -0.00784853 -0.003621   -0.00340554
 -0.00219085 -0.00836854 -0.00557612  0.00389982
391495	-0.00329764  0.01125777 -0.00857057 -0.01016278  0.00642031 -0.00468425
  0.002765    0.00013726 -0.00235491  0.00455519
84301	 6.0676825e-03  5.1428666e-03 -1.0336607e-02 -8.7360563e-03
 -7.4384455e-04 -6.2032957e-03 -4.1293586e-03 -7.9006742e-04
 -2.7975338e-03 -6.4775850e-05
582031	 2.5681062e-03  1.8392230e-03 -7.2947643e-03  6.2100803e-03
 -3.6567471e-03 -2.1869934e-03  7.9135898e-05  4.2239958e-03
 -1.6888209e-02  1.0917976e-02
224092	 0.0146207  -0.01257186  0.00235882  0.00506851 -0.00050613 -0.01047249
  0.00862306  0.00726824 -0.00826684 -0.0010008 
548189	 0.00373579  0.00864825  0.00498355 -0.0057791   0.00340182 -0.01308225
 -0.00524074  0.01480053 -0.00465795  0.00653929
63840	 0.00800358  0.00852485 -0.01124371  0.00635728 -0.0006388  -0.00046983
  0.00817567 -0.00266569  0.00267035  0.00156721
220515	-0.0015209  -0.00332314  0.00267569  0.02163305  0.01155155 -0.00479945
  0.0015813   0.01118786 -0.00683386 -0.00914552
313233	-2.8118128e-03  2.2801349e-05 -3.7491109e-04 -2.1724673e-03
  3.1090092e-03 -2.0632490e-03 -3.8875195e-03  6.2452476e-03
 -9.2588542e-03  2.9572267e-03
197480	 0.00203372  0.00123101 -0.00643568 -0.00829136  0.00306852 -0.01488271
 -0.00088512  0.00342362 -0.00156793  0.01050607
197481	 1.1062868e-03 -4.2462596e-03 -2.6767845e-03 -3.4040152e-03
  5.3273551e-03 -1.2727672e-02  4.7827866e-06 -5.8406632e-04
 -1.1245024e-03  6.0155131e-03
52455	 0.00714884 -0.00179838  0.00628552  0.00347249 -0.00351993 -0.00557991
 -0.00142164  0.00167638 -0.00188527  0.00041527
566124	-0.00017573  0.01284577 -0.00147396 -0.00488321 -0.00964175 -0.02588045
 -0.01946277 -0.00676797 -0.04422846  0.00654382
50034	 0.01125205  0.00235179  0.00170926  0.0027972  -0.00740115 -0.00475915
 -0.00538713  0.01010081 -0.00972678  0.00070355
427241	-0.00131476 -0.00263523 -0.00277614 -0.0038137   0.01247212 -0.00518232
  0.00962382 -0.00200462 -0.00601469  0.01028266
61306	-4.1229157e-03  5.0428230e-03  8.3285896e-03  8.9863241e-03
 -9.1766398e-03 -3.3917334e-03 -7.2623594e-03 -4.0563638e-05
 -7.6811137e-03  7.3254034e-03
570241	 0.00203902 -0.00382659 -0.01063535 -0.00710605  0.00560846 -0.00937427
 -0.00725744 -0.00076692 -0.0021807   0.00228247
67979	-0.00086217  0.00325543 -0.0102403   0.00043333  0.01075003 -0.00632907
 -0.00347298  0.00296052  0.00212717  0.00341559
47501	 0.00188202 -0.00993086  0.01077189  0.00711839  0.01293326 -0.00155489
 -0.0003266  -0.00266547 -0.00442604 -0.00286036
74126	-0.00412638 -0.00020451 -0.00161417  0.00094318  0.00283816 -0.00488667
 -0.00024491 -0.00155349 -0.00061673 -0.00350464
384911	 1.0817659e-02 -9.0660214e-05  4.2412030e-03  3.4517993e-03
  7.8374790e-03 -1.8365838e-03 -1.9429888e-03 -5.7530720e-03
 -1.1662382e-02  9.1729946e-03
582033	-4.0785703e-03  8.0290588e-04  4.0991297e-03  3.2432862e-03
  6.5360262e-05 -3.2808585e-03 -6.3632219e-04  5.3429385e-03
  2.7624546e-03 -1.0991700e-03
403351	 0.01008548  0.00571448  0.02251127  0.01205607 -0.00392362 -0.00617958
 -0.00970976 -0.0076422  -0.00606176  0.01160493
126873	-0.00601548  0.00292903 -0.00389892  0.00415829  0.00887729 -0.00395436
 -0.00632173  0.00413719 -0.01958915  0.00098428
582045	-0.00909448 -0.01202409 -0.00411262  0.00580427 -0.0116064  -0.01178161
  0.00825756  0.00807089 -0.00899202 -0.00023274
570275	 0.00190864 -0.00363787 -0.0034879  -0.00639433  0.00243441 -0.00926553
 -0.00654739 -0.00426603  0.00182587 -0.00362217
395361	-0.00956669  0.00049579 -0.00337713 -0.00892136  0.00041717 -0.00808365
  0.00503666 -0.00115318  0.00034783 -0.00061093
422312	 0.00249381  0.00272885  0.00668528  0.00706786 -0.00282669 -0.01450676
 -0.00481725  0.01103456  0.01038406 -0.01379794
396202	-7.6404816e-05 -4.2711883e-03 -7.4192467e-03  9.3942799e-04
  3.7069439e-03  2.3323984e-03  1.2529643e-02 -1.6702290e-04
 -9.5952675e-03  4.5042653e-03
104879	 0.00276939  0.00057154  0.00422466 -0.00696867  0.01017405 -0.00092921
  0.00253373  0.00328395 -0.00816542 -0.00297371
52145	 0.00923711  0.00520676  0.00821655  0.00156057  0.00103392 -0.01023903
 -0.00627853  0.00552161 -0.01307031  0.00591788
266675	 0.00435077  0.0079997   0.00128438 -0.00457779 -0.0021001  -0.00412402
 -0.00594219  0.00375105 -0.00646869 -0.0021792 
187835	-0.00109922 -0.0023683   0.00666388  0.00239399  0.00617975 -0.00501349
 -0.01249692  0.00092043 -0.01160998  0.00190967
529859	-0.0071024   0.0023237  -0.00117444  0.00233578  0.01138171  0.00325651
 -0.00926176 -0.00111322  0.00028786  0.00915926
533964	 0.00043343  0.00347439 -0.0024674   0.00254851  0.00134157 -0.00578779
 -0.00258535  0.0048082  -0.00460355  0.0042286 
246223	-0.00066854  0.00030689  0.00110874  0.00233876  0.00437125 -0.00364802
  0.00493328 -0.00075242 -0.00223416 -0.00038553
190416	 7.5253230e-03 -5.5886018e-03 -3.2100740e-03  2.0957516e-05
  9.5990319e-03 -5.9176120e-03  5.8887963e-04  1.3502560e-02
 -1.4553762e-02 -1.4242380e-04
53202	 0.00249587 -0.00261452 -0.00076372 -0.00587152 -0.00283088 -0.00707562
 -0.00048393  0.00280949 -0.00293352  0.00334153
478173	 0.00320661 -0.00663679  0.00865161  0.00169718 -0.00361848 -0.00517141
  0.00283266 -0.00320428 -0.00275832  0.00456433
478174	-0.00293549  0.00208684  0.00342714 -0.00291948 -0.00343067  0.00093132
 -0.00201159  0.00623952 -0.00722518 -0.00094955
465377	 0.01300209 -0.00514837  0.00252959  0.0108476  -0.00929162 -0.00281001
  0.00670379  0.01203056 -0.00133768 -0.00941116
66285	 0.00922328  0.00335328 -0.00254208 -0.00025314  0.00262713 -0.00234145
  0.0051431   0.00181107 -0.00554372  0.00589221
199142	-0.00060531 -0.00334788 -0.00279187 -0.00229315  0.00447675 -0.01323366
 -0.00369631 -0.0017615  -0.00446768  0.00723194
560892	-0.00442464  0.00534313 -0.00154619  0.00855676  0.00387391 -0.01128288
 -0.01011921 -0.00026382 -0.00615706  0.01061615
385005	-0.00335095 -0.00297703 -0.00280055  0.00012716  0.00081767 -0.01191094
  0.00598554 -0.00530872 -0.00454253 -0.00469471
579057	-0.00272592 -0.00227612 -0.01203922 -0.0044253  -0.00111787 -0.00559241
 -0.00060012  0.00224271  0.00345035 -0.00353649
215540	 0.00133656  0.0031552  -0.00261742 -0.00604901  0.00908974 -0.0052065
 -0.00853874  0.00023666 -0.00733788  0.00170178
435701	-6.1836289e-03  7.2322477e-04 -1.0149136e-02 -2.0201977e-03
  1.4966831e-02 -8.8240914e-03 -9.0559376e-03  5.9748490e-06
 -2.9649392e-03  8.3314851e-03
545273	-0.00126393 -0.00108323 -0.00642072 -0.00239771  0.00764671 -0.00775727
 -0.00658773  0.00457086  0.00068636  0.00442375
385019	 0.0013093  -0.00211859  0.00072468 -0.00092504 -0.00391968 -0.01374114
  0.00184494  0.00450615 -0.00727851  0.00970882
104874	 0.00270954  0.00546384  0.0064533  -0.00571403  0.00118095 -0.00793233
 -0.00562065 -0.0002191  -0.00805338 -0.00554273
