284674	-0.00131765  0.00471174 -0.00997037 -0.01252919  0.00235049 -0.00126836
 -0.00197739 -0.00076363 -0.0011698   0.00305779
274947	 0.00814473  0.01132694 -0.00465869 -0.0042413   0.00197162 -0.00908679
 -0.00615524 -0.00499744 -0.00465633  0.01390874
36621	 0.01064622 -0.00630158  0.00240523  0.00397632 -0.00136443 -0.00740027
  0.00060855  0.00403317 -0.00076701 -0.00862364
103429	-0.00388902  0.00234947  0.00160505 -0.00335996  0.00571179  0.0014758
 -0.00218044  0.00257887 -0.00475566  0.00106532
529418	 0.00475586 -0.00038311 -0.01140951 -0.00213577 -0.00447865 -0.00932162
 -0.00585078  0.00565863 -0.0009966  -0.00509785
529420	-0.00195288  0.0075753  -0.00635148 -0.00338697  0.0071468  -0.00262805
 -0.00977796  0.00390694  0.00400203  0.00767048
392718	-0.00344174 -0.00251341 -0.00142037  0.00490138  0.0006475   0.00118214
 -0.00337868  0.00347909  0.00494197  0.00416477
531474	 0.00198591  0.0018941  -0.00121463  0.00420931  0.01250093 -0.0053498
 -0.00123184  0.00689932  0.00200192  0.00828331
359968	-0.01241398  0.00271697 -0.00658849 -0.00429197 -0.00353186 -0.00463495
  0.00216024 -0.00741169  0.00608323 -0.01048887
212519	-8.5620685e-03  1.9391719e-04 -5.7815720e-05  1.3446348e-03
  4.6474504e-04  3.0826337e-03 -8.9437189e-03  1.4972568e-03
  6.4142318e-03 -5.0445730e-03
203305	 0.00404959 -0.00244388 -0.01403897 -0.00985019  0.01510711 -0.00243914
 -0.00992719 -0.0042961  -0.01108328 -0.00341103
474681	 0.00338472  0.00105333  0.00046184 -0.00643054  0.00137346  0.00320408
 -0.01057165  0.00348071 -0.00731015 -0.00137557
173117	-0.00207403  0.00247064 -0.00345215  0.00022286  0.00184996 -0.00115302
 -0.00428883  0.00479703 -0.00384678  0.00220366
493130	-0.00485774  0.0005017   0.00545357 -0.00524657  0.00241655 -0.00201726
 -0.00811703  0.00870219 -0.00144429 -0.00992637
34894	 0.00756893  0.00392772 -0.00442537  0.0026102  -0.0065849  -0.00478575
 -0.00644589  0.00656968  0.00364669  0.00022517
188173	 0.00636154  0.0067349  -0.02001026 -0.00766056  0.00554289  0.02149061
 -0.01696758  0.0230688   0.00736272  0.00808255
458844	-0.00113266  0.00515093  0.00852751 -0.00874875  0.00107723 -0.00885946
 -0.00948356 -0.00609932 -0.0085939   0.00360681
441954	-0.00706659 -0.00122383 -0.00403075  0.00423452  0.00322423  0.00739471
 -0.00714419  0.00106603  0.00065466  0.00083016
36974	 0.00857794 -0.01117389 -0.01011783  0.00528935 -0.00911388 -0.00471888
 -0.00633356 -0.0007544   0.00554514 -0.00624034
489076	-1.1811774e-03 -9.5687792e-05  3.8393526e-03 -7.8112702e-03
 -1.8989353e-03 -2.6261245e-03 -6.1364826e-03  2.3101342e-03
 -1.7835990e-03  3.4772945e-03
428152	-7.1922531e-03 -1.0423827e-02 -7.9421215e-03  1.3818639e-02
 -2.8079399e-03 -7.4502639e-03 -7.9088062e-03 -1.1389956e-02
 -3.7885649e-05 -2.6246745e-03
246719	-0.00156497 -0.00120392 -0.00431404  0.00346799  0.00104361 -0.00247904
  0.00072754 -0.00031793  0.00025631  0.00411081
200832	-0.000777    0.00293484 -0.0019934   0.00445779 -0.0011885   0.00219073
 -0.00188475 -0.00747624 -0.00517944  0.00367161
440452	-0.00613909  0.00183202  0.00062661  0.00281532  0.00417288  0.0040084
 -0.00750903  0.00189587  0.00084246  0.00202755
372357	 0.00206475 -0.00263273 -0.00683748 -0.00385066  0.00066476 -0.0081859
  0.00422049  0.00687479  0.00016647  0.0081342 
265864	 0.00722873  0.00755998  0.00200173 -0.00129007  0.00603023  0.00216956
 -0.00941774  0.00934866 -0.00090934 -0.00146574
523915	 0.00667552 -0.00585628 -0.00457777  0.00121415  0.00821256 -0.00284033
 -0.00119916  0.00564842  0.00403454  0.00049324
463001	-0.00634488  0.00204547 -0.00963081  0.00033538  0.00207283 -0.00097659
 -0.00028981  0.00017971  0.0050105  -0.00329626
510109	-0.00950162  0.00194    -0.00476931  0.00211583  0.00368866  0.00026631
 -0.00664257  0.00912385 -0.00991025  0.00346571
32966	 0.00636154  0.0067349  -0.02001026 -0.00766056  0.00554289  0.02149061
 -0.01696758  0.0230688   0.00736272  0.00808255
508591	-0.00125992  0.00843877 -0.00254498 -0.00979957  0.00626225  0.00641365
  0.00179198  0.00422061 -0.00045634  0.00637056
201905	-0.00898286 -0.00075939 -0.00197661 -0.00297868  0.00793387 -0.00386115
 -0.00453142  0.01209395  0.01052521  0.00864837
497852	-0.00112743  0.00257561 -0.00320228 -0.0026094   0.00251575 -0.00252914
 -0.0002365   0.00254472 -0.00214643  0.00402952
442559	-0.000394   -0.00510149 -0.00264924  0.00126746 -0.00320097  0.00221827
 -0.00523306 -0.00135078  0.0030195   0.00039272
355521	-0.00906137  0.00744072 -0.000712   -0.00575171 -0.0020698  -0.00263589
  0.00252316  0.005003    0.00708358  0.01035086
481990	-0.00886732  0.00229343  0.00085479  0.0062724   0.0081378  -0.00822666
 -0.00484359  0.01426181 -0.00092587  0.00245892
96969	-0.00868474  0.00322803  0.00612208 -0.01151741  0.00207698 -0.00277866
  0.00234336 -0.0039083   0.0001293   0.00112067
557271	 1.7834090e-03 -4.4413591e-03 -3.4103109e-04  7.7143586e-03
 -2.6107915e-03 -9.6987103e-05  1.9135328e-03  2.8408372e-03
 -1.4448576e-03  3.6180820e-03
202462	-0.00890918  0.0042778   0.00408444 -0.0022985   0.00269828 -0.00154131
 -0.00392145  0.00525238  0.00048328  0.00487567
535267	 0.00039596 -0.00360222 -0.00423567  0.00186563  0.00368621  0.00330719
 -0.00111381  0.0024425  -0.00019498  0.00211041
285412	-0.00159174  0.00579967 -0.00131045  0.00034922  0.0037219   0.00037778
 -0.00179796  0.00013002 -0.00391625 -0.00142524
198885	-0.01120175 -0.00383392 -0.0081382  -0.00479272  0.01412626 -0.01448685
 -0.00684842  0.00052429  0.00013221  0.02060783
504555	-0.00404551  0.00714447  0.00778053  0.00560019 -0.01034608 -0.00012476
 -0.00255967  0.01002924 -0.0104251  -0.00774964
202476	-0.00852529  0.00458136  0.00408426 -0.00161785  0.00391859 -0.0018443
 -0.00163968  0.00856397  0.00111256  0.00333143
385777	 0.00393882  0.00590992 -0.00142177 -0.00292723  0.00952589 -0.0028991
 -0.00624306  0.00659142  0.00524733  0.00147989
123123	-0.0058809   0.00245656 -0.00573028 -0.00089086 -0.00385412  0.00512797
 -0.00925442  0.00131526  0.00651599  0.00129332
446196	-0.00255908  0.01152176  0.00140347 -0.01236946  0.0009447   0.00269747
 -0.00539548  0.00041429  0.0069304   0.0015842 
423676	-0.00310906  0.00349709 -0.00524962  0.00254259 -0.00081176 -0.00444223
 -0.00466537  0.00662838 -0.0020687   0.00322685
551678	-0.00594593 -0.01917378 -0.00408539  0.00120824  0.00335863 -0.00426653
  0.00260424 -0.00599201  0.00857767  0.00147234
539391	-0.00838543 -0.00330902 -0.00275706  0.00057701 -0.00105353 -0.00039002
 -0.00271346  0.0058834  -0.00091464 -0.00194455
295169	 0.01082624  0.00241469 -0.00798839 -0.01086514 -0.00025461 -0.00441148
 -0.00756573  0.00031541  0.0050029   0.00401059
102151	 0.00080713  0.0067053   0.00045051  0.00556762 -0.0036879  -0.01076058
  0.00103409  0.00367108 -0.00407558 -0.00357748
305929	-0.00553651  0.00071479 -0.0075892  -0.0089281  -0.0069628  -0.00411493
 -0.00107013 -0.00356259 -0.01264202  0.00540123
440399	 0.00579291 -0.00458101 -0.00611155  0.00163298 -0.01167691  0.00167525
 -0.00503362 -0.0023785  -0.01309554  0.00342623
295181	 0.00414297  0.01542543  0.00119076 -0.00227688  0.01193954 -0.00370851
 -0.00948041 -0.000454   -0.00189503  0.00328425
210702	-0.00421483 -0.0030366   0.00886603 -0.00110137 -0.00590675 -0.01463412
  0.00149989 -0.00026892 -0.00876611  0.00476723
34580	 0.00476235  0.00436021 -0.01111207 -0.00048813  0.00677276  0.0122453
 -0.01571478  0.00915866 -0.00489267  0.00710599
354075	-0.00446062 -0.00499089 -0.00086103  0.00055991  0.00183104 -0.00962645
  0.00063681 -0.00184561 -0.00144345  0.00032483
233765	-0.0107152   0.0039048  -0.00718426 -0.00428284 -0.0002836  -0.00414591
  0.0081466   0.00693769  0.00175185 -0.00181856
452391	-0.00310282 -0.0063372  -0.01043159 -0.00080103  0.00021379  0.00169869
 -0.00836807  0.0056454  -0.00358083  0.00282855
419625	-0.00199426  0.00551652 -0.00488941 -0.00335217 -0.00026982  0.00402996
 -0.0026433   0.01094913  0.00845866 -0.00353893
32555	 0.00636154  0.0067349  -0.02001026 -0.00766056  0.00554289  0.02149061
 -0.01696758  0.0230688   0.00736272  0.00808255
436021	-8.8438969e-03 -7.2093848e-05 -4.7095810e-04 -2.5919806e-03
  7.4055814e-04  7.6289866e-03  1.3495563e-03  1.0021357e-02
  3.0787892e-03 -2.1729853e-03
183612	-0.00792749 -0.00338416 -0.00744924  0.00307632  0.00750986 -0.00145119
 -0.00444388  0.00122454 -0.00054856 -0.00482575
477504	-0.01567035  0.00267544  0.00113355 -0.00469825  0.00699267  0.02207144
 -0.00385182  0.0130318   0.01208932  0.00743837
36161	 0.00636154  0.0067349  -0.02001026 -0.00766056  0.00554289  0.02149061
 -0.01696758  0.0230688   0.00736272  0.00808255
110731	-0.002577   -0.00314034 -0.00106926  0.0001189   0.00877835  0.00952683
 -0.00449623 -0.00055318  0.00213692  0.00563139
428872	-0.00843478 -0.00143525 -0.00135575  0.00214918  0.0069859  -0.00188242
 -0.00743599  0.00681478 -0.00364906  0.00324458
354634	-0.00178337  0.00357315 -0.00070328 -0.00707957  0.00183971 -0.00192944
 -0.00150554 -0.00051285  0.00072189  0.00139196
457547	-0.00470561  0.00045113 -0.01040541  0.00431373  0.00180309 -0.00161625
 -0.00483278 -0.00048661  0.00343119  0.0028392 
225613	 0.00213523 -0.00256547 -0.00059527  0.00384292  0.00348323  0.00101127
 -0.0012362   0.00145734  0.00210693 -0.00473412
448338	-0.00564739  0.01149564  0.00721773  0.00070855  0.00144507 -0.01487076
 -0.01271696  0.00562317 -0.0058368   0.00484576
231257	-0.00373056  0.00152944 -0.00395254  0.00428581 -0.00469047 -0.0077234
  0.00333325 -0.00323513 -0.00181568  0.01154589
199519	-0.00057244  0.0063904   0.00317872 -0.0034169   0.00547482  0.00179869
  0.00217323  0.0023407   0.00299716 -0.00296094
257382	-0.00227654 -0.00068376 -0.00216576  0.00142196 -0.00096435  0.00038015
 -0.01301618  0.00355698 -0.00083008  0.00330586
120679	-0.00357097  0.00291965 -0.007213    0.00038815 -0.00083332 -0.00177412
  0.01037369  0.00076196 -0.00482615 -0.00791582
403821	-7.5041922e-03  4.3352027e-03  2.2572665e-04  2.1707078e-03
  9.3044965e-03 -3.5902089e-03 -4.5688303e-06  1.8606784e-03
  3.1131264e-03  6.8697607e-04
520051	 0.00972187 -0.00930057 -0.01101762  0.01710787  0.00526226  0.00475131
  0.00711302  0.00276511 -0.012697   -0.00418405
484728	-0.00041158  0.00298716 -0.00699098 -0.00091364  0.0043853  -0.00266676
 -0.00475026  0.00338208 -0.00149035  0.00062521
555386	-0.00265375  0.00851388 -0.00118947 -0.00407218  0.00619604 -0.00048325
 -0.00651453  0.00185873  0.00308208  0.00327011
284995	 0.00444397 -0.00367467 -0.01054366  0.00270245  0.0020035   0.00119189
 -0.00420594  0.00075341 -0.0011874  -0.00341594
449433	-0.00310008 -0.00148306  0.00191277 -0.00159868 -0.00492747 -0.00297915
 -0.00648052 -0.00235873 -0.00579986  0.00178888
550297	 1.3523385e-03  1.2941231e-02 -6.1388956e-03  3.1429960e-03
  4.4497070e-03 -4.5571611e-03 -5.4340856e-03  9.5704142e-03
 -5.9284270e-05 -1.8234935e-03
505756	-0.00151011  0.00539344  0.00637713 -0.00286766  0.00475545 -0.00342317
 -0.00393078  0.00507077  0.00222755 -0.00354335
505760	-8.8177333e-03 -7.2424775e-03 -5.7235905e-03  1.6906667e-03
  6.9776336e-03  1.4011238e-03 -2.7742859e-03 -7.7624246e-03
  6.3003317e-06  2.3194687e-03
131489	-5.6435764e-03  1.2886940e-03 -3.4404190e-03  1.3676220e-05
  9.4553148e-03  4.9198838e-04 -8.2550216e-03  8.1846054e-04
 -7.1973470e-03  8.2387328e-03
141222	-0.00356029  0.00491041  0.00219569 -0.00200628 -0.00182141  0.00493486
 -0.00614121 -0.0028081   0.00123829  0.00090035
144814	-0.00597542  0.00177665 -0.01632932  0.0045164  -0.00303071  0.00249854
 -0.00726464  0.00575566  0.0059214   0.00298039
198578	 0.00951727  0.0061041  -0.0004038  -0.00619467 -0.01290668  0.00082633
  0.00541638  0.01068949  0.0037159   0.00756155
246712	 0.00485321 -0.00997902 -0.00624448  0.00350645  0.00496901 -0.00145961
 -0.0020999   0.00094991 -0.00248511  0.00065932
418751	-4.76231908e-05 -4.90587065e-03 -1.03849694e-02 -1.08599768e-03
 -4.26613493e-03  6.62333192e-03 -1.21598365e-02  1.01360716e-02
 -2.04232009e-03  2.78252573e-03
36289	 0.00636154  0.0067349  -0.02001026 -0.00766056  0.00554289  0.02149061
 -0.01696758  0.0230688   0.00736272  0.00808255
556996	 2.2669851e-03 -2.2539687e-03 -2.9827186e-04 -1.1953517e-05
 -3.3645571e-04 -5.0403475e-04  1.1997902e-03 -3.0447941e-04
  7.3071402e-03  2.5376738e-03
183239	-0.00101191  0.01114309 -0.00220984 -0.00443339  0.00325965  0.00239297
 -0.00232895 -0.00479534 -0.00262372 -0.00119773
444361	-0.00244274  0.01109301 -0.00309989 -0.00149879  0.00997521 -0.0028506
  0.00349471 -0.00074577 -0.00067544  0.00104674
254413	-0.00350818  0.00308845 -0.00041819 -0.00220705  0.00349579 -0.00359959
 -0.00654088 -0.00323399 -0.00180335 -0.00169301
359890	 0.00746791  0.00938531 -0.00473999 -0.01000464 -0.00341051 -0.00719279
 -0.00857227 -0.00589028 -0.00314746  0.00718278
308692	 0.01089827 -0.00385521 -0.00033835 -0.00353533  0.00043074 -0.01438037
 -0.01446904 -0.0159021  -0.00146254  0.00121901
352729	-1.3193245e-04  3.2131849e-03 -4.5967624e-03 -1.0255419e-05
  3.9734994e-03 -2.1095239e-03 -1.9150663e-03  7.1968632e-03
 -4.1346403e-04  1.4062140e-03
429019	-0.00275309 -0.00356436 -0.00998335  0.00470206  0.00342398 -0.00395766
 -0.00157162  0.0048857  -0.00196599  0.00217386
179683	-0.00185599  0.00051994  0.00203213 -0.00466205  0.00064077 -0.00537649
  0.00385425 -0.01355017  0.00437208  0.00465532
394213	 7.0571230e-04 -2.9089004e-03  3.6717538e-05 -1.4823921e-03
 -2.3601412e-04  2.2169021e-03 -4.3063313e-03 -4.6016113e-04
  6.0796752e-03  2.0257260e-03
59897	 0.0084325  -0.01204922 -0.00243711 -0.00990848  0.00154743 -0.00696129
 -0.00818566  0.00532443  0.00476428 -0.00511533
289791	 2.4267866e-03 -1.5849984e-03 -3.1257549e-03  1.5255352e-04
 -8.2273893e-03 -4.4576419e-04 -8.2859522e-05 -3.2993343e-03
  3.3587350e-03  2.1142347e-03
