314881	 1.4078829e-03  3.2708109e-03 -4.9476377e-03 -4.9259770e-04
  4.8553632e-03 -4.8380848e-03 -2.1858700e-03  3.0380443e-05
  1.3156881e-03  9.2492290e-03
540677	-0.00152073  0.01022631 -0.01226005 -0.00411601  0.00466418 -0.00157641
 -0.00659865 -0.00304256  0.00298235 -0.00873233
180742	 0.00693162  0.00314582 -0.00209283  0.00271244 -0.004258   -0.0069381
 -0.00234869 -0.01329571  0.00403385  0.02583833
233561	 0.00644942  0.00646736  0.00561537  0.00097095  0.00164538 -0.00442906
  0.0018211   0.00059052 -0.00515317  0.00568591
506907	 0.0029887  -0.00390184  0.01319369  0.00688979  0.00404954  0.00032927
 -0.00329278  0.00909115  0.00099072 -0.00079326
253981	-0.00686457 -0.00290357  0.00527716 -0.00105433  0.00439464  0.00151036
  0.00145713  0.01131291 -0.00054567 -0.0079103 
96803	 0.00186613  0.00344733  0.00878945  0.01825183 -0.00557356 -0.00151158
  0.00025954  0.00423077 -0.00574668 -0.00601651
51237	-0.0002639   0.00433244  0.00927916  0.00295364  0.01227902  0.0156314
 -0.00314306  0.00705225 -0.00430124 -0.00056021
479783	-0.00114876  0.00425159 -0.00232793 -0.00236393 -0.00478192  0.00012377
 -0.00352401  0.00264517 -0.00382677  0.00828784
322602	-0.00142507  0.00555821 -0.00139828 -0.00547628  0.00193592 -0.00385749
 -0.00313968  0.00277552  0.0030123   0.00676979
315436	-0.00120039  0.00279768 -0.00492673 -0.00033788  0.0012921  -0.00348834
 -0.00459086  0.00517466  0.00241944  0.0100118 
161838	 1.19528313e-05  1.89862703e-03  4.36450308e-03 -2.62841140e-03
 -3.12279142e-03 -1.35999005e-02  5.00367256e-03  2.89163622e-03
 -3.93353112e-04 -1.68989412e-03
559671	-0.00044757 -0.00483545  0.00197144 -0.00149986  0.00315942 -0.00414135
 -0.00397624 -0.00052418 -0.00272731  0.00911898
430652	-1.1295828e-03  3.1420435e-03 -2.8333161e-04  4.6117511e-03
  5.6843362e-03 -5.2404189e-06 -9.5102174e-04  1.1162817e-03
 -2.0826489e-03  4.7975518e-03
316989	-6.2673991e-03  5.4479972e-03 -2.7617798e-03 -8.5243657e-03
  4.3551582e-03 -1.2698289e-05  3.0126043e-03  1.0095147e-03
  1.4288555e-03  7.0191179e-03
66114	-0.00320119  0.00775751  0.00522809  0.00410854  0.00178633  0.00560236
 -0.00950778  0.00132405  0.00584864  0.00330268
450627	 0.0069641   0.00078151  0.00200336  0.00134338 -0.00063699 -0.00130664
  0.00071607  0.00517464 -0.00091023  0.00408467
348228	 0.00667778 -0.00287716 -0.00442545 -0.00189264 -0.00129897  0.00540307
 -0.00047676 -0.00601844 -0.01500193 -0.00253347
61510	 5.4660859e-03  6.7705782e-03  3.7608668e-03  2.7261903e-03
  9.3923707e-04  1.5161902e-04 -7.7801757e-04  2.0175101e-03
  8.8500849e-05  1.0145152e-02
548429	-0.00374669  0.00290156 -0.00411311 -0.00057401 -0.0093298   0.00251579
 -0.00738724  0.00866927 -0.00133385  0.00718333
211535	-0.00524593  0.00576863 -0.00218254 -0.0065725  -0.00222337  0.00331991
 -0.01289842 -0.00176578 -0.01202429  0.00725594
326227	-0.00022776  0.00020452 -0.00254037 -0.00492507  0.00185642 -0.00250381
 -0.00180506  0.00284364 -0.00217784  0.01057823
232535	-0.00149268  0.00372295  0.0016      0.0041133   0.00811808  0.00919522
 -0.00209112  0.00946241 -0.00171755  0.01051224
534617	 0.00330956  0.00022117  0.00416023  0.00241198  0.00413105  0.00459569
  0.00066987 -0.00181578  0.00478482  0.00636974
263771	 0.00194696  0.00546572 -0.00310161 -0.0048336  -0.00148247 -0.00371045
  0.00806277 -0.00230409 -0.00389518 -0.01076823
16990	-0.00661547  0.00571203 -0.00011533  0.00624865 -0.00059272 -0.00958272
 -0.00456935 -0.00427111  0.00751922  0.00269668
150111	-0.00261296  0.00036025  0.00189444  0.00498333 -0.00222972 -0.00150626
 -0.00716735 -0.00142569  0.00109305 -0.00135369
265315	 0.0017539   0.00675832  0.00206712  0.01385665  0.00059303  0.00481107
 -0.00280049  0.00250778 -0.00403627  0.00322961
512100	 0.00113643  0.00052653  0.0062074   0.01024504 -0.00739577  0.00034052
 -0.0023633   0.00249511 -0.00733539  0.00397682
296049	 0.00292261  0.00275212 -0.00490047  0.01078329  0.00296692 -0.00264244
 -0.00294059 -0.00087493  0.00208625  0.00583337
209522	-0.00286645  0.0022387   0.01273898 -0.00291929 -0.00331245  0.01367437
 -0.01742336  0.01386715 -0.0109984   0.00309411
542836	-0.00410391  0.00189419  0.00680837  0.00043572  0.01607225  0.0009163
  0.00153398  0.00581402  0.00921404  0.01373987
397951	 0.00436051  0.00359071  0.00049043 -0.00267055 -0.00276105  0.00827423
  0.00223211  0.0003331   0.00014547  0.01469309
285825	-2.9575294e-03  4.3197665e-03  7.9175271e-03  6.4419764e-03
 -8.4754894e-05  2.6356673e-03 -4.1859979e-03  3.6543428e-03
  2.5500194e-03  5.7288376e-03
190616	 0.00178904  0.00852295  0.00531497  0.0169464  -0.00121616 -0.00103787
 -0.00019576  0.00448073 -0.00354567 -0.00252113
120175	 0.0049892   0.00299262 -0.00130152  0.00070501  0.00423767 -0.00111511
 -0.00260942  0.01444404 -0.00580557 -0.00050789
202401	 5.6639737e-03 -1.1353948e-02  5.0049480e-03  1.5925016e-02
 -4.4862325e-03  1.5991138e-02 -5.7492615e-03  5.4529966e-03
 -3.5958861e-03 -6.7722220e-05
308898	 0.00178846  0.00227502 -0.00978315 -0.00728894 -0.00084647 -0.00122861
 -0.00268601 -0.00192032  0.00177947  0.00392818
545444	 0.00613149  0.00994371 -0.00036071  0.00461016  0.00403421  0.00817964
 -0.00678267  0.00609317 -0.00151666 -0.00024095
488614	 0.001215   -0.00054118 -0.0188563  -0.00549409 -0.01214743  0.00378016
  0.00524381  0.01312973  0.00767781 -0.01068013
488615	 0.00410662  0.00275548  0.00482674  0.00334923 -0.00554659 -0.00811555
  0.00037862  0.00984802  0.00147153  0.00128635
204970	-0.00911471 -0.00762472 -0.00729885  0.00413739 -0.00112044 -0.00615411
  0.00243024  0.00973548  0.00413184  0.00660059
211570	-0.00591115  0.00449454 -0.00403661  0.00453032 -0.00960726  0.0134598
 -0.00652685  0.00667915 -0.01161977  0.01202722
161454	-4.9038739e-03  5.3600599e-03 -5.2158651e-03  3.2785642e-03
  1.0252875e-02  3.3317073e-03 -5.8074035e-03  4.8948568e-05
 -5.5411928e-03  2.6311609e-05
133818	 0.00593994  0.00643959  0.00632524  0.00919216  0.00362111 -0.0018976
  0.00761263  0.005069   -0.00295173  0.00073835
133820	 0.00090706  0.00266268 -0.0012512   0.00144024  0.005745    0.00335297
  0.00424847  0.00802729 -0.00612173  0.00369654
198756	 0.00028878  0.00473115 -0.00725797 -0.00367535 -0.00419121 -0.0013125
 -0.00445172  0.00095555 -0.00196541  0.01806679
538825	-0.00010259  0.00489965  0.00101002 -0.00451519  0.00098744 -0.00834552
 -0.00067197  0.00084529 -0.00158268  0.00188681
223946	 0.00469386 -0.00254625  0.00563301  0.00140386 -0.00705358 -0.01015022
  0.00030429  0.01065718  0.00127517  0.00492703
538837	-9.4251558e-03  3.7105116e-03  4.7390540e-03  5.1893003e-04
  6.2221210e-03 -3.3666426e-03  6.6635883e-03  1.4793165e-03
  2.0550904e-05  4.2825802e-03
515288	 5.2002026e-03  3.6603224e-03 -5.5526463e-05  6.0691857e-03
 -5.6835082e-03  4.7398903e-04 -2.0720062e-03  7.3513468e-03
  2.9041166e-03  5.2157934e-03
250587	 0.00336757 -0.00020713  0.00431474  0.01348022 -0.00023108  0.00714866
 -0.0031799   0.00309328 -0.00339899 -0.00328609
428258	-0.00527586  0.00168857 -0.00278905  0.00427039  0.00185807 -0.00397695
 -0.00219541  0.00950323 -0.00364639  0.00803322
247847	-0.00989078  0.00134837  0.00089516 -0.00958245 -0.00339467  0.00511334
  0.00535014  0.00113857 -0.00431345  0.00391608
489200	-0.00618086 -0.00067802  0.00312394  0.00074287  0.00472061  0.00180424
  0.00110445  0.00316325 -0.00346051  0.0035504 
255733	 0.00359945  0.00233562 -0.00540135  0.0039073   0.00707012  0.00653764
  0.00118153 -0.00281341 -0.01078746  0.00586485
197369	 0.0027537   0.00759188  0.00807712  0.00153144 -0.00207587 -0.00094431
 -0.00344086 -0.00390943 -0.013869    0.01127644
367866	 0.00740687  0.00037191  0.00099279  0.00763733 -0.006783   -0.00226855
 -0.00564864 -0.00441077 -0.00444469  0.00587993
141568	-0.00131393  0.00117274  0.00624887  0.00663899  0.00398363  0.00322473
 -0.00207507  0.00475292  0.0007719   0.00365842
460043	-0.00279761  0.00682602 -0.00309867  0.01772337  0.01036431  0.00123097
 -0.00177487  0.00747319 -0.00436716  0.00566691
335661	-0.00410914 -0.00578868  0.00490942  0.00821723  0.00186465 -0.00158523
  0.00280588  0.00584968 -0.0013923   0.00562921
348440	 0.00373917  0.00380224 -0.00403384 -0.00524033  0.00242823 -0.00540947
 -0.00234615  0.00259424 -0.00683452 -0.00047155
322339	 1.4078829e-03  3.2708109e-03 -4.9476377e-03 -4.9259770e-04
  4.8553632e-03 -4.8380848e-03 -2.1858700e-03  3.0380443e-05
  1.3156881e-03  9.2492290e-03
541478	-0.00338221  0.0003417  -0.01080092 -0.00826342 -0.00694     0.00301454
 -0.00419072  0.00567084  0.00108603  0.00642943
180524	-0.00847076  0.00737586 -0.00486552  0.00346839 -0.00118874  0.00183395
  0.00351093  0.00420032  0.01166872  0.00222845
396589	 0.00055618  0.00385435  0.00164914  0.00492249  0.00832391 -0.00719816
  0.00038376  0.00207324 -0.00133171  0.01622834
100654	 0.01917019  0.01446111  0.00565316 -0.00543895  0.00083818  0.01516287
 -0.00378306  0.01351601 -0.01230209  0.00133794
213814	-0.00020619  0.00179931  0.00384076  0.01599548  0.00325248  0.00013001
 -0.00201206  0.00607273 -0.00467013  0.00457548
371001	-0.00450531  0.00943182  0.00339594  0.00338322  0.00515191  0.00251668
 -0.00303716  0.00157756  0.00419902  0.0118694 
55104	-0.00204815 -0.00184699  0.00564645 -0.00575538  0.00893543  0.00552931
 -0.00954789  0.01492499 -0.0158288  -0.00730285
315201	-0.00211284  0.00601951 -0.00073013  0.00017394 -0.00017711 -0.00315171
 -0.00013216 -0.00151609  0.00042213  0.00643372
340790	 0.00092385  0.00580658  0.00383107  0.01300724  0.0057771  -0.00025502
 -0.00386316  0.00403405 -0.00546519  0.00476278
121677	 0.00452968  0.00594058 -0.0035133  -0.00345716 -0.00576934 -0.00573751
  0.00529455  0.00675269  0.00127036 -0.00678188
42321	-2.6357330e-03  4.7195125e-03 -2.4859149e-03 -3.0584913e-05
 -2.2878846e-04 -2.9987469e-03  2.8391369e-03  1.9178702e-03
 -2.6810952e-03  5.8985185e-03
234841	-0.00440318  0.00208023 -0.00109944  0.01247626  0.00095549  0.00664183
  0.00660846  0.00611001 -0.00727119  0.00017035
371045	 0.00192348  0.00308681 -0.00264721 -0.0032733   0.00091373 -0.0007056
  0.00142962  0.00761658  0.00273282  0.0032505 
215403	-6.70768833e-03  2.13405248e-02 -7.54691521e-03  9.84966103e-03
 -1.35157844e-02  2.79165106e-03 -9.63309576e-05  1.12209525e-02
 -1.17113665e-02 -8.41474626e-03
362349	-0.00672793  0.00401082  0.00409105  0.00058259 -0.00472084  0.00292271
 -0.00883954  0.01820093  0.00046825 -0.0007157 
195133	 0.00528742  0.00719565 -0.00248454  0.00401737  0.00093733 -0.00437822
 -0.00160594  0.00450347 -0.00488684 -0.00068438
317817	 0.00029938  0.00044416 -0.00298555  0.00326088  0.00111141 -0.00366547
 -0.00444174  0.0039118   0.00085631  0.00107665
196988	 0.00700597  0.00427347 -0.00474416 -0.00847116 -0.00491342  0.00479357
 -0.00056833  0.01091065  0.00199652  0.0056304 
331647	 1.4301798e-03  3.8894944e-04 -3.6924439e-03  3.9704069e-03
 -2.9449475e-05 -1.6133110e-03 -2.7132602e-03  1.5906034e-03
 -9.6581405e-04  4.9930937e-03
553355	-0.00769093  0.00829361 -0.01059447 -0.00519977  0.00186175  0.00580435
  0.00467997 -0.00103208  0.00024873  0.00715881
350604	 0.00082788  0.00993694  0.0010358   0.00391974 -0.01317576 -0.00471744
 -0.00257396  0.00068286 -0.00703017  0.00527925
336279	-0.00294676  0.00231673 -0.00250299  0.00821456  0.00350419 -0.00196839
  0.0005333   0.00262505 -0.00205268  0.00906711
305564	 0.00845958  0.00069085  0.00144377  0.00553567 -0.00440603  0.00400768
 -0.00714699 -0.01132834 -0.00402966  0.01083154
151101	-0.00020514 -0.00298623  0.0030571   0.0102142   0.00322801  0.00487808
 -0.00308365  0.00099823 -0.00059222  0.01711536
175259	-0.00390515  0.00533507 -0.00913023 -0.00916781 -0.00278137  0.00426899
 -0.00191817  0.00771549  0.00129406  0.00351779
74668	 0.00245666  0.00423999  0.00345099  0.00094294  0.00372301  0.00399905
 -0.00609079  0.00526148 -0.00112166  0.01414629
432049	-0.00208042  0.00110416  0.00427012 -0.00302398  0.00367469  0.00279591
  0.01100424  0.00355313 -0.00606013  0.01129228
521143	 0.00362373  0.00727273 -0.00063379  0.00872705 -0.01161307 -0.00231716
 -0.00867322 -0.00467139  0.00635764  0.00027119
375224	-0.00095707  0.00139839 -0.00653797 -0.00800455 -0.00238808  0.00430596
  0.00591848  0.00530329 -0.01297721 -0.00404311
523201	-0.00538537  0.0111516  -0.00024289  0.00568258 -0.00087322 -0.00166813
  0.00120704 -0.00279403 -0.00083898  0.01309514
289782	-0.00041286  0.00173162 -0.00200891  0.00194232 -0.00267801 -0.00356045
 -0.00087199  0.00103015 -0.00352113  0.00861457
398282	 1.1901659e-03  3.4882452e-03 -2.1515577e-04 -1.9351300e-04
 -8.6209766e-05 -4.1575353e-03  3.4291265e-03 -1.5699756e-04
 -9.8510878e-03  2.6588920e-03
548856	-0.00575724  0.00892995  0.0059464   0.01252247 -0.00155531 -0.00229789
 -0.00336192  0.00222744 -0.00506714  0.00205003
307155	 0.00087459  0.00170281  0.00622448  0.00726548 -0.0018375  -0.00277547
  0.00557709  0.00460414 -0.002144   -0.00085602
534607	-5.3342821e-05  1.0700460e-02 -1.6061425e-04  1.1775426e-03
  2.6663253e-03  1.2035465e-03  1.6932894e-03  9.7636081e-04
  3.0929286e-03  4.6743490e-03
409567	-0.00659346 -0.00704973 -0.00056917  0.00208842 -0.004442   -0.00923606
 -0.00012692  0.00908675 -0.00389622  0.00783176
395232	-3.0141796e-03  1.2917601e-02  4.7624554e-03  1.1867086e-02
 -9.7288337e-04 -3.3171729e-03 -4.9447552e-03  4.9230405e-03
 -6.6410415e-03 -1.4512993e-05
502756	-0.00385735  0.0084024   0.00369066  0.01391353 -0.00658532  0.00233131
  0.00397447  0.00260954 -0.00503337 -0.00330335
117228	 0.00565851 -0.0051768  -0.00421593  0.00859324  0.00222416  0.0008846
 -0.00348657  0.00023211  0.00739277  0.00991231
518128	 6.5079695e-03  5.9673470e-03 -4.4167380e-05  8.1323655e-03
  3.0310074e-04  5.3371984e-04 -3.5276022e-03  2.9867569e-03
 -1.2439764e-03  6.9113560e-03
319474	-0.0021348   0.0046667  -0.00363998 -0.00011926  0.00377287 -0.00354829
 -0.00437714  0.00264828  0.00145803  0.00971699
502774	 0.00348327  0.00422488  0.00452274  0.0063347  -0.00231631 -0.00337646
  0.00232201  0.00273343 -0.00694282 -0.00098909
224760	 0.0033157   0.00308345 -0.00039678 -0.00260014 -0.00011223 -0.00725761
 -0.00932281  0.00308336 -0.01316155 -0.00025564
13818	-0.00848317 -0.00036808  0.0105014  -0.00809516  0.00524374  0.00359053
  0.00387685  0.00837414  0.01154839  0.01102555
191601	 0.00648232  0.00660031  0.00406697  0.0070456  -0.00117859 -0.00248579
  0.00581805  0.0068322  -0.0035275   0.00049019
