213825	 0.00065926 -0.006733   -0.00174378 -0.00183523  0.00809264 -0.00071768
 -0.00218688 -0.00356671 -0.00015162 -0.00554635
19336	-0.00187629 -0.0043249  -0.00194961  0.0008487   0.00665079  0.00455654
  0.00158675 -0.00614979 -0.00019898  0.00107085
148745	-0.00728878 -0.00469705 -0.00671404 -0.00708845  0.00594898  0.00148217
  0.00035566 -0.01155965 -0.00191286 -0.00668882
19340	 0.00191462 -0.00944534 -0.00797516 -0.00537295  0.00584028  0.00114183
  0.00452914 -0.00294751 -0.00136978 -0.0060353 
277007	-2.7009068e-04  4.8391859e-04  1.4670468e-03  5.9592619e-04
  5.6063230e-03 -3.7940013e-06 -2.4936392e-03 -7.7243880e-03
 -3.5688624e-04  2.9509233e-03
71056	 0.00306487 -0.00447605  0.00249433 -0.00250027  0.00861777 -0.00248406
 -0.00128598  0.00065889  0.0030445  -0.00687746
67731	-0.00430924 -0.00343497 -0.00130646 -0.00284124  0.01204555  0.00702127
  0.00176176  0.00455169  0.00559121 -0.00277748
360472	-0.00424239 -0.0015355  -0.00276262  0.00673464  0.0003033  -0.00209167
  0.00622868 -0.00031111 -0.00124298 -0.00247025
501274	-0.00315779 -0.00323554  0.00485146 -0.0091712   0.01168934  0.00474513
 -0.00233688 -0.00506567  0.00024623 -0.00276278
332188	 0.00432203 -0.00393021 -0.01053697 -0.00442262  0.00922738  0.00438285
  0.00113083 -0.00143887  0.00535731 -0.00952662
332189	 0.00329525 -0.0024622  -0.00749929 -0.0055191   0.0115974   0.01088656
 -0.00136509 -0.00320531  0.00071904 -0.00635091
117280	 0.00112576 -0.00330486  0.0004599  -0.00860302  0.00834089  0.00280057
 -0.00188069 -0.00230836  0.00451612  0.00478451
524450	-0.00280048 -0.00477042  0.00016412 -0.007025    0.0099465   0.00507841
  0.00162629 -0.00674765  0.00224405 -0.00661071
288731	-0.00315069 -0.00465678 -0.00498389 -0.00651361  0.01287333  0.00531573
  0.00161555 -0.00100687  0.00220222 -0.00638611
14629	-0.00084791 -0.0082385   0.00051013  0.00179614  0.00761323 -0.00445953
 -0.00127232 -0.00389206  0.0032609   0.00165005
213834	 0.00065926 -0.006733   -0.00174378 -0.00183523  0.00809264 -0.00071768
 -0.00218688 -0.00356671 -0.00015162 -0.00554635
524458	-0.00280048 -0.00477042  0.00016412 -0.007025    0.0099465   0.00507841
  0.00162629 -0.00674765  0.00224405 -0.00661071
227117	-0.00608214 -0.00583302 -0.0054551  -0.00262161  0.0102903   0.01009569
 -0.00360712 -0.00557145 -0.00122211 -0.00965129
131631	 0.00116925 -0.00725712 -0.0075673   0.00084753  0.01296013 -0.00293075
 -0.00040972 -0.00171435 -0.00230165 -0.00555414
131634	-0.00626092 -0.00638631 -0.00871721 -0.00425437  0.01381052  0.00722206
  0.00321517  0.00181235  0.00503245 -0.00759728
227123	-0.00606228 -0.00275189 -0.00254173 -0.00202156  0.00549574 -0.00501786
  0.00187536 -0.00543161 -0.00182238 -0.0032376 
332596	-0.00516735  0.0002009   0.00064053  0.00261809  0.00723055  0.00296321
 -0.00586311 -0.00757134  0.0016007  -0.00449827
177845	-0.00465608 -0.00588988 -0.00504397 -0.00660261  0.0123539   0.00624996
 -0.00224192 -0.00467916  0.00215516 -0.00375935
227126	-0.00427133 -0.00245453 -0.00299983 -0.00873755  0.01630009  0.00509785
 -0.00249945 -0.00381233  0.00409996 -0.00091185
368185	 0.00069714 -0.00577326 -0.00470839 -0.00621999  0.00731963  0.00750157
 -0.00177239 -0.00512385 -0.00566651 -0.00777068
537524	 0.00060781 -0.00193525 -0.00298943  0.00047761  0.00263277  0.00320373
  0.00264653 -0.00245328  0.00016403 -0.00016687
131644	-0.00478874 -0.00238298  0.0008222  -0.00549564  0.01131225  0.00296787
  0.00262192 -0.00813696  0.00020533 -0.00160345
542922	-0.00671754 -0.00710899 -0.00776748  0.00101895  0.00286461  0.00340772
 -0.00166697 -0.00810674  0.00610159  0.0002239 
227125	 0.00201757 -0.00648639 -0.00403418 -0.00102142  0.00173912  0.00070301
 -0.00746673  0.00052794  0.00197899 -0.0066631 
112032	-0.00258249 -0.00061607 -0.00179582 -0.00210283  0.01080209  0.00942582
 -0.00204783 -0.00497643 -0.00591689 -0.00585406
238530	-0.00622177 -0.00221499  0.00053604 -0.00256625  0.01144997  0.00378067
 -0.0055284  -0.00596853 -0.00566858  0.00016197
517060	 0.00321011 -0.00298888 -0.00479157 -0.00543399  0.00608481  0.009373
  0.00077883 -0.00734356  0.00029027 -0.00833105
541641	-0.00846023 -0.00045066  0.00103151  0.0002779   0.00718171  0.00279956
 -0.00745476 -0.01323864 -0.00107368 -0.00408348
467786	-0.0066844  -0.00240478  0.00016222 -0.00326747  0.00909163  0.00576638
 -0.00751558 -0.00574958  0.00182719 -0.00172988
541644	-0.00409222 -0.00733081 -0.00094074  0.00172203  0.00366946 -0.00194596
 -0.00384814 -0.00678771 -0.00356725 -0.0040717 
309346	 0.00057507 -0.01064207 -0.00685993 -0.0008482   0.0028004   0.00307637
 -0.00233593 -0.0076168  -0.00106145 -0.00462456
541645	 0.00215948 -0.00251847 -0.00236425 -0.00441632 -0.00101087  0.00190473
 -0.0082589  -0.00105155  0.00308786 -0.00403976
79954	-0.00076366 -0.00283483  0.00373539 -0.00722865  0.00488226  0.00270695
  0.0004526  -0.00110169  0.00154819 -0.00599859
398803	 6.1831097e-03 -4.6907160e-03  4.8411319e-05 -8.6961314e-03
  6.1587216e-03  2.4958486e-03  8.5619127e-04 -5.7961559e-03
 -2.0590026e-04 -3.0883825e-03
124500	-0.0004511  -0.00141322  0.00211548 -0.00707444  0.00331373  0.00341935
 -0.00352515 -0.00598291 -0.00029544 -0.00231018
313954	-0.00329459 -0.00756978 -0.00182215  0.00034243  0.00540691 -0.00447895
 -0.00792324 -0.00476724  0.00407069 -0.00388606
227124	 0.00201757 -0.00648639 -0.00403418 -0.00102142  0.00173912  0.00070301
 -0.00746673  0.00052794  0.00197899 -0.0066631 
68568	-7.8836493e-03 -2.5759037e-03  9.9914723e-06 -4.7099879e-03
  7.3739910e-03  5.3466056e-03  3.7957961e-03 -1.6402006e-03
  7.3305238e-03 -3.1067888e-04
73179	-0.00465608 -0.00588988 -0.00504397 -0.00660261  0.0123539   0.00624996
 -0.00224192 -0.00467916  0.00215516 -0.00375935
81118	-0.00178019 -0.00349085 -0.00672302 -0.0020635   0.0028802   0.00104571
 -0.00275041 -0.00086567  0.00020176 -0.00328969
402913	-0.00307259 -0.00432271  0.00126235 -0.00548039  0.01065594  0.00262369
 -0.00913861 -0.01153484  0.00047479 -0.00610924
402914	-0.00468868 -0.00297163  0.00662292 -0.01320321  0.01543158  0.00521829
  0.00111741 -0.01035107 -0.00313351 -0.00076379
338275	-0.00334856 -0.01000525 -0.00532415 -0.00151955  0.00465675  0.01065427
 -0.00062717 -0.00256962 -0.00142539 -0.01000831
296168	-0.00683722 -0.0026296   0.00197415 -0.00281303  0.0079043   0.00720291
 -0.00362791 -0.00418375 -0.00020203 -0.00548457
477545	 0.00169354 -0.00794813 -0.00353892  0.00227621  0.00700313  0.00019389
 -0.00217942  0.00093382 -0.0035258  -0.0019758 
477546	-3.2175847e-03 -5.7104724e-03 -1.3400393e-03 -3.0608813e-03
  5.9098029e-03  9.0330038e-03  2.6932550e-03 -4.2784675e-03
  5.8083937e-05 -4.2222906e-03
477548	 0.00033673 -0.00169577 -0.00225311  0.00222662  0.00474735  0.00718845
  0.00563638  0.00250161  0.00430041 -0.00044885
288573	-0.00284949 -0.00139791  0.00260228  0.00064821 -0.00116061  0.00110738
  0.00225474  0.00052698  0.00398952 -0.00735327
394608	 0.0012766  -0.0037301  -0.0044085  -0.0003244   0.00574145  0.00019901
 -0.00472596 -0.00138831  0.00177356 -0.00328534
60023	-0.00465608 -0.00588988 -0.00504397 -0.00660261  0.0123539   0.00624996
 -0.00224192 -0.00467916  0.00215516 -0.00375935
207868	-0.00313629 -0.00553091 -0.00031534  0.00024953  0.00586    -0.00034292
  0.00718265  0.00311488  0.00436956 -0.00066326
288383	-0.00118747  0.00010194  0.00383478  0.00313726  0.01021287  0.00550574
 -0.00308653 -0.01050838 -0.00318772 -0.00770044
