256518	 0.02138973 -0.01076692 -0.00714245  0.00387251  0.00101782 -0.00121366
  0.00895267  0.00691011 -0.00915264  0.03781563
195591	-0.00347461  0.00314865 -0.01128622 -0.00924324  0.0008769  -0.00737595
 -0.00264542 -0.00289018 -0.00239945 -0.00174704
289289	 0.00969271  0.00267158  0.00190158  0.00031687  0.00692246 -0.00117026
  0.00014093 -0.00575609 -0.00238171  0.0055379 
436749	 0.00834787 -0.00737475  0.0220094  -0.00115228 -0.01790236 -0.00611436
  0.01689948 -0.00511126 -0.01116999  0.01899151
300047	-6.6928630e-04  4.0841242e-03  2.6028854e-04  3.4213688e-05
  5.4135155e-03 -4.0968247e-05 -5.1403758e-03  4.3557046e-04
 -3.9960672e-03  6.2164152e-04
181777	-0.00093334  0.00541822  0.00170553 -0.00179471  0.0126766  -0.00087783
  0.00273028 -0.00377532  0.00195148 -0.00221383
74770	 2.8958558e-03  5.6611761e-03 -8.0984086e-03 -2.7010797e-03
  5.5601159e-03 -7.5988360e-06 -1.1116044e-02  2.0568371e-03
 -1.6877396e-03 -2.0060540e-04
256531	 0.00996362  0.0068468  -0.00172253 -0.00310923  0.0017986   0.00141181
 -0.00545861 -0.00663073 -0.00300179  0.0032971 
487447	-0.00040355  0.01390676 -0.0057678   0.01105681  0.00255826  0.0025747
 -0.01201136  0.00798401  0.00301037  0.00253412
525856	 0.00037653  0.02056297 -0.02277533  0.01676544  0.00020802  0.00511746
 -0.00336108  0.00591256  0.00263358  0.01336518
36016	-0.00311568  0.02634124 -0.00637609 -0.00915916  0.01118192 -0.0058137
  0.00291628  0.01124682 -0.02848769  0.00164891
213542	 0.0044851   0.00373306 -0.0021489  -0.00679484  0.00958753  0.00238114
 -0.00309752 -0.00988117 -0.00718946  0.00450261
31783	 0.00615846  0.00693924 -0.00142034  0.00223334  0.00139519  0.00323495
 -0.00618226 -0.00542826 -0.00408424  0.00516343
413749	-0.00395877  0.00365413  0.00406378 -0.00412678  0.0007304  -0.00590784
  0.00190683  0.00969117 -0.00650905 -0.00385257
512566	 0.00570388 -0.004343   -0.00226394  0.00915192 -0.00144206  0.00200022
 -0.00780362  0.00289874  0.0005786  -0.00274914
5691	-0.0026085   0.00430415 -0.00254747 -0.00184412  0.00328563  0.00675593
 -0.00435895 -0.00840894 -0.00212883 -0.00384186
488885	 4.80995188e-03 -3.35912518e-05 -3.28142825e-03  8.97111464e-03
  3.56726535e-03  2.70428765e-03  1.08526685e-04  5.99207240e-04
 -1.24891456e-02 -1.00548856e-03
12864	-0.00128688  0.0016234  -0.00248329  0.00720014  0.01622665  0.00262091
  0.00159668 -0.00436025 -0.00492053  0.0017675 
180807	 0.01054929  0.00801293 -0.01021941 -0.00557269  0.00861647  0.00818797
 -0.00130478 -0.00664352 -0.00138023  0.00642001
125002	 0.00964901  0.00309767  0.00597116 -0.00108583  0.0018832   0.00103686
 -0.00077996  0.00863704  0.00274993  0.00128175
337485	 0.01829873 -0.00991436 -0.00758869 -0.00393442  0.00509863  0.00552977
 -0.00751238  0.00547025 -0.00498251  0.0012788 
557647	 4.4621816e-03 -2.3068225e-03  5.6291251e-03  8.4604602e-03
  1.4162574e-02  2.5759462e-05 -4.7380435e-03  5.9396140e-03
  1.3632384e-03  2.1892176e-04
478105	 0.00169872  0.01066273 -0.00522427 -0.00587464  0.00963554  0.0038972
 -0.00117161 -0.00140934 -0.0013492  -0.00363731
218638	-0.01129533  0.00476194 -0.01561713  0.02685279  0.00764211  0.01593813
  0.011587    0.00381097  0.00387575 -0.01874235
54367	-0.00549236  0.011721   -0.00267391 -0.00902573  0.01867334  0.00557951
  0.00254712  0.00608348 -0.00542935 -0.00488758
507238	 0.00137695  0.00872521 -0.01270771 -0.00127555  0.00791081 -0.00252184
 -0.00689391  0.00124949 -0.00823483 -0.00205301
189542	 1.8281866e-03  2.3315249e-03 -8.6909086e-03 -4.4236840e-03
  3.3384964e-03  1.2509238e-03  2.6658856e-05  6.5644723e-03
 -4.2989326e-05 -7.3992060e-03
493671	 3.9802559e-05 -4.0722713e-03 -1.0177170e-02  6.3376403e-03
 -6.9641070e-03  3.7193084e-03 -2.2540872e-03  2.5022021e-04
 -1.9096360e-03  9.3047079e-03
375402	-0.00284363  0.00203748  0.005346    0.00269977  0.00942473 -0.00426625
 -0.01523527  0.0026803   0.00932396 -0.00552994
560243	 0.01168874  0.00955821 -0.00959096 -0.01162817  0.00710789  0.00092288
  0.00169495  0.00323591 -0.00437544  0.002074  
92266	 0.00034751 -0.00021661 -0.00404752  0.00947606  0.01373725  0.00151298
 -0.00245414 -0.00187418 -0.00910953  0.00277491
390273	 0.01519799  0.02944352 -0.01049481 -0.01039227  0.02638348 -0.009219
  0.01762679  0.00479109 -0.00433032 -0.01489377
188037	 2.5027946e-03  1.4212787e-02  1.2410538e-05 -5.8416547e-03
  1.6221252e-03 -2.0463882e-02 -1.8065178e-03 -1.1368057e-03
 -2.3386989e-02 -6.1107208e-03
390287	-0.00262354  0.01332634  0.00245112 -0.00960366  0.00716755 -0.00561024
  0.00532725 -0.01861783 -0.00657914 -0.00385807
505488	 0.00033948  0.00364122  0.00126212  0.00016701  0.00403462 -0.00179856
 -0.00156046  0.0006104   0.00026188  0.00276837
550548	 8.8210553e-03 -1.0243512e-02 -7.7538001e-03 -1.7369568e-03
  6.9851954e-03 -8.4468498e-05 -1.5012852e-02 -2.3001872e-03
 -1.2485078e-03  3.2503733e-03
389401	 0.0001837   0.00173908 -0.0030939  -0.00204652  0.00422122 -0.0022382
  0.00258183  0.00381133 -0.00418531  0.00031723
292000	-0.01834995 -0.00722243  0.0130731   0.00543634  0.00235801  0.01345262
 -0.00555859  0.00695447 -0.03220043  0.008839  
254118	 0.00535168  0.01634618  0.00593917 -0.00699899  0.0094682   0.0030702
  0.00501396 -0.00449101 -0.00069164 -0.00924726
48820	-0.00071774  0.00151434 -0.00022267  0.00362282  0.00099952  0.00017839
 -0.00652479 -0.00648536 -0.01023448 -0.00194066
368501	 0.00808026  0.01298509 -0.01744014  0.00012171  0.00253662 -0.00259843
  0.00850547 -0.00975905 -0.00330617 -0.00570772
554703	 0.00351351  0.00472072 -0.0032726  -0.00206581  0.0056123  -0.00219489
 -0.00551053 -0.00068277 -0.00330419  0.00128292
149712	-0.00040978 -0.00452056 -0.01009953  0.00518792 -0.00402907 -0.00060964
 -0.00646656 -0.00089286 -0.00257773  0.00647309
329952	 0.01150637  0.01019438 -0.00310517  0.02153602 -0.00126281 -0.00692467
 -0.00801607  0.00387134  0.00270695  0.01045883
182005	-0.00597456 -0.00499355 -0.01277033  0.00181768 -0.00970959 -0.01242366
 -0.00329137  0.00468668 -0.003943    0.00353918
73976	 0.0042127   0.00238256 -0.00912912 -0.00212485  0.00853991  0.00119297
  0.00092364 -0.00076191 -0.00240713 -0.00297259
197884	-0.00477789  0.0030511  -0.00664159 -0.00130215 -0.00023187 -0.00416007
  0.00052121  0.006117   -0.00207787 -0.00655471
170757	 0.00833835  0.00621304 -0.00380299 -0.00103157  0.00593488 -0.00325335
  0.00076917  0.00019525 -0.00215027 -0.00739264
133895	-3.8620477e-04  6.9434652e-03  1.3820337e-04  7.0847454e-03
  1.5389926e-03  3.6032153e-03  6.5417189e-05  3.6371956e-03
 -2.0970397e-03 -2.6388564e-03
219916	 0.00103465  0.00447658 -0.00438048 -0.0007918   0.00256365 -0.00535904
 -0.00324821 -0.00540782 -0.00507385  0.00128426
114051	 0.0023712  -0.00319989 -0.01046912  0.00190049  0.0125592   0.00429923
 -0.01981936 -0.00020669 -0.0031969  -0.00050485
155412	 0.00617185  0.00164587 -0.00292197  0.00023647  0.00252947 -0.00074422
 -0.00482432 -0.00539919 -0.00771105 -0.00046481
426265	 0.00132213  0.00995527 -0.00129036  0.00838257  0.00701957 -0.00670506
 -0.00074315 -0.00700296 -0.00111026  0.00158283
202012	 0.00694889  0.00469859 -0.01170069 -0.0069087  -0.00081093 -0.00436026
 -0.00114741 -0.00546284 -0.00030282  0.00935319
35615	-0.00311568  0.02634124 -0.00637609 -0.00915916  0.01118192 -0.0058137
  0.00291628  0.01124682 -0.02848769  0.00164891
507168	-0.00282468  0.01063425 -0.00530677  0.00334517  0.007613    0.00181892
 -0.00901737  0.00544498 -0.00271801 -0.00157104
303398	 0.01527723 -0.01185305 -0.01096518  0.00925924  0.01002786 -0.00708485
 -0.01223063  0.02366133  0.0037387   0.00174795
348969	-0.00308914  0.00269461 -0.00889231 -0.00438026  0.00375416 -0.00178982
 -0.00431649 -0.00340479 -0.00760425  0.00448548
303402	 0.01527723 -0.01185305 -0.01096518  0.00925924  0.01002786 -0.00708485
 -0.01223063  0.02366133  0.0037387   0.00174795
33071	 3.77938501e-04  7.27555435e-03 -1.01152705e-02 -8.61879438e-03
  1.41252577e-02  3.16191954e-03  2.91365250e-05 -1.03556481e-03
 -7.93504820e-04 -6.77773915e-03
202038	 0.00426657  0.00506515 -0.00285242  0.00859946  0.00992127  0.0003243
 -0.00049263  0.00417393  0.00044042  0.00454241
515896	-0.00445028  0.01204595 -0.0110056  -0.00418369  0.00771312  0.00498333
 -0.00497396 -0.0093733   0.00092232 -0.00153145
33083	-0.00311568  0.02634124 -0.00637609 -0.00915916  0.01118192 -0.0058137
  0.00291628  0.01124682 -0.02848769  0.00164891
38219	 0.01380409  0.01906084 -0.00471142 -0.00300554  0.01611875 -0.00089573
  0.00051977 -0.00318445 -0.01286801  0.00686475
257364	 0.0069097   0.01223355 -0.00547039 -0.00087921  0.00296978 -0.0003096
 -0.00429425 -0.00399086 -0.00298462  0.0054543 
497493	 0.00217362  0.00078491 -0.00257917 -0.00219365  0.00671246  0.00499156
 -0.00427116 -0.00885054 -0.00142664  0.00446262
562009	 0.00205773  0.0074972  -0.00487284 -0.00300724  0.00351759 -0.00365769
  0.00125904 -0.00504831 -0.00562608  0.00039605
465756	 0.00675576  0.00821441 -0.00488393 -0.00180204  0.00198294 -0.00824707
  0.00498853  0.00476896 -0.00339224  0.00214239
298299	 3.5867858e-04  8.3918909e-05  1.9339505e-03 -2.4265114e-03
  4.6684030e-03  2.6432411e-03 -6.1040567e-03 -7.5778546e-04
 -3.8861569e-03  2.4579754e-03
131429	 0.00573534 -0.00748349 -0.01286191  0.00525071  0.00748231 -0.00744734
 -0.00880052 -0.00749022 -0.01310325  0.01139536
523622	 0.01205709 -0.00889294 -0.01313221 -0.00630584  0.00134985 -0.00722089
 -0.00954711 -0.00293227 -0.00088502  0.0020418 
549224	-5.7544614e-05 -1.8349914e-03 -3.7784633e-04  2.7913663e-03
 -3.2312993e-03 -1.3570110e-03 -1.9463478e-03  2.9181507e-03
 -4.2836326e-03 -4.4272151e-03
348021	-0.00789393 -0.00588788  0.00328958 -0.00445919 -0.00655934  0.0068064
  0.0017928  -0.01122742 -0.00635943  0.00677309
57719	 0.00097152 -0.01013151 -0.00426275 -0.00010413 -0.00894605 -0.00858498
 -0.00504129 -0.0087993   0.00386565 -0.00054125
432276	 0.00041315  0.01012489  0.01108507 -0.00056407  0.01985303 -0.00778359
  0.00243415  0.00074194 -0.00226323 -0.00905579
527742	 2.5455988e-04  1.4875003e-03 -6.9961245e-03  7.2136178e-04
  7.7074324e-03  4.1510742e-05  3.3934459e-03 -3.3285769e-03
  4.3127560e-03  6.2945830e-03
512898	-0.00197923 -0.00157466  0.00138618 -0.00482961  0.00240441 -0.00297584
 -0.00459288 -0.00139636 -0.00558841  0.00395922
439180	 0.00619761  0.00396684 -0.00270751  0.01012606  0.00359268  0.00253895
  0.00121988  0.00459206 -0.00347512  0.00974858
311189	 0.00231736  0.00885489 -0.00847332  0.00036539  0.01249009 -0.00304874
 -0.00785346 -0.00175391 -0.00257652  0.00014369
553879	 0.00047826  0.00610444 -0.00886914  0.00214763  0.0034304  -0.00387906
 -0.00341237  0.00110989 -0.00380549  0.00209132
477592	 0.00551017  0.00868942 -0.00276804  0.00037271  0.00947179 -0.00262372
  0.00244569 -0.00382763 -0.00157429  0.00094098
548249	 0.00438556  0.00072305 -0.01320104  0.00288516  0.00084881 -0.00501567
 -0.00750785 -0.00313034 -0.00301953  0.00282298
189341	 0.00186891  0.00666329 -0.00133666  0.00051671  0.00691036 -0.00195474
 -0.00774318 -0.00938801 -0.0143372  -0.00575653
73637	 0.0241333   0.00751929  0.01392103  0.02648235 -0.00648562 -0.01661964
 -0.01833139  0.00493304 -0.01830071 -0.00366446
34730	-0.00311568  0.02634124 -0.00637609 -0.00915916  0.01118192 -0.0058137
  0.00291628  0.01124682 -0.02848769  0.00164891
381426	 0.00662831 -0.0006352  -0.00780892  0.00115369  0.00824894 -0.00057568
 -0.00490206  0.0012721  -0.00835221 -0.00038277
520117	-0.00188404  0.00979447 -0.00678733  0.00822587  0.00966443 -0.00289922
 -0.00455585 -0.01103648 -0.00720217  0.00403275
313282	 1.4423908e-03  2.3790917e-03 -1.3423747e-03  4.0250980e-05
  6.0296184e-03  1.4312885e-03 -1.5358357e-03 -7.9587623e-03
  3.4076377e-04  2.3356020e-03
427459	 0.01627577  0.00013488  0.00087215  0.00238148  0.00342005  0.00061177
  0.00069802 -0.00165096 -0.00024319  0.00712913
524749	 0.00770619  0.00616222 -0.00646984  0.00838259  0.00256104  0.00053171
 -0.00067834 -0.00021197  0.00486223  0.00222592
178640	 0.009345   -0.0066037  -0.01419544 -0.00240424  0.00458582 -0.00456923
 -0.01081503 -0.00039459 -0.00242855  0.00100846
466	-0.00539954  0.00559396 -0.00420869 -0.00095003  0.00302995 -0.0044507
  0.00303094 -0.00029821 -0.00400555  0.00392151
395221	 0.00564688 -0.00794061 -0.01243611 -0.00254324  0.00532607  0.00328092
 -0.00986613 -0.00129027 -0.01251102 -0.00372289
165344	-0.0038811   0.00924595 -0.00729716  0.00413441  0.00876857 -0.00824061
 -0.00320225 -0.00678472  0.00465328 -0.00857458
90081	-0.00216384  0.01098416 -0.00193496 -0.00773544 -0.00278133 -0.00227011
 -0.00437172  0.00376961 -0.01037653 -0.00197176
209903	 0.00991014  0.02366646 -0.00642935  0.01023981  0.01482661 -0.00955302
  0.00525043 -0.01539598  0.00398785  0.00876807
288752	 0.00182895 -0.00171136 -0.00464978 -0.00523051  0.01074018  0.00171872
 -0.00484359 -0.00395701 -0.00809538 -0.00594436
113650	 8.8508092e-03  1.2018525e-03 -5.0393036e-03 -3.8770847e-03
 -1.3559010e-03 -6.8044057e-05 -6.6110240e-03 -4.5524822e-03
 -4.4622524e-03  1.7157529e-03
127480	-0.00954031  0.00576322 -0.00610705  0.00301131  0.0020454  -0.0032914
 -0.00270748 -0.01026629  0.00109461 -0.00203692
387065	 8.8864594e-04  7.3487610e-03 -3.7708667e-03 -2.5321210e-03
  2.3074432e-03  3.9533377e-05 -1.9645151e-03  2.0258110e-03
  1.0775689e-03 -4.3769074e-03
150011	 3.1961228e-03  1.1355168e-03 -7.1308166e-03  5.7099913e-03
 -1.8562278e-04 -3.4287665e-03  3.9944029e-03 -1.1160559e-03
  1.5256495e-03  5.5884240e-05
528895	 0.00836559  0.00438851 -0.01083832  0.00488342  0.003401    0.00117185
  0.00370478 -0.00463553  0.00245573  0.00105531
