69122	-0.00013162  0.0010122  -0.01065029  0.00263388 -0.00025336  0.00333868
 -0.00259046  0.01629847  0.00184231  0.00673715
338819	 0.00613657  0.00627341  0.00336493 -0.00723368 -0.00438963 -0.00354002
 -0.00615176 -0.00761758 -0.00083029  0.00727161
195973	 0.0007105  -0.00213734  0.01127636 -0.00538421  0.00516055 -0.00645742
  0.0017077  -0.00408877 -0.00121069 -0.00271396
69126	-0.00430753 -0.00519429  0.0029391  -0.00659223  0.00044751  0.00026977
  0.00239392  0.00648433  0.00120839  0.00173071
578695	 0.00655897  0.00130351  0.00053999 -0.00421966 -0.0057451   0.00284316
  0.00392877 -0.00571411 -0.0018956  -0.01029317
574472	-0.00031523  0.00244187 -0.00488196  0.00194551  0.00211544  0.00471359
  0.00048282 -0.00134266  0.01001048 -0.00546202
574217	-0.00537703 -0.00687833  0.0042751  -0.00559501  0.00194023  0.00299906
  0.00207255  0.00378381  0.00142172  0.00415076
571274	 0.01003427 -0.00729049 -0.00292666  0.00379608 -0.00193428 -0.00063598
 -0.00257188  0.00016239 -0.00494019 -0.00183595
572119	-0.00766434  0.00187    -0.00056217 -0.00380699  0.00159827 -0.00079394
  0.01223379 -0.00189497  0.0038201   0.00440257
569998	 0.00276705  0.00059196  0.00185155  0.00104227 -0.00359704  0.00168363
 -0.00494887  0.00100356  0.0017503  -0.00736888
145423	 0.00876829  0.00251776  0.00491975 -0.00076109  0.00060286 -0.00622502
  0.00257345  0.00170556 -0.01301776  0.00096501
578320	 3.4804460e-05 -3.1665664e-03  3.5070665e-03 -6.1149551e-03
 -6.9937343e-04 -5.2396366e-03 -4.0801205e-03  8.8803014e-03
 -6.0350908e-04 -1.3332855e-02
524049	 0.0024953   0.00196433 -0.00297154 -0.0006475  -0.00194116  0.00502679
 -0.00646322 -0.00176918 -0.00596782  0.00773714
90259	 0.0087247  -0.00832673  0.00519841 -0.010598   -0.00114661  0.00776794
 -0.00179782  0.00932982 -0.00517047 -0.00492665
567060	 0.00328848 -0.00132788 -0.00082758  0.00778963 -0.0010353  -0.0017037
 -0.00459344 -0.00423539  0.00229297 -0.00161042
570645	-0.00178345 -0.01031526  0.00881204 -0.01125614 -0.00582284  0.00173579
 -0.00346614  0.01102184  0.00191039 -0.00362195
576778	-0.00124881 -0.00297607  0.00442016  0.00048313 -0.0044402  -0.00589144
 -0.00301453  0.00034722  0.00297393  0.00372517
574491	-0.01422745 -0.00321094 -0.00345189 -0.00128682  0.00763999  0.00135125
 -0.00769664 -0.00785744 -0.00540535 -0.00733627
32031	-0.0050011  -0.01221903  0.00625722 -0.00695981  0.00951582  0.00049763
 -0.01585911  0.00245281  0.00735654  0.01585524
79776	-3.1107010e-03 -2.6152986e-03  3.6939706e-03  6.0101072e-03
  2.1915708e-03  2.0806969e-03 -2.0631792e-03  3.2607603e-03
 -3.5415676e-03  5.6468842e-05
174881	 0.01047699 -0.00133379 -0.00517549 -0.00701602 -0.00440423  0.00469175
 -0.00139432 -0.00304907 -0.00590047 -0.00381689
569762	-0.00013886 -0.00193859  0.01118936  0.00625897  0.01085479 -0.00595812
 -0.01008878 -0.00877533  0.00605637 -0.00078513
165027	 3.5086661e-03  5.2014403e-03  1.3236443e-02  2.5139144e-03
 -3.0039011e-03  3.3690518e-05 -3.9311936e-03  1.5088960e-03
  1.1233603e-02  7.5921109e-03
23974	 0.00121384 -0.00289877  0.00374079 -0.00934412  0.00134038  0.00781775
  0.00197578  0.00251613  0.00249391 -0.00116114
324657	-0.00372965  0.00051847 -0.001069   -0.00388898  0.00522457  0.00192926
  0.00218774  0.00208741 -0.0040971   0.0018054 
36064	-0.014642   -0.00365721  0.01577488 -0.00418021 -0.00131121  0.0052715
  0.00710996  0.01572354 -0.0028264   0.00559137
43562	-0.00234449 -0.00369495  0.01168744 -0.00423744  0.01367955 -0.0029595
  0.00620024  0.011652    0.00715346  0.00263354
565932	 0.00664806 -0.00939863 -0.00060351 -0.00413845 -0.00942039  0.00323058
 -0.00636569 -0.0008835  -0.00587197 -0.00136842
218290	 0.00158886 -0.00351747  0.01196739 -0.0041479  -0.00722253 -0.00053794
 -0.01213654 -0.00088576  0.00754973 -0.00200684
577326	-5.1164487e-04 -3.1640828e-03  4.7246381e-03 -3.3670773e-03
 -3.9116652e-03 -6.0110828e-03  1.2250394e-03 -1.5375535e-03
 -2.0267775e-03  3.9912507e-06
577328	 0.00050625 -0.00183029  0.00095493 -0.00415193 -0.00052831 -0.00395606
  0.00214745 -0.00114956  0.00311383 -0.00260076
573960	-0.00106436  0.00114585  0.00184655 -0.00401401  0.00246004  0.00304442
 -0.0044895   0.00055876 -0.00208471 -0.00191096
573889	-0.01003983  0.01018671 -0.00987054 -0.01970868  0.00970932  0.01968218
  0.01212013  0.01653903  0.01461996  0.01430721
49716	 0.00634025  0.01062613 -0.00772158 -0.00899436 -0.0043684   0.00245846
 -0.01356217  0.01769605  0.00213583 -0.00513687
128566	-0.00180396  0.00842222  0.00274811 -0.00236141  0.00315397  0.002059
  0.00041051  0.0087095  -0.00353041  0.00417457
489225	-7.7239011e-04 -7.4673138e-05  2.2158835e-03 -1.8726467e-03
  5.2496907e-03 -9.6179666e-03 -6.0550957e-03  6.5079411e-03
 -2.8193383e-03 -3.8706597e-03
569144	-0.00723001 -0.00666847  0.0051772  -0.00894453  0.00369945 -0.00132401
  0.00291212 -0.00027329 -0.00107156  0.00290519
74809	-0.01309597 -0.00587002  0.00980975 -0.00080676  0.00661832 -0.00025745
  0.00405948  0.00360357 -0.00376987 -0.00017147
565563	-0.0006702  -0.00402835 -0.00779786  0.00591283  0.00049008 -0.01144288
 -0.0064804   0.00103547  0.00127372 -0.00416794
574922	 7.9841388e-04 -3.2759190e-03  5.5650476e-04 -2.2410874e-03
  3.6454902e-03 -4.6901968e-03  7.0858659e-05 -8.1177643e-03
 -3.5895722e-03 -7.5044585e-03
324672	-0.00150593 -0.00326983  0.0001953  -0.00252436  0.00258553 -0.00180805
  0.0025114   0.00488242 -0.00318972  0.00263541
47041	 0.00732604 -0.00850302 -0.00336858  0.00345346 -0.00579464 -0.0083573
 -0.01749945  0.02065437  0.00935821 -0.00650608
395845	-0.00311636  0.00833976  0.00522453 -0.00369831  0.0030499  -0.00234879
 -0.0112817   0.00250385  0.00531047  0.0062002 
209224	-0.00290701 -0.00147398  0.00263794  0.01202513  0.00227539  0.00847062
 -0.00883046  0.00339325 -0.00266752 -0.00458241
362768	-0.0012142  -0.00470028 -0.00376177 -0.00255658  0.00029227  0.00519701
  0.00010797 -0.00181586  0.00260709  0.00174687
565578	-0.00032389 -0.00102643 -0.00107749  0.00162556 -0.00670627  0.00678583
  0.00294735 -0.00137439  0.00289382 -0.00213122
574201	 0.00143669  0.00285141  0.00442947 -0.0014718   0.0016113   0.0012821
 -0.00292214  0.00278106  0.00039927 -0.00316196
574382	-0.01070687 -0.00097997  0.00234872 -0.00175029 -0.00373325  0.00117174
  0.00448366  0.002411   -0.00465336 -0.0004022 
406672	-8.9465426e-03 -2.3541448e-03 -1.1183810e-02 -3.5411872e-03
  9.9314877e-04 -3.1546655e-03  6.0735614e-04 -1.5671829e-03
 -3.4993609e-05 -3.4344872e-03
47311	-2.7192859e-03 -5.0812359e-03  1.2364067e-02 -5.3520501e-03
  2.0226112e-03  2.2031632e-03 -8.4993504e-03  9.6558202e-03
  2.0190381e-04 -6.1838160e-05
566224	-0.00892412 -0.00594891 -0.00406997 -0.00805175 -0.0082551  -0.00418191
  0.00095551  0.00391123  0.00650745 -0.00460181
576210	-0.00178823 -0.00189761  0.00237918 -0.00160394 -0.00967234 -0.00642696
 -0.00095075  0.0122826   0.00539242 -0.01029694
4179	 0.00263214 -0.00384291 -0.00208446 -0.00068701 -0.00667865  0.00270817
  0.003555    0.00236822  0.00011653 -0.004288  
112212	-0.01663236  0.00434944 -0.00069498  0.00672869  0.00056758 -0.00621555
  0.00057469  0.00191793 -0.00366118 -0.00515883
568533	 0.0001052  -0.00403342 -0.00575906 -0.0021351   0.00278172  0.00196944
  0.00112663  0.00611171 -0.00010326 -0.00217892
571863	 0.00326049 -0.00481618  0.00314925 -0.00551107 -0.00537514 -0.00134996
  0.00129284 -0.00231289 -0.00506589  0.00187215
33370	-0.014642   -0.00365721  0.01577488 -0.00418021 -0.00131121  0.0052715
  0.00710996  0.01572354 -0.0028264   0.00559137
568655	 0.0054787   0.00019825  0.00129315 -0.00263056 -0.00222376 -0.00134994
 -0.00244122 -0.00325105 -0.0021231  -0.00177091
72669	 0.0006218  -0.00390779 -0.00457466  0.00030474  0.00255224 -0.00828441
 -0.00162775  0.00678232 -0.00478379  0.00579892
172639	-0.0151128  -0.01851554  0.00708299 -0.00111036  0.00452505  0.00793176
  0.0026843   0.00764883  0.00487198  0.00662633
292704	-0.00362715  0.00525908 -0.00270766 -0.00171891  0.00241812 -0.00686566
  0.00119127  0.00841004 -0.00105057 -0.00034496
568656	 5.0687685e-04 -5.3239921e-03 -1.1961741e-03 -1.1456128e-05
 -5.2177110e-03 -3.3685919e-03  1.0428294e-03  3.8405473e-03
  2.4422493e-03 -6.1999559e-03
568571	-0.01212809 -0.01197214  0.01169088 -0.00806519 -0.00386351 -0.01281135
 -0.00133061 -0.01363193 -0.00842457 -0.0059781 
577738	-0.00136808  0.00065175  0.00959923 -0.01010874 -0.00274454  0.00693218
 -0.00341377  0.00807497 -0.00115984  0.00033065
35205	-0.014642   -0.00365721  0.01577488 -0.00418021 -0.00131121  0.0052715
  0.00710996  0.01572354 -0.0028264   0.00559137
75900	 0.00159354 -0.00596923 -0.00390913  0.00027824 -0.00581613  0.00895605
 -0.00016009 -0.00848296  0.00878932  0.01099996
577772	-0.00533619  0.00063481  0.00229311 -0.00600601  0.00613998  0.00319494
  0.00408111  0.00151729 -0.00547329 -0.00665191
110269	 0.00057003 -0.00812383  0.00492457 -0.00271827  0.00173873  0.003961
 -0.00323663 -0.00851075 -0.00213344  0.00575232
47218	-0.0040995  -0.01606441  0.00695218 -0.01293231  0.00160879 -0.00509759
  0.00490512  0.00278229  0.0045237   0.00638771
69075	 0.00675969 -0.00135093  0.00038204 -0.0003646  -0.00240379 -0.00186127
 -0.00222499  0.00359708  0.00484143  0.00376179
32533	-0.014642   -0.00365721  0.01577488 -0.00418021 -0.00131121  0.0052715
  0.00710996  0.01572354 -0.0028264   0.00559137
275919	 0.00552802  0.00096739 -0.00713926 -0.00891477  0.00383058  0.00488647
  0.00158407  0.00621073 -0.00510547  0.0061407 
566519	-0.01040342 -0.00508357  0.00280719 -0.00204132  0.00862708  0.00355823
 -0.00070358  0.00609347  0.00266387  0.01217227
1401	 0.0039255  -0.01326785  0.00457145  0.00161724 -0.00181763 -0.00721626
 -0.01169202  0.00281961 -0.00189789 -0.0007068 
72695	-0.0020246  -0.00354927 -0.00355326 -0.00275048 -0.00687096  0.00385141
  0.00090916  0.00485472  0.00496807 -0.00293942
567291	 0.00227699 -0.00155275  0.0010597  -0.00446514 -0.00419662 -0.00324639
 -0.00147057 -0.00408317 -0.00062186  0.00280268
129276	-0.00180396  0.00842222  0.00274811 -0.00236141  0.00315397  0.002059
  0.00041051  0.0087095  -0.00353041  0.00417457
410325	-0.00242569  0.00535145 -0.00020581 -0.00277855  0.00775335  0.0022587
  0.00209048  0.00106574 -0.0037744   0.00135083
