206343	 0.00341213 -0.00226566 -0.00726064  0.00302909  0.00596176 -0.00710443
  0.00591869 -0.00202435  0.00560466  0.00143883
19475	-0.0058445  -0.00273582 -0.00599443 -0.00540464 -0.00252513 -0.0079747
 -0.0026708   0.00177486 -0.00348962  0.00340041
232471	 0.00604555  0.00729958 -0.00237381 -0.00096264  0.00417817 -0.00603651
  0.00224642 -0.00186816  0.00118944  0.0106407 
288793	 2.8831956e-03 -1.4049888e-03  4.5548915e-03 -3.0499636e-03
  2.1234651e-05 -3.8417340e-03 -2.2582647e-03  3.9952951e-03
  3.0947546e-03  6.0639768e-03
346138	-0.00504349 -0.00279882 -0.00124403  0.00151912  0.00321264 -0.00601733
  0.00374526  0.00280982  0.00329537  0.00482606
412702	-0.00331431  0.00247031  0.00960793  0.00221681  0.00038226 -0.00717289
 -0.00246609  0.00195989 -0.00491077 -0.00259027
161317	-0.0102358  -0.00255697  0.00259251  0.00080339  0.00131507 -0.01100133
 -0.00420769  0.00308388  0.00226736 -0.00645467
528432	-0.00444641 -0.00224354 -0.00218489 -0.00054198  0.00165512 -0.00414633
 -0.00391588  0.00263434  0.00338109  0.01397775
494136	-0.00692603 -0.00172511 -0.00168708 -0.00118638 -0.00192627  0.00019745
  0.00342241 -0.0035379  -0.0084949   0.00979196
54330	-0.00454939 -0.00099145  0.00359526  0.00303723  0.0007153  -0.01377266
  0.00461224 -0.00601081 -0.0143847   0.0132955 
378946	 0.0302677  -0.017588    0.02110263  0.00591122  0.00865787 -0.00919775
 -0.02230495  0.0113695  -0.00089969 -0.01733547
325387	-1.0552834e-02  6.3489104e-04 -1.0380996e-03  1.0771190e-03
  3.1952856e-03 -4.4735321e-03  4.6609780e-03  1.7912660e-03
  3.8611253e-03 -9.4141767e-05
389704	 0.00171989  0.00722975 -0.00416236  0.00580049  0.00360789 -0.00146285
  0.00069027 -0.00301612  0.00048081  0.0057604 
526924	-0.00227424 -0.00474235  0.00503783 -0.01142362 -0.00295909  0.00982129
 -0.00112787 -0.00176961 -0.01272416  0.00276876
55896	 0.00751788 -0.00531931 -0.00391343  0.0019142  -0.00530987 -0.00787216
  0.00421242 -0.0035067  -0.00658419  0.00757156
270949	-0.00248045  0.0022941   0.0014881   0.00514468 -0.00068037 -0.00515848
 -0.00597382  0.0020913   0.00204951  0.00535178
16481	 0.00240744 -0.00816942  0.00217861  0.00177801  0.00160304  0.00966134
 -0.00015646 -0.00838497 -0.00828405  0.00337104
254562	-0.0001421  -0.00157606 -0.00928352 -0.00312554  0.00399455  0.00421354
  0.00237853  0.0017498  -0.0091676   0.01578354
548453	 9.3464060e-03 -4.8904298e-03  4.7813952e-03  2.4966153e-03
  2.0529098e-05 -2.1221258e-03 -9.8487381e-03 -9.5978309e-04
  2.3615430e-03  1.0480739e-03
176232	 0.00329081 -0.00427045 -0.0126779   0.00124441 -0.00115313  0.00175022
 -0.00131478  0.00420737 -0.00103842  0.01077408
415337	 0.01035119  0.01517671  0.01552811 -0.01118231  0.00929731 -0.02506292
 -0.030592   -0.00169948 -0.01065984  0.03698779
397424	-0.00527679 -0.00219632  0.01357736 -0.00888522 -0.00045093 -0.0076587
  0.00496921  0.00127622  0.00255849  0.00161994
71286	 0.00072311  0.00834621 -0.00541628 -0.0034301  -0.01636932 -0.01496425
 -0.0137556  -0.00293989  0.00762328  0.01743845
423273	-5.5223154e-03 -4.4315592e-03  1.1663976e-03 -5.5742479e-04
 -1.0154241e-02 -5.6465059e-03 -4.4873726e-05 -1.7390380e-03
  4.8388513e-03  1.7678706e-02
187328	-0.0004883  -0.00358614 -0.00527292  0.00414295  0.00122116 -0.00108744
 -0.00288108 -0.00169365 -0.0053571   0.00200695
170116	 0.00112048  0.00347768  0.00437437  0.00541906 -0.00222149 -0.01197609
  0.00048099  0.00072195 -0.01037763  0.00827317
466574	 0.00266224 -0.00013089  0.0050283   0.00431148 -0.00524075  0.00047017
  0.00231332 -0.0058288   0.00126159  0.00555941
450707	 0.00604018 -0.0012915   0.0097608   0.00127282  0.01592177  0.00269023
 -0.00329258 -0.00369698 -0.00082852  0.00827953
312986	 3.3800141e-03 -8.8654868e-03 -2.7275358e-03  5.5968703e-05
 -1.1259096e-03  8.1765028e-03  5.4687713e-03  2.3769021e-03
  4.1440327e-04  1.2395787e-02
483999	-0.00881982 -0.00162062 -0.00742801 -0.01418176  0.00435956  0.00207657
  0.00200917 -0.00428406  0.00525969  0.02171816
402594	-0.00343029 -0.00252418  0.00437448 -0.00658535 -0.00157623 -0.00011785
 -0.00117077  0.00979996  0.00066975  0.00281273
349347	 0.00732998 -0.00416834  0.0016514   0.00414321 -0.00534349  0.0020731
 -0.00398942  0.00254955  0.00211044  0.00417065
187053	 0.00520943 -0.00784132 -0.0031132   0.0025351  -0.00206841  0.00301278
 -0.00138969 -0.00540223 -0.00065612  0.00528351
114865	 0.00126327 -0.00500139 -0.02186171  0.01374709  0.00042574 -0.02368826
  0.00523079 -0.02264996 -0.00117261  0.00145586
22706	 0.00103704  0.00560879  0.0046314  -0.00400872  0.00079196  0.00367227
  0.00378537 -0.00084729 -0.00115303  0.00153875
375475	 0.00520725 -0.00331334 -0.00644736  0.00151881  0.00181409 -0.00224885
 -0.00492157  0.00376117 -0.00086256  0.00195076
240312	-0.00627689  0.00282432  0.01545746  0.01385997 -0.00653229  0.0045445
 -0.01032326  0.01314547  0.00636854  0.00623369
210208	 0.01508575  0.03846443 -0.00328684 -0.0053912   0.00835861 -0.00943525
  0.01007429  0.02627746  0.00199636  0.00687115
494278	 0.00169215  0.00530376  0.00304954 -0.00464652 -0.00445977 -0.00232914
  0.00258605  0.00398997  0.00664805  0.00633067
26830	-0.00091321  0.00509586  0.00658409 -0.00362801 -0.00265334  0.00578387
 -0.02027305  0.00307185  0.01114439  0.00428362
158933	 0.00376667  0.00237126  0.00315649 -0.00233102 -0.00707682 -0.00639305
 -0.00183104  0.00479442 -0.00069959  0.0086087 
436446	-0.00233091 -0.00954174  0.00117137  0.00244312 -0.00536948 -0.0106016
  0.00313882  0.00315211 -0.00213478 -0.0092885 
26869	-0.01230994 -0.0004845   0.00569963  0.00665442  0.00438994  0.00230425
  0.0122325  -0.00860955  0.001051    0.00927959
197367	-0.00155649 -0.00042113 -0.00677209 -0.00758107 -0.00587103  0.0040609
  0.003275   -0.00320174  0.00111027  0.00749576
556280	-0.00865604 -0.00398573 -0.00219968 -0.00313765 -0.00470382 -0.00858325
  0.00927996  0.00131888 -0.00051081  0.00315008
404730	-0.00297167 -0.00926065 -0.00854684  0.00138823  0.00349628 -0.01577956
 -0.00023394 -0.00920569  0.00052833  0.00261305
556292	-3.6113262e-03 -4.9121440e-03  7.6262448e-05 -7.5064944e-03
  5.2269306e-03 -4.1637304e-03  1.0916562e-02  5.5007945e-04
  5.1679777e-04  4.2527346e-03
380169	 0.00235179  0.02674195 -0.0137164   0.00365636  0.0046143   0.01524103
 -0.00867673  0.01578879  0.00454899  0.00992115
567051	-0.00734076  0.0073251  -0.00203973 -0.00518602 -0.00685731 -0.00790417
 -0.00250983 -0.00018913 -0.00687304  0.00993852
30996	-0.00979432  0.00045548  0.00957508 -0.00590049  0.00747549 -0.00175359
 -0.00052685 -0.00735288  0.0055357   0.00348218
301344	 0.00168443  0.00558953 -0.00138776 -0.00585565 -0.00019281 -0.00194576
  0.0027671  -0.00599975  0.00279153  0.01023505
561954	 0.00167232  0.00386894 -0.01501306 -0.00076433  0.00195866 -0.00327572
 -0.0008747  -0.00179162 -0.00831267  0.0071424 
41768	-0.00487294 -0.00012725  0.00939784 -0.00195979 -0.00751288 -0.00269237
  0.00086177  0.00034503 -0.00546179  0.01193741
469801	-0.00124445 -0.00139663 -0.00463574 -0.00584077 -0.00546104 -0.00494049
  0.00264122  0.0047014  -0.00131557  0.00973375
210744	 0.00143991 -0.00490055 -0.00091453 -0.0004861   0.00237682 -0.00166392
 -0.00637374 -0.0070977   0.00919515  0.00125727
331580	-0.00012545  0.0007798   0.0055544   0.0034359  -0.00139108 -0.0008359
  0.00115073  0.00928663 -0.0071201   0.0060087 
527677	-0.00131369 -0.00596492  0.00087971 -0.00373772 -0.00078525 -0.00280034
  0.000496   -0.00261374 -0.00046794  0.00818692
553790	-0.00022084  0.00026825 -0.00137429 -0.00264113 -0.00328278 -0.00370803
 -0.00179672  0.00191555  0.00536713  0.00298566
317256	-0.00820491  0.00544556 -0.00038092 -0.00117476 -0.000659    0.00292857
  0.00815352 -0.0033366   0.00271685 -0.00143276
481610	-0.00111943 -0.00025243 -0.00257363  0.0001715  -0.00148441 -0.00488818
 -0.00286981  0.0006335  -0.00039668  0.00148696
468302	-0.00405006 -0.00066458 -0.00773028 -0.00874974  0.00498257 -0.00017478
  0.00523407  0.00034092  0.00365153  0.00178207
562520	-1.5770001e-05 -2.8620509e-03 -3.8992390e-03 -1.9036044e-03
 -1.0589361e-02 -6.7954734e-03 -8.2591706e-04  1.8623922e-03
  4.4954442e-03  4.2318297e-03
479588	-1.0478369e-02 -3.6958801e-03 -2.3120940e-03  1.3471880e-03
 -8.6397529e-05 -1.9159224e-02 -2.1060896e-03 -7.4449945e-03
 -7.1301078e-03  1.7177954e-03
307046	 0.00110064  0.00169762  0.00476846 -0.00091983 -0.00533774 -0.00246621
  0.00579781  0.00289869 -0.00157234  0.00530941
531817	-0.00214917  0.00362585  0.00601191  0.0013564   0.00801149 -0.00094848
  0.00142267 -0.00446765 -0.00266943  0.00324127
277309	-6.25692680e-03  1.46170914e-05 -1.31218811e-03 -4.14088229e-03
  3.87543318e-04 -1.13863805e-02 -1.63330755e-03  3.87554034e-03
 -1.27275679e-02  4.68889251e-03
314737	-5.2980999e-03  7.9280399e-03 -1.0505086e-03  8.2744569e-05
 -3.1900934e-03 -3.4880990e-03  5.1469298e-04  3.3647084e-05
  3.9995201e-03  6.1420188e-04
204663	-0.00105633 -0.01038906 -0.00448492  0.00314591 -0.00493381 -0.00305234
 -0.00867267 -0.00735318 -0.00561396  0.00463947
160641	 0.00284536  0.00117562 -0.00374734  0.0001493  -0.00462675 -0.00290736
 -0.00110879  0.00267228  0.00155207  0.0118232 
300933	-1.4683001e-05 -4.1438849e-03 -1.8538714e-03  1.8125990e-03
  4.2631696e-03 -3.8636914e-03  2.5199796e-03  1.3898694e-02
 -5.2078189e-03  9.4956700e-03
345478	-0.00425778  0.00489248 -0.00940645 -0.00687047 -0.00406479 -0.01634593
 -0.00032259 -0.00233765 -0.00146471  0.00427216
265794	 0.00526517  0.00629124  0.00506936  0.0031075  -0.00027688 -0.00429657
  0.00378898 -0.00371275 -0.00240868  0.00883507
404891	 0.00474252 -0.00347357  0.0023616   0.00302727 -0.00271523 -0.00380117
  0.00268782  0.00087792  0.00943388  0.00073264
479650	-0.0015201  -0.00669524  0.00581883  0.00213263 -0.00106841 -0.01039249
  0.00416162  0.00431739 -0.00132718  0.01033637
548261	 1.6305743e-03  7.5706310e-04 -2.1831612e-03  5.2966597e-03
  2.8371185e-03 -9.2049688e-04 -1.5155333e-03 -2.2369151e-05
  4.2008031e-03  6.2794858e-03
133549	-0.00052907 -0.00050625 -0.00214392  0.00493836 -0.00240926 -0.0048727
 -0.00422961 -0.00257461 -0.00400164  0.01253178
260528	-0.00314877  0.00256243 -0.00727849  0.00050469 -0.00474989 -0.0015626
 -0.00127362  0.00227906 -0.00327352  0.00743126
328629	-0.00584476 -0.01077539 -0.00941905  0.01382736  0.00192675  0.00247787
 -0.00726083 -0.01328562  0.00421841  0.00403976
319927	-0.01127735  0.00360883 -0.0020472   0.00134836  0.00081105  0.00459215
  0.00504013 -0.00863851  0.00724194 -0.00439444
187324	 3.5679783e-05 -2.8408476e-04 -3.6656847e-03  4.2925361e-03
  4.6152095e-03  2.3572047e-03 -2.0394181e-03  8.6143787e-04
 -5.0264895e-03  7.4869590e-03
159168	 0.00179972  0.0081811  -0.00055484  0.00506089 -0.0039456  -0.00491388
 -0.00447013  0.00553634  0.00457847  0.00917318
383428	-0.00361614  0.00830219  0.00306719  0.00115175  0.00640423 -0.00609833
 -0.0074434  -0.00636454 -0.00193343  0.00362212
362486	 0.00534852 -0.00179438  0.01239307 -0.00414195  0.00015147 -0.00394202
 -0.00326486 -0.00201408  0.00050427  0.00785342
445385	-0.0060999   0.00244943 -0.00040246 -0.00185722 -0.00909639 -0.00356572
 -0.00399716 -0.00015203 -0.00023569  0.0067939 
445386	-0.0060999   0.00244943 -0.00040246 -0.00185722 -0.00909639 -0.00356572
 -0.00399716 -0.00015203 -0.00023569  0.0067939 
365986	-0.00227049  0.00280741  0.00695739  0.00083964 -0.00065658  0.00236592
  0.00086766  0.00648703 -0.00319481  0.00447426
338383	-0.00108006 -0.00329359  0.00055913  0.00189781 -0.00267405 -0.00275257
 -0.01125403  0.00341027 -0.00028266 -0.0038935 
555479	-0.00365672 -0.00237097 -0.00254687  0.00013432 -0.00193132 -0.00193176
  0.00299902 -0.00153313 -0.00426524 -0.00354106
264666	-0.0018346   0.00364462 -0.00452319  0.00114614 -0.0030917  -0.00197319
 -0.00906183  0.0010744  -0.00303002  0.00671242
187361	-0.00159683 -0.00102132 -0.00281084  0.00455778 -0.00091431 -0.00438321
  0.00051934 -0.00834613  0.00161429  0.00877252
277479	-0.00299113 -0.00387518 -0.00431554  0.01556952  0.0129968   0.00271793
  0.00554555  0.00639298 -0.00196112  0.0024774 
432117	 0.00445045  0.00172308 -0.00620731  0.00817777  0.00198519 -0.00382354
 -0.00455534 -0.00613416 -0.00168355  0.00850661
254966	-0.0028074   0.00246327 -0.0061429   0.00178488  0.00493049 -0.0072558
  0.00230882  0.00039927  0.00029942  0.0031818 
60926	-0.00369911 -0.00128894 -0.00116581  0.00198093  0.00088691 -0.00145282
 -0.00191748  0.00046248  0.00195199  0.00675963
