297984	-0.00034022  0.00506516 -0.00010786 -0.00502598  0.00413313 -0.00666743
 -0.00065776 -0.00223712 -0.00302191  0.00546968
177153	-0.00736394  0.00345231 -0.00590684 -0.01020247 -0.00038667 -0.00883064
 -0.00609683 -0.00123035 -0.00465597  0.00906785
520201	 0.00676841  0.00854974 -0.00465686  0.01041626  0.01057537 -0.00556973
 -0.00258236 -0.00543073 -0.00181329  0.00964856
559121	-2.6506739e-04 -5.3608645e-04  3.1826205e-03 -6.9103553e-05
  2.0971224e-03 -6.0874261e-03 -2.0672365e-03 -4.3330423e-04
 -1.6749373e-03  4.2633899e-03
559122	-0.00535017 -0.00040071  0.00445576  0.00063135  0.00521074 -0.00268864
 -0.00207325 -0.00091008 -0.00415708  0.00306972
27311	 0.00150476  0.00436299 -0.00961865 -0.0061594  -0.00271733 -0.00946537
  0.00259155 -0.00095225 -0.00276169  0.01186695
152604	 0.0021611  -0.00855851 -0.00224785  0.00353245  0.00794486 -0.00603146
 -0.00574549  0.0063655   0.00124661  0.01525723
399905	-0.00425095  0.00021703 -0.0004425   0.00186136  0.005542   -0.00227185
 -0.0007241  -0.00782928 -0.00110862  0.0083602 
36390	 0.00597749 -0.00317089 -0.00430233 -0.00393003  0.00131615 -0.0052534
 -0.00702777 -0.00408185 -0.00652975 -0.00035992
135719	 0.0058845  -0.00390984  0.00058421  0.00197197 -0.00500399 -0.00705198
  0.00218761 -0.00793093 -0.00229275  0.00647913
34345	-0.0045803   0.00080422  0.00030815  0.01418534  0.01387243 -0.00016751
  0.00667333 -0.0050899  -0.00154507 -0.0002441 
369706	-0.0053005  -0.0004893   0.00458156 -0.00460461 -0.00282638 -0.00985561
 -0.0054713   0.00172696 -0.00147676  0.0107247 
437814	-0.00196968  0.00721165  0.00069728 -0.00390398 -0.00091571 -0.00037696
 -0.00991025 -0.00088616 -0.01030598  0.00529426
483387	-0.00018429 -0.00711014  0.00834959 -0.00832379  0.00081391 -0.00627118
 -0.01194096 -0.00586083 -0.00216508 -0.0008955 
135740	 0.00146677 -0.00340685 -0.00436192  0.00150391  0.00208618  0.00168012
 -0.00180881 -0.00432788 -0.00360641  0.0062336 
522816	-0.00317682  0.00028427 -0.006122    0.00039845 -0.00713948 -0.00547384
 -0.00135277  0.00218063 -0.00218851 -0.00060692
529995	-0.00482624 -0.00845192 -0.0048351   0.00356131 -0.00222131 -0.01409497
 -0.00421106 -0.00852359 -0.00077653  0.00614173
223316	-5.8107489e-05  1.2648947e-03  6.2574761e-04  8.7655531e-03
 -2.4962558e-03 -2.6575474e-03 -8.2544573e-03 -8.6778812e-03
 -1.0535780e-02  3.8348818e-03
571989	-0.00031451 -0.0014964   0.00747725  0.01373379  0.0004569  -0.0006831
 -0.00166564 -0.00447422 -0.00853615  0.01202573
570297	 0.00198047 -0.00200377 -0.00215823  0.0068127   0.00252825 -0.00028952
  0.00155462 -0.00102346 -0.01024964  0.00110767
272474	 0.0087586  -0.00314914 -0.00512072  0.00159798 -0.0004769  -0.00640652
 -0.0020087  -0.010269   -0.00176106  0.00851568
187486	-0.00742683  0.00391536 -0.00773812 -0.0020112   0.00524418 -0.00842174
 -0.00380928 -0.00892912 -0.00147287  0.00917363
185956	-0.00599181  0.00034951  0.0048913  -0.00398131  0.00673817  0.00456256
 -0.00311681 -0.00519812  0.00118031  0.00684235
236134	-0.00563667  0.0098891  -0.01144338 -0.01550312 -0.01588316 -0.0053405
 -0.00402009 -0.00167286  0.0030576  -0.00874058
75372	 0.00229079 -0.00446565 -0.00119787 -0.00070142 -0.00561466  0.00030779
 -0.00031273  0.00540392 -0.00261146  0.01063462
394865	 0.00474989  0.00151443 -0.0026082  -0.00424191 -0.00420634 -0.00366655
 -0.00494347 -0.00759062 -0.00056021  0.00413844
270297	-0.00764064  0.00556674  0.00227703 -0.01547084 -0.0055387   0.0022823
 -0.01522458 -0.0131315   0.00623848 -0.0001225 
210036	 0.00824135 -0.00731792  0.00331009 -0.00511403 -0.00570636  0.00349308
 -0.00215957 -0.01436363 -0.00733908  0.00576707
137214	-0.00785945  0.00057029  0.00233593 -0.0098879  -0.00168058 -0.00672373
 -0.00710045  0.0029157   0.0031392   0.00315953
183946	-0.00137803  0.00387567  0.0010838  -0.00433831 -0.00069399 -0.00293711
  0.00127134 -0.00429808  0.00274218  0.00146395
462497	 0.00442325 -0.0045657  -0.0080293   0.00096942  0.00261161  0.00244383
 -0.00243927 -0.00257012 -0.00922354  0.00316459
136305	 0.00165974 -0.00203868 -0.01192284  0.00393722  0.00355105  0.00391294
 -0.0028505  -0.00441395  0.00045401  0.00791967
377884	-3.0667561e-03 -4.0078757e-04 -2.8494273e-03 -7.4599116e-06
  2.1641995e-03 -3.7241050e-03  1.2673200e-04 -1.7944939e-03
  3.8863561e-04  5.4896143e-03
290478	 0.00050096  0.00202826 -0.0015906  -0.00443731  0.00298173 -0.00372773
 -0.00593411 -0.0009799  -0.00913694  0.00436698
171695	-5.4506082e-03  9.2421935e-05  1.7801833e-03 -1.9960848e-03
 -4.6371328e-04 -1.0407933e-02 -7.6489733e-04  2.2107598e-03
 -3.4990165e-04  2.2998225e-04
223410	 0.00186242 -0.00281949  0.00457341  0.00462315 -0.00207375 -0.0002789
  0.00134027 -0.00561875 -0.00649227  0.01281504
270283	-0.00133942  0.01041247 -0.00596129 -0.00421011  0.003463   -0.00250067
 -0.002686   -0.00602364 -0.00183899  0.00550529
450244	-0.00666266 -0.00156603 -0.00120181  0.00032939  0.00326947 -0.00180932
  0.00106509  0.00194795  0.00428499  0.00561905
533728	-1.5484844e-02 -1.9845064e-03 -1.3956891e-03 -1.4636849e-02
 -5.3834426e-03 -1.0657598e-02  1.4985611e-03 -8.5656624e-03
 -5.4236985e-05  6.8401312e-03
533738	-0.00826296 -0.00210323 -0.00484127 -0.0062487   0.0054374  -0.00939892
  0.00844764  0.00110451 -0.01006104  0.01046984
512893	 6.8259091e-05  2.5062609e-04  4.5067081e-03 -1.2884046e-03
  3.3841433e-03 -5.1343692e-03 -3.7586931e-03  2.1331292e-03
 -7.3416224e-03  5.5357083e-03
48885	-0.00547811 -0.00207211  0.00172883 -0.00253277  0.00882648 -0.0049282
  0.00425619 -0.00119709 -0.01156252  0.01003905
185078	-0.00169397  0.00821806 -0.00458911 -0.00888033 -0.00680337 -0.00889525
 -0.00429116 -0.00370943  0.00206447  0.00826396
452348	-0.00211212  0.00386364 -0.00064332  0.00242663 -0.00777759 -0.00536338
 -0.0034182  -0.00758433 -0.00589867  0.00346899
198410	-0.0021137   0.00764708  0.00825907 -0.00508912  0.00310354 -0.00342707
  0.00274315 -0.00636764 -0.00705606  0.01382314
185100	-0.00291833  0.00812579 -0.00506581 -0.00301757  0.00405682 -0.00401379
  0.00570297 -0.00699337 -0.00145271  0.00956472
254740	-0.01333423  0.01137304 -0.00013258 -0.01015297  0.00185469 -0.00445557
  0.00313077 -0.0112218   0.00559137  0.00270857
254741	-0.00067854  0.00040906  0.00069705 -0.00792525  0.00362301 -0.0005146
 -0.00262467  0.00275358  0.00063003  0.01126757
123159	-0.00293782 -0.00212805  0.00260309 -0.00031632 -0.00337694 -0.00677695
 -0.00965921  0.00302172  0.00243126  0.00177283
464162	-0.00363599 -0.00062156 -0.00060716 -0.00326764  0.0031807   0.00106334
  0.00184901  0.00273052 -0.00422614  0.00413014
266531	-9.9366186e-03  8.1357528e-03  3.5229162e-04 -9.8081557e-03
  6.7186578e-05 -9.6764592e-03 -5.4252269e-03 -3.4349323e-03
 -5.3882143e-03  9.7858617e-03
300334	-0.00184481 -0.00220055 -0.00173552  0.00124693  0.00060256  0.00142978
 -0.00431191  0.00073121 -0.00325508  0.00330948
423739	-0.00374998 -0.00136308 -0.00503531 -0.00250561  0.00087935 -0.00531668
 -0.00466576 -0.00819629 -0.00101909  0.00763616
257343	-0.00323893 -0.00199571 -0.00673989 -0.00401782 -0.00402923  0.00189113
 -0.00092827 -0.00374631  0.00189475  0.00018825
471373	-0.00755795 -0.00037693 -0.00393741 -0.00133704  0.00288767 -0.00532499
 -0.0040235   0.00608976 -0.00390733  0.00242107
567630	 0.00182505  0.00358875 -0.00241258 -0.00323537 -0.00114138 -0.00512115
  0.00185194 -0.00684731 -0.00172459  0.00193419
527698	-0.0029863   0.0073265  -0.00272133 -0.00264536 -0.00037859 -0.00887416
 -0.00708675 -0.00190539 -0.00280967  0.0073267 
187219	-3.1818466e-03 -8.4953930e-04 -3.4163767e-03  2.4996665e-03
 -3.1928769e-03  1.7968834e-03 -7.7944014e-06 -7.5711175e-03
 -3.5123238e-03  6.2018204e-03
442198	 0.00177248  0.00118108  0.00226324 -0.00544095  0.0014239  -0.00101227
 -0.00364547 -0.00359231 -0.00257905  0.00590853
524913	 0.00243382 -0.00174796 -0.00275644 -0.00123868 -0.00347332 -0.0070992
  0.00781017 -0.00756643  0.00030942  0.00812559
69469	-0.00418939 -0.00125976 -0.00063855 -0.00551277  0.00662649 -0.00314723
  0.01171043 -0.00269915  0.00248842 -0.00137217
295262	-0.00017224 -0.00494988 -0.00752278  0.00369371  0.003659    0.00176814
 -0.00012166 -0.00450879 -0.00658145  0.00327313
552811	-0.00449337  0.00680521 -0.00077368 -0.01239245 -0.00427893 -0.00656577
 -0.00365815 -0.00443855 -0.0009362   0.01385739
69490	-0.00145478 -0.00119623 -0.00843524  0.00011539  0.00548632 -0.00421178
  0.00174644  0.00186848 -0.0027776  -0.00038268
260982	-0.00452988  0.00452304 -0.00616151 -0.00484232  0.00431646  0.00082993
  0.00165775 -0.01039989 -0.00149052  0.01097097
367509	-0.0023899  -0.01011194 -0.00473104  0.00207661 -0.00795771  0.00687504
 -0.00104514 -0.00650971 -0.00513863 -0.00987244
46983	 0.00029721 -0.00623935  0.00040318  0.00333733  0.00531328  0.00317111
 -0.00231486 -0.00444834  0.00282818  0.00867509
307599	-0.0018429   0.00582188  0.00297157 -0.00029727  0.00602139 -0.0096368
  0.00389289 -0.01298905 -0.00337125  0.00149092
150931	-0.00399679 -0.00532966  0.01746544 -0.00663176 -0.00651664  0.00472782
  0.00187655 -0.00418012 -0.01080783  0.0098197 
285077	-0.00500257  0.01226811  0.00186156 -0.0126722  -0.00258353 -0.00434236
 -0.00410306 -0.01199212  0.00143857  0.01507916
483735	-0.00388337  0.00546289 -0.00708156 -0.0058552  -0.00187843 -0.00155124
 -0.00539545  0.00372585 -0.0030893   0.01171131
368537	 5.6515522e-03  2.6864887e-03 -5.2925376e-03  6.0662935e-03
 -5.0843188e-05 -4.7241719e-03  5.6108451e-03 -2.7854783e-03
 -3.1545914e-03 -2.3792147e-04
143267	 0.00067409 -0.00286734  0.0004241   0.00204626 -0.00103899 -0.00405234
 -0.00331574 -0.00251511 -0.0046771   0.00642658
143269	-1.8929931e-03  2.6688955e-03 -1.7482687e-05 -1.3985861e-03
 -1.0921758e-03 -1.0533530e-02 -3.1917463e-03 -6.6474397e-03
 -3.5255537e-03  6.5346067e-03
284587	 2.3024091e-03  7.0471452e-03  2.3272845e-03 -1.0822267e-02
  7.5657796e-03 -6.7034947e-05  4.7812317e-04 -4.0169279e-03
 -3.9726221e-03  2.6577835e-03
136114	-0.01176723  0.00010163  0.00530872 -0.00206973  0.0066537  -0.00230068
  0.00290899 -0.00025239  0.00049324  0.00529094
469941	-0.00229735 -0.00086033 -0.0005464   0.00420455  0.00148902 -0.00347256
 -0.00165088 -0.00014901 -0.00654547  0.00503794
202681	 4.1036094e-03  5.9121517e-03 -5.1746434e-03  1.4061306e-02
 -4.2187769e-04  4.3226187e-03 -3.1822878e-05  1.0886797e-02
  3.0826682e-03  1.1276559e-02
572858	 4.9991319e-03  3.4837069e-03 -7.2160148e-04 -3.5094479e-04
 -7.2578157e-05 -5.8801188e-03  4.8874030e-03 -4.6578711e-03
 -4.9329656e-03  1.6967414e-03
556987	-0.00114402  0.00120373 -0.00021197  0.00794202  0.00726426 -0.00146705
  0.00459108 -0.00188761  0.00237414  0.00877309
299453	-0.00211227 -0.00287476 -0.00206401  0.00386923  0.00295419 -0.00491833
 -0.00407762 -0.00028178 -0.00354582  0.00541598
260546	-0.00752053  0.00328559 -0.00498317 -0.00112436 -0.00675787 -0.02196659
  0.0135665  -0.00344699  0.00616155 -0.00058665
142790	-0.00315762  0.00212222  0.00902573 -0.01449781  0.00181073 -0.00357601
  0.00091897 -0.00467867  0.00031482  0.01304314
570315	-0.00439367  0.00653369 -0.00371793 -0.00997598  0.0073693   0.00290831
  0.00787407  0.00341047  0.00075434 -0.00216966
570316	-0.00152589  0.00725045  0.00132887 -0.00113941  0.01036958 -0.00334976
  0.00794284 -0.00686014 -0.00234467 -0.00345894
136658	 0.01331208  0.002148    0.00574942  0.00109773 -0.00728929 -0.0040405
  0.00091682 -0.00767177 -0.00350693 -0.00011557
382935	 0.00448426 -0.00433172  0.00441101  0.00606041  0.00749731  0.00552707
 -0.00258546 -0.00451704 -0.00119412  0.00583482
387033	-0.002208   -0.0022981  -0.00021215  0.00063672  0.00734747 -0.00852017
 -0.01105111  0.00259005 -0.00229546  0.00403687
140762	 2.0809115e-03 -2.3417459e-03 -1.0314215e-03  2.8123246e-03
 -1.6964196e-03 -2.1000865e-03 -2.2710422e-03 -7.3566246e-03
 -5.2190279e-03  4.3522483e-05
524766	-0.00083071 -0.00034418  0.00404646  0.00656391  0.00017357 -0.00556768
 -0.00103124  0.00238813 -0.00702591 -0.00542291
571359	 3.9848303e-05  8.7144105e-03 -3.2743365e-03  7.8905551e-03
  4.2480999e-03  2.1929825e-03  9.1626498e-05 -4.9198251e-03
 -1.8364073e-03  6.6746594e-03
464355	-0.00954137 -0.00242569  0.00040452 -0.00297926  0.00034157 -0.00422979
 -0.00046449 -0.00023621 -0.006664    0.00953872
572392	-0.00675848 -0.00177267  0.00214086  0.00209601 -0.0032317  -0.00248946
 -0.0045326  -0.0070555  -0.00981375  0.00288104
136172	-1.9861964e-05  3.5183595e-03 -8.6208694e-03 -3.5790770e-04
  7.4270549e-03  1.2444433e-02 -1.3824376e-02  6.3771200e-03
 -1.2370304e-03  8.6046467e-03
572397	 0.00493585 -0.00170153 -0.00272232  0.00171013  0.00605976 -0.0098504
  0.00168424 -0.00184924 -0.00045365  0.01605861
567635	 0.0014512   0.00419157 -0.00200282  0.00066214  0.00304101 -0.00256799
 -0.00030599 -0.0034616  -0.00202932  0.00131335
467957	-0.00718294  0.0029331   0.00052173  0.00069626 -0.00536666  0.00128711
  0.00695485 -0.00400552  0.00328927  0.00321881
524794	-0.00346783 -0.00426334  0.00185634 -0.01066583  0.00928738  0.003028
 -0.0083504  -0.01018667 -0.00258781  0.00458667
