388097	-0.00139405 -0.00131002 -0.01212142  0.00263474 -0.0004585   0.00095369
 -0.00496022 -0.00795852  0.00869898  0.01010431
263683	 0.0010163   0.0009797  -0.00443484 -0.00752405 -0.00234613 -0.00035373
 -0.00053314 -0.00119515 -0.00234927  0.00178471
114860	 0.00660728  0.00422298 -0.00186784  0.00380084  0.00138384 -0.01011463
  0.01129625 -0.00990263  0.00647326  0.00660166
234507	 0.00096229  0.00487521  0.00779299  0.00371569  0.00501449 -0.0010359
 -0.0005223   0.00385922 -0.00844226 -0.00115882
520726	 0.00665439 -0.002101    0.00118779 -0.00169801  0.00885946 -0.00740688
 -0.00074198 -0.00082752  0.01008684 -0.00669757
431642	-0.00147437  0.00255994  0.00818094 -0.00461782  0.00353174 -0.00152145
 -0.00507629  0.00438869  0.00212722  0.00454609
456226	-0.00235671  0.00836822 -0.00010746 -0.00790553  0.01781793  0.00672253
 -0.00297335  0.00853731  0.00250986  0.00570726
477225	-0.00563384  0.00692361  0.00309165 -0.0044799   0.00767314  0.00333513
  0.0072412  -0.00927088 -0.00247393  0.00407441
407605	-0.00020843  0.00675467  0.00344054  0.00022922  0.00220061 -0.00145697
 -0.00441429  0.00263601  0.00726763 -0.00245985
252926	 0.00016651  0.00407965  0.00232759 -0.00159692  0.0010947   0.0017226
 -0.0012642   0.00112797  0.00468559  0.01412083
184903	-0.00100618 -0.0094945   0.0060758  -0.00152749 -0.00270206 -0.00275518
  0.00201953  0.00335359  0.00545327  0.00771434
217163	-0.00183383  0.0083081  -0.00275105  0.0003284   0.00696441  0.00538354
  0.0032326  -0.0016996   0.00864674  0.00062322
188493	-0.00301606  0.00471177  0.00405045  0.00033612  0.00022221  0.00079735
 -0.00157528 -0.00371586  0.00638645  0.00563817
539219	 0.00650924 -0.00096758 -0.00164391 -0.00117781 -0.00542533  0.00256182
 -0.00018984  0.0024828  -0.00552372  0.00105808
92758	 0.00688775  0.00049116  0.00073336 -0.00555069  0.00039088 -0.00528502
  0.00568759 -0.00024604  0.00011312  0.00240561
34392	 0.00472489  0.00055199  0.00304769  0.00694795 -0.00229731 -0.00541999
 -0.01448516  0.00377378 -0.00016433 -0.00353384
153690	-0.00226854 -0.00397098  0.00426739 -0.00599516 -0.00504179 -0.00280701
  0.00329947 -0.00393892  0.00164218 -0.00264095
87652	 0.00559138  0.00120844  0.0031605  -0.00926259 -0.00068754  0.007271
  0.0009865  -0.00462932 -0.00940994  0.00647045
227942	 0.01918886  0.00427459 -0.00831574  0.00482143  0.01946807  0.01542873
 -0.00538261 -0.00209811  0.00683896  0.00342088
152679	-0.00219377 -0.00082891  0.00732617 -0.00919738 -0.0011503   0.00064969
 -0.00038508 -0.00896782  0.00419371  0.00334581
536173	 0.00386825 -0.00357473  0.00129992 -0.00694879 -0.00290604  0.00488756
 -0.00343898 -0.00017534  0.00567477 -0.00192399
79470	-0.01263265  0.00301164  0.00380092 -0.00760848  0.00528858 -0.00172106
  0.00146453 -0.00138387  0.00255081 -0.0062642 
316529	-0.00347891 -0.01000216  0.00325814  0.00240912  0.00255731 -0.00108479
 -0.00344808 -0.00854278  0.00262513  0.0036079 
175222	 0.00571325  0.00160743  0.00208539  0.00732154  0.00021961  0.00369198
  0.00277012  0.00279367 -0.00746417  0.00758351
348294	 7.2320458e-03 -8.5822371e-04 -1.3850033e-03  2.7988711e-03
  9.0022309e-05 -4.2894026e-03  6.7751510e-03 -5.7542482e-03
 -1.2328073e-02 -8.4274804e-04
367243	-0.00672123  0.00533119  0.00805986  0.00043858  0.00845029  0.00233316
 -0.00646337 -0.00780817  0.02079388  0.0075662 
197775	-0.00486111  0.00303579  0.00101464 -0.00081116  0.00175909  0.00116928
  0.00056296 -0.00057647  0.00261828  0.00284034
410780	-0.0040395   0.00256842 -0.00226108 -0.0086351   0.00415147 -0.00078713
  0.0022124   0.00296015 -0.00427407 -0.00059207
410782	-0.00173805  0.00068048 -0.00336041 -0.01440461  0.00106877  0.00289664
 -0.00064042  0.00972322 -0.00366436  0.00021907
61609	 0.01280893 -0.00576361  0.00448935 -0.00691485 -0.00144231  0.00150049
 -0.0016451   0.00761263 -0.00132769 -0.00610135
175275	 0.0045684  -0.00267434  0.00360856  0.00845938  0.00554948  0.00300117
  0.00596735  0.00495564 -0.00502396  0.01183698
193196	 0.00182151  0.00166189  0.00185866 -0.00421207 -0.00532902  0.00236791
 -0.00388236  0.00339999  0.00324875 -0.00549462
90286	-0.0005389   0.00361293 -0.00558083 -0.00655849 -0.00355298 -0.0064778
  0.00058144  0.00316927  0.00377586  0.00173668
298675	 0.00144209  0.00305008 -0.00099257 -0.00411131  0.00088255  0.00325393
  0.00190438 -0.00151247 -0.00081743 -0.00530402
41146	-0.0023847  -0.00404007  0.00132694 -0.00113473 -0.00056051 -0.00267293
  0.00690416  0.00421455  0.00623032 -0.00360955
419019	-0.00388232  0.0003058  -0.00464119 -0.01088055 -0.01235751 -0.00483721
 -0.00411292  0.00016175  0.00028119  0.00065869
444109	-0.00597617  0.00295315 -0.01087298 -0.00658386  0.00517455 -0.00398484
 -0.00637012  0.00252445  0.01079094  0.00159256
348884	 0.01006553 -0.00125934  0.00210921 -0.00503397  0.00194581  0.0018255
  0.00024276 -0.00090516 -0.00314686 -0.00051722
223455	 0.00661258  0.01159598 -0.00391861  0.00227311  0.00350595  0.00125987
  0.00204953  0.00383656 -0.008021    0.00878437
223456	-0.00267019  0.00504577  0.00674949  0.0064479   0.00656114 -0.00737747
  0.00116609  0.00042336 -0.01156059  0.00113335
520935	-0.00556106  0.00240365 -0.00172799 -0.00151542  0.00477505  0.00037267
 -0.00172928 -0.00092422  0.0049527   0.00081215
528619	-0.00232597  0.00238413  0.00304247  0.0033855   0.0074958  -0.00127633
 -0.00088099  0.00407087  0.00446842 -0.00932518
528622	 0.00221785  0.00446656 -0.00170918 -0.00592073  0.00023362 -0.00505373
  0.00574481 -0.00077321  0.00038745  0.00234047
528624	 1.2147225e-03  8.6736203e-05 -2.7355847e-05 -2.1304907e-03
  4.3394570e-03 -3.6439444e-03 -5.5370666e-04 -3.7235307e-04
 -2.0031403e-03  4.1852548e-04
384241	 0.02685177 -0.01096415  0.00630818 -0.01482904  0.00010633 -0.01873994
  0.01855497  0.01695638 -0.00254223  0.00774293
364276	 0.00154085  0.0064873   0.00923701  0.00116203 -0.00024683 -0.00208795
  0.00442528 -0.0013509  -0.00523314  0.00466936
520440	-0.00077863  0.0044463   0.00168595  0.00040046  0.00509549 -0.00361144
 -0.00036475 -0.0040506  -0.00279869  0.00231292
374009	 9.3287742e-03  2.0641990e-03  3.4993126e-03 -4.7321212e-03
  4.9458528e-03 -7.4699310e-05  4.9118777e-03 -9.8988169e-04
 -4.8384410e-03  4.8590358e-03
468863	-0.00059466  0.00412422 -0.00054909 -0.00279786  0.00425973  0.00180075
 -0.0013218  -0.00593067  0.00493168  0.00206128
385791	 0.00063552  0.00139071  0.00348243 -0.00138112  0.00442058 -0.00569854
 -0.00363536 -0.00034882 -0.00267565  0.00044031
461062	 0.00090123 -0.00408237  0.00279299 -0.00289156  0.00016496  0.00509302
 -0.0023176   0.0034438   0.00080113 -0.00223114
222985	-0.00795536 -0.00116184  0.00285919  0.00177028  0.00336623 -0.00406272
  0.00454743 -0.00673964 -0.00430792  0.00222548
410388	-0.00481954  0.0026506   0.00050176 -0.00659703 -0.00014248 -0.00195637
  0.002478    0.00253375  0.00596847  0.00149013
520472	-0.00090372 -0.00404088 -0.00083429 -0.00372321 -0.00357655  0.00078479
  0.00670137  0.00379698 -0.00419021 -0.00391919
520475	 0.00401914 -0.00520211  0.00614772 -0.00512582  0.0006561  -0.00581861
  0.00241313  0.00027317 -0.00203497 -0.0005757 
388381	-0.00030858  0.00464103  0.00464598  0.00172192  0.00356054 -0.00074701
  0.00087559  0.00176297  0.00286669  0.00459665
555300	 0.00276677  0.00318695 -0.00751157 -0.00392019 -0.0092074   0.00604234
 -0.00500074 -0.00433384  0.00295232  0.00438687
391462	 3.1465795e-04 -8.1833294e-03 -7.8369025e-04  1.6625458e-03
  3.8004771e-04 -4.4101654e-03  7.0526823e-03  7.0173119e-05
 -4.6132593e-03 -3.2092934e-03
228135	 0.00884723  0.00683196  0.00076614 -0.00138304  0.00254906  0.00430531
 -0.00449995 -0.00045395 -0.00122984  0.0003395 
216891	 2.8925482e-03 -4.0377276e-06  3.7299909e-03 -3.8913349e-03
  7.7186216e-04 -2.5613199e-03  3.5215868e-03  1.9113327e-03
  5.7669212e-03  1.9686460e-03
219965	-3.4937073e-04 -4.5954686e-05 -5.2743690e-04 -1.0351582e-03
  3.4501443e-03 -4.6042111e-03  2.1141528e-03  4.9590711e-03
 -5.4306728e-03 -3.4336785e-03
536390	-4.4857673e-03  6.5690987e-03  3.0564538e-03 -4.0174779e-03
 -9.6642936e-05  5.7697147e-03  5.2974494e-03 -5.7069021e-03
 -6.8468116e-03 -3.2726901e-03
245068	-0.00813848  0.0032624  -0.00560298  0.00162857  0.00614791  0.00334134
 -0.00105829  0.00066072  0.00384812 -0.00204758
155981	-0.00264115  0.00056044  0.00018011  0.00204235  0.00424347  0.00240557
  0.00070967 -0.00582596 -0.00210659  0.00356379
60750	 0.00859092 -0.00112919  0.00456111 -0.01252135  0.00077383 -0.0024053
 -0.00622687 -0.00327878  0.00207004 -0.00971505
60758	 0.00886056 -0.00915925  0.00834902 -0.01625408  0.00326878 -0.00635058
 -0.00695107 -0.00249115  0.00366636  0.00263369
528217	 0.00526492 -0.00574773  0.01061872 -0.0203802   0.00636581  0.00935792
  0.00115802  0.00769205 -0.00161511  0.00023856
217946	 0.00804638  0.00497372  0.00106758 -0.00785931 -0.00317149 -0.00045009
  0.0036723   0.00270126  0.00638731  0.00113384
217436	 0.00429206  0.01055867 -0.00278981 -0.00928424  0.00378818  0.00337129
  0.0064005   0.0025534   0.00302144  0.00757098
536418	-0.00183566  0.00293532  0.00142627 -0.00327154  0.0029302   0.0032311
  0.00435159 -0.00388908 -0.00483424 -0.00358824
268132	 0.00795593  0.00235909 -0.00120389  0.01233306 -0.00844943 -0.00514193
 -0.00660975 -0.00306945  0.01169849  0.00739292
458598	 0.00039405  0.00433904 -0.00670734  0.00141985  0.00328164 -0.00451542
 -0.00043451  0.00813659 -0.00543003 -0.00082231
153965	 0.00437267 -0.00140691  0.00319229 -0.00239123 -0.00249468 -0.00225856
 -0.00133124 -0.01405751 -0.00968936  0.00352931
560504	 1.1585839e-03  1.7737052e-03 -1.1301853e-02 -1.1089183e-03
  2.3691067e-03  4.7882753e-03 -3.2349271e-05 -1.1789830e-03
 -4.0445136e-04 -1.2752205e-03
153978	-0.00093321  0.0024495   0.00309232 -0.00595252  0.0065957  -0.00040326
  0.00034649 -0.00803313  0.00704573  0.0036446 
509823	-0.00053384 -0.00215926 -0.00575604 -0.00403252 -0.00092457  0.00043084
 -0.0006065   0.00081901  0.0022936   0.00623493
112520	-0.00515759  0.00304085  0.00809642  0.00190312  0.00678342  0.002516
  0.01011114 -0.00118024  0.00060161  0.00641066
153709	 0.00154372 -0.00228844  0.0036754  -0.00032792 -0.00015511 -0.00319375
  0.00308301  0.00058757 -0.00207356  0.00316379
450961	 0.00782913 -0.00298222  0.0034331   0.00103825 -0.00066773 -0.00967905
  0.0007367   0.00025087 -0.0016356   0.00609753
513432	-0.00133461 -0.00281876 -0.00140516 -0.00473437  0.00866138 -0.0042777
  0.00591702  0.00508197  0.00881442 -0.00100382
47007	-8.3845612e-03  1.4913793e-02  3.5075672e-04  1.0451721e-02
  5.3534666e-03  1.9413197e-03 -1.9516721e-03  5.8691257e-05
  3.7206674e-03  1.8983406e-03
7598	 0.00103532  0.00330122 -0.00312762  0.00409979  0.00015993 -0.00380765
  0.00248958  0.00546247  0.00066081 -0.00035926
488368	 0.00100458  0.00325571  0.00136689 -0.00361043  0.00352417  0.00449841
 -0.00384794  0.00123959  0.00502647  0.00220611
547763	 0.00388817  0.00040065  0.00017971 -0.00309765  0.00588109 -0.00255754
  0.00352473 -0.00983123 -0.00284117  0.00636394
434105	 2.9660005e-03 -6.1990977e-03  1.0402669e-02 -1.0013018e-05
 -4.0295399e-03  2.3770698e-03 -1.7503874e-02 -1.3509030e-03
  1.2875589e-02 -2.2598307e-03
279994	 0.00240246  0.00085556  0.00651949  0.00312255  0.00477482  0.00093422
 -0.00123415 -0.00448747  0.00468085 -0.00064042
488391	 0.01270518 -0.00114781  0.00046322 -0.00449633 -0.00832934  0.0047094
 -0.00532861 -0.00800558 -0.00342689 -0.00234415
12877	 0.00614462  0.00313715  0.00082488 -0.00717965 -0.00335556 -0.00107995
  0.00501651 -0.00046312  0.00354185  0.00281734
197880	-0.00332017  0.00154358  0.00285319 -0.00209061 -0.00190065  0.00459452
  0.00055565  0.0013302  -0.00313695  0.00797872
181204	 0.00439486  0.00117743  0.00486454  0.00559445  0.00550437 -0.00431661
 -0.00371484  0.00487519 -0.00641079  0.00629691
495575	 0.0008076   0.00228398  0.00566735  0.00094852  0.00110588  0.00311664
  0.00120838  0.00770032 -0.00194818  0.00712061
457688	-1.8239864e-03 -8.6936436e-04  2.7513283e-03 -3.1500258e-05
  5.1891496e-03  5.3195161e-04  2.1033569e-03  2.4023463e-03
 -2.3275315e-04  1.3101732e-02
349148	 0.00617648  0.00165206 -0.00137552 -0.00092652  0.00494324  0.0030058
  0.00955248 -0.00451626 -0.00712505  0.00013915
311781	 0.00103312  0.0040099  -0.00066977 -0.00279982  0.00026476 -0.00157421
  0.00437299 -0.0007774   0.00337484  0.00922864
180199	-2.6840347e-05  8.1969090e-03 -5.3446874e-04 -2.7394004e-03
 -5.0613726e-03 -2.6586531e-03  1.2795570e-03 -6.5048062e-03
 -3.9741406e-03 -3.3481326e-04
473583	-0.00847589  0.00254541  0.00106238 -0.00683769  0.0138863   0.00501469
 -0.00373614  0.00559564 -0.00075985  0.00850486
464371	-0.0028514  -0.00734097  0.009763   -0.00421648  0.00993995 -0.00323015
  0.00885471 -0.00514073  0.00324103 -0.0022556 
413173	 0.00255822  0.00153153 -0.00374453  0.00473804  0.00655407  0.0027963
  0.00513466  0.00048106  0.00396269 -0.00356894
153592	 0.0271891   0.01064399 -0.0150324  -0.01208421 -0.02174413  0.01087298
 -0.0011161   0.01653564 -0.01289843  0.01061202
252923	 0.00437904  0.0009485   0.00775199 -0.006182   -0.00207056 -0.00288818
 -0.00023598 -0.00026169  0.00333038  0.00181962
54270	-0.00027418  0.02424455  0.00612577  0.0039806  -0.00309097  0.00706279
  0.00978532 -0.00226894 -0.00662592  0.00455979
