236032	-0.01005772  0.00538173 -0.00874652 -0.01265553  0.00182005 -0.01129708
 -0.00075726 -0.00895302  0.00030302  0.00911438
14852	 0.00304597 -0.00405404 -0.00359344 -0.01717477 -0.00617554 -0.0031041
 -0.00401537  0.00320941 -0.00317315  0.00282017
257545	 0.00829818  0.00400778  0.00465    -0.00365583  0.00545807 -0.00494589
 -0.00460927 -0.00541351 -0.00154111  0.00569873
513034	-0.0087811   0.00516875  0.00545977 -0.00590584  0.00193977 -0.0108861
 -0.00491178 -0.00955943 -0.00108044  0.00220243
267788	-0.00760875  0.00674273  0.00476415 -0.00046687  0.00035289  0.00146899
 -0.00192164  0.01069521  0.00240497  0.00268347
219159	-0.0006373   0.00334737  0.00843055 -0.00361533 -0.00080302 -0.00039932
 -0.00444438 -0.00338204 -0.00594334 -0.00629426
190492	 0.00449487  0.01083662  0.00136318 -0.00886577  0.00379854 -0.0022617
 -0.00052799 -0.00152472  0.00246824  0.00968248
445469	-0.00458643 -0.00130645  0.00593477 -0.00810853  0.00434232 -0.00711987
 -0.00333666 -0.00015121  0.00222824  0.00341909
23583	-0.00194922 -0.01283016  0.00167472  0.00617643  0.00899252 -0.00836901
  0.00854104  0.00474445  0.00306876  0.00171726
35361	-0.00466774  0.0034161   0.00091124  0.00033657  0.00505779  0.00154825
  0.00146073 -0.00460123  0.00098572  0.00055034
555559	-0.00063365  0.00061765 -0.00145172 -0.00367647  0.0004904  -0.00170542
  0.00025657 -0.00095882  0.00231037  0.00419076
157747	 0.00213897  0.00708854 -0.00206363 -0.00135895  0.00227094 -0.00547537
  0.0017716  -0.00457981  0.00251195  0.00144541
373816	-0.00169337  0.00586576  0.00348185  0.00236579 -0.00971465 -0.00402241
 -0.01454058 -0.00124408  0.00019306  0.00251643
120380	-0.00535196  0.02425403 -0.00185255  0.00167242 -0.00349897 -0.00503898
 -0.00390616  0.01602824 -0.00843612  0.01082943
504893	-0.00212488  0.0029328   0.0024914  -0.01724363  0.0010186   0.00072443
 -0.00568562 -0.00119066 -0.00755212  0.00866301
505918	-0.00548265 -0.00019839  0.00139373 -0.005412    0.0006115   0.00659514
 -0.0107271  -0.00234126  0.00037287  0.00217417
20545	 0.00305329 -0.00046855 -0.00130544 -0.00943616  0.0055486   0.00326586
 -0.00029254  0.00184365  0.0071436   0.00416502
147012	-0.00061558 -0.00417365 -0.0016666   0.00183382 -0.00124792 -0.00306234
 -0.00225627 -0.00118074 -0.00252679  0.0017575 
222802	 0.01383968  0.0022213   0.00031998 -0.00806701 -0.00048204 -0.00529908
  0.00612959 -0.00988127 -0.00967228  0.01237196
390739	-0.00260953  0.01197741 -0.00116803  0.01027024 -0.00571123 -0.00116366
 -0.01015127 -0.00193757  0.00252586  0.0045377 
148922	 0.00664157  0.01454817 -0.00121524 -0.00435786  0.00314328 -0.01332253
  0.00215133  0.00099886 -0.00194644  0.00550269
81502	-0.00488123  0.00307947 -0.00019826 -0.00122296  0.0057004   0.00439837
 -0.00116156 -0.00226717 -0.00588632  0.00826489
399547	-0.00603629  0.00042671  0.00110063 -0.01545383  0.00628303  0.00102892
 -0.00308714  0.01016677  0.0064434   0.00533445
106605	 0.00357808  0.00584897  0.00701462 -0.00734837 -0.00127394 -0.00308361
  0.00340799  0.0058065  -0.00346272  0.00208812
532605	-0.00197051  0.00496543  0.00399399 -0.01409666  0.00177006 -0.00387285
  0.00045454 -0.00324995 -0.00136097  0.00188474
106621	 0.00284686  0.00739322  0.00819951 -0.00830683 -0.00456091 -0.00396683
  0.00309279  0.00384374 -0.00260211  0.00202862
144515	 0.00877815  0.0024495   0.00493845 -0.00445332 -0.00523119 -0.0044633
  0.00676547  0.00087831  0.00865285  0.00474436
390277	-0.00578939 -0.00149292  0.00079922 -0.01057098 -0.00136173 -0.00356644
  0.00310424  0.00125056  0.00077032 -0.00293398
107657	-0.00691557  0.00412364 -0.00465044 -0.00916232  0.00647963  0.00561507
 -0.00892234  0.01525952  0.00029657  0.0058943 
373905	 0.00147554 -0.00574332 -0.00672756 -0.00921031 -0.0046239   0.01240372
  0.00278956  0.00132528 -0.00289943  0.00613176
444053	-0.00409359  0.00557626 -0.00540257 -0.00397344  0.00270971 -0.00323505
  0.00577931  0.00226913  0.00424977  0.00213028
300184	 0.00015124  0.00470691  0.0099527  -0.00732448 -0.00198058 -0.00572773
 -0.00362249 -0.000922   -0.00223972  0.00089243
181913	-0.00803842  0.00426491  0.00543604 -0.00485849  0.00021809 -0.00183668
 -0.0053839  -0.00992178 -0.00186694 -0.00147027
489117	-1.0857910e-02  6.1911540e-03  9.8809355e-04 -5.3588543e-03
 -9.2750252e-04  3.4880537e-05  9.7175635e-04  2.3101865e-04
  6.8964255e-03  3.7643076e-03
41118	 0.01354492  0.00501035 -0.00054581  0.01269817  0.00471529 -0.01249017
  0.00097266  0.0055542  -0.00237801 -0.00741092
59045	-0.0106544  -0.00389235 -0.00384671 -0.01156371  0.00962691 -0.00561253
  0.00522789 -0.00772872  0.00166212 -0.00099261
437927	-0.00270098  0.00321455 -0.00581909 -0.00326842  0.00337043 -0.0028747
  0.00323509  0.00262895 -0.00027397  0.00795166
470702	-0.00548688  0.00722096  0.0030188  -0.00827673  0.00079122 -0.0010391
 -0.00073318  0.00053901  0.00017678  0.00273711
256456	 0.00635627  0.00253713  0.00283334 -0.00602365  0.0027943   0.00114042
 -0.00317112  0.00270567 -0.00250256  0.0081033 
300210	-0.00356162 -0.00187601  0.00471861 -0.01029817 -0.00169709 -0.00325236
  0.00184282 -0.00370633  0.0027563   0.00927849
175285	 0.00361568  0.00102768  0.00252824 -0.00270652  0.00354479  0.00050431
 -0.00334641  0.00176873  0.00431029  0.00736251
561339	 0.00904359 -0.00107555  0.00135391 -0.00703235  0.00134566 -0.00529342
  0.00120138  0.00180054  0.00185634  0.0050208 
575686	-0.00083333  0.00837304 -0.00416448 -0.00351804 -0.00111433  0.00055293
 -0.0114568  -0.00067794 -0.00215803  0.00599438
72909	 0.00247284 -0.00325147 -0.00862037 -0.00625738  0.00367484  0.00123207
 -0.00267772  0.00287957 -0.0026295   0.00609266
201935	-0.00115073 -0.00210216 -0.00640589  0.00245402 -0.00594557  0.00203505
  0.0059717   0.00442416 -0.00089616  0.00429972
495841	 0.00024888  0.00762313  0.00988751 -0.00889076 -0.00427563  0.00059171
  0.0074143   0.00395708 -0.00190873 -0.00285275
465634	-0.01031332  0.00378241 -0.00364085 -0.00648746  0.00098139 -0.00114077
  0.00064947 -0.00192143 -0.00367699  0.0002595 
360165	-0.00395415  0.0065638   0.00813443 -0.00412189  0.00737594  0.00220006
 -0.00695025  0.00276988 -0.00102626  0.00555012
175337	-0.00159893 -0.00412956 -0.00037528 -0.00249097 -0.00223412 -0.00382156
 -0.00462139  0.00404989 -0.00500308 -0.00388925
33518	 0.00142582  0.01240715 -0.01108026 -0.01337999 -0.00510485 -0.00783479
  0.00544176  0.00200188  0.00589001 -0.01819777
299759	-0.00307122  0.00474985 -0.00088815 -0.00567488  0.00094346 -0.00325977
  0.00410295  0.00106197 -0.00665957 -0.00087642
78081	 0.00223465 -0.00187629  0.00098541 -0.00222521 -0.00824565 -0.00583289
  0.0030817   0.01117618 -0.0016364  -0.00276819
282885	 0.00044783  0.00244917 -0.00428011  0.00505928 -0.00041154  0.00383046
 -0.00149662  0.0028247  -0.00678577 -0.00072884
4358	 0.00324978  0.00965102  0.00460861 -0.01460139  0.00061501  0.00544878
 -0.00616304 -0.01706855 -0.00567743  0.0062082 
208651	 0.00695818  0.0080222   0.00768627 -0.0174864  -0.00293591  0.00145767
  0.00191985 -0.01424817  0.00612239  0.00281495
285965	-0.00740317  0.0062903   0.00124536 -0.01598665  0.00588009 -0.0050986
 -0.00525026 -0.0047731   0.00052309  0.00480099
445741	-0.0040557   0.01089194  0.00301899  0.01516254 -0.00435852  0.01077114
  0.00983156 -0.00043082 -0.01240085  0.0025748 
519454	-0.00820913  0.01663946 -0.00017627 -0.00295862 -0.00270091 -0.02017928
 -0.00524876  0.01026989  0.00370395  0.00479281
143152	 0.00918492 -0.00229539 -0.00168106  0.0053024  -0.01158768 -0.00819537
 -0.00573924 -0.0016007  -0.00442244  0.00574262
91943	-2.1887845e-03  3.4214216e-05 -8.2153379e-04  2.3591697e-04
 -3.6584472e-03  1.2249921e-03 -4.1080993e-03 -1.5869652e-03
 -5.5680987e-03  2.2539566e-03
367402	 0.00205684 -0.00237583 -0.00174603 -0.00218952  0.00106613 -0.00508248
  0.00068336 -0.00066161 -0.00573361  0.00702193
114477	 3.0290512e-03 -4.9831416e-04 -1.2433379e-05 -4.7884276e-03
  6.1881463e-03 -5.4177572e-03 -2.6407102e-03 -2.6266875e-03
  1.2268968e-03 -7.9634972e-04
278831	-0.0164221   0.00799165 -0.00815856 -0.01847488  0.01044911 -0.0267412
 -0.02713748 -0.00025406  0.00532625  0.0074982 
194864	-0.00370004  0.00483089 -0.00509639 -0.00516065 -0.00422521 -0.00062894
 -0.00312836 -0.00541192 -0.00355211  0.00018405
184132	-2.8411888e-03  3.3981537e-03 -2.5100536e-03  1.4134909e-03
 -6.8991758e-05  2.2655565e-03 -2.2621651e-03 -3.6052058e-03
  2.8850560e-03  1.5757456e-03
35654	 0.00142582  0.01240715 -0.01108026 -0.01337999 -0.00510485 -0.00783479
  0.00544176  0.00200188  0.00589001 -0.01819777
569057	 0.00036304  0.00146478  0.0015613  -0.00739146  0.00820967  0.00089178
  0.00184137 -0.00756896 -0.00049669  0.00130789
222034	-0.00068826  0.00194612  0.00657884 -0.00735557  0.00754564 -0.00079727
  0.00146458  0.00106717  0.00058502  0.00946289
297299	 0.00142582  0.01240715 -0.01108026 -0.01337999 -0.00510485 -0.00783479
  0.00544176  0.00200188  0.00589001 -0.01819777
298845	-0.01005772  0.00538173 -0.00874652 -0.01265553  0.00182005 -0.01129708
 -0.00075726 -0.00895302  0.00030302  0.00911438
365920	-0.00221464  0.00423506  0.00409957 -0.0122952   0.0026878  -0.00362718
  0.00349391 -0.00451122  0.00171834  0.00449105
575841	 0.00973948  0.01290551  0.01027331 -0.01152217  0.00234801 -0.01101881
 -0.00609231  0.00877179  0.00623854 -0.00109956
574306	 0.00141169  0.01029776 -0.00222759 -0.01198926 -0.00078678  0.00897025
 -0.00040698 -0.00232083 -0.0027932  -0.00994243
500076	-0.00784345  0.00039073 -0.00719019  0.00202052 -0.00115575  0.01259936
  0.01170531  0.00443924 -0.00142977  0.01122374
459123	-0.00161919  0.00385296 -0.00061395  0.00083282 -0.00734019  0.00166355
 -0.00245676 -0.0022211   0.00659657  0.00448446
84855	-0.00101037  0.00367102  0.00061599  0.00147041 -0.00251207  0.00753881
 -0.0027613  -0.00576593 -0.00160555 -0.00327441
246141	-0.00411124  0.00438317  0.00158435 -0.01012669 -0.0003584  -0.00029075
 -0.00122021 -0.00512062 -0.00325352  0.00481222
82315	-0.00672689  0.00384515  0.00152563  0.00578506  0.00017169 -0.00957329
  0.00776592 -0.00903042 -0.00105729  0.0067798 
476044	 0.00404078  0.00196335  0.00295474 -0.0027663   0.00096092  0.00059462
  0.00040808 -0.00054664  0.00093563  0.00437296
560014	-0.00226582  0.00464248  0.00336239 -0.00328924 -0.00154165  0.00055211
  0.00163418  0.00284119  0.0012656  -0.0017072 
307602	-6.6471152e-04  9.2469212e-03 -1.4088554e-03  6.1844003e-05
 -1.8426405e-03 -1.4824520e-02 -3.2037174e-04 -5.5883167e-04
 -9.7493146e-04  1.5598421e-03
424341	-1.8740323e-03 -2.2757426e-03 -6.0670516e-03  7.3132112e-05
  4.2838622e-03 -4.7907056e-03 -1.4164012e-03  3.9896872e-03
 -1.1236084e-03  6.5191239e-03
207766	-0.00495108  0.00302131 -0.00425489 -0.00673812  0.0078591  -0.00577845
  0.00245776 -0.00595164  0.0004693   0.00749402
110233	-0.00160504  0.00369371  0.00766754  0.00450668  0.008196   -0.00427196
 -0.00152349 -0.00136114  0.00263227  0.00125583
181658	-0.0020649   0.00344084  0.00252746 -0.00452216 -0.00050971 -0.00099796
 -0.00214117 -0.00646497 -0.0030236   0.00105767
399774	-0.00057063 -0.0010482  -0.00172211 -0.00239461  0.00320866  0.00573602
 -0.00143885  0.00245905 -0.0051194   0.00617857
572324	-0.00024305  0.00478739 -0.00284692 -0.00722326  0.00439683  0.0055409
 -0.00259608 -0.01023127 -0.00320008  0.01449824
61862	 2.3538033e-04 -5.5252179e-04 -2.7478780e-04 -8.7422831e-03
  3.1570969e-03 -2.9509950e-03 -1.5807170e-03 -1.7087572e-03
  8.5930733e-05  4.2332597e-03
213490	 0.00837413  0.00456659 -0.00080212 -0.00666326  0.00438891 -0.00563379
 -0.00019508 -0.00844953 -0.00201296  0.00640383
548782	-0.00790292  0.00381612 -0.00045962 -0.00170543 -0.01641704 -0.00754129
 -0.01180729 -0.00500591  0.00376813 -0.00823574
555951	 2.0698933e-03  7.4958720e-05  2.3202505e-03 -5.0517952e-04
  6.8425224e-03 -8.5698062e-04  4.4387515e-04 -2.4790275e-03
  4.8131626e-03  1.2345331e-02
575413	 0.00543986 -0.0063571  -0.00038948  0.00143019  0.00315206 -0.00472926
 -0.00391415 -0.00660359  0.00316907 -0.00073472
148921	 0.0047104   0.01874174 -0.00961759  0.00497357  0.01027181 -0.0023512
 -0.00725111 -0.01266543 -0.00398305 -0.000159  
570298	-0.00399727  0.00318041  0.00401025 -0.00449273  0.00233952 -0.0064091
  0.01342945 -0.00418658  0.00872948 -0.00253043
556987	-0.00335167  0.00154474  0.00349575 -0.00114573  0.00506772 -0.00280791
  0.00267693  0.00080831 -0.00757094  0.00907029
415166	 0.00065248  0.0062583   0.00053449 -0.00417027  0.00455149 -0.00133899
 -0.00248649 -0.00617345 -0.00335345 -0.00592305
556993	-0.00335167  0.00154474  0.00349575 -0.00114573  0.00506772 -0.00280791
  0.00267693  0.00080831 -0.00757094  0.00907029
36804	-3.1989303e-03 -1.9900030e-03  9.1865535e-05 -2.1234446e-03
 -2.4428610e-03  6.9089495e-03 -8.8436645e-04 -1.5698518e-03
 -6.8179904e-03 -2.6696902e-03
579528	-0.00022236  0.00400558 -0.00478689 -0.01272012 -0.00316137 -0.0019064
 -0.00145425 -0.00177775 -0.00224237  0.00776599
282569	 0.00702127  0.00068557 -0.00479322  0.00680033  0.00093023 -0.0133368
  0.00407415  0.00276345 -0.00782216  0.01948536
189905	-0.00195902 -0.00680754 -0.00777562 -0.00242059 -0.00094285  0.00242444
  0.00030825 -0.01206751  0.00040432 -0.00023575
32933	-0.00256769 -0.0056781  -0.0033714  -0.00270466  0.00193555  0.00145544
  0.00206594  0.00937966 -0.00356452  0.00360913
297441	 0.00160533  0.00241779  0.0035225  -0.0062237   0.00525279  0.00270919
 -0.00635298  0.00180102  0.00442588 -0.00053723
36839	 5.5349164e-04 -6.3691470e-03 -3.0261275e-05 -2.8592448e-03
  3.4045347e-03  1.0085267e-03  1.2331089e-03 -7.3289947e-04
 -3.6358705e-03 -5.0426897e-04
1516	-0.01149877  0.00731205 -0.0020446  -0.01489188  0.00307723 -0.00490108
 -0.00125931 -0.00351809 -0.00010906 -0.00553587
369650	 0.00253692 -0.00038008 -0.00648726 -0.00187218 -0.00325449  0.0034899
  0.00111024 -0.00721811  0.00548633 -0.00597835
143349	 0.0063732  -0.00075367  0.00335061 -0.00797317  0.00109357  0.00387624
  0.00010891 -0.01325308  0.00761545  0.0127239 
169470	-0.00521622  0.00391746  0.00203191 -0.00122346 -0.00686764 -0.00218265
  0.00642292 -0.00116632 -0.00020605  0.00089183
