16903	 0.00936262 -0.00554548 -0.00644976  0.00014702  0.00665594 -0.00570899
 -0.00629381 -0.00485645 -0.00019618  0.00957888
367629	-0.00706265 -0.0002725  -0.01262938 -0.00480073 -0.00108815 -0.01109915
 -0.00033584  0.00074379 -0.0023301   0.00324438
149013	-0.00137895  0.00346053 -0.00691541 -0.00343939 -0.00076817 -0.00214302
 -0.0049722   0.00334645  0.00028102  0.00205223
166427	 0.01363231  0.00674752  0.00816767 -0.03332208  0.01025545 -0.02829616
 -0.00984196 -0.01213556  0.00563802  0.01596761
150050	 0.01042122  0.00616603  0.00721022  0.00273595  0.00922771  0.00349676
 -0.00172297 -0.00198058  0.00327036  0.00467027
13357	-6.6580786e-04 -1.2083334e-03  6.9351280e-03 -1.0414233e-03
  3.2060565e-03 -2.7838489e-03  1.7169205e-04  8.4151952e-03
  8.7216758e-05  2.1353059e-03
189998	-0.00295062 -0.00475961 -0.00911787 -0.00531458  0.00100956 -0.00454109
  0.00203158  0.01164388  0.00130055  0.0066213 
581681	-1.2558037e-03 -1.3680123e-03 -4.6062609e-03  2.7791900e-04
 -8.3061366e-04 -6.6835284e-03 -4.8512034e-04 -5.8890357e-05
 -1.3152356e-04  7.4286875e-04
165941	 0.01363231  0.00674752  0.00816767 -0.03332208  0.01025545 -0.02829616
 -0.00984196 -0.01213556  0.00563802  0.01596761
166969	 0.01363231  0.00674752  0.00816767 -0.03332208  0.01025545 -0.02829616
 -0.00984196 -0.01213556  0.00563802  0.01596761
167482	 0.01363231  0.00674752  0.00816767 -0.03332208  0.01025545 -0.02829616
 -0.00984196 -0.01213556  0.00563802  0.01596761
34376	 0.00442617  0.01899052  0.0018795   0.00609647  0.0206106   0.0014871
 -0.00124204 -0.01435662 -0.00821904  0.00439362
433225	 0.00479264 -0.00283037  0.00303096 -0.0023825   0.00551446 -0.00307489
 -0.00725259  0.00348022 -0.00669689  0.00434617
327863	-0.00461205 -0.00481653  0.00062859 -0.00100744  0.00431936 -0.0061098
 -0.00515371  0.0040621   0.00167054  0.00900119
336461	 0.00418837 -0.00060929 -0.00569752  0.00511072  0.00254687 -0.00701272
  0.00178273  0.00918136  0.00333119  0.00557816
127566	-0.01364889  0.00574393 -0.00034314  0.00176038  0.02842228  0.0206278
  0.00217628  0.01455462  0.00381219 -0.01334784
487511	-0.00886808 -0.00343841 -0.02704384 -0.00443241 -0.00236913  0.00291065
  0.00755528 -0.00962681  0.00406032 -0.0053422 
167515	 0.01363231  0.00674752  0.00816767 -0.03332208  0.01025545 -0.02829616
 -0.00984196 -0.01213556  0.00563802  0.01596761
556645	-2.9158161e-03  2.3764761e-03 -3.8274422e-03  4.5492402e-03
  4.4835657e-03 -5.1414288e-05 -2.7522678e-03 -7.6202517e-03
  1.4194053e-03 -2.4275451e-03
437864	 0.00405227  0.00180878 -0.00501858 -0.00117021  0.00104697 -0.00127762
  0.00357277  0.0041524  -0.00681107  0.00068365
490428	-0.00783128  0.00212389  0.00631141  0.00384928 -0.00060916 -0.00201764
 -0.01629061  0.00251061 -0.00148988  0.0044948 
483436	 0.00016908  0.00046993  0.00221002 -0.00740871  0.00638409  0.00562361
 -0.00391323 -0.00612279 -0.00866363  0.01132333
433264	 0.00161593 -0.00495266  0.00439697 -0.00338637  0.00742833  0.00272304
 -0.00385835  0.00388659 -0.00817906  0.00321089
237331	-0.00200345 -0.01159969 -0.00720803 -0.00154312 -0.00229818 -0.00311666
 -0.0046351   0.00299472  0.00796153  0.00580995
439414	-0.00201069 -0.00212048  0.00280876 -0.00501531  0.00366337 -0.00402947
 -0.00917016  0.00572436 -0.00100719 -0.00217815
167034	 0.01363231  0.00674752  0.00816767 -0.03332208  0.01025545 -0.02829616
 -0.00984196 -0.01213556  0.00563802  0.01596761
103787	-0.00047585 -0.00448566 -0.00140717  0.00511152 -0.01035297 -0.00850133
 -0.0037861  -0.00149799  0.0054855   0.00387343
32901	 0.00442617  0.01899052  0.0018795   0.00609647  0.0206106   0.0014871
 -0.00124204 -0.01435662 -0.00821904  0.00439362
409231	-0.00317312 -0.00277544 -0.00141539  0.01178252 -0.00901549  0.00705381
 -0.00438953 -0.00514982 -0.00819927 -0.00064566
107156	-0.00346335 -0.00273603 -0.00524022  0.00086132  0.00125191 -0.00990853
 -0.00062743  0.0015259  -0.00101039  0.00168265
31384	 1.4281800e-03 -8.6171122e-04 -7.5537986e-03  7.8121410e-03
  6.1552950e-05  6.7662960e-03  3.9344857e-04  4.4752965e-03
  8.5459580e-04  7.1445922e-03
389276	 0.00115915  0.00286703  0.00601392  0.00616016  0.00063083 -0.00352025
 -0.00387687  0.00045358 -0.01155127  0.00229877
353439	-0.00258666  0.00121004 -0.00095668  0.00559622  0.00861285  0.00110669
 -0.00456415 -0.00125192 -0.00073836  0.00664375
333473	 0.00170504 -0.00515452 -0.00180134  0.00251185 -0.0004577  -0.00414359
 -0.00307788  0.00646929  0.00164755 -0.00435918
338595	-0.00547949 -0.00773136 -0.00604958  0.00323142  0.00277722 -0.00622876
  0.00102277  0.00494006  0.0028842   0.00087431
48292	-0.00924415  0.00316095 -0.0130299  -0.00520894 -0.00051421 -0.00156892
  0.00130481  0.0023523   0.00085675 -0.00278247
179879	 0.00183373  0.00335063  0.00189618 -0.00124065 -0.01241362 -0.01530427
  0.00602456  0.02079234 -0.01266617  0.0086712 
313517	 0.00248145 -0.0031673  -0.00709439 -0.00665784  0.0010107  -0.00197878
  0.00115765  0.00334171 -0.00286558 -0.00062771
448183	 0.00146793 -0.00137115 -0.0035098  -0.00356325  0.00520415  0.00080518
 -0.00503252  0.00489352 -0.00010086  0.00254254
5817	-0.00221436 -0.0018337  -0.00273271  0.0005286   0.00269375 -0.00290002
  0.00064396  0.00279565  0.00136922 -0.00045514
204475	 0.01515483 -0.01010365 -0.00211436  0.00777586  0.00325976 -0.01244049
  0.00351553  0.00355326  0.00659232 -0.00167631
487104	-0.00811205  0.00630111 -0.0197292   0.0353834   0.01802078  0.0215282
 -0.03224136  0.03433912 -0.02145309  0.05674509
42198	-0.00190115 -0.00780248 -0.00491838 -0.00350135  0.00192762 -0.00571289
 -0.00105921  0.00900827  0.00288267 -0.00205792
259292	 0.00366342  0.00530201 -0.00637616 -0.00068217  0.00394244 -0.00248523
  0.00145581  0.00926448 -0.00288671 -0.00018079
569056	-0.0025204  -0.00101323 -0.00436489 -0.00652125  0.00268011 -0.01370184
  0.00312436  0.00213498 -0.00529885 -0.00331413
238309	-1.4543945e-03 -1.7542049e-03 -3.7389095e-03 -1.9655835e-03
  3.7912524e-03 -6.5772240e-03 -8.4036787e-05  3.0303202e-04
 -3.9702784e-03 -1.8061117e-03
189159	 7.6794655e-05  4.5005591e-03 -4.2530652e-03  1.2770834e-02
 -5.9208861e-03 -1.0433155e-02  4.5080278e-03 -1.6034415e-03
 -3.6459819e-03  1.3274802e-02
508650	-7.3411776e-04 -1.9153493e-03  3.0498608e-04  1.7125998e-04
  9.1570946e-05 -3.2968197e-03 -3.4754377e-04  1.2796574e-03
 -1.4947208e-03  1.0533658e-03
126192	-0.00478597 -0.00070001 -0.00643283  0.00525282  0.00186286 -0.00029115
 -0.01485807 -0.00913243 -0.00279229  0.00480463
363249	-0.00141294 -0.00201558 -0.00289897 -0.00099843  0.00178541 -0.00238613
  0.00770245  0.00384662 -0.0074308   0.0032799 
191736	-0.01117996 -0.00185304  0.00588494  0.00588131 -0.00188313  0.00022045
 -0.00250327 -0.00350356  0.00095426  0.0115951 
161018	-0.00333547 -0.00882006 -0.00481391 -0.00629534  0.00923206 -0.00559428
 -0.0034295  -0.00290623 -0.00298331 -0.00174079
541949	 4.8501394e-03  6.2846910e-04  1.2138680e-03 -1.2203525e-02
  2.9651665e-03  1.7071264e-03 -6.2172599e-03  5.5127977e-05
  7.8487275e-03 -7.3413434e-04
507646	 0.00250446 -0.00056165  0.00392255 -0.00043384 -0.00038641 -0.00041535
 -0.00306919  0.00472618 -0.00437975  0.00199033
50944	-0.00177534 -0.00890805  0.00276687  0.00410282 -0.00051878 -0.00152816
 -0.00490295  0.00565008 -0.00520595  0.00071822
417665	-0.00089037  0.00024769 -0.00247711 -0.00098907 -0.00051341 -0.00092532
  0.00055252 -0.00922149 -0.00694899 -0.00010244
317706	 0.00165224 -0.00378834 -0.00478638 -0.01091666  0.00807401 -0.00500076
  0.00282936  0.00572344 -0.00802419  0.00284058
41739	 0.00601993  0.00484682 -0.0049803  -0.01228866  0.00480108 -0.00521113
 -0.00403026 -0.00110191  0.00942712  0.0028804 
271116	 0.00726454  0.00360838 -0.00730631 -0.00815254  0.00990467  0.00472255
  0.0019085   0.01468057  0.00054396 -0.00592867
14605	-1.1607228e-03  3.7880868e-04 -4.8675323e-03  2.4215647e-03
  3.8081023e-05 -9.2650279e-03  9.5868658e-04 -1.7305472e-03
  3.4449721e-04  1.8400220e-04
315667	 0.00071861 -0.00678804 -0.00719442 -0.00668178  0.00266397 -0.00216996
 -0.00090659  0.00667851 -0.0050088  -0.0003579 
363840	-0.00562478  0.00595239  0.00207292  0.00383153  0.00249911 -0.00160429
  0.00740854  0.01526104  0.00358173  0.00341955
333592	-0.0034048  -0.00478352 -0.00443899  0.00742609  0.0032221  -0.00632035
 -0.00915693  0.01838261  0.00988884  0.00068225
396580	-0.00484045  0.00457759 -0.00246301 -0.00143226 -0.00429336 -0.00203854
  0.00011132  0.00645138  0.00672806 -0.01134879
558887	-0.00481773  0.00045192 -0.0049739   0.00427855  0.00097649  0.00240336
 -0.00156109 -0.00610796 -0.00122494 -0.00085668
247089	-0.00875661  0.00193921 -0.00023397 -0.0019712  -0.00624874 -0.00088524
  0.01025047  0.0053853   0.00331278  0.00666434
15154	-0.00457121 -0.00294498  0.00566525 -0.00272084 -0.01332032  0.00366352
  0.00339473 -0.00489258  0.00229058 -0.00530881
408886	-8.7491339e-03  3.3708017e-03 -6.1195404e-03  2.7227683e-03
  1.8503921e-05  2.1962610e-03  6.1858865e-04  1.0317276e-03
 -4.4770385e-03 -3.5604881e-03
272704	 0.00032571  0.00387167  0.01184885  0.001462   -0.00098977 -0.00667299
 -0.01151051  0.00713413 -0.00316479  0.0078547 
28995	-0.00705506 -0.00194948 -0.00728119  0.00216449  0.00486586 -0.00494038
  0.00744523  0.00976916 -0.00335087  0.01504345
298824	-0.00346335 -0.00273603 -0.00524022  0.00086132  0.00125191 -0.00990853
 -0.00062743  0.0015259  -0.00101039  0.00168265
413523	 0.00234853 -0.00514432 -0.00338079 -0.01148493  0.00055218 -0.01195406
  0.00774567 -0.00908895 -0.00209895 -0.00063677
368478	 0.00297378  0.00447848  0.00587764 -0.00601117  0.00575608 -0.00854519
  0.00090247  0.00150555 -0.00311094 -0.005459  
363365	-0.0053391   0.00302407 -0.0029687   0.00439809 -0.0072258  -0.00197303
 -0.00381945  0.00092132 -0.00272933  0.00570977
51943	-0.00342508 -0.00111867  0.00120326 -0.00098587 -0.0002795  -0.0230062
 -0.00615432 -0.00624918 -0.00239209  0.0082153 
467309	-0.0014127   0.00033058 -0.00304655 -0.00674026  0.00038609 -0.00327594
  0.00722579  0.00920692  0.00168344  0.00848694
89462	-0.00407664 -0.01387498  0.00389089 -0.00755779 -0.001109    0.00185502
 -0.0082308   0.00549132  0.00032129 -0.00270276
69495	 7.1198870e-03  6.4976513e-03 -6.9378802e-06 -9.4687194e-04
  1.9624683e-03 -4.4392692e-03  5.7134535e-03  6.7718577e-04
  1.0101608e-03 -2.3858975e-04
394388	-0.00711861 -0.00225037 -0.00045901 -0.00032829  0.00868553 -0.00045999
 -0.00144177 -0.00096871 -0.00350326  0.00507548
336253	-0.00028321 -0.00422805 -0.00030784  0.00935682  0.0061117  -0.00273259
 -0.00202506  0.00620778 -0.00277744 -0.00277975
191893	-0.00212604 -0.00151645  0.00351362  0.00742327  0.00122579 -0.00758436
  0.00123017  0.00107735  0.00492465 -0.0030908 
417153	-0.00592011  0.00175682 -0.0015491  -0.00016887 -0.0010219   0.00292239
  0.00569534 -0.00444083 -0.00540048 -0.00494056
190343	-0.00101146 -0.00586641 -0.00444989 -0.00221963  0.00134477  0.0051574
  0.00982043  0.0052098   0.00445874  0.00981399
215944	 0.00033601 -0.00606188 -0.00325085  0.00100904  0.00834645  0.0003962
  0.0005199  -0.001735   -0.00295256  0.00050352
232332	-0.00140785  0.00137211 -0.00159656  0.00455691  0.01270294 -0.00752379
  0.00319187  0.00353097  0.00288866 -0.00019887
171918	 0.00147718 -0.00626096 -0.00045706 -0.00671762  0.00523911 -0.00556662
  0.00083271  0.00350592  0.00307505 -0.00117298
232335	 0.00616996  0.00253085 -0.00104959 -0.00121293  0.00458348 -0.0044546
 -0.00084342  0.00234715  0.00690532 -0.00038611
323472	 0.00368869 -0.00288272 -0.00635361 -0.00860257  0.00117771 -0.0019503
 -0.00033121  0.00499788 -0.00455591 -0.00214812
146325	-0.00699546  0.00894846 -0.00801322 -0.00428892  0.0051784   0.00840455
  0.00595027 -0.00258529  0.00150357 -0.00215284
194456	 0.00619597 -0.00447581 -0.00675014  0.00996887  0.00301242 -0.00294709
  0.00052041  0.00198337 -0.00264059 -0.00349882
222105	-0.00535636 -0.00316529 -0.00910232  0.00060211 -0.0040471  -0.00237808
 -0.00503158 -0.00744931 -0.00036474  0.00230615
412	 0.00272428 -0.00132453 -0.00022871  0.00135112  0.00633194  0.00356934
 -0.00457603 -0.00669489 -0.00308518  0.00101218
105891	 5.4231384e-03 -9.8661100e-03  3.7603928e-03  2.4957491e-05
  5.5747628e-03 -7.5550391e-03 -1.9884522e-03  2.0737427e-03
 -4.6310690e-03  5.2128029e-03
322981	-0.00054236 -0.00293528 -0.005665   -0.00739573 -0.00095293 -0.00922473
  0.00484698  0.00535571 -0.00472972  0.00405371
77212	-0.01164148  0.01035985  0.00013878  0.00106845 -0.00471299 -0.0110898
 -0.01378088 -0.00162519 -0.01557109  0.00231397
135088	-0.00202403  0.00742695 -0.01199597  0.00737697  0.0027944  -0.0002152
  0.01163508 -0.00813384 -0.00322682 -0.00120938
490425	-0.00783128  0.00212389  0.00631141  0.00384928 -0.00060916 -0.00201764
 -0.01629061  0.00251061 -0.00148988  0.0044948 
380348	-0.04109173  0.00825331  0.00975086 -0.01313878 -0.00914935 -0.02914403
 -0.00243063  0.01027999 -0.0098653  -0.00664373
266692	-0.00693322 -0.00593299  0.01069813  0.00113296 -0.00516337 -0.00751089
  0.00564233 -0.00611393 -0.00024914  0.00580724
477646	 0.00142835  0.00380954 -0.00087275  0.00499521  0.00153825 -0.00029836
 -0.00131025  0.00101971 -0.00158029 -0.00175387
159184	 0.00013085  0.0024027   0.01108816 -0.00134383  0.00359065 -0.00486951
 -0.00445168  0.0023249   0.00237112 -0.00199354
102872	-0.00801443 -0.00286872  0.00114261  0.0023182  -0.00577914  0.00116061
  0.01132512  0.00454317  0.00033111  0.01049126
548314	-0.00340753 -0.00305467  0.00137203  0.00286239  0.00259937 -0.00211271
 -0.00800706  0.02213792 -0.0001635  -0.00363918
341984	-0.00512223 -0.00537892 -0.0057482   0.00356821  0.00293044 -0.00597195
 -0.001034    0.00568964  0.00174832  0.00108443
509418	-7.5762637e-04 -1.7002126e-03 -3.5410628e-03  1.5375965e-03
  5.6412797e-03 -4.1533834e-03  5.9922473e-05  3.1530825e-04
 -2.7268415e-03  1.0341321e-03
174573	-0.00070151  0.00698809  0.00337461 -0.0031099   0.00206902  0.00228686
 -0.00561304  0.00840942  0.004409    0.00507833
534510	-2.3668685e-03 -3.2261028e-03 -4.8564821e-03  7.3222065e-04
  1.0166762e-03 -9.2702806e-03 -3.8001337e-05  1.3535663e-03
 -4.6348051e-04  2.3110062e-03
484336	-0.00336688 -0.0075757  -0.01439732  0.00029693  0.00287397  0.00124916
 -0.00916353  0.0042936   0.00136452  0.0165849 
166900	 0.01363231  0.00674752  0.00816767 -0.03332208  0.01025545 -0.02829616
 -0.00984196 -0.01213556  0.00563802  0.01596761
358910	 0.00053808  0.00228909  0.00159175  0.00388793 -0.00775509  0.00228632
  0.00103319 -0.00149736 -0.00055933  0.00072933
