90624	-0.00376581  0.00738474 -0.00839205 -0.01217282  0.00022528 -0.00277331
  0.00084054 -0.00363006 -0.00529629  0.00859682
15361	 0.01093375  0.00942539 -0.00417895 -0.00116587  0.01197602 -0.00922928
  0.00057095 -0.00768733  0.00197117  0.01735113
463876	-0.00122786  0.00232785 -0.00134471  0.00207927  0.0049829  -0.00798816
 -0.00582623 -0.00398537 -0.00872952  0.01078744
458757	-0.00829777  0.00287189 -0.00084576  0.00027448 -0.0034178  -0.00909464
  0.00071401  0.0012188   0.00185463  0.00790813
90625	-0.00222589  0.00765051 -0.00164914 -0.00875093 -0.0002049  -0.00195018
  0.00065431  0.00172664 -0.00891544  0.00795658
503820	-0.00159109  0.00927247 -0.00713707 -0.00162687  0.00100413 -0.00937298
 -0.00278876  0.00122668 -0.00148483  0.01118815
458766	-0.00273165 -0.0018455  -0.00115447 -0.00089307  0.0038844  -0.00670386
 -0.0024262  -0.00077126 -0.00474712  0.0176438 
4113	-0.00373549  0.00522187 -0.00127552 -0.00665575  0.00671437 -0.00555284
  0.00168489 -0.0041332  -0.00421156  0.00757106
458771	-0.00161062 -0.00695096 -0.00397798  0.00260295  0.00431787 -0.00101114
 -0.01095966 -0.00805379 -0.00592015  0.01145916
413722	-0.01451027  0.01098544  0.00302558  0.00406516 -0.00251442 -0.00884884
 -0.00909652 -0.00546385  0.00428424  0.00338281
441372	 0.00489474 -0.00116443 -0.00682562 -0.00214896 -0.00154211 -0.00264208
 -0.00222515 -0.00219998 -0.00275315  0.00295858
554526	-0.0001283   0.00109741 -0.00095406 -0.00354651 -0.00193165 -0.0023171
 -0.00716773 -0.00183427 -0.00485345  0.006176  
390694	-0.00239061  0.00060038 -0.00693785 -0.00571352  0.00193037 -0.0006115
  0.00566674 -0.00126995 -0.00127461  0.00672812
391214	 0.00840765 -0.00050702 -0.0029478  -0.00052266 -0.00809039 -0.00336131
 -0.01220533  0.00186508 -0.0037816   0.00782567
452655	-0.00706148  0.0039455   0.00173395 -0.00732494  0.00079024 -0.00964718
  0.00184512  0.00186852 -0.00893085  0.00686526
263738	 0.00553301 -0.00014371 -0.00920556  0.00597458 -0.0009245  -0.01178921
 -0.01310768 -0.00857149 -0.00171041 -0.00387984
62525	 0.00230744 -0.0030694  -0.00961018  0.00335161 -0.00183975 -0.00278827
 -0.0064956  -0.00952027  0.00226455  0.00552551
423998	 0.00104367 -0.00130602 -0.00017958  0.001149   -0.00249175 -0.00289443
  0.00295777 -0.00209872 -0.00505055  0.00320589
154182	 0.00069063 -0.00074902 -0.00283492 -0.00078276  0.00744401  0.00123238
 -0.00549651 -0.00436092 -0.00670605  0.01256138
427082	-0.00394611  0.00014628  0.00237854 -0.00711548 -0.00301014 -0.00562929
 -0.00805284  0.0078987  -0.00205387  0.00844433
366094	 0.00312234  0.00685883 -0.01470706  0.00112622  0.00016181  0.00115806
  0.00605308 -0.01767371 -0.00322738 -0.00309512
307287	-0.00234617  0.00201858 -0.00077531 -0.00731835 -0.00276819 -0.00212118
 -0.00092705  0.00566982 -0.00091022  0.00013863
153701	-0.00195473 -0.00187855 -0.0058439  -0.00186587 -0.00087439 -0.00371047
 -0.00275105  0.00417559 -0.00286617  0.00260119
23143	-0.00549597  0.00329597 -0.00089647 -0.00039179  0.00267652 -0.0051946
  0.00365421 -0.0034738   0.00120768  0.0020006 
503924	-0.00137307  0.00325858 -0.00665822 -0.00079186  0.00127457 -0.00697787
 -0.00399265 -0.00051909 -0.00049923  0.01210079
503934	-0.00166249  0.00341795 -0.0032536  -0.00063771 -0.00183712 -0.00546796
 -0.00010355 -0.00197634 -0.00412001  0.00620264
149119	-0.00896886  0.00521544 -0.00445108  0.00392205  0.00057343 -0.01295222
  0.00050805 -0.00052847  0.01405273 -0.00172325
522368	 0.0062667  -0.00366686 -0.01856176  0.00251654 -0.00291852 -0.01008591
 -0.00608166 -0.00650886  0.01126347  0.01213768
425601	-0.00436392  0.0034913  -0.0005643  -0.00237344  0.00579822 -0.0039553
 -0.00023399 -0.00267938 -0.00739216  0.00898512
503429	-0.0029451   0.00792834 -0.00598505 -0.00357664  0.0011992  -0.01189096
 -0.00016821 -0.00278097 -0.00049614  0.00952423
445065	-0.00152437  0.00039236 -0.00970115  0.00330189  0.00579035 -0.00814926
  0.00077356 -0.00573628  0.00726106  0.01200658
503438	-0.00111798  0.00757335 -0.00555198 -0.00113026  0.00104861 -0.00936986
 -0.0018921  -0.00209808 -0.00217732  0.0098109 
208152	 0.00420364  0.01261155  0.00931243  0.00199669  0.00436347 -0.00237266
 -0.0012082   0.00284706 -0.00691877  0.01117816
571026	-0.00344899  0.00394641 -0.00038997 -0.00454314  0.00736058 -0.00445462
 -0.00750944 -0.00044785 -0.00613386  0.00734321
69059	-0.00089178  0.00132137 -0.00194769  0.00025774 -0.00268483 -0.00121091
 -0.00320275 -0.00618235 -0.00629483  0.00468682
269462	-0.00411124  0.00709029 -0.01056986 -0.00523419 -0.0013438  -0.00711846
 -0.00072072  0.00206979 -0.00097926  0.00536784
210071	 2.5714517e-03  1.5918086e-03 -6.9873738e-03  1.0244647e-03
  3.0828585e-05 -8.7765865e-03 -1.3854799e-03 -8.4331036e-03
 -3.0651598e-03  8.1949364e-03
416409	-0.00072414  0.00780079  0.00062929  0.00017151  0.00796584 -0.00868329
 -0.00209506 -0.00130823 -0.0116378   0.01197708
241311	-7.3226271e-03 -2.4534946e-03 -1.2549836e-02  5.3427550e-03
  2.1955846e-03 -1.0546150e-02 -5.4423600e-03  1.7951322e-03
  8.5601925e-05  9.1930553e-03
580041	-0.00655239  0.00600706 -0.00054421 -0.00225829  0.00822665 -0.00794967
 -0.00434914  0.00339389 -0.00808114  0.00829555
62137	 0.00244107 -0.00019534 -0.0086107   0.00304578  0.00095813 -0.00538177
 -0.0022987  -0.00397573  0.00744402  0.01409819
173759	-0.00133493  0.00290534 -0.00666674 -0.00352379 -0.00112048 -0.00388605
 -0.00121679 -0.00304874 -0.00703185  0.00706474
475328	-0.00161841  0.00296688  0.00690626 -0.00292872  0.00119036 -0.00648449
 -0.00467405 -0.00101582  0.00722334  0.00938581
494800	-0.00034321  0.00441563 -0.00575388  0.00179781  0.00579777 -0.01511254
  0.0017047   0.00285384 -0.00548725  0.00291544
217302	-0.00546909  0.00780075 -0.01171894 -0.00012651  0.01375387 -0.00429405
 -0.00349115 -0.0054391   0.00300431 -0.00070954
216796	-0.0035898  -0.00061417 -0.00825914 -0.00657225  0.00146488 -0.00017926
 -0.00233688  0.00569959  0.00104413 -0.00143933
250149	-5.37847634e-03  3.58435954e-03  2.33582500e-03 -8.50088242e-03
 -2.04727240e-03  1.11956666e-04 -6.67817876e-05  6.59504253e-03
  4.51017730e-03  4.88717481e-03
173796	-0.00237717 -0.00053329 -0.00628686 -0.00421524 -0.0073874  -0.01028641
 -0.00246303  0.00750972 -0.00763383  0.0075678 
391406	-0.00082426  0.00201771 -0.00109127 -0.00210641  0.00875666 -0.00655899
  0.00764515 -0.01976846 -0.00836036  0.01237085
173807	 0.00107757 -0.00315931 -0.0030637  -0.01128366 -0.00049314 -0.0045932
  0.00207823 -0.00382042 -0.00428527  0.00696291
143092	-0.0086108   0.00590733 -0.00238073 -0.00872942  0.00858301 -0.0069156
 -0.00344625 -0.00508476 -0.00497259  0.00203666
143093	-0.00922266  0.00584253 -0.00274296 -0.00735891  0.00772851 -0.00754805
 -0.00279348 -0.00359378 -0.00600794  0.00169947
448258	-0.00650617  0.00274752 -0.00178388  0.00264339  0.00296599 -0.00730725
 -0.00288976 -0.00391191 -0.00564865  0.00913544
522500	-0.00083893  0.00789829 -0.00366368 -0.00634693 -0.00093249 -0.00119466
 -0.00167166  0.00611158 -0.0043719   0.00402493
406278	-0.00205143 -0.00146578 -0.00647451  0.00161527  0.00475729 -0.01065102
 -0.00760896 -0.0042469  -0.0002118   0.01175886
503425	 0.00111693 -0.00119913  0.00109983 -0.00828517  0.00270946 -0.00442356
 -0.00436673 -0.00143878 -0.00342093  0.00769976
503570	-0.00116068  0.0081682  -0.0068569  -0.00145145 -0.00059825 -0.00692266
 -0.0032379  -0.00074485 -0.00083649  0.00860851
222996	 0.00153056 -0.00670843 -0.00263129 -0.00012117  0.00531873 -0.00507745
  0.00529797  0.00981207 -0.00659956  0.0123447 
208150	 0.00629546  0.00527404 -0.0102135  -0.00688242  0.00185784 -0.00498551
  0.01094118 -0.01634578  0.00091577  0.00424312
67352	 0.00012136  0.0064629   0.00559366  0.00345891  0.00954789 -0.00805014
  0.00642022 -0.00280128 -0.00717614  0.01327972
349980	 0.00524292  0.00025345 -0.00392015  0.00511062  0.00446763  0.00083501
 -0.00901602 -0.00422597 -0.01012858 -0.00375879
576805	-0.00055278  0.00830768 -0.00860416 -0.0015143   0.00198962 -0.01153369
 -0.00191134  0.0007257  -0.00226486  0.01082477
259369	-0.00681962  0.00402298 -0.00241081 -0.00876483  0.00656375 -0.00405303
 -0.00246223 -0.0008717  -0.00282803 -0.00451697
68397	-0.00289748  0.00559599 -0.00423827 -0.00639293 -0.00443541 -0.0128424
  0.00937092  0.00333922 -0.00233351 -0.002933  
207666	 0.00151686  0.00011392 -0.00276395  0.00242102  0.00417037 -0.00749359
 -0.00061649 -0.00011247 -0.00166607  0.0095335 
521529	-0.0015034   0.00023337 -0.00264171  0.00226564 -0.00129371 -0.00622009
 -0.0006471  -0.00088887  0.00233104  0.00640361
147679	-0.00429444 -0.00119048 -0.00191676 -0.00734323  0.00512905 -0.00035677
  0.00407644 -0.01105896 -0.00428022  0.00529712
486204	 0.00029154  0.00568046 -0.00674348  0.00734417 -0.01191349  0.00125295
 -0.00351165 -0.0110141  -0.00300765 -0.00398086
570710	 0.003852    0.0161717  -0.01022889 -0.01164251  0.00094657 -0.01330714
  0.00788275  0.0078626  -0.00219482  0.01649194
561041	-0.004577    0.0045421  -0.00542984  0.00095888  0.01309851 -0.00870248
  0.00380536 -0.00201468 -0.00510723 -0.00150959
163132	-0.00537602  0.00072361 -0.00821615 -0.00434408 -0.00234491  0.00102587
 -0.00021859 -0.00619579  0.0001493   0.00631018
63856	 0.00011165 -0.00133215 -0.00638101  0.0082847   0.00560057 -0.00335728
  0.00183274 -0.0066815   0.00893014  0.01479055
561009	-0.00304522  0.00055258  0.0029806  -0.00192111  0.00586761  0.0051848
  0.000793   -0.0046228  -0.00408453  0.00776672
137363	 0.0018838   0.01237157 -0.00863705  0.00215853 -0.00557674 -0.00150675
 -0.00445777 -0.00159674 -0.00737124  0.00315103
404340	-0.00093539  0.00246195 -0.00236687 -0.00298787  0.01084976 -0.00891977
 -0.0033327   0.00078487 -0.00678557  0.00503019
377212	 0.00298278  0.00262061 -0.00015828  0.0008725   0.00156404 -0.00111561
  0.00493186  0.00848079 -0.00743007  0.00377249
222083	 0.00293923 -0.00597101 -0.00128407  0.00047488  0.0034814  -0.00610491
  0.00326336  0.00975938 -0.00705875  0.0087016 
419716	 0.01056503  0.01127778 -0.00393217 -0.00044615  0.00154416 -0.01054441
  0.0002202  -0.00072502  0.00209844  0.00848309
458118	-0.00458417 -0.0026708  -0.00778631 -0.00743606 -0.00980686 -0.01216474
 -0.00074058  0.00495537 -0.01034369  0.00571147
469900	-0.00379783  0.0011616  -0.00252895  0.00149456  0.00439974 -0.00651045
 -0.00788565 -0.00128215 -0.01409512  0.01034865
471441	-0.00055286  0.00387    -0.00488766  0.00204919 -0.00032913  0.00060459
 -0.00669297  0.00353092  0.00037176  0.00731109
415638	-0.00424982 -0.00192163 -0.00953533 -0.01477571  0.00114789 -0.01078633
 -0.00358743 -0.00644335 -0.00331675  0.00479784
2968	 0.00190925  0.00076158 -0.00150615 -0.00485298  0.00316067 -0.00265297
 -0.00609727 -0.000101   -0.00403395  0.00993336
576923	-0.0025002   0.0034951  -0.00553656  0.00104574  0.00371369 -0.00949249
 -0.00528244 -0.00049045 -0.00691137  0.01023056
249328	-0.00101849  0.00089117  0.00038421 -0.00341825  0.00335824 -0.00483895
 -0.00246765 -0.00372968 -0.00413189  0.00487414
267683	-0.00148859  0.0085189  -0.00123293 -0.00156203  0.00221906 -0.00341896
  0.00238404  0.00152122 -0.00490525 -0.00344903
11684	-0.00949817  0.00643923 -0.00580869 -0.00074063 -0.00271968 -0.01219413
 -0.00020419  0.00773894 -0.00835775  0.01296574
529830	-0.00647658  0.00749273  0.00250821 -0.00145194  0.00920876 -0.00910512
 -0.00849881  0.00304363 -0.01177062  0.00748128
109992	-1.9219180e-05  1.9249710e-03 -8.2341954e-03 -5.5591157e-03
  4.1437102e-03 -4.7986265e-03  4.9150689e-03 -4.7085807e-03
 -6.5335911e-03  1.1358637e-02
305076	-0.00128688  0.00690392 -0.00304761 -0.00604016  0.00650007 -0.0099632
  0.00368038  0.00029376 -0.00591999  0.00080791
430005	 0.00285071  0.00662786  0.0131049  -0.00708654  0.00144484 -0.01074579
 -0.00120732 -0.0025029   0.00757119  0.01001121
155648	 3.7348759e-04 -4.9459067e-04  7.5938500e-05  4.4428110e-03
  2.1297727e-03 -2.6271569e-03 -5.1012649e-03 -3.8702837e-03
 -3.5251048e-03  8.8343974e-03
154040	 0.00412631  0.00542651  0.00364092 -0.0036199  -0.00159658 -0.00562139
 -0.00090838 -0.007023   -0.00043421  0.00582697
50292	 0.00678859  0.01663922  0.00043729 -0.00263922  0.00444262 -0.01160188
  0.00784052 -0.00554626  0.00415874 -0.00297284
7619	-0.00508011  0.00653677 -0.00487835 -0.00514537  0.01173535 -0.00915435
 -0.00234909  0.0020024  -0.01112496  0.01128033
222153	 0.00293923 -0.00597101 -0.00128407  0.00047488  0.0034814  -0.00610491
  0.00326336  0.00975938 -0.00705875  0.0087016 
222155	 0.00293923 -0.00597101 -0.00128407  0.00047488  0.0034814  -0.00610491
  0.00326336  0.00975938 -0.00705875  0.0087016 
480732	 0.00022154  0.00320001 -0.00173207  0.00654589  0.00428633 -0.00734673
 -0.01218329  0.00396589  0.00424514  0.00984319
101360	-0.00608968  0.00507803 -0.00387365 -0.0017242  -0.00558074 -0.01162612
 -0.00136913 -0.00696091 -0.00751657  0.00233395
386547	-1.26405945e-02 -8.13728897e-04 -1.26817019e-03  4.80171060e-03
  4.61339454e-07  2.63858587e-04  1.51756196e-03 -6.67177897e-04
 -8.86072125e-03  9.22857504e-03
386548	-6.9014272e-03 -1.6386268e-03 -6.5312521e-03  5.2397060e-03
  5.2268788e-05 -6.4106220e-03 -5.2939216e-03 -1.1857188e-03
 -8.2461222e-04  1.4532269e-02
90614	-0.00718391  0.00471079 -0.00918169 -0.00923977  0.00166428 -0.00428764
 -0.00606232 -0.00741992 -0.00041916  0.00783039
90616	-0.00667127  0.01379441 -0.00280098 -0.00952505 -0.005049    0.00103767
  0.00176456 -0.00788221 -0.00102304  0.00371882
90623	-0.00376752  0.007332   -0.00825237 -0.01194366  0.0005498  -0.00284544
  0.00058239 -0.00391871 -0.00559443  0.00830248
