19970	 0.01151252  0.00267827  0.00085988 -0.00202482 -0.00073587  0.00180429
  0.00584643 -0.00202614  0.005263    0.0151398 
399877	-0.00939375  0.00418515 -0.00616716 -0.00859221  0.0030069  -0.00325404
 -0.00815974 -0.00246843 -0.0021155   0.00670708
399879	-0.00939375  0.00418515 -0.00616716 -0.00859221  0.0030069  -0.00325404
 -0.00815974 -0.00246843 -0.0021155   0.00670708
186378	 0.00194713  0.00415823 -0.00648397 -0.00408197  0.00679471 -0.00471497
 -0.00268854  0.00050886 -0.00290256  0.01487681
222740	 0.00718172 -0.00124358 -0.00037077  0.0011219   0.0044744  -0.00383319
 -0.00516771 -0.00124695 -0.00215069  0.0050542 
88087	-0.01009797  0.00794275  0.00949013 -0.00204367 -0.0009949   0.0061113
  0.00508672  0.01478585  0.00943527  0.00197804
350236	-0.00884377  0.0081734  -0.00039486  0.0042202   0.00768933 -0.0012489
 -0.0001879   0.01294146  0.00281313 -0.00147131
168993	 0.00256066 -0.00155656  0.00036985  0.00058725 -0.00113762  0.00380814
  0.00514691  0.0010522  -0.00394375 -0.00264233
555555	 7.7195313e-05  2.9791116e-03  3.6984740e-04  2.3706823e-03
  1.6997326e-03 -4.3305443e-03 -1.7663513e-03  1.5327568e-03
 -8.4377907e-04  1.0643681e-02
37414	 0.00296902 -0.00721463  0.00064871  0.00315828 -0.00014245 -0.00508784
  0.00046196  0.00261486  0.00106598  0.00763706
130091	-0.00496258  0.00155389 -0.00157695 -0.00415564  0.00209338  0.00351501
 -0.00528256  0.00026371  0.00224695  0.00479197
126509	 0.00297826  0.00077524 -0.0020335   0.00473607 -0.00783383 -0.00391986
 -0.0046819   0.00130317 -0.00701173  0.00268376
299058	 0.00236914  0.00191186  0.00065408 -0.00019594 -0.00396436  0.00534926
  0.00014241 -0.00500393 -0.0034711   0.00217718
32311	-0.00211872  0.00225097  0.00620032 -0.00373409  0.00036802 -0.00252215
 -0.00379085 -0.00222409 -0.00121086  0.00625946
208447	 0.00016313 -0.00419934 -0.00279758  0.00096794 -0.00178948  0.00165549
 -0.00882012  0.00516197 -0.00487749  0.00701497
300100	-0.00054403 -0.00311146 -0.00861304 -0.00452093 -0.00385761  0.00312653
 -0.01259879  0.00389647  0.00811252  0.00732993
281168	-0.00925454  0.00218106 -0.01187561 -0.00344602  0.00024808  0.00791453
 -0.0149102   0.00234548 -0.00251233  0.01546835
489056	-0.00089409  0.00038097  0.00138213 -0.00516649 -0.00490752 -0.00243135
 -0.00620758  0.00215194  0.00391718  0.00235475
131432	 5.1605203e-03 -9.2444094e-03 -3.2953902e-03  7.7031595e-03
 -3.1520135e-03 -6.9007561e-05 -1.2767079e-02 -7.7777109e-03
  5.5818008e-03  7.7245180e-03
295040	-0.01220933 -0.01065275  0.00798349 -0.01238878  0.00464259  0.00395336
 -0.00757583 -0.00904013  0.00977613 -0.00279823
475276	 0.00839342  0.01205972 -0.01401187 -0.00175465 -0.00233768  0.00853492
 -0.00328712  0.00032182 -0.00846638  0.0075295 
202897	 8.3971592e-03  1.0459840e-03 -7.3872036e-03 -2.9541014e-04
  4.3497258e-03  2.5791054e-05 -9.8419357e-03 -7.4163647e-03
 -5.0228420e-03  6.5385606e-03
363669	 4.0476322e-03 -6.4093576e-05  2.8086600e-03  6.2389397e-03
  1.3243685e-03  8.7095108e-03 -1.8902046e-04  3.3283615e-03
  1.6133445e-03  3.0622138e-03
206998	-0.00121996  0.0010909  -0.00011814 -0.00201458 -0.00161477  0.00456541
 -0.00101543  0.00232262 -0.0040239   0.00785682
82072	-0.00143145 -0.00159123  0.00012539  0.00227559 -0.00608599 -0.00136464
  0.00525217 -0.00514104 -0.00553701 -0.00391178
428187	 0.00218911  0.00041765 -0.00451841 -0.00884444 -0.00038027  0.01018116
 -0.00657905  0.0054626  -0.00030044  0.00501375
523954	 0.00773999  0.0011272  -0.00182972  0.0006795   0.00326253  0.00556692
 -0.00606103  0.01953829  0.00654515  0.00834175
169656	 0.00711852  0.00216916 -0.00262021 -0.00073303 -0.00481738 -0.0008348
  0.00579428  0.00318975 -0.00152819  0.00336449
485059	 0.0005166  -0.00144993 -0.00046202 -0.00776536 -0.00175994  0.00774611
 -0.00332232 -0.00364826 -0.00341424 -0.00584854
63176	-0.00272971  0.00157004 -0.00802778  0.00161668 -0.00902742  0.00727642
  0.00295372  0.00588143 -0.00800899  0.00429883
557603	-0.00176436  0.0030209   0.00487335 -0.00203716 -0.00058655  0.00648792
  0.01016919 -0.00308584  0.00817033  0.00020229
240345	-7.1092267e-03 -4.4804998e-03 -1.0711257e-02  5.9127891e-05
  1.3946450e-03 -6.8502487e-03 -6.5166601e-03  6.9836862e-03
 -5.0610881e-03  6.2359385e-03
305883	-0.00789461  0.00122368 -0.00064233 -0.00470383  0.00241534  0.00761638
 -0.00442392  0.00806987 -0.00020874  0.00471711
368863	-0.00782029  0.01336633 -0.00771783 -0.00431884  0.0043526  -0.00583654
 -0.00022986 -0.00378589  0.00940383 -0.00027642
496870	-0.00555597 -0.00069608 -0.00270948  0.00222481 -0.00341726  0.00215128
  0.00483981  0.00389673 -0.00340616 -0.0025534 
466663	-0.00154362  0.0065414   0.00327563 -0.00481415  0.0028235  -0.00801501
 -0.01144254  0.00475844 -0.00394929 -0.00102973
299754	-0.00529851  0.00595207  0.00412149  0.00232168  0.01509741 -0.00588734
  0.00416731  0.00346684  0.00304943  0.00562387
305899	-3.0945516e-03 -5.3251763e-03  1.9055399e-03 -9.3160290e-03
 -1.3248932e-02  2.0264124e-02  4.4953076e-06  9.9757016e-03
  5.7031065e-03  9.0543311e-03
37615	-0.00020695  0.00200285  0.0045771  -0.00448788 -0.00032241 -0.00165926
 -0.00047015 -0.00653805 -0.00118271  0.00283971
297211	-0.00835925 -0.00143883 -0.00599274 -0.00707631 -0.00252457 -0.00339831
 -0.0033214  -0.00137583  0.00153678  0.01173514
28924	 0.0069162  -0.00766686  0.00131915 -0.00891518 -0.00036322 -0.01941751
 -0.00762612  0.01274131 -0.01136472  0.00833469
395819	 0.00240175 -0.00122155  0.00161565 -0.00249335 -0.0031033  -0.0004406
  0.00642207  0.00246365 -0.0061218   0.00589368
496900	-0.00162933 -0.00246168  0.00451003 -0.00209823 -0.00655475 -0.00690837
  0.00186314  0.00862968 -0.00060517 -0.00279076
496904	 4.2016654e-05 -7.4376604e-03  7.0480644e-03 -2.0466570e-03
 -5.8529582e-03 -5.2519222e-03 -4.8028390e-04  9.1328444e-03
 -7.8793505e-04 -5.4690833e-03
395532	-0.00447079  0.00141867  0.00408225 -0.00096634  0.00361417  0.00413443
 -0.00337254 -0.0026377  -0.00043443  0.00437298
251149	-0.00147485  0.00022423 -0.00435574 -0.006216   -0.00314409 -0.00551393
 -0.00327024 -0.00307927  0.00193108  0.00680108
449304	-1.4150563e-03  2.8732528e-03 -3.6115421e-04 -5.9206733e-03
 -1.2649973e-04  4.9108034e-03 -5.5532353e-03  1.1963258e-02
  4.5622368e-05  6.1326269e-03
504879	 0.00494275 -0.00078685 -0.00284339 -0.00198005  0.00447717 -0.00103408
  0.00873759 -0.00455054 -0.0156248   0.00681803
456988	-0.00563127  0.0030442   0.00109491 -0.00026124  0.00383945  0.00754096
 -0.00463236  0.00087523  0.00340373  0.0091601 
92453	-0.00046963 -0.00497655 -0.00024583 -0.00396731 -0.00118737  0.00267479
 -0.01119126  0.00343592 -0.00089849  0.0110821 
17190	-0.00175164 -0.0040638  -0.00513392 -0.00217951 -0.0068829  -0.00106295
  0.00157429  0.00573516  0.00357364  0.00204326
547292	 0.00226851  0.003714    0.00721571 -0.00435231 -0.00361581  0.00988696
  0.00818591 -0.00179341  0.00507071  0.00272554
369450	-0.0096593  -0.00098155 -0.00689135 -0.00264529  0.00572826 -0.0046622
 -0.00415233 -0.00213514  0.00682244 -0.00224499
439085	-0.00305639  0.00850707  0.00386244 -0.00841327 -0.00339907 -0.00322466
 -0.00218901  0.0024724  -0.00597815 -0.00609589
552238	-0.00824359 -0.00031461  0.00755383 -0.00112825 -0.00990457 -0.00215932
 -0.00568511  0.00041533 -0.00628755  0.00394548
395656	 9.8336185e-04 -2.2353716e-03  3.8021440e-03  1.4799890e-03
 -6.0129841e-03  7.2870615e-05  1.5146110e-03 -8.6832204e-04
 -2.9913182e-03  3.5142980e-03
323890	-0.00340324  0.00403905  0.00065183  0.00273867  0.0028884  -0.00770666
 -0.0067116   0.00972562 -0.0008305  -0.00348867
171834	 0.00261886 -0.00319136 -0.00223935 -0.01103649 -0.01236969 -0.00400054
  0.00490609  0.0009706  -0.00077398 -0.0007256 
155871	 0.00886624 -0.00053822  0.00286341  0.00242542 -0.00156221 -0.0078762
  0.00114643 -0.0012526   0.0009613   0.00318134
171840	-0.00589379  0.00556539 -0.00044856 -0.00256493 -0.00631165 -0.00266479
  0.00439955 -0.00031194  0.00902838  0.00893461
163144	-0.00318838  0.00364898 -0.00109256 -0.00478422  0.00794152  0.00077584
 -0.00199958  0.00296957  0.00905038  0.01254752
33609	-8.5875938e-05 -4.2655435e-04  5.3083745e-04 -6.8980209e-03
 -9.9520851e-04  9.0736619e-05 -8.9290282e-03  1.2463053e-03
 -3.9980663e-03  5.5187060e-03
97099	 3.0441438e-03 -3.9870604e-03 -2.1221093e-03  2.3202582e-03
  7.4969872e-04  5.1416424e-03 -1.5244271e-03 -8.7108632e-04
  4.9470618e-05  4.7648093e-03
169805	 0.01024149 -0.00243691  0.00375743  0.00165869 -0.00379432 -0.00423123
  0.00762009  0.00116246 -0.00249428  0.00757197
245583	 8.4220385e-03  1.2077299e-03 -3.8672897e-05  4.4346059e-04
  4.7067013e-03 -4.5353584e-03  1.0565200e-02 -1.8780810e-03
 -1.3566173e-03 -2.1140814e-04
253282	-6.5550501e-03  2.1866758e-03 -1.0958163e-03  1.8184866e-03
  5.8033118e-05  3.1944341e-03  2.2684620e-03  4.0678307e-03
  3.4624781e-03  5.1824106e-03
221544	 0.00180644 -0.00101942  0.00053664 -0.00447703 -0.00440565  0.00312828
 -0.00164247 -0.00081076 -0.00482979  0.00516216
355815	-0.00080896 -0.00522491 -0.00966575  0.00394153  0.00766896  0.00098748
 -0.00927668 -0.01117329 -0.00108503  0.01230188
437615	 0.00628651  0.00440036 -0.00435734  0.00538906 -0.00050357  0.00882249
  0.00073877 -0.00764109 -0.00550238 -0.00158665
164209	 0.00155124 -0.00284003 -0.00060403  0.00020505 -0.00100683 -0.00295416
 -0.00104632  0.00409482  0.00017024  0.0047559 
310146	-0.00097985  0.00637667  0.00172878  0.00514563 -0.00185192 -0.00149076
 -0.00459324 -0.00563489 -0.00659522  0.01963303
441731	-0.00014814 -0.00123435 -0.00125711 -0.00398934  0.00670455 -0.00058964
 -0.00586245 -0.0003921   0.0005094   0.00446591
517509	-0.00104589  0.00033804 -0.00416208  0.00113756 -0.00335677  0.00702596
 -0.01270931 -0.00319977 -0.00128762  0.00395568
340870	-0.00889171 -0.0025516   0.00382629 -0.00208258 -0.00237565 -0.00049093
 -0.00104707  0.0031668   0.00236955  0.00371027
279944	-0.00365773  0.00931956  0.00015078 -0.00624021  0.00563027  0.00250736
 -0.00626885  0.00185419 -0.0065935   0.00242363
348051	-0.00342614 -0.00880703 -0.00858849  0.00270543 -0.00236301 -0.00565671
  0.0036258   0.00619366 -0.00963753  0.0070211 
188822	 0.00028661  0.00647284 -0.00770987  0.00330562  0.00543899  0.00429885
 -0.00755084 -0.00288478 -0.00109415  0.01030142
163229	-0.0093922   0.00018442  0.00165205 -0.0113801  -0.00376386 -0.00673768
 -0.00076823  0.00255522  0.01152086  0.00724206
59302	 1.1029528e-03  2.0372584e-03 -1.8503492e-03  5.3371910e-05
  4.2563383e-03  9.1805332e-04 -1.7141892e-03  3.8112001e-03
  5.5445870e-03  7.4903085e-03
35242	 1.6930221e-03 -1.4211399e-03  5.7357028e-03  4.9600209e-04
 -1.6140306e-03 -1.8927306e-03 -3.2781009e-03 -2.3761299e-05
 -1.6783731e-03  1.1490875e-02
106929	 0.00035182  0.00632756  0.00289806 -0.00464885  0.00299718 -0.00261355
 -0.00708992 -0.0107018  -0.00728588  0.00038467
556980	 0.0039481   0.00145232  0.00436154 -0.00374263  0.00037872 -0.00108785
 -0.00424566  0.00990213  0.00081507  0.00742653
412088	-0.00208792  0.00804096 -0.00305064  0.00839463  0.00872124 -0.0012556
 -0.00188752 -0.00893505  0.00508193  0.00573848
222138	-0.0053803  -0.0029347   0.00269319 -0.00490048  0.00727039 -0.00057907
 -0.00128356 -0.00224944  0.00121031  0.00633645
93630	-2.3269132e-04 -1.3369936e-03 -1.9822696e-03  1.7575570e-03
 -6.6186862e-05  1.0300530e-03 -1.3702294e-03  4.6768216e-03
 -4.0634919e-04  8.7833824e-03
246207	 0.00361578  0.00084343  0.00071392  0.00182642  0.00202394 -0.00092812
 -0.00062336 -0.00169315  0.004339    0.00178253
412097	-0.00095719 -0.00391199 -0.0065546   0.00257726  0.00323173  0.00950687
 -0.0109899  -0.00184957 -0.01048775  0.00712876
466370	-0.00463961 -0.00746626 -0.00321415 -0.00348929  0.00280389  0.00757184
 -0.00229294 -0.00805138 -0.00115266 -0.00175724
203219	 0.00493774  0.01239217  0.01489694  0.00266458 -0.00751884 -0.00151584
  0.00747261 -0.01050374 -0.02289769  0.02031311
547287	 0.00226851  0.003714    0.00721571 -0.00435231 -0.00361581  0.00988696
  0.00818591 -0.00179341  0.00507071  0.00272554
33755	 0.00288066 -0.00052244  0.00054239 -0.00600633 -0.005106   -0.0069906
 -0.00854624 -0.00485832 -0.00299812  0.00281839
363996	-8.2843723e-03 -2.1039294e-03  1.6675274e-03  9.8687001e-03
  1.9224754e-03 -8.0018981e-05 -2.4426021e-03  2.4812731e-03
  4.0095425e-03 -4.9280622e-03
369117	-0.00454517  0.00291263 -0.00043394 -0.0017206   0.00960506  0.00077311
 -0.00386097  0.00776191 -0.00036644  0.00793357
548832	-0.00964683  0.00279771 -0.00743263 -0.00763369  0.00207821 -0.0006467
 -0.00879478  0.00410017 -0.00041584  0.01630984
37968	 0.0041343   0.00269051  0.0029098  -0.00130195  0.00402129 -0.00628906
  0.00463712  0.00108691 -0.00893083  0.01851933
137186	 0.00245485 -0.00031419 -0.00247392 -0.00889141  0.0020605  -0.00341057
  0.00640421  0.0061141  -0.0015028   0.00934637
411387	-0.00111382 -0.00335948 -0.00862337 -0.01359001 -0.00070955 -0.00957906
 -0.00189391 -0.00086523 -0.00069907  0.00961074
297445	-0.00289157  0.00151886 -0.00374797 -0.01176406 -0.00392047  0.00150781
 -0.00325229 -0.00344384  0.00065972  0.00339503
37351	 0.00373662 -0.00688219 -0.00579035  0.00426961 -0.00436885  0.00181109
  0.00082532 -0.00901163 -0.00413656  0.01373605
168937	 6.4566834e-03 -5.9442506e-03 -3.0495744e-06 -3.3288656e-03
 -9.3778362e-03  2.8899612e-03  6.4301956e-03  6.9632977e-03
  1.4601382e-03  6.7669856e-03
466923	-0.00275559  0.0012055  -0.00391836 -0.0054147  -0.00345581 -0.00368543
 -0.00367251  0.00053383 -0.00599016  0.01286897
547308	-0.00017126  0.00089175  0.00095645 -0.00020678  0.00373536  0.00472395
  0.00964671 -0.00255281  0.00346246  0.00110257
34797	 0.00408656 -0.00064763 -0.00153196  0.00693502  0.0045928  -0.00426005
  0.00365008  0.00065063 -0.00393805  0.01361428
409072	 0.00412066  0.00164546 -0.00047608 -0.00159202  0.00276424  0.00340852
 -0.00376557 -0.00192814  0.0077144   0.0040798 
168949	 0.00231792  0.00439143  0.00019843 -0.00140535 -0.00341567 -0.00098287
 -0.00405151 -0.00428097 -0.00593885  0.00523097
7677	-0.0042158   0.00623098 -0.00627324  0.00056189  0.0045808  -0.00283269
  0.002122   -0.00166477 -0.0031761   0.00173207
168959	 0.00071731 -0.00292477  0.00070336 -0.00043779 -0.00280747  0.00250432
  0.00752603  0.00046147 -0.00571798  0.00020419
