430080	-0.01098385 -0.00294553 -0.01300299 -0.00110756  0.01391917 -0.00210122
 -0.01164667  0.00877643  0.01549431  0.00312427
4407	-0.01201775 -0.00490553 -0.01782922  0.00074779  0.01764568 -0.00507258
 -0.00586726  0.00213334  0.01017726  0.0013887 
577283	-0.00365142  0.00378942 -0.00519056 -0.00767511  0.00866615 -0.00730926
 -0.00849983  0.00342661  0.00585881  0.00420481
538756	-0.00667118 -0.00265664 -0.00351799 -0.00320315  0.01233138 -0.00051071
 -0.00566708  0.01067731  0.00760905  0.00046569
244438	-0.01588562  0.00533574 -0.00070337 -0.0075361   0.02518405 -0.01111653
 -0.00517165  0.00432325  0.00678058  0.00892094
184043	-0.00700553  0.00285609 -0.01192002 -0.00263616  0.01105285  0.00088527
 -0.00446649  0.00646601  0.00367228 -0.00411025
570505	-0.00101675  0.00639095 -0.00779844 -0.00109566  0.00978458 -0.00877829
 -0.00782198  0.00605397  0.00740395  0.00518795
504075	-0.00794925  0.00134809 -0.00971027  0.00149198  0.01556569 -0.0055108
 -0.01055775  0.00242876  0.00650945  0.00871793
82700	-0.00682849 -0.00410628 -0.01299985 -0.00156026  0.00613078 -0.00501069
 -0.0086929   0.00739496  0.00677045  0.00512794
222220	-0.00131665 -0.00900143 -0.00584322  0.0029015   0.01608169  0.00021485
 -0.00334042  0.00970225  0.01369067  0.00024078
434285	-0.01010803 -0.00370129 -0.01718928  0.0016293   0.01752441 -0.00465615
 -0.01039367  0.0084938   0.0169269   0.00375451
505489	-0.00772967  0.00834576 -0.00691989  0.00477906  0.0131735  -0.00353832
 -0.00530142 -0.00030621  0.00432996  0.00250033
244371	-0.0092778   0.00407476 -0.00828813  0.00244173  0.01723311 -0.00550213
 -0.01321689  0.00958715  0.00219596 -0.00147352
503575	-0.00386305  0.00010116 -0.01265738 -0.00301367  0.01118274 -0.00300943
 -0.00777278  0.00299208  0.00377398  0.00500488
187033	-0.00116187  0.00229879 -0.00477161 -0.00121479  0.00588647 -0.00163085
 -0.00297547 -0.00048092  0.00691943 -0.00175943
566554	-0.00526206 -0.00742003 -0.01863     0.00513204  0.01195252 -0.00158453
 -0.00209613  0.01232751  0.00929264 -0.00602537
503715	-0.00931083 -0.00171274 -0.01422041 -0.00206338  0.01681192  0.00107292
 -0.00743352  0.00571901  0.01038363  0.00501968
444574	-0.00844122  0.006389   -0.00878396 -0.00127007  0.01479924 -0.00590479
 -0.00919614  0.0002426   0.00696356  0.0055549 
504352	-0.01005296 -0.00622259 -0.00785353  0.00327881  0.01375815 -0.00433124
 -0.00823311  0.00855882  0.00876879  0.00177889
3105	-0.00327308  0.00961304 -0.00727723  0.00645216  0.0124917  -0.00349473
 -0.01255918  0.00548863  0.00561473  0.00845037
244461	-0.00963726  0.00560436 -0.00799621  0.00639638  0.00911992 -0.01359432
 -0.00716315  0.00784675  0.0028248  -0.00048633
430009	-0.00409154 -0.00500505 -0.00731923 -0.00256438  0.01002246 -0.00051063
 -0.00492917  0.0035082   0.00208965  0.00265218
124407	-0.00200998  0.00136567 -0.00718292 -0.00222459  0.01055497 -0.00451253
 -0.01229496  0.00482195  0.01036694  0.00198761
571178	-0.00915768  0.00355358 -0.01084447 -0.00518853  0.01894969 -0.00903916
 -0.00791353  0.01287804  0.00423149  0.00268762
266799	-0.00063425  0.0036011   0.00125883  0.00515436 -0.00050878 -0.0114797
 -0.00646925 -0.00761802  0.00060341  0.00843528
383860	-0.00759082 -0.00255541 -0.0109633   0.00608943  0.00106502 -0.00467281
 -0.00855495  0.00113977  0.0005704  -0.00717214
294193	-0.0082535   0.00114253 -0.01418414 -0.00060386  0.00674791 -0.00282477
 -0.01544151  0.00443725  0.00991908 -0.00282301
244530	-0.00497671  0.00695631 -0.00635138  0.00422671  0.0163338  -0.00737257
 -0.00990265  0.00755883  0.00298563  0.00720668
384139	-0.00659787 -0.00499742 -0.00342145  0.00898358  0.00744613 -0.00387689
 -0.00912287  0.00101481 -0.00218671 -0.00654323
504246	-0.00823191  0.00055178 -0.01113126  0.00111385  0.0138253  -0.00271514
 -0.00625462  0.00143909  0.00656388  0.00698927
504265	-0.00321683  0.00238561 -0.00698155 -0.0051772   0.00769879 -0.00641647
 -0.01047806  0.00532287  0.00446941  0.00294481
509752	-1.0544390e-02 -5.7591200e-03 -1.2003691e-02 -1.7322403e-06
  7.4264426e-03 -6.7070224e-03 -1.1014418e-02  8.1586186e-03
  3.8648886e-03 -5.3378157e-03
127801	-0.00881875 -0.00934571 -0.00979427 -0.0008792   0.02033405 -0.00330267
 -0.00301686  0.00130707  0.0141296  -0.00223044
503994	-0.00903134 -0.00065243 -0.01408622  0.00012511  0.01483263 -0.00444588
 -0.00696812  0.00358089  0.00595815  0.0063989 
503537	-0.00640131 -0.00271427 -0.00685742  0.00372164  0.01703397 -0.00086063
 -0.00628765  0.00186879  0.00568002  0.006745  
1084	-0.00884317 -0.00656336 -0.00771485 -0.00464502  0.01592652 -0.00877816
 -0.00773965  0.00299296  0.0108948   0.00430307
220477	-0.00629238  0.00521785 -0.00411726 -0.00408177  0.00317138 -0.001542
 -0.00885882  0.00719929  0.00632517  0.0046207 
434241	-1.3389538e-02 -4.6283687e-03 -1.8320264e-02 -8.9405105e-05
  1.7231235e-02 -6.4395610e-03 -8.9017721e-03  5.7587116e-03
  8.8640423e-03  5.6797680e-03
456625	-0.00705171  0.00683072 -0.01786458 -0.00594305  0.00802803 -0.00544408
 -0.00545095  0.01423058  0.0043752   0.00064596
183089	-0.0019146   0.00242983 -0.0009073  -0.00152139  0.00441407 -0.00686488
 -0.00936844  0.00886036  0.00785412 -0.00237485
140513	-0.003583   -0.00032985 -0.00740609 -0.00474949  0.00867772 -0.00593211
 -0.00893903  0.00222935  0.00590279 -0.00097172
184009	-0.00948136 -0.00544957 -0.01224793  0.00066125  0.01255446 -0.0003389
 -0.00932516  0.00491043  0.00526416  0.00357498
430026	-0.01204624 -0.00648071 -0.0134837  -0.00234571  0.01417618 -0.00444806
 -0.0100904   0.00457415  0.01283639  0.00066466
430061	-0.00587428 -0.00208774 -0.00973011 -0.0040368   0.00731659 -0.00391929
 -0.00634679  0.00439097  0.00671154  0.00068325
174159	-0.00193772  0.00621686 -0.00753415 -0.00475578  0.01174648 -0.00422326
 -0.00888438  0.00942179  0.01455244  0.00437829
149560	-0.00973758 -0.00654674 -0.01080635  0.00347195  0.01166664 -0.00179825
 -0.00799289  0.0085866   0.01265795 -0.00802355
244562	-0.00785287 -0.00024988 -0.01336816 -0.00231545  0.01569797 -0.00722752
 -0.00802009  0.01629118  0.00181949  0.0055409 
183891	-0.00965706 -0.00165777 -0.01232898 -0.00195262  0.01362101 -0.00464124
 -0.01084731  0.01178877  0.00219852  0.00204108
184020	-0.00584834  0.00361733 -0.01608123 -0.00148486  0.01091065 -0.00395752
 -0.00817168  0.01079639  0.00830383  0.00275093
504021	-0.008146   -0.00090802 -0.01372095 -0.00139669  0.01594691 -0.00466573
 -0.00762983  0.00302021  0.00589792  0.00679831
140507	-0.00294039  0.00149548 -0.00536668 -0.00353521  0.00962577 -0.00293173
 -0.00523855  0.00275835  0.01053637 -0.00118587
127191	-0.0011085  -0.00358839 -0.00700013 -0.00303967  0.00326364 -0.00092524
 -0.00587811  0.00358748  0.00165188  0.00172318
140504	-0.00503016 -0.00512526 -0.00206989 -0.00148111  0.00735406 -0.00926973
 -0.01624314  0.00774725  0.00423467 -0.00997662
455387	-0.00840701  0.00109352 -0.00599672 -0.00214956  0.01004157 -0.00801256
 -0.0085314   0.01175606  0.00825006 -0.00194297
183905	-0.0067466   0.00164401 -0.01148037 -0.00266428  0.01819183 -0.00144799
 -0.00743155  0.01014335  0.00361153 -0.00478632
1009	-0.00416013  0.00615483 -0.00447578 -0.00160326  0.01317673 -0.01063948
 -0.00341635  0.00523383  0.00476995  0.00550155
140516	-0.00449821 -0.00461429 -0.01019207 -0.00452495  0.0031136  -0.00874534
 -0.01195167  0.01010933  0.00106564 -0.00820173
430071	-0.00633569 -0.00495165 -0.00750207 -0.00135696  0.0074164  -0.00397228
 -0.00592194  0.00437323  0.008227   -0.00296385
430059	-0.00663989 -0.00556298 -0.01066445 -0.00036189  0.01207425 -0.00070893
 -0.00524055  0.00284587  0.00775998 -0.0002828 
503660	-0.00723258  0.00289699 -0.00994966  0.00069913  0.01280754 -0.00515399
 -0.00686051  0.00268844  0.00689336  0.00726233
445293	-0.00765672 -0.00754299 -0.0114469  -0.00257907  0.00706272 -0.00501581
 -0.01623312  0.01031581  0.00814845 -0.00413665
434159	-0.0094038  -0.00162002 -0.00029839 -0.00020382  0.00957926 -0.00766801
 -0.00864296  0.00572874  0.0093875   0.00509601
357091	-0.00954658 -0.00249164 -0.00664019 -0.00640779  0.00629927 -0.00985019
 -0.00329775  0.01121376  0.00710856  0.00024629
244465	-0.00370935 -0.0008878  -0.00925405 -0.00069168  0.01261015 -0.00045292
 -0.00073947  0.01029713  0.00899149  0.00223226
445042	-0.00564076 -0.01186879 -0.00595247  0.00128563  0.00839164 -0.00286372
 -0.01078708  0.01337859  0.00917176 -0.00557471
3443	-0.00833503 -0.00456196 -0.00596055  0.0019452   0.01394897 -0.00132142
 -0.00588955  0.00766411  0.00893518  0.00331698
66164	-0.015158    0.00044023 -0.01318005 -0.00433289  0.01502056 -0.00553732
 -0.00847271  0.00463392  0.00504399  0.00620308
430069	-0.01170213 -0.00057448 -0.01451709 -0.0022891   0.01451648 -0.00375886
 -0.00979692  0.00940109  0.00955112  0.00237295
296439	-0.00565402  0.00319507 -0.00749957  0.00409038  0.00871781  0.0019372
 -0.00949041  0.00366779  0.0040159   0.0003375 
392057	-8.64800066e-03  7.38650188e-03 -7.34526990e-03  2.33979663e-03
  6.51513739e-03 -5.51991723e-03 -8.79136845e-03  1.04537215e-02
  6.11933833e-03  8.43160014e-05
183122	-2.1957487e-03 -1.1577412e-02  2.4145797e-03 -2.9661832e-03
 -8.4427389e-05 -7.2219996e-03 -1.3128491e-02  5.1868893e-03
  8.6002480e-03 -4.2759920e-03
4222	-0.00269531  0.00074383 -0.01168018 -0.00371976  0.00870279 -0.00470888
 -0.00432129  0.00501523  0.01420138  0.00170625
383792	-0.00884619 -0.00527702 -0.00297315  0.00256208  0.00836478 -0.00090208
 -0.00406856  0.00439189 -0.00457505 -0.00545963
