327808	 0.00363476 -0.00514593 -0.00858019  0.00277797  0.00327058 -0.00659061
  0.00610627  0.0005916   0.00991244  0.0039549 
219521	-0.01059554 -0.003075   -0.00778215 -0.00385015  0.00453995 -0.00840353
  0.00022109  0.00084268 -0.00101448  0.0046382 
514435	-0.00603847  0.00443661 -0.00188068 -0.01466811 -0.00678329 -0.00476121
 -0.00571417 -0.00023436 -0.00328334 -0.00266286
311812	 0.01296749  0.00482329 -0.00515598  0.00100265  0.00028212 -0.00442667
 -0.00271782  0.00036648  0.00081155  0.00788699
402887	 0.00565937  0.00335764  0.00919763  0.00126084  0.00040922 -0.00612676
  0.00393803  0.00397277 -0.00383091  0.00431989
293127	-0.00681025  0.00845901  0.0047702  -0.00634145  0.01140598  0.00048567
 -0.01047821  0.01459433  0.00211135  0.00695174
290056	-0.02597453 -0.00483791 -0.00359137  0.00149883  0.01243646  0.00493732
  0.00274608  0.02278958 -0.00271668 -0.00971796
402308	 0.00715703 -0.00440666  0.00056665  0.00439881 -0.00967245 -0.00292184
 -0.00012323  0.00891155 -0.00530559 -0.00409164
395532	 0.00020145  0.00236837  0.00018149 -0.00283626  0.00052271 -0.00250179
 -0.00270967  0.001595    0.00061557  0.00558244
247053	-0.01110038  0.01589397  0.00741331  0.00786861  0.00055039 -0.00838662
  0.00012685  0.01059459  0.00938522  0.01981962
504463	-0.00369358 -0.00268159  0.0027396   0.00017067  0.00787267  0.00076092
 -0.00190902  0.00185451  0.00137094  0.00093636
40976	-0.01240196  0.00739818  0.0037101  -0.00092617  0.00677728  0.00623697
 -0.0048251  -0.00495381 -0.004619    0.01662629
311057	-0.00053959  0.00409137  0.00110083 -0.00116641  0.00640469  0.00067827
 -0.003217    0.00621688 -0.00030084  0.00258361
208321	 0.01465799  0.00071163 -0.00175373  0.00500327 -0.00176891 -0.00177834
 -0.00996403  0.01384867 -0.0015158   0.00240146
108035	-0.00224605  0.00169456  0.00547669  0.00295684 -0.0037047   0.00072997
 -0.00219195 -0.0133068  -0.00789525 -0.00267671
484630	 0.00185453 -0.00032367  0.00328215  0.00728264 -0.00367623 -0.00287357
  0.01010792  0.00339691  0.00351504  0.00935131
240791	-2.0220533e-03  1.9848670e-03 -5.2263760e-03 -9.9052806e-05
  3.5776340e-03  3.3808744e-03 -1.0225298e-02  3.1477453e-03
  4.8009434e-04  6.3667432e-03
289555	-0.00345749 -0.00478354 -0.00594919 -0.0049234  -0.00048392  0.0006806
 -0.00419284 -0.00446204 -0.00791179  0.00216477
289305	-0.00014857  0.00108148 -0.00420612 -0.00354855 -0.00415439 -0.00219016
 -0.00027896  0.00474799  0.00228656  0.00440127
30106	-0.00923056  0.0066668   0.00579832 -0.0023151  -0.0106425   0.00152303
 -0.00368851  0.0060575   0.00640342  0.00208278
463151	-0.00722896  0.00610772  0.0097846  -0.00201763 -0.0065367  -0.00522064
  0.00588671  0.00142928 -0.00478638  0.01130472
437917	-3.0539443e-03 -1.6605187e-02 -6.1932062e-03  1.3752524e-02
 -7.9805861e-05  1.3586780e-03 -7.3329965e-03 -2.6604724e-03
  6.1843330e-03 -1.3256315e-03
442783	-4.3143746e-06  8.0089895e-03  1.9749171e-04  7.0537473e-03
 -1.1473348e-03  8.9247404e-03 -3.2028100e-03 -2.0539984e-03
  6.7895213e-03  2.0827614e-03
467616	 0.00067553 -0.00430363 -0.00229341  0.00852825  0.01297012  0.00927344
 -0.0042668   0.01184015 -0.00339064  0.01408606
195233	 0.00777676 -0.00743143 -0.00992257  0.01034269  0.00996088  0.00790445
  0.00462995 -0.00869785 -0.00471966 -0.00516603
289563	-0.00345749 -0.00478354 -0.00594919 -0.0049234  -0.00048392  0.0006806
 -0.00419284 -0.00446204 -0.00791179  0.00216477
127397	 0.00098528 -0.00073179 -0.00217233  0.01116274  0.00771557  0.00069548
 -0.0012821  -0.00190443 -0.00973021  0.00366964
36136	-0.00280851 -0.00538491 -0.00027931  0.01597979  0.00625078  0.00269667
 -0.0053171  -0.02115625 -0.01738338  0.02822744
182185	-2.8078891e-03  4.9410583e-03  4.6187500e-03  2.8577093e-03
  6.1367592e-04 -7.7901687e-03 -7.0807895e-05 -4.4832826e-03
 -1.7009898e-04  5.4007472e-04
365867	-0.00419015 -0.00106225 -0.00021614  0.00292701  0.01018291  0.00573733
 -0.01056931  0.00400342 -0.00701489  0.01044597
169882	-0.00620893  0.00075445  0.00404991  0.00119912 -0.0033907   0.01384388
 -0.00165926  0.00352538 -0.00753439  0.00644792
492719	 0.00557173 -0.0023543  -0.00076722 -0.00241218  0.00599722 -0.00293813
  0.01058988  0.00216053  0.0062801   0.00630321
219464	-2.2565147e-03  6.0675177e-04  5.5905920e-03  9.8523771e-05
 -1.2845780e-03  2.4449187e-03 -8.3904172e-04  1.3462165e-02
 -9.4078365e-05 -8.8678917e-04
402226	 0.00464134 -0.00449587  0.01045611 -0.00512286  0.00103499  0.00373384
 -0.00729661 -0.00062152  0.00522423 -0.00301114
311152	 3.8285204e-03  1.1412660e-03  9.3726401e-04 -3.7019830e-03
 -1.4477170e-03 -1.2704068e-03  5.0553010e-04 -7.5844270e-03
  1.7283802e-03  8.1993938e-05
78337	 0.00087142  0.00286725 -0.00213641  0.00484262 -0.00187435  0.00786985
  0.00368871  0.00923926 -0.00407008 -0.00115411
447159	 0.00325806  0.00727788  0.00368757  0.00278133 -0.00353081 -0.0054613
  0.00042678 -0.00024709 -0.00116291  0.00218596
404795	-0.00328336  0.00090658 -0.0043185   0.00438891  0.00448662  0.00895251
 -0.0060113   0.00842622 -0.00602828  0.00203146
523509	 4.3368414e-03  4.7127404e-03 -5.8433153e-03  7.3402436e-03
  3.8746099e-03 -5.7423819e-04  2.6195732e-04  1.1300736e-02
 -1.0468340e-03  5.8781839e-05
380352	-0.02603523 -0.02129658 -0.01291998  0.01076096 -0.00585572  0.02555592
  0.00953151 -0.00490986 -0.01592549  0.02103476
446824	-0.01230304  0.00041323 -0.01421738 -0.00189034 -0.00215491 -0.00180281
  0.0021133   0.00309843 -0.00310096  0.0115641 
522571	 0.00187427  0.00797991  0.00861241 -0.00388407 -0.00309863 -0.0069728
  0.0014831   0.00457148  0.00252136 -0.00628072
455063	-0.00721079  0.00238395  0.00033466 -0.00149917 -0.00403509  0.00262736
  0.00227838  0.00436213  0.00368449  0.00395187
240886	-0.00016882  0.00689814 -0.00732952 -0.00089382  0.00420076  0.00262857
 -0.0078012   0.00330709 -0.00131774  0.00789062
263367	 0.0006332   0.00119122  0.00076408 -0.00034242  0.00098965 -0.01274335
  0.00494693 -0.0055303   0.00800201  0.00050734
20495	-0.00892272 -0.00221404  0.00992407 -0.00024027 -0.00457633  0.00260751
  0.01729456  0.00326432  0.00410732  0.00482758
554954	-0.00457027  0.00162362 -0.00093664  0.00544924  0.00347865  0.00131935
  0.00668388  0.00501985 -0.00300216  0.00948412
295627	 0.01029621  0.01580635 -0.00346582 -0.00628432  0.00323879  0.01510349
 -0.00276438 -0.0060133  -0.00978453  0.01702937
240885	-0.00016882  0.00689814 -0.00732952 -0.00089382  0.00420076  0.00262857
 -0.0078012   0.00330709 -0.00131774  0.00789062
472781	-0.00477284  0.005774    0.00320171  0.00298811  0.00153983  0.00051191
  0.00050807  0.00568262 -0.00701687  0.00638484
246990	-0.00595182  0.00750638  0.00890318 -0.00279246  0.00448183  0.00143098
 -0.0048545   0.0052557   0.00407746 -0.00455095
313425	 0.00344911 -0.00195661 -0.00033186  0.00129288  0.00258135  0.00157062
  0.00022185 -0.00408529 -0.00466456  0.00402812
150226	-0.00051406  0.00063857  0.00441905  0.00615764  0.00024733  0.00434729
  0.00163886 -0.00542425  0.00520293 -0.00343802
396110	 0.00826033 -0.00382502  0.00114283  0.00367276  0.00355846  0.00315328
  0.00279268  0.00224939  0.0051192   0.00315974
126480	-0.02339916 -0.01961564 -0.0056631   0.00843822 -0.01318677  0.01151721
  0.01194144  0.00595957  0.01880425 -0.00746841
371802	-1.3191222e-02 -1.8766733e-03  6.6929916e-03  6.2367576e-03
 -7.8121775e-05 -8.0299634e-04 -3.3168274e-03  4.9393135e-03
 -1.0695937e-02  6.9541028e-03
136283	 0.00245101  0.0022751   0.00425764  0.01109507 -0.00030418  0.01789711
  0.00506915 -0.01462061 -0.01493509  0.01381863
446599	-0.00140369  0.00768998  0.0007417  -0.00805437  0.00419671 -0.00256838
 -0.00030453  0.00410628 -0.00767511  0.00286775
500701	 0.00415402  0.00829181  0.0050798   0.01002692 -0.00880533  0.00600841
  0.00568912 -0.01033378 -0.00887438  0.00953023
50401	 0.00045175 -0.00188291 -0.00105119  0.01307194 -0.00029781  0.0029583
  0.00422839 -0.00122572 -0.00400292  0.00650604
297058	-0.00352644  0.00587534  0.00460179 -0.00326101 -0.00075153  0.00156489
  0.00080678  0.00358144 -0.00157984  0.00570357
364347	 0.00599098  0.00011863 -0.00503186  0.00054566  0.00283252 -0.00309251
 -0.00702468  0.004014    0.00141031  0.00282049
36453	-0.01522498  0.00426609  0.00371724  0.0211309   0.00488085 -0.00232234
 -0.01125682 -0.00600763 -0.01746521  0.01973512
524049	-0.00483546  0.002368    0.0035442  -0.00296893 -0.0030758   0.00315313
  0.00695158 -0.00117614  0.00106563  0.00169238
553448	 0.00163167  0.01359084 -0.00581689  0.00574269  0.00597418 -0.00872589
 -0.01562987 -0.01974476 -0.01146134  0.01377435
230283	-0.00598321  0.00363847  0.00878313 -0.00629089  0.00420373  0.00143221
 -0.00030893  0.00674511  0.00104658 -0.00598391
300525	-2.9992817e-03 -6.4463820e-05 -4.6196994e-03 -5.6157508e-03
 -5.8783982e-03  4.4877934e-03  4.5824815e-03 -4.5855632e-03
 -3.2115811e-03 -5.0160731e-03
171376	-0.00385588  0.0017899   0.00485526 -0.00281746 -0.00282371 -0.00190598
 -0.0009169   0.00690383 -0.00232056  0.00054893
37233	-0.00280851 -0.00538491 -0.00027931  0.01597979  0.00625078  0.00269667
 -0.0053171  -0.02115625 -0.01738338  0.02822744
489921	 0.00708377  0.00396804 -0.00196683 -0.0057357  -0.00643946  0.00064545
  0.00616895 -0.00083749 -0.00183424 -0.00343898
403	-0.00766644  0.00918917 -0.00100926  0.00145263  0.00286456 -0.00259284
  0.00922454  0.01938336 -0.00360043 -0.0125019 
140021	 0.00164184 -0.00343452 -0.00402152  0.00557133 -0.0074979  -0.00073701
 -0.00312868  0.00326007 -0.0030719   0.00253336
187382	-0.00342581 -0.00431339 -0.00455221  0.00018176 -0.00454577  0.00721492
 -0.00264916  0.00381453 -0.00215064  0.00016985
379049	 0.00981954  0.00462362  0.00180235  0.00937914  0.00214145 -0.00088715
 -0.00073356 -0.00920882 -0.00830465  0.0068832 
368888	-0.00099569  0.00039259  0.00692755  0.00350838  0.00562511  0.00854609
  0.0122276   0.00892209  0.00264801  0.00828908
224122	 0.01017053  0.00047424  0.01678536 -0.00623701 -0.00066911 -0.00633023
  0.00801706 -0.00219973  0.00535459  0.00271453
290939	-0.00218579  0.00162699 -0.00300444  0.00185274  0.01138131  0.00263965
 -0.00409848  0.00388699 -0.01388045 -0.00142423
283612	-0.00520491 -0.00548588 -0.00239499  0.00686763 -0.00501196  0.00054617
  0.00140782  0.0033292   0.00043829  0.00347514
40405	-8.5320207e-04 -5.9188576e-04 -4.6957969e-03  1.6974430e-03
 -3.9992891e-03  4.6028807e-03  6.1726564e-04 -4.4200715e-04
  6.1382272e-04  5.3574571e-05
