190984	 0.00068334  0.00479626 -0.01040579 -0.00372337  0.00476977 -0.00617161
  0.00037276 -0.00299103  0.0029668   0.00744034
242698	 0.00278861  0.00221629 -0.00157072 -0.00172254  0.00462947 -0.00667196
  0.00029673  0.00040879 -0.00522203 -0.00121926
346642	 0.00188477  0.00060306  0.00018125 -0.00261505 -0.00013835 -0.00116013
  0.00213556  0.00057012 -0.00379127 -0.00391476
242713	-0.00101589 -0.00064047  0.00965205  0.00089607  0.00612643 -0.00495897
 -0.01723394  0.0006442  -0.00802744 -0.00117005
486746	 0.00721111  0.00567448 -0.00201758 -0.00175082  0.00674542 -0.00465925
  0.00276697  0.00111207  0.00408516  0.00704872
194080	 0.0006254  -0.00791712  0.00378047  0.00062979  0.00821892 -0.00242538
  0.00061275 -0.00342661  0.00492178 -0.00010455
15394	-0.00177117  0.00624162 -0.00421235 -0.00591685  0.00343072 -0.0040018
  0.00025694 -0.00504634 -0.00039543 -0.00192596
547363	-0.00205145  0.00178068  0.00212086  0.01090274  0.00663739  0.00297114
 -0.00434723 -0.00066389  0.00505284  0.00241973
305704	 0.0050651   0.00123644 -0.0025707  -0.0027517   0.00082791 -0.00414254
 -0.00124383  0.0017417  -0.00423234  0.00486039
502828	 0.00042843 -0.00563618 -0.00230345 -0.00329368 -0.00173426 -0.00489016
  0.00027655  0.00040165 -0.00135024  0.00819912
305672	-0.00125515  0.00316868 -0.00165796  0.00368412  0.00124735  0.00233954
 -0.00478179  0.00059626 -0.00442336  0.00431213
103475	 3.2241512e-03 -4.1693137e-03 -2.2434895e-03  1.8715954e-03
 -2.9473912e-03  9.8114026e-05 -4.0117875e-03 -3.8256566e-03
 -3.4360832e-03  3.8936790e-03
265780	 0.00018887  0.00191042 -0.00738578 -0.00164118  0.00289199 -0.00525164
 -0.00287437 -0.00214687 -0.00270151 -0.00577017
491445	 0.01159933 -0.00499547  0.00234384 -0.00010279 -0.00619089 -0.00305202
  0.00582737 -0.00503701  0.00238567  0.00725768
243267	-0.00080797 -0.00728865 -0.00495979  0.00189658  0.00397778 -0.00560169
 -0.00480081 -0.00533303 -0.00158647 -0.00219541
442436	 0.00379302 -0.00030991  0.0022819   0.00250065  0.00393474 -0.00193707
 -0.00020581 -0.00270974 -0.00741011  0.00224015
442442	 0.00462963  0.00091363 -0.0026986  -0.0004722   0.00748916 -0.00678469
  0.00148444 -0.00479367 -0.01156954  0.00081005
442443	-0.00095441  0.00314386 -0.00190435  0.00366725  0.00598971 -0.00425625
 -0.0037577   0.00185437 -0.01062361  0.00039053
185938	-0.00234523 -0.00074406 -0.00087673 -0.00444826  0.00091928  0.00394706
 -0.00316662 -0.00303196 -0.00101209  0.00388003
422483	-0.0005109   0.00318451 -0.00091955 -0.00689349  0.00571648 -0.00704813
 -0.00181777 -0.00015492 -0.00175563 -0.00516405
255572	 0.00336818  0.00246107  0.00304572 -0.00319265  0.00363468 -0.00341116
 -0.00031527  0.00163109 -0.00477159 -0.00340637
483414	 0.00147774 -0.00307111 -0.00185815 -0.00587151 -0.001645   -0.01121755
 -0.00596021  0.00261152 -0.00557614 -0.00385252
488024	 0.00119192 -0.00241326  0.00304597 -0.00393914 -0.00012945  0.0012002
 -0.01002441  0.00383058 -0.0007104   0.00012399
225372	 0.004186    0.00133126 -0.00191689 -0.00378148  0.00713002  0.00201419
 -0.00097484 -0.00262279 -0.00336594  0.00332002
224892	 0.00208437 -0.00382496 -0.00092053 -0.00023587  0.00279684 -0.00205557
  0.0021351   0.00010428 -0.00286506 -0.00229097
183423	-0.00585713  0.00585613 -0.00880876 -0.00536487  0.01022509 -0.00916965
 -0.01186134  0.0031129  -0.00175063 -0.00234973
532608	-5.1969937e-03  1.7584050e-03  1.6398369e-03  1.4534151e-03
  1.5240236e-03  3.0835527e-03  5.7097804e-04 -2.5614884e-03
 -5.4431856e-03  6.2127016e-05
519823	-0.00090259  0.00191208 -0.00149744  0.00095414  0.00168747 -0.0054207
 -0.00200195  0.00350554 -0.00153112 -0.00411365
242836	 0.00015238 -0.00476906  0.0014832   0.00197912 -0.00145379 -0.00025162
  0.00383103 -0.00305884  0.00099883  0.00822717
224918	-0.0001089  -0.00158823  0.00182137  0.00343137  0.0021849  -0.00590225
 -0.00648719 -0.00034872 -0.00343291 -0.00903933
447258	-0.00655852 -0.00755214 -0.00773644 -0.00127739  0.0037883  -0.00305672
  0.00512866  0.00719236 -0.01278015  0.00946542
501412	 0.00357421 -0.0008065   0.00596535 -0.00174541  0.00726127 -0.00381085
  0.00327368 -0.00292326 -0.00309402  0.0037967 
295078	 0.00416714  0.00342691  0.00420652 -0.00794445  0.00691505 -0.00399618
  0.00118335  0.00169692 -0.00091655 -0.01123096
182951	-1.3361374e-03  6.1644996e-03  6.3611788e-04  8.8867592e-04
  4.1791312e-03 -6.1343857e-03 -3.5850229e-03 -1.8413546e-05
 -9.8390682e-03 -2.0828242e-03
445620	 2.0616306e-03 -6.4261496e-04  9.0490392e-04 -5.6631565e-05
  3.6412915e-03 -1.4268098e-03 -1.8512825e-03 -3.3380538e-03
  6.8145501e-04  7.7997620e-04
504501	 0.00176167  0.00253562  0.0048373  -0.0018398   0.00140345 -0.00063629
  0.00113206 -0.00284496  0.00362187  0.00111211
150729	 0.00186695  0.00039989 -0.00828591  0.00073823  0.00447311 -0.00541427
 -0.00260246 -0.00041871 -0.00167278 -0.00170337
70858	-0.00414213 -0.00411216 -0.00563123  0.00047063  0.00166532  0.00257503
  0.00031063 -0.00083757 -0.0043704   0.00262419
304865	-0.00182167  0.00012815 -0.00816873 -0.00242022  0.0088309  -0.00589974
 -0.00168076 -0.00234367 -0.00285645  0.0012962 
491246	-0.00459486 -0.00517076  0.00601954  0.00118715  0.00100966 -0.00469539
 -0.00104175 -0.00104121  0.00827006  0.00751905
555247	 0.00230192  0.0002974   0.00823749 -0.00075353  0.01068601 -0.00584179
  0.00342437 -0.01305142 -0.00611578 -0.0010961 
36083	-0.00236242  0.0058968  -0.00354243 -0.00089301  0.00275209  0.00028768
  0.01112667  0.00703192  0.01423593 -0.01049741
427768	-0.00284592  0.00660687 -0.00279478  0.008676   -0.00152463 -0.00396714
  0.00314868 -0.00731593 -0.00457642  0.00270529
131322	-0.00085908  0.00454847 -0.00256947 -0.00860417 -0.00410074 -0.00447503
 -0.00295898 -0.00351845  0.00480008 -0.00273534
130301	 0.00032241  0.00214765 -0.00288942  0.00488872 -0.00072742 -0.00479588
 -0.00117227  0.00123323 -0.00634943 -0.0014961 
306431	-0.00197925  0.00620374 -0.00014879 -0.00598847  0.00313266 -0.00258102
  0.00184353 -0.00554136 -0.00109511 -0.00362331
233228	 0.00577124  0.00288408 -0.00122091 -0.00807364 -0.00187435 -0.00458303
  0.00636774  0.00121512 -0.00841499 -0.007747  
456464	 4.4753649e-03  3.0584778e-03 -8.1300531e-03 -2.1891906e-03
 -5.1056202e-05  1.1469292e-03 -9.2366869e-03 -2.4560306e-03
 -8.9107128e-03  1.9361813e-03
152853	-0.00156622 -0.00214976  0.0086304  -0.00457386  0.00485508 -0.00721692
 -0.00071566 -0.00208707 -0.00553231 -0.00052282
328477	 0.00072928  0.00388764 -0.00679063 -0.00093919  0.00087144 -0.00381568
 -0.00260042 -0.00060119 -0.00246755  0.00197555
458526	 0.00272969 -0.00501088  0.00176632  0.00246541  0.00351137 -0.00082598
  0.00102412 -0.00359266 -0.00409024  0.00149238
406917	 0.00636581  0.0008579   0.00043579  0.00403493  0.00538395 -0.00280127
  0.00705769 -0.0015896  -0.00036131  0.0006928 
328480	-0.00281786 -0.00419256 -0.00538941  0.00036618  0.00452772 -0.00011638
 -0.0004006   0.00539718 -0.00869666  0.00335336
97057	-0.00719451 -0.00118102 -0.00637321  0.0064854  -0.00414263 -0.00603159
  0.00594915 -0.00193097 -0.0033019  -0.00621021
491317	 0.00329509 -0.00752611  0.00406022 -0.00623299 -0.00598143 -0.00562966
  0.00810211 -0.01060113  0.00465742  0.00403319
443213	-0.00203179 -0.00754192 -0.00979329  0.00038641 -0.0064907  -0.0052703
 -0.00289049 -0.00280267 -0.00366459  0.00337626
246607	-0.00353074  0.00753618 -0.00520523  0.00014217 -0.00170209 -0.00537522
 -0.01107314 -0.00425797  0.00107464 -0.00227694
241489	-0.00054481 -0.00120896 -0.00354852 -0.00503681  0.00362335  0.00552746
 -0.00399969 -0.00675726 -0.00081177 -0.00458456
395605	-0.00017513 -0.00222233 -0.00270287  0.00164503  0.00078621  0.00081189
  0.00201175 -0.00186686 -0.00200016  0.00047284
441174	 0.00122429 -0.00470302 -0.00154052 -0.00166075  0.00520074 -0.00345138
  0.00370557 -0.00064288 -0.00360972 -0.00088918
193882	 0.00130499 -0.00054601 -0.00034495 -0.0035109   0.00685482 -0.00323555
  0.00047639 -0.00640068  0.0001509  -0.0018497 
362332	-0.00712015  0.00148144 -0.00524848  0.00261408 -0.00047452  0.00211987
 -0.00472727  0.00075832 -0.00455521  0.00011942
535903	 0.00243053 -0.00522056 -0.00124316 -0.00113022  0.00425049 -0.00244716
 -0.00187002 -0.00117616 -0.00370254 -0.00382536
423776	-0.00092155 -0.00148672  0.00045765 -0.00459352 -0.00068245 -0.00437817
  0.00030632 -0.00203114  0.00468354  0.00294285
227169	-2.6465876e-03  3.5528878e-03  1.1843375e-03 -2.9394783e-03
  5.3804684e-03 -5.7836494e-04  1.5325019e-03 -1.5809626e-05
 -4.8949900e-03  1.0191994e-04
423783	 0.00422822 -0.00108676  0.00018609 -0.00199605  0.00094083 -0.00507483
 -0.00300774 -0.00493282 -0.00106201 -0.00019443
482153	 7.9397820e-03 -2.5482222e-03 -1.0705173e-02 -1.2663121e-03
  5.6797252e-03 -8.1674419e-03  3.9884329e-05 -5.5142879e-03
 -4.6035978e-03  2.4561591e-03
483692	-0.00282979  0.00254366 -0.00461942  0.00447582 -0.00199113 -0.00280508
  0.00129205 -0.00060443 -0.006213   -0.00694841
252272	 0.00277915  0.00277548 -0.00482107  0.00606319 -0.00592915  0.00396809
  0.00312526  0.00268121  0.00029909  0.00767326
546164	 0.00157668 -0.00405604 -0.00650889  0.00408501  0.00163752 -0.00397745
 -0.00383933  0.00511023 -0.0089789  -0.00073205
181622	 0.00295065 -0.00483283  0.00010258 -0.00489545  0.00442615 -0.00628531
  0.00159184  0.0001855  -0.00538397  0.0013248 
157053	 0.00180157  0.00697796 -0.00252785 -0.00162791  0.00882131 -0.00609875
 -0.00908768  0.00027704 -0.00326313 -0.00192887
434558	 0.00787891  0.00193386  0.00999642  0.00329136 -0.00517347 -0.00481147
  0.00267733 -0.01258583 -0.00330939  0.0045348 
139138	 0.00216794  0.00258183  0.00471425 -0.00105363  0.00936242 -0.00406405
 -0.0027503  -0.00214288 -0.00166701 -0.00517735
538499	 0.00329325  0.00216436 -0.0018779  -0.00305419  0.00891656 -0.00871395
 -0.0014197  -0.00332296 -0.0031774  -0.0021245 
141462	 0.00263778  0.00427326 -0.00062304  0.00016678  0.00212016 -0.00804257
 -0.00169497  0.0044942   0.00549522  0.00238467
193954	-0.00093279 -0.0058142   0.00154762 -0.00359409  0.00157959 -0.00264038
  0.00067207 -0.0010698   0.0090001   0.0032188 
392106	 0.00080956 -0.00168792 -0.00016687 -0.00134436 -0.00130527  0.00203179
 -0.00651938 -0.00520174 -0.00693055  0.00104873
469932	-2.9468746e-03 -4.1189324e-04 -8.7775938e-05  4.1646886e-04
  1.8886961e-03  4.4550234e-03 -4.0807654e-03  2.7702174e-03
 -5.4916791e-03 -2.7667619e-03
210349	-1.95867475e-02 -1.45633342e-02 -7.74409418e-05  3.87051539e-03
  1.76131614e-02 -8.75950418e-03 -1.33803245e-02 -1.05176482e-03
  1.07578225e-02  1.56630762e-02
211888	-0.00285501 -0.00128347  0.00393511 -0.00147731  0.00991791 -0.00154459
 -0.00506936 -0.00462437  0.00079895  0.00501919
249777	-0.00107031 -0.00382635 -0.00344779  0.00499483  0.00365539  0.00145698
 -0.00197012  0.00198632 -0.00615297  0.00300253
243125	 0.00634586 -0.00068669 -0.01195503  0.00190061  0.00442925 -0.00897528
 -0.002012    0.00350758 -0.00268383 -0.00016717
438718	 0.00465929 -0.00026784 -0.00621767  0.00759407 -0.00015091 -0.00683137
 -0.00570235  0.00476595  0.00062006  0.00113776
368582	 0.00714123  0.0005685  -0.00059001  0.00324353  0.0042534  -0.00588219
 -0.00349007 -0.00158709  0.00045436  0.00295752
136140	 0.00176472  0.00264655  0.00276431  0.00543269  0.00333804 -0.00172213
 -0.00376485 -0.00343303  0.00460299  0.00607613
350541	 0.00156084  0.00439645 -0.00224601  0.00403299  0.0045962  -0.00789591
  0.00489443 -0.00317589  0.00220082  0.00462378
559056	-0.00109345 -0.0014173  -0.01390941  0.00705914 -0.00122602 -0.00809762
  0.00238012 -0.00363559 -0.00440935  0.0036582 
264669	-0.00436048  0.00171283 -0.00174522 -0.00080827 -0.00216232  0.00440814
 -0.00540202 -0.0035169  -0.00079009  0.00229536
136167	 0.00176295  0.00097304  0.00026134 -0.00400043  0.00385922 -0.00459608
 -0.00253592 -0.0046155  -0.00465155  0.00162927
76266	-0.00234944  0.0010676  -0.0062133  -0.0029839   0.00456419 -0.00545167
  0.00028365 -0.00725434  0.00250651 -0.00257977
242672	 0.00143301  0.0009516  -0.00328399  0.00046752  0.00370106 -0.00611002
  0.00077407  0.00108069 -0.0027317   0.00284195
423924	 0.00018139 -0.00246207 -0.00172609  0.0006474  -0.00043104 -0.00490972
 -0.00315317 -0.00635493  0.00181229 -0.00015329
141301	 6.9463286e-03  1.2923465e-03 -5.6435731e-03 -9.1991574e-04
  6.5370626e-03 -3.4256228e-03 -5.2967248e-03 -5.1030209e-03
  2.8647535e-05  1.5159677e-03
225279	-0.00014012  0.00101164  0.00310829 -0.0004653   0.00348115  0.0006974
 -0.0019631   0.00307003 -0.00101551  0.00300962
