222978	-0.00010258  0.00155332 -0.01060948 -0.00668155  0.00277057 -0.00217398
 -0.00270347 -0.00030601 -0.00447234  0.0050917 
368656	 0.00405884  0.0008816  -0.00603485 -0.00803275 -0.00524129 -0.00769935
 -0.00840319 -0.00510125 -0.00405614  0.00571715
395794	 0.0092089   0.00425123  0.00170157  0.00317327  0.00268002 -0.0047407
 -0.00492801 -0.00153789  0.00222688 -0.00293556
312339	 0.00029154  0.01104195 -0.00453452 -0.00156685 -0.00782065  0.00045296
 -0.00403983  0.00729081  0.0081757   0.00303841
70680	-0.00170439 -0.0002047  -0.0037253   0.00074186  0.01502058  0.00023928
  0.00061955  0.01824383 -0.00287762  0.00287706
389669	 0.00279699  0.00522859 -0.00172641 -0.00132076 -0.00180711  0.00221177
  0.00213312 -0.0036479  -0.00254848  0.00267693
389674	-1.4052619e-05  6.2831175e-03  3.9143339e-03 -3.6144345e-03
  5.0477153e-03  3.6656922e-03  5.6757499e-03 -2.7552948e-03
 -3.5325789e-03  5.8454969e-03
523357	 0.00316613 -0.00359247 -0.00592132 -0.0003201   0.00127082 -0.00060559
  0.00361834 -0.00141789 -0.0057147   0.0016026 
464945	 1.3673420e-03  4.4180444e-03 -4.2412635e-03  3.2735005e-04
  2.2621921e-03  3.9894921e-03 -3.0519788e-03 -4.2728884e-03
 -3.0699240e-03 -7.4278549e-05
119859	 0.01168602 -0.00026381 -0.0031861   0.00052332 -0.00072438  0.0026073
  0.00052447 -0.00499538 -0.00455912 -0.00058939
399412	-0.00315303  0.00144048 -0.00120654 -0.01207325  0.01319218 -0.00398143
 -0.00787845 -0.00987136 -0.00243963  0.00276862
103479	 0.00364882  0.00299168 -0.00495076 -0.00427292 -0.00154925 -0.00477219
 -0.00847641 -0.00065557 -0.00500862  0.00682262
547408	 0.00400831  0.00336101 -0.00595412 -0.00508555 -0.00241112  0.00154866
 -0.00508694 -0.00694332 -0.00631975  0.00226364
442430	 0.00070799  0.00543555  0.00209136 -0.00740871 -0.00488229  0.00098497
 -0.00232367 -0.00166067  0.00225032 -0.00216659
59465	 0.0002147  -0.00369334 -0.00389748  0.00459636 -0.00250624 -0.00017788
 -0.00619291 -0.00508282 -0.0071968  -0.00118818
507466	 0.00436178  0.00072121 -0.00296415  0.00691451  0.00135662  0.00674282
  0.00033752 -0.00349092 -0.00884446  0.00047755
414796	 0.00827345 -0.00753032 -0.00426553  0.00066351 -0.00806839 -0.00173393
  0.00270741 -0.01244689 -0.01367247 -0.00249412
417360	 0.00130477 -0.00293107 -0.00085356  0.00646049 -0.00024559  0.00641628
  0.00319555 -0.00819236  0.00521712  0.00259392
328278	 0.00378565  0.00037811 -0.0033746   0.00245444 -0.00268332 -0.00021853
 -0.00184556 -0.00448175 -0.00237331  0.0004928 
225880	 0.00402525  0.00349539  0.00018887 -0.01150658 -0.00348591  0.00080547
  0.00182617  0.00229398 -0.00709725  0.00272126
233828	 0.01316013 -0.00558022  0.00154098  0.00225553 -0.00100203  0.00707916
 -0.00054958  0.0102257  -0.00245399  0.00135812
184924	 0.01034884 -0.00361042 -0.00768369  0.00118177 -0.00611381 -0.00197758
 -0.01083656 -0.00278602 -0.01172292 -0.00022659
271965	 0.00598     0.00795792  0.00026164 -0.00650298 -0.00331577  0.00847693
 -0.00040776 -0.00267191  0.00070328  0.0047128 
443087	 0.01351826  0.00318495  0.00099056 -0.00098661  0.00013764  0.00643622
  0.00122334 -0.00220944  0.00271594  0.00159888
504931	-6.6008052e-04  2.2275534e-03  7.0941221e-04 -3.4579407e-05
  4.9171951e-03  7.7660223e-03 -1.2123202e-03 -3.8405110e-03
  8.6023170e-04  5.6278687e-03
375398	 3.6802730e-03  2.5497742e-03  1.1558161e-03  8.8043445e-05
  5.2240025e-03 -2.9762597e-03  1.9759468e-03 -1.5950135e-03
 -5.5335159e-04 -8.1402380e-03
561260	 0.00110183 -0.0086775  -0.00693438 -0.00255339 -0.00010369  0.00019554
  0.00385561  0.00028934 -0.00194892  0.01122507
125560	 0.00809446  0.00664566 -0.00396559 -0.00766152 -0.0062482   0.00182195
 -0.00336444 -0.00039212 -0.00411691 -0.00497249
189563	-0.00263866  0.00527487  0.00036218  0.00623075 -0.02384767  0.00360599
 -0.00254267 -0.0025937  -0.02030412  0.00154042
517773	 0.0070716   0.00225666 -0.00490463 -0.00636479 -0.00329889 -0.00016746
 -0.0054482  -0.00295546 -0.00200576  0.00476187
275108	 0.00086433  0.00146257 -0.00167981  0.00196089  0.00317153 -0.00702216
  0.00105547 -0.0043299   0.00169662 -0.00864295
484519	 0.00189227 -0.0006571   0.00219318 -0.00421109 -0.00015329 -0.00354632
  0.00885666 -0.01025792  0.00403976 -0.00230345
417124	 0.00130477 -0.00293107 -0.00085356  0.00646049 -0.00024559  0.00641628
  0.00319555 -0.00819236  0.00521712  0.00259392
13485	 0.00417845  0.00769336  0.00672824 -0.0057689  -0.01037419  0.00415261
  0.00694568  0.00566595 -0.00652508  0.00242058
383150	 0.00300133  0.0007828  -0.00571207 -0.00300554  0.0031141  -0.00230869
  0.00373357 -0.00146176 -0.00933002 -0.00017541
97461	 0.0034911  -0.00272908 -0.0076179  -0.00261944  0.00317979  0.00269358
  0.01258373 -0.0079904  -0.00439464  0.00468717
553658	 0.00325288  0.00050559  0.00075316 -0.00408151  0.00377144  0.00355977
  0.00498002 -0.00131504 -0.00301353  0.0047208 
407743	 0.00069712  0.0063694   0.00132116  0.00171417  0.00537262  0.00542781
 -0.01177331 -0.00749215 -0.00150079 -0.0019055 
487631	-0.00620267  0.01175606  0.01442093  0.00115842 -0.01216117 -0.00211008
  0.00564396  0.01199183 -0.00862675 -0.01197652
484051	 0.01856797 -0.00097763 -0.01330691 -0.00357254  0.00044774  0.01080134
 -0.001553   -0.00401456  0.00283981  0.00628128
259284	 0.00561424  0.00300542 -0.00766523 -0.00060997 -0.00442786 -0.00406649
  0.00890249 -0.00337025 -0.00498235  0.00027827
259286	 0.00382461 -0.00096681 -0.01171977  0.00376805 -0.0002081  -0.00191077
  0.00898039  0.0011282  -0.00893138 -0.00230074
318172	 0.00577389  0.00429528 -0.00174854  0.00348225 -0.00830952 -0.00149411
 -0.00267903  0.00455744 -0.01535611 -0.00157897
218339	 9.6896263e-05 -1.8582126e-03 -2.8453800e-03  5.3918944e-03
  1.5445388e-03  9.5881065e-03  1.1086359e-03 -1.7977789e-02
  1.5195463e-02  8.0081066e-03
445673	 0.00070826  0.00646036 -0.00574707 -0.00414965 -0.00481903  0.00262197
 -0.0049044  -0.0054477   0.00020392 -0.00281084
170730	 4.3980801e-03 -3.1307556e-03 -9.8483199e-03  2.4527535e-03
 -6.5524769e-03  1.1995168e-03  5.2198688e-03  9.5472533e-05
 -2.9409083e-03 -3.4189774e-03
315117	 0.0057917   0.00184069 -0.00314006 -0.00037119 -0.00259338  0.00184061
 -0.00394908  0.00202178 -0.00838464 -0.00048026
302830	-0.0025106   0.00840475 -0.00350936 -0.00253061  0.00774788 -0.00737267
  0.00705166 -0.00133729 -0.00316269 -0.0004863 
443123	-1.9554559e-03 -5.4131807e-03 -3.8803562e-03 -3.8359400e-03
 -5.2677453e-03 -4.7946954e-03  2.2167766e-03 -3.3585499e-03
  4.5658580e-05 -3.2328118e-03
370938	-0.00897739  0.00441149 -0.01101949 -0.00355472  0.00033131  0.0038947
  0.00365641  0.00779236 -0.00159235 -0.00183468
354555	 2.1118573e-03 -8.8485959e-04 -8.8253006e-04  3.0180479e-03
 -3.0361433e-03 -1.3453568e-03  1.1495915e-03  3.0248652e-03
 -7.3979747e-05  7.6687755e-04
75522	 0.00614098  0.00570075 -0.00154439 -0.00897849  0.00086343 -0.00149924
  0.00507682 -0.01132425 -0.00181011 -0.00390295
305927	 0.00468162  0.02639348  0.0054845  -0.00096491  0.01645221  0.01448465
  0.02670635 -0.00963501  0.00408758 -0.01109568
189193	 0.0033384   0.00475595  0.00258099  0.01122508 -0.00575056  0.00332004
  0.00408727  0.00922684 -0.01080953 -0.00052498
524056	-0.00016772  0.00466647  0.00046633  0.00110777  0.00171923  0.00026081
 -0.01024228 -0.0039944  -0.0064892   0.00138159
525613	 0.00610064 -0.00420343 -0.00308713  0.00378678  0.00468814  0.00300368
 -0.00035481 -0.00269092 -0.01312727  0.0028686 
259375	 0.01219542  0.00387585 -0.00590294 -0.00136385  0.00036292 -0.01172965
  0.00418777 -0.0041187  -0.01293939  0.00504871
254515	 0.00487421 -0.01370232 -0.00082252  0.00252187 -0.00123684 -0.00557609
  0.00874024  0.0103351  -0.00276384  0.00381405
277301	 3.0078187e-03 -6.8547218e-03  4.8378571e-03  5.9764357e-03
 -2.7870199e-05 -4.6973275e-03  1.0587310e-02  1.5244725e-02
 -9.6388999e-03 -5.1289005e-03
355653	 0.01035243  0.00206329  0.00282533  0.00514337 -0.00343857  0.00715433
 -0.00443923  0.00104374  0.00510009  0.0027387 
259405	 0.00685248  0.00746335 -0.00153856  0.01099271  0.00161886  0.00772766
  0.00413815  0.00750908 -0.02042312  0.0005407 
490330	 7.3339831e-04  8.5005311e-05 -2.8507991e-03  8.6180563e-04
 -4.9933274e-03  3.4773329e-04  4.6228366e-03 -5.6287483e-03
 -9.7919232e-04 -6.5244129e-03
97118	 0.00285169  0.00582261 -0.01481959  0.00669562  0.00592932 -0.00735955
  0.01016853  0.01153174 -0.01364858 -0.01132769
36195	-0.00750034  0.00313895 -0.00239894  0.01573442  0.00840091 -0.00715412
 -0.00253308  0.00804532 -0.01163086 -0.01361194
61796	 0.00293238 -0.00574245 -0.00257849 -0.00604032  0.00036582  0.00522415
 -0.00031456 -0.01297659  0.00874486 -0.00044307
32613	-0.0004006  -0.00045685  0.0022442  -0.00821069  0.00024319  0.00326561
 -0.00042887 -0.00440308  0.00649544  0.00255254
409449	-0.0041917   0.00164984 -0.00362699 -0.00101409 -0.00051981  0.00269859
  0.00243054 -0.00054228  0.00040518 -0.0003749 
470384	 0.00056455 -0.00644159 -0.00257942  0.00094553  0.00330097  0.00037522
 -0.00314633  0.00117504 -0.00095117 -0.0056424 
485745	 0.00656511  0.00328369 -0.00235328  0.00125505  0.00055191  0.0036691
  0.00168822 -0.00229568  0.00738577  0.00215489
250738	-0.00065235  0.00871601 -0.01048539 -0.01184373 -0.0012928  -0.00109623
  0.01004785 -0.00340867 -0.0040368  -0.00420059
271732	 0.00785795  0.00649099 -0.00052289 -0.00373639 -0.00606228  0.01210429
 -0.00343482 -0.00162299  0.00103621  0.00489792
513399	-0.00309034 -0.00501013 -0.0055245  -0.00028277  0.00296493  0.00788401
  0.00229988  0.00050197 -0.00054636  0.00550819
116092	 2.7137699e-03 -4.9440609e-03 -4.5414520e-03  9.2480586e-05
 -2.0483078e-03 -2.8697654e-04 -1.7640401e-04 -3.9565694e-03
 -2.1527396e-03 -2.1644314e-04
356586	 5.6903213e-03  4.8715789e-03  2.7053873e-03  3.6924458e-04
  3.0745703e-03  8.0763130e-06  4.9732574e-03 -3.2150147e-03
 -2.4154526e-03  2.0873080e-05
150911	-0.01715755  0.00575298  0.00050167 -0.00150551 -0.00513431 -0.00204756
 -0.00469783 -0.01003116 -0.00174165  0.00380476
172941	 0.00071219  0.01035331  0.00502496 -0.00224392  0.00448774  0.0035136
  0.00928066 -0.01095437  0.00478036 -0.00051312
396693	 0.00536475  0.00462892  0.00034349  0.00737978  0.00102919 -0.00118533
 -0.00075482 -0.00391934 -0.00480737  0.00278321
355227	 6.6764508e-03  4.2933710e-03 -7.7259488e-04 -3.3644043e-05
 -1.4603604e-03 -5.7372311e-03  1.2654916e-02 -6.7110837e-04
  3.4022154e-03 -1.1235732e-03
423123	 0.00303792  0.00089298 -0.00760567  0.00573245  0.00177965 -0.00066627
  0.00237284  0.00557014 -0.00134486 -0.00150509
157598	 0.00106872 -0.00142591 -0.01278021 -0.00062374 -0.00441557 -0.00205048
 -0.00104032  0.0016583  -0.00929948  0.00088665
363931	 0.00144238 -0.00055759 -0.00714409 -0.009741   -0.01140116  0.00301715
  0.00490665 -0.00687044 -0.00081663  0.00492328
466341	 3.3543650e-03 -1.3977152e-03  4.2106560e-03 -2.1455654e-04
 -6.3466462e-03  5.5747460e-05 -5.8223079e-03  3.9913435e-04
  3.1989629e-03 -5.3717697e-04
350121	 0.00483015 -0.0052971  -0.00637693 -0.00502582 -0.00662668 -0.00163931
  0.00027891 -0.01388488 -0.00985136 -0.00672919
442802	 0.00120388  0.0022516  -0.00110935 -0.00171154 -0.00626705  0.00085451
  0.00029787 -0.00915035 -0.00264979  0.00033483
457459	 0.00794614  0.0031175   0.00424431  0.00038511  0.00438863  0.00540298
  0.00010831  0.00241954 -0.00371765 -0.00011381
409012	-0.01226131  0.0016712  -0.00097706 -0.00909895  0.00181105  0.00277565
  0.00299092 -0.00510459  0.00305469 -0.0031237 
487861	 0.00754848  0.00990761 -0.00368389 -0.00214198 -0.00212948 -0.00052649
  0.00411283 -0.00645871  0.00171374  0.0005085 
523705	 0.00605206  0.00170848 -0.00808075  0.0015528   0.0066817   0.00796785
 -0.00273629  0.00082599 -0.00286647  0.00103864
582080	 0.00732579 -0.00600475 -0.00407742  0.00311946 -0.00971837  0.00105431
  0.0082984  -0.00353052  0.00206703  0.00783771
262086	 0.00631993 -0.00021743 -0.00138172 -0.00595724  0.00279019  0.00031362
  0.00024981 -0.01394118  0.0053878   0.00295857
483251	 0.00452257  0.00277962  0.00042585  0.00476428  0.0022416   0.00113135
  0.0058912   0.00465319 -0.00220054  0.00189841
303574	-0.00350555 -0.00364362 -0.00389054 -0.00433559  0.0118187   0.00094828
  0.01301014  0.0046612   0.00143667  0.00245641
247258	-0.00750034  0.00313895 -0.00239894  0.01573442  0.00840091 -0.00715412
 -0.00253308  0.00804532 -0.01163086 -0.01361194
146397	 0.00731274  0.00542572 -0.0004837   0.00187413  0.00275454 -0.00298851
  0.00172665 -0.00605672  0.00573532  0.00028037
216030	 0.00610064 -0.00420343 -0.00308713  0.00378678  0.00468814  0.00300368
 -0.00035481 -0.00269092 -0.01312727  0.0028686 
42977	 0.01055802 -0.00394422 -0.01209604  0.00333685  0.00416711  0.00160635
 -0.00200247 -0.00061891 -0.00487342  0.00028399
191986	-7.31391134e-04  3.74114141e-03 -3.67455441e-03 -1.34888606e-03
 -2.63345358e-03  7.22337718e-05  6.09873561e-03 -1.10025685e-02
 -9.83463600e-04  5.57263289e-03
70643	-1.0645307e-03  8.3610918e-03 -5.5093337e-03  4.4620731e-03
  7.0195142e-03 -5.1329853e-03  2.6981528e-03  9.4643235e-03
 -3.3194590e-03  4.7114831e-05
