113666	-0.00248066  0.00229861 -0.00257471 -0.0026112  -0.00157618 -0.00597573
 -0.00354096  0.00093235 -0.00244919  0.00126188
77832	-0.00308899  0.0039483  -0.00152157  0.00382532  0.00433237 -0.0039542
  0.00271751  0.00748932 -0.00130604  0.00336308
209945	-0.00399427  0.00975617  0.0011209   0.00010475 -0.00263824  0.00329412
  0.00322791  0.00081369 -0.00185863 -0.00201319
152612	-0.00169073  0.00115204 -0.0050166   0.00021125  0.0036125  -0.00376427
 -0.00130024 -0.0003764   0.00373864  0.00675459
358442	-0.00458336 -0.00054283  0.00317484  0.00164836 -0.00147417  0.00048471
 -0.00872426 -0.00475679  0.00242004  0.00725982
119340	-0.00261194 -0.00833514 -0.00372714  0.00314875  0.0023833  -0.00333532
  0.00034134  0.00966873  0.00376035  0.00603653
556083	-0.00028394 -0.00074583 -0.00435701  0.00183091  0.00073736  0.00122266
 -0.00291474  0.00067192 -0.00370885  0.00455165
361012	-0.00529849 -0.00864974  0.00172385 -0.00356304 -0.00034382 -0.00628631
 -0.00034471 -0.00091842 -0.00739521 -0.00284535
483384	-0.0027377   0.00649346 -0.01294929  0.00613035  0.00230502 -0.00668601
 -0.00680998  0.00698767  0.00138303  0.00349735
481870	-0.00186166 -0.00800315 -0.00207042  0.00639324 -0.00083164  0.00365516
 -0.00215561 -0.00099109 -0.00578626  0.00881764
365139	-0.00883432 -0.00940682 -0.00263243  0.00084811 -0.00227035 -0.00142195
 -0.00805667  0.01479552  0.00199796  0.01593629
443494	-4.2732889e-03 -4.1467757e-03 -1.8045615e-03  1.7980345e-03
 -2.5068216e-03 -3.1950187e-03 -3.7843238e-03  6.0947415e-05
  9.1906323e-04 -3.4647365e-04
139879	-1.3342123e-04 -9.6978992e-03 -3.9604653e-04  1.0421357e-02
 -5.0356290e-03  3.9163395e-03 -4.4840155e-04  7.1063540e-03
 -5.3124488e-03  5.0202088e-05
139880	-1.3342123e-04 -9.6978992e-03 -3.9604653e-04  1.0421357e-02
 -5.0356290e-03  3.9163395e-03 -4.4840155e-04  7.1063540e-03
 -5.3124488e-03  5.0202088e-05
348783	 0.00087392 -0.00052848 -0.00889886  0.00757223 -0.0006861   0.00328702
 -0.00176309 -0.00105243 -0.00225077  0.00975109
316534	-3.5395902e-03 -2.9469035e-03 -3.9842678e-05  2.9175018e-03
 -5.9627421e-04 -7.3862774e-04  1.9559918e-03 -3.9395955e-03
 -4.2325710e-03  5.6849020e-03
369271	-0.00256577 -0.00076773 -0.00361009 -0.00205996  0.00195885  0.00126094
  0.00030304  0.00171211 -0.00513113  0.00404292
260732	 0.00229596  0.00016516  0.00728075 -0.00593578  0.00193753  0.00671067
  0.006256    0.02018934 -0.00022339  0.00719034
222846	-0.00433615  0.00306004 -0.00057402  0.00759142 -0.01190383 -0.00807325
 -0.00432948  0.0061789   0.00040436  0.00897825
533635	-0.00441744 -0.01614355 -0.00242062 -0.007693    0.00378579 -0.00231012
 -0.00618677  0.00722717 -0.0053031   0.00503728
184452	-0.0038843  -0.00408365 -0.00310548  0.00159202 -0.00095671  0.00086571
  0.00063962  0.00297523 -0.00097348 -0.0014299 
194187	-0.00613612  0.0017527  -0.00465491  0.00265876 -0.00130817  0.00159257
  0.00313436  0.00560267 -0.00240531  0.00277162
485007	 7.9159508e-05  1.6313308e-03 -1.3117867e-02 -3.0555057e-03
  2.3298394e-03 -1.3581973e-02 -1.9317130e-03  4.8604566e-03
  3.1077468e-03  1.1260710e-03
263316	-0.00273437 -0.00315001 -0.0005505  -0.00645426 -0.00270598 -0.0076075
  0.00639783  0.00763636  0.00070083  0.00144849
85144	-0.01338497 -0.00622047 -0.00056488 -0.00369603 -0.00553232  0.00202631
  0.0016291   0.00235012  0.00419468  0.00703259
58521	-0.00542256 -0.00859361 -0.00273753  0.00022512 -0.00050702 -0.00098414
  0.00308415  0.00107615  0.00208548  0.00637879
149659	-5.29848505e-03 -1.05444295e-02 -4.53849323e-03  5.38369524e-04
  9.33614429e-05 -4.76588588e-03  6.88637281e-03 -1.30984245e-03
 -5.50190359e-03  2.75973720e-03
447146	-0.0012356  -0.00203493  0.00056208 -0.00298645  0.00315325  0.00258481
  0.0046168   0.00171641 -0.00150866  0.00200702
434353	-0.00376753 -0.00316663  0.00141862  0.00270841  0.00081215  0.00040246
 -0.00051285 -0.00066903  0.00024247  0.00457958
470210	-0.00030472 -0.00532456  0.0028479   0.0053613  -0.0045828  -0.00073186
 -0.00397048  0.0050551  -0.00089254  0.00253901
550518	-0.00478005 -0.00119212 -0.00415591 -0.00339688 -0.00097719 -0.00033783
 -0.00797316  0.00052293  0.00324529 -0.00269575
354502	 0.00124988 -0.00429597 -0.00525224 -0.00026235  0.00782685 -0.00224459
 -0.00013451  0.00685789  0.0031219   0.00352412
359627	-0.00820495 -0.00135208  0.00049753 -0.00345475 -0.00361683  0.00189303
  0.00357335  0.00051827 -0.00217885 -0.00019455
214732	-0.0076299  -0.00103798 -0.00223114  0.00144181  0.00112179 -0.00100795
 -0.00291528  0.00016747 -0.00103224 -0.00023695
350946	-0.0073692  -0.00652926 -0.00133813 -0.00122824 -0.00615632 -0.00364888
  0.00043307  0.00165374  0.00073933  0.0004423 
35560	-0.02171594  0.01492102 -0.00200935  0.00839121 -0.01583815 -0.01104966
  0.00788671 -0.00974364 -0.02311271 -0.00860019
214249	-0.00594609 -0.00401432 -0.00813715 -0.00100085 -0.00246082 -0.00466821
 -0.00148271  0.0037653  -0.00044514  0.00075911
243434	 5.7401776e-04 -2.1827675e-03 -1.6420333e-03 -4.2427927e-03
  9.9024794e-04 -2.2376720e-03  2.2769657e-04 -5.5791386e-03
 -3.5681378e-03 -4.2807867e-05
483051	-0.0047178  -0.00550302 -0.00557326  0.00504072 -0.00099967 -0.00603138
 -0.00840289  0.01663637  0.00442335  0.01237868
214255	 0.00247751  0.00272604 -0.00612891 -0.01314207  0.01717709 -0.02323569
 -0.02292878  0.01079106  0.02659623  0.01052205
429299	-0.00868026 -0.00318062  0.00099623 -0.00514768  0.00452848 -0.00624777
  0.00028758 -0.00155347 -0.00095591  0.00473879
187134	 0.00252949 -0.01306433 -0.00283572 -0.00655635 -0.00213564 -0.00057382
 -0.00407332  0.0075337  -0.00875921  0.00902344
353544	-0.0001749  -0.00386347 -0.0010976  -0.00169943 -0.00324107 -0.00218575
  0.00089242 -0.00021296 -0.00728843  0.00235871
475622	-0.00342654 -0.00289298 -0.00206081  0.00050601  0.00173264 -0.0033341
  0.00386549  0.00388846 -0.00189988  0.00173286
484631	-0.00399574  0.00321786  0.00084017  0.00327797 -0.00926048  0.00863608
  0.00670031  0.0075014  -0.00949931  0.00529089
400162	-4.1209767e-03 -5.3356956e-03 -3.9185261e-04  6.4950678e-03
  9.5612234e-07 -1.8113962e-03  1.9309132e-03  3.2492117e-03
 -3.5723718e-03 -1.0165055e-03
277290	-0.00237347 -0.00756846 -0.00315898 -0.00210368 -0.00072625  0.00492889
 -0.00629591  0.00576171  0.00218411  0.01241333
399148	-0.00728573 -0.00261572 -0.00443937 -0.00027068 -0.000636    0.0024724
 -0.00036996  0.00046722 -0.00186488  0.00325945
275770	-0.00361437 -0.00175371 -0.00699999 -0.00279947 -0.00232926  0.00336614
 -0.00137816 -0.00022532 -0.00301001 -0.00166387
491838	-0.00140725 -0.00369777  0.00063442  0.00745239 -0.00311518  0.00252189
 -0.00290675  0.00697954 -0.00025098 -0.00079713
517444	-0.00975791 -0.00251148 -0.00631335  0.00089784 -0.00250173 -0.0049822
 -0.00213833  0.00695948  0.0009679   0.00559615
193862	-5.7567712e-03 -1.3549600e-03 -6.9867843e-03  2.2251953e-03
  9.4976020e-04 -2.2292156e-03 -1.1065610e-03  8.1364917e-05
 -4.5008399e-03  5.2343067e-03
44359	 0.00602235 -0.00662712 -0.00025292  0.00709291 -0.00175823  0.00500184
 -0.00151189 -0.00169626  0.00252667  0.00721517
364366	-0.00759492  0.00254897 -0.00880425  0.00124683 -0.00226897 -0.00198423
  0.00712834  0.00924051 -0.0018278   0.0002039 
38456	-0.02171594  0.01492102 -0.00200935  0.00839121 -0.01583815 -0.01104966
  0.00788671 -0.00974364 -0.02311271 -0.00860019
558420	-0.0069217   0.00045209 -0.00138024  0.00621798  0.00085758 -0.00148257
 -0.00542796  0.0033407   0.00630096  0.00763341
489310	 0.00112178 -0.00175747 -0.00523529  0.00030936  0.00458054 -0.00219677
  0.00522121  0.0066793  -0.00454111  0.00276252
555871	-0.00745513  0.00490601 -0.0030441   0.0042922   0.00496874 -0.00168641
  0.0007092   0.00034934 -0.00775371  0.00257265
463200	-0.00028569 -0.00518099  0.00373693  0.00500749  0.00150439 -0.0019972
 -0.00846428  0.00282578 -0.00121039  0.00117193
185186	-0.00623806 -0.01093147  0.01066281 -0.01895779 -0.00504962 -0.00892966
 -0.00703654 -0.00162519 -0.00184622 -0.00278829
549735	-0.00090399  0.00178351 -0.00544763 -0.0021775  -0.00023551 -0.00667935
 -0.00345315  0.00198777 -0.00232167  0.00030236
433000	-0.00184599  0.00031138  0.00076652  0.00817414  0.00374588 -0.00122018
  0.00144932  0.00679362 -0.00469798 -0.00225519
425328	-0.00602794 -0.00163575  0.00029116  0.00326144 -0.00209404  0.00417105
  0.00803014 -0.00256955 -0.00471997  0.0074383 
214388	-5.6656045e-03 -5.1708142e-03 -2.2800516e-03 -3.5033550e-03
  1.3953135e-05  1.7058636e-03  6.2391523e-04  6.1229840e-03
  5.7994766e-04  6.0493103e-03
278904	-0.00477805 -0.00027521 -0.00086394 -0.00542174  0.00038841  0.00522661
 -0.00296575 -0.00124172 -0.00041004  0.00809099
231291	 0.00243163 -0.0012071  -0.00899697  0.00514215 -0.00156347 -0.00168294
  0.00393124 -0.0007248  -0.001891    0.00133205
491388	-0.00757618 -0.00654404  0.00345414  0.01713557  0.01132939  0.00184603
  0.00123314  0.01123279  0.00713528 -0.00147683
35197	-0.00146617 -0.00348662 -0.00869702 -0.00322022 -0.00099264 -0.00728777
  0.00757674 -0.00029842 -0.0005244   0.00167286
550805	 0.00208963 -0.00943839 -0.00146577  0.01218226  0.00676345  0.00415205
  0.00103941  0.00157625  0.00555145  0.00796121
210307	 0.00255135  0.00430065 -0.01414702  0.00301521 -0.00609756 -0.00617292
  0.00104344  0.00695121 -0.00184975  0.00307889
491405	-0.00695572 -0.00233752 -0.00380294  0.00119192  0.00212746 -0.00100097
  0.01095978 -0.00268802 -0.00106025  0.00250543
306065	-0.00481131 -0.00253943  0.00079609  0.00333978  0.00087448 -0.00031457
 -0.00079489  0.0050927  -0.00150044  0.00561749
395666	 0.00168065  0.00447585 -0.00131523  0.00087688 -0.00503275  0.00067524
  0.0022512   0.00127977 -0.00708581  0.00286674
551316	-0.00674283 -0.00234818 -0.00277156  0.00319245 -0.00543961 -0.00373494
 -0.00621142 -0.00482832 -0.00355548  0.00226038
504213	-0.00744346 -0.00456966 -0.00016445 -0.00401863 -0.00246602  0.00216939
  0.00101968  0.00213604  0.00309772  0.01207155
149657	-5.29848505e-03 -1.05444295e-02 -4.53849323e-03  5.38369524e-04
  9.33614429e-05 -4.76588588e-03  6.88637281e-03 -1.30984245e-03
 -5.50190359e-03  2.75973720e-03
342852	-6.6135093e-03 -8.0928970e-03 -2.0905411e-04 -1.4823617e-03
 -5.2190088e-03  1.9367705e-03 -3.5856946e-03  1.0886392e-02
  8.9683302e-04 -5.1959396e-06
211362	-0.00493996 -0.004298   -0.00419573  0.00311075 -0.00156628  0.00137923
 -0.00197389  0.00208015  0.00343562  0.00175717
568230	-7.0733102e-03 -1.2727220e-03 -2.8250071e-03 -7.0458930e-04
  4.8411178e-04 -1.1792983e-05  3.4108290e-03  2.9716769e-03
  5.5514480e-04  8.6565353e-03
580529	-0.00477349 -0.00210235 -0.00274312  0.0036018   0.011437    0.00139072
  0.00565952  0.00216428  0.00725304  0.005977  
153012	-0.0020497  -0.00172266 -0.00566122 -0.00373797 -0.00123165 -0.00547578
  0.00132463  0.00075234  0.00013645 -0.0020978 
473541	-2.6918974e-04 -1.7437096e-05 -2.3800826e-03  4.0871138e-03
  1.1488219e-03 -3.8369030e-03 -6.4353244e-03  2.6653034e-03
 -1.7945116e-03  1.9265021e-03
113618	-0.00053749 -0.00677112 -0.00205575 -0.00086813  0.00064803 -0.00136213
  0.00300608  0.0021313  -0.00628955  0.0029817 
486370	 1.3353612e-03 -1.7598029e-03  1.0188597e-03 -1.3820726e-03
  4.5675170e-03 -2.8178324e-03 -9.6885073e-05  5.0515435e-03
 -2.8129542e-04  5.4416326e-03
120806	 0.0024235  -0.0026051  -0.0033165   0.01051356  0.00190918  0.00306537
  0.00254618  0.00942653 -0.00016376 -0.00264913
404464	-0.0062456  -0.00538679  0.00091131  0.00640922 -0.00147864  0.00094759
 -0.00793931  0.01352575  0.01092967  0.0076519 
491178	-0.00679848 -0.00116882  0.00124183  0.00403142  0.00486054  0.00405513
 -0.00023414  0.00144892  0.00107798  0.00411757
