230404	-0.00058982  0.00253876 -0.00668017 -0.01271585  0.01322153  0.00256744
  0.00352413 -0.00679812  0.00182619  0.00609421
222727	 0.00750591  0.00486909 -0.00025858 -0.00629912  0.00666848 -0.00947119
  0.00158849 -0.00206447  0.00086564 -0.00048031
20496	 0.00371858 -0.00229839  0.00145504  0.0058705   0.00068266 -0.00367435
  0.00201711 -0.00331452 -0.00372016 -0.00500455
179217	-0.00211216  0.00433379  0.00417361 -0.00546389  0.0057327  -0.00873071
  0.00422074  0.0017934   0.00612926  0.00592189
179218	-0.00211216  0.00433379  0.00417361 -0.00546389  0.0057327  -0.00873071
  0.00422074  0.0017934   0.00612926  0.00592189
521663	-0.003622    0.00258996  0.00668808 -0.00263425  0.00958376  0.00849938
 -0.00198073  0.00971906  0.01048451 -0.00271978
243737	 0.00522942  0.00531493  0.00422683  0.00395192 -0.00438093  0.0037801
  0.01041563 -0.00424189 -0.00722052  0.00097895
356893	 0.0053183  -0.00022416  0.00839708 -0.00173698  0.01006866  0.00067365
 -0.00344673  0.00094908 -0.00245286 -0.00140775
127519	 0.00072595  0.01707069 -0.00089266 -0.00822709  0.00665677 -0.00382592
 -0.00458433 -0.00444695  0.01012089  0.01208683
460326	 0.00419402 -0.00250114  0.00591237  0.00284025  0.00525076 -0.00083156
  0.00421659  0.00156812  0.00284666  0.0107998 
437307	 0.0021682  -0.00331852 -0.00596711  0.00572211  0.00338254  0.00582723
  0.00544506  0.0064973  -0.00221404 -0.00051094
181308	-0.00420547  0.00901806 -0.00331859 -0.00028818  0.00637282 -0.00439011
  0.00434548 -0.00446589  0.00465504 -0.00330283
495679	 0.00974864  0.00514224  0.01795968  0.00813536 -0.00019717 -0.00494488
 -0.00453265  0.00560472  0.01314568  0.00157727
116809	 0.00414774  0.00248429  0.00714765 -0.0071147   0.00844693 -0.0023078
 -0.00680351  0.00388785  0.01563139  0.00042806
187477	 0.00867495  0.00305442 -0.00653796 -0.00928899  0.00622444  0.00936061
  0.00081216 -0.00435541  0.00161624  0.01437106
353373	-0.00094002  0.01600319  0.00481184  0.01468059  0.00368486 -0.01299793
  0.00735144 -0.00484784 -0.00043688 -0.02639706
541791	 0.00238626 -0.00237825 -0.0031672  -0.00087691 -0.00069466 -0.00311778
 -0.00030609 -0.00229949 -0.00760122 -0.00015635
381025	 0.00956407  0.00136696  0.00124732 -0.00582137  0.00423088 -0.0077062
  0.00985916  0.00032029  0.00128458 -0.00326111
362939	 2.5884898e-03 -6.8130146e-05  2.2463452e-03  4.9240893e-04
  3.6160727e-03  5.5907137e-04 -1.2407626e-02  2.0764075e-05
  1.3297617e-04  4.0337192e-03
13523	 1.1916787e-03  2.8110610e-03  4.2212615e-04  5.2901294e-05
  7.3174862e-03  1.2385474e-03 -2.6982732e-03 -6.5371167e-04
 -2.4392689e-03  5.5981227e-03
189457	-1.2283537e-03 -5.4460630e-04  7.2926651e-03  4.9995356e-03
  8.4222294e-05  1.0767624e-03  4.1190474e-03  5.7132295e-03
  4.1406546e-03  3.4201369e-03
120427	-0.00121755 -0.0065105  -0.00198974  0.00531527  0.00640939 -0.00480813
 -0.00247358 -0.00977752 -0.00093451 -0.00082377
234606	 0.00526071 -0.00543306 -0.00070688  0.00995438  0.00512441 -0.00606003
 -0.00345828  0.00154046 -0.01058433 -0.00320264
69234	 0.0014343  -0.0016005  -0.00101593  0.00664648  0.00644158  0.00145474
  0.00212871 -0.00068162 -0.00274236  0.00272707
429688	 2.1204180e-03  1.7178323e-03  2.1168729e-03 -3.4284440e-03
  2.0466089e-04  1.5171207e-05 -9.0899970e-04  8.6533208e-04
  1.0156847e-03  6.6708587e-03
339391	 0.010248    0.00183853  0.00442677 -0.00456441  0.0100642  -0.00759779
  0.0002915   0.00180942 -0.00462506 -0.00155655
326273	 3.7263241e-03  2.2156509e-04  9.0119703e-04 -6.3878801e-03
  3.3280798e-05 -8.4642385e-04 -1.5640546e-07 -1.4212610e-03
 -1.7903756e-03 -3.1726496e-04
175238	 0.00200874 -0.00617909 -0.00385445  0.00256361  0.00634362 -0.0073837
  0.00886719 -0.00583062  0.0017828   0.00233189
39051	 0.00054131  0.00562563 -0.00390932 -0.0018119   0.01005529  0.00540188
  0.00091892 -0.00078185 -0.00491414  0.00184074
473228	 7.1332087e-03  3.5779043e-03  1.8775217e-02 -1.3802029e-02
  7.3713942e-05 -7.1844566e-03  9.7332513e-03 -2.4898683e-03
  4.3880995e-03 -8.1274584e-03
278157	 0.0011266   0.00029186  0.00098939 -0.00032651  0.00226277  0.0030844
  0.00525829  0.00245603 -0.00220073  0.00162225
171151	-0.00065363  0.0019589  -0.00136029 -0.00601171  0.00326502  0.00017733
  0.00078638  0.00115229 -0.00257018  0.00318441
549524	 0.00497149 -0.0014335   0.00289019 -0.00171626 -0.00217439 -0.00420135
  0.00183732 -0.00063423  0.00275717  0.00147752
173205	 0.00120063 -0.00232664 -0.00608952  0.00136781  0.00403028 -0.00828708
  0.00810095  0.00463723 -0.00468199  0.0056569 
441881	 0.00519265  0.00265237  0.00200553  0.00047656  0.0026084   0.00350568
  0.00365005 -0.00130584 -0.00106066 -0.00178272
543385	 0.02102853 -0.0052439   0.00141265  0.00170784  0.01513987 -0.00586115
  0.00225481 -0.0062143  -0.00300531  0.00369791
317597	-0.00259376  0.0004872  -0.00481458 -0.00598634  0.0070371  -0.00473671
  0.00077723 -0.00244276 -0.00134235 -0.00062509
211104	-0.00283472  0.00036238  0.00354187  0.00637085  0.00110341  0.00263511
  0.00049232 -0.00590124 -0.00012944  0.00719551
391847	 0.00774686 -0.00034669 -0.00619467 -0.00084706  0.00765713  0.00405913
 -0.0039286   0.00461468  0.00522077  0.01093428
161960	 0.00515411 -0.00196356 -0.0039749   0.00697238  0.01217399 -0.00471693
  0.00357145 -0.00535923  0.00535306  0.00169939
479404	-0.00113202  0.01063914  0.00677246 -0.0203494   0.00639168  0.01073666
 -0.00022542  0.01076353  0.0100137   0.01199726
222894	 0.0064824   0.00105281  0.00060708 -0.0006138   0.0082427  -0.00624293
  0.00590017 -0.0022351   0.00405521 -0.00286717
222897	 0.00635724  0.00985334  0.00221046  0.00325216  0.0095981   0.00050702
  0.00198866 -0.00588222  0.00607989  0.00519065
430770	-0.00844847  0.00947448  0.00381531 -0.01301067  0.00838253  0.00121464
  0.00491933 -0.00536524 -0.01316921  0.01091735
479415	-0.00797943  0.01089447  0.00273229 -0.00962757  0.00385755 -0.00079247
  0.00150789  0.00447985  0.00889077 -0.00592188
224714	 0.01203095  0.00718852 -0.00314687 -0.00868973  0.00757452  0.00057883
 -0.00589801 -0.01247296  0.00996692 -0.00336581
187588	-0.00431113 -0.00078842 -0.00365248  0.00151254  0.01045368 -0.01346745
 -0.00470201 -0.0064798  -0.00256244  0.00997544
391889	 0.01097587  0.01323537 -0.00882546  0.00650762  0.00951845 -0.00400624
  0.01078593 -0.00037251 -0.00890019  0.0078966 
164050	 0.02112386  0.00346914 -0.00502804 -0.00765115 -0.00108012 -0.00903965
  0.00710354  0.00649025  0.00285695 -0.00711944
547027	-0.00911692 -0.0038743  -0.00743199  0.00399658 -0.00413446 -0.00547813
 -0.00462709 -0.00721478  0.00229948  0.00900466
535771	-0.01155293 -0.0050848   0.00341048 -0.00255213  0.0062615   0.01102775
  0.00922852  0.01340584 -0.00373592  0.01895777
209634	-0.00435943 -0.00419697  0.00422919  0.00185083  0.00884748 -0.00117757
 -0.00224005  0.00204822  0.00397654  0.00195728
181883	 0.00659823 -0.00258765 -0.00613004 -0.0012739   0.007671    0.00048052
 -0.00527186  0.00461433 -0.00380441  0.00967158
524010	-0.00410359  0.0023057   0.00250291  0.0001054   0.00386938  0.00318125
  0.01606875 -0.00387455  0.00165196  0.00190226
524012	-0.00254464  0.00597501  0.00088039 -0.00053798  0.00138876  0.00401439
  0.01186561 -0.00625147  0.00305468 -0.00052595
159475	 2.6530281e-03  2.8362186e-03  1.6676474e-03 -2.8474957e-03
 -1.2623310e-03  1.2192024e-04  1.0722470e-04 -9.0348440e-05
 -3.3702978e-03  3.3081626e-03
477441	-0.0030547   0.00200177 -0.00244236  0.00058359  0.00876656  0.00130408
  0.00371126  0.00582421  0.00506821 -0.00217343
351490	-3.6769642e-03  1.0671284e-02  2.5587329e-03 -3.2559261e-03
 -2.4355878e-03  6.4795925e-03  6.7951269e-03 -5.3325770e-05
 -8.5402355e-03 -9.7796042e-03
126213	 0.00236876 -0.00370373  0.01012763 -0.00701025  0.00165518 -0.01068667
 -0.00703457  0.00526702  0.00465163  0.00846472
349963	 0.00144752  0.01528335 -0.00214795  0.00116931  0.00179545 -0.00052054
 -0.00469895 -0.00365463 -0.00270788  0.01057528
321292	-0.00043029  0.00099145 -0.00079266 -0.00586199  0.00438225 -0.00088933
  0.00326856  0.003697   -0.00289461 -0.00449161
171282	 0.00625141  0.00320523  0.00454241 -0.00311576 -0.00585576 -0.00608954
  0.00587434 -0.00391761 -0.00116251 -0.00013953
419603	 0.0056752   0.00851523  0.00780991  0.00261289 -0.00075601 -0.00815344
  0.00557886 -0.00057729 -0.0018225  -0.00079972
191767	 0.00049129 -0.01115273 -0.0059354   0.00758333  0.01435993 -0.00753422
  0.0156212  -0.00064645 -0.00542708  0.01134967
512281	 0.00824815  0.0119604  -0.01222859 -0.01302355 -0.00680522 -0.00973656
  0.01324192  0.00799691  0.01878528 -0.00495639
160031	-0.01706285 -0.00129971  0.00424243 -0.00318368  0.01616164  0.00128444
 -0.00019676 -0.00514966  0.01315772 -0.00034788
216357	-0.00156925  0.00253726 -0.01032025 -0.0033485   0.00654236  0.01068966
  0.00346666 -0.00683087 -0.01000517 -0.0044359 
351014	 7.83717167e-03  1.02003515e-02 -7.04285339e-05 -1.21772345e-02
 -4.99922037e-03  4.40528011e-03  2.74536200e-03 -2.69675278e-03
  1.70015707e-03  1.09032597e-02
263976	-0.00026187 -0.0114988  -0.00586762 -0.00167969  0.0042832   0.00455769
 -0.0038915  -0.00176439 -0.00813172  0.00608357
282436	 0.00563668  0.00356402  0.00421793 -0.00446174  0.00499291  0.0034042
 -0.00278533  0.001996    0.00487611  0.0042824 
23373	 0.00416395 -0.00445489 -0.00614228 -0.00615201  0.00058008  0.00426059
  0.01086614 -0.00339797 -0.00208952 -0.00239205
278353	-0.00421658 -0.00068774 -0.0023089   0.00524327  0.00297575  0.0019272
  0.00325415  0.00336776 -0.00367363 -0.00717135
133971	 0.00948896  0.00575366  0.00447185  0.00028152  0.00255417  0.00132739
  0.00658022 -0.00119794 -0.0028283   0.00183652
391054	 0.01132937 -0.0022058   0.00067032  0.00053538  0.00165791  0.00692532
  0.01241235 -0.00523419 -0.00010456  0.00448027
255327	 0.00699687  0.01392105 -0.01138367  0.00359562  0.00545708 -0.00813787
  0.00065175  0.00720665  0.00342616  0.00153075
408428	 0.00455899 -0.00148152  0.00159763  0.00160693  0.00528225  0.00060026
 -0.00038315 -0.0009672   0.00171678 -0.00127936
397677	-7.9426495e-03 -5.7800063e-03 -2.1940903e-05 -2.6047553e-03
 -6.0324483e-03 -1.9960036e-04 -4.3211961e-03  1.0680206e-02
  9.5681874e-03  8.7615130e-03
184180	 0.00019679 -0.00045473 -0.00204216 -0.00494142  0.00463187  0.00167707
 -0.00412688 -0.00785614  0.00330948  0.0037658 
29559	 0.00342508  0.00040599 -0.00016047  0.00749965  0.00274822  0.00630425
 -0.00232199 -0.00128139 -0.00771187  0.0098597 
483196	 4.2687748e-03  1.1349638e-02  6.3261110e-03 -7.9474049e-03
 -4.2195083e-03  8.4536783e-05  3.0717715e-03 -8.6385077e-03
  6.0048690e-03 -8.0640195e-03
353166	 0.00434741  0.01157781  0.0065665  -0.00611233 -0.00191412  0.00585953
  0.00974504  0.00454516 -0.00135038  0.00150557
535960	-1.1421800e-02  1.4198012e-02  3.1715680e-03  2.4612247e-05
  1.7426651e-02  5.1517594e-03 -2.2112294e-03  1.3919707e-02
  6.3430294e-03  2.3024229e-03
413088	 0.00277639 -0.00623466 -0.00204859  0.00476836  0.00010172 -0.00286434
  0.01038729 -0.00161777  0.00195679  0.01074613
51119	 3.4561325e-03  5.6573376e-03  1.5470247e-03  2.5390012e-03
 -2.1561900e-04  8.0922572e-04  1.5849493e-02  4.4866552e-05
 -7.2551710e-03  5.6298189e-03
535283	 0.00058373 -0.00013676  0.00400044 -0.007175    0.00334058 -0.00216239
 -0.00266587 -0.0062166  -0.00277019 -0.00047377
125369	-0.00076372 -0.00059542  0.00140926  0.0016797   0.00488763  0.00123854
  0.01030916 -0.00216448  0.0085381  -0.00462394
161723	 9.5103057e-03  9.6040489e-03  1.2519431e-03  4.4018188e-03
 -1.4405036e-03 -2.3891774e-03  6.1776568e-03 -2.3436870e-03
  5.8491991e-05  3.4654157e-03
157628	 0.00385763  0.01339393 -0.01058675 -0.00465951  0.01490032  0.0065007
 -0.00015509  0.00443581 -0.00046667  0.0002708 
250815	-0.00443676 -0.00146833 -0.00868812  0.00321474  0.00034219 -0.00096051
 -0.00211777  0.00554967 -0.00300443 -0.00179679
30368	-0.00231701  0.00018743 -0.0019325  -0.00197244  0.00502179 -0.00934684
  0.01201956 -0.00224182 -0.00165493  0.00685021
419778	-6.0362900e-03 -4.1226813e-05 -6.5136291e-03  4.0518031e-03
 -7.0448301e-04  3.9715078e-03  2.4041946e-03 -9.9328696e-04
 -2.7069710e-03  5.3723850e-03
452	 0.00522713 -0.00200716  0.00101032 -0.00476936  0.0026312  -0.00237478
  0.00946993 -0.00975223  0.00577034  0.0049029 
320457	 0.00104124  0.00099238 -0.00301693 -0.00513226  0.00633637 -0.00144381
  0.00253132 -0.00170921 -0.00075573  0.00302059
388554	 0.00476666  0.00629773  0.00260036 -0.00677344 -0.00106764 -0.00344564
  0.00043601  0.00167395  0.00212469  0.00772935
352717	 0.00713142  0.0017986  -0.00016978 -0.00122127 -0.0006563   0.00223426
  0.00933824  0.00425424  0.00093685 -0.00520085
556498	 0.00392984 -0.00126484  0.00435238  0.00510706  0.00283257 -0.00546988
 -0.00203348  0.00413875 -0.01530819  0.00381159
543189	 0.00230691 -0.00133682  0.0045061  -0.00782205  0.00335245 -0.00041783
  0.00173451 -0.00771457  0.00189013  0.000445  
328668	 0.0060685   0.00158991  0.00428566 -0.0024511   0.00793437 -0.00018858
  0.00208974  0.00656716 -0.00585615 -0.00078938
374239	 0.00123281  0.0094106  -0.00022431  0.00454796  0.00270298 -0.01026003
  0.00664604  0.00042247 -0.00610911 -0.0048101 
409568	 0.00463969 -0.00191073  0.00109663  0.00477688 -0.00112164  0.00429733
  0.0032391   0.00217441 -0.00482459 -0.00268129
503272	 0.00387411  0.0052025   0.00070583  0.01022467  0.01442293 -0.00728949
 -0.00374237  0.00616356 -0.00561991 -0.00217039
448498	 0.00899156  0.00305579 -0.0066505   0.00483544  0.00857567 -0.01494353
  0.01019938 -0.00308067  0.00441825  0.00963569
250875	 0.00100488  0.00327232 -0.00276225  0.00049639  0.00353963 -0.00432959
 -0.00047824  0.00304681 -0.00424639  0.00328847
