452117	-0.00693483  0.00136115 -0.0197899   0.00139493  0.00352919  0.00192958
  0.00052141  0.00160436 -0.00476373  0.00403197
463894	-0.00545689  0.00141356 -0.0069323  -0.01292364  0.00061018 -0.00066779
  0.00681235  0.00136521  0.00112141  0.0084673 
61979	-0.00051777  0.00565645 -0.01369298 -0.01110452  0.0105209  -0.01418907
 -0.0111752   0.0154744  -0.00796141 -0.00712484
103454	 6.1049964e-03  6.5329024e-03 -2.6882712e-03 -4.6192505e-03
  8.6530228e-05 -6.1413446e-03 -3.9062100e-03 -2.4604762e-03
  2.1514460e-03  4.9078586e-03
267811	 0.00653174 -0.0040486   0.00233292 -0.00271129  0.00799701 -0.00610177
 -0.00317937 -0.00518066 -0.00920804 -0.00239653
164903	-0.00103828 -0.00427443  0.0014699  -0.0089061   0.0080859  -0.0014734
  0.00451043  0.00732303  0.00761767 -0.00015564
368686	 0.00562661  0.01380846  0.00079774  0.00638074 -0.00139681 -0.00814599
  0.00159309 -0.00687447 -0.00458725  0.00340073
417839	-6.1685978e-03  4.8477370e-03 -1.5778095e-04 -4.2575779e-03
  6.6599716e-03 -3.0851562e-03 -9.1187365e-05  5.4962053e-03
  4.7404622e-03  3.3836626e-03
54322	-0.00182249 -0.0045727  -0.00118922 -0.00073867  0.01748213  0.00279954
  0.01852635 -0.00154774 -0.00520959  0.01824039
198708	-6.0955537e-03 -2.9401863e-03  1.1350160e-03  6.7021376e-03
 -2.4048157e-05 -1.8374883e-02  4.0458734e-03 -2.2339126e-02
  2.2369868e-03  1.4594335e-02
15925	 0.00326061 -0.00736282 -0.00063067 -0.00081765  0.00758033 -0.00398319
 -0.00303572  0.00456467  0.00946669  0.00613485
358973	 0.00925289 -0.00243829 -0.01037148  0.0021129   0.01488986 -0.0080777
  0.00916438 -0.00283184  0.0019806   0.01115614
168002	-0.00968238  0.00517203 -0.00283798 -0.0034069   0.004511    0.00064397
  0.00437996 -0.00487256  0.00145314 -0.00424575
191842	 0.00839896 -0.00742256 -0.00100355 -0.00636186  0.00491846 -0.00358164
 -0.01250943  0.00117103  0.00619436 -0.00011346
30287	 3.8630876e-03 -3.1767711e-03 -2.1177472e-03 -2.8183875e-03
 -8.1752596e-04  7.2190457e-04 -6.8742149e-03 -1.5076604e-03
  7.6177770e-05  1.0432390e-03
192592	-0.00029203  0.00804622 -0.00075874 -0.00420175 -0.00091668  0.00701267
 -0.00639446 -0.00307503 -0.00581423  0.0064432 
417894	-0.01853288 -0.00080286  0.00086948  0.0064894   0.00353786  0.00381883
  0.00304034  0.0072334  -0.01345592  0.00500024
485479	 0.00449031 -0.00113043 -0.00494745 -0.00446454  0.0003829   0.00236487
 -0.01038941 -0.00566715 -0.00232209  0.00442072
204396	 1.7747516e-03 -5.0754063e-03 -1.3387109e-05 -4.5771594e-03
  3.4581937e-03 -2.4669592e-03 -3.1500688e-04  5.1844814e-03
  1.6866038e-04  2.5374168e-03
204397	-2.6812723e-03 -3.7416918e-05 -6.7335041e-03 -5.0515570e-03
 -1.8600544e-03 -4.5831846e-03 -6.9359685e-03 -8.1020629e-04
  5.3177574e-03  2.0523518e-03
189885	-0.0022984  -0.00097902  0.00310146 -0.0044039  -0.00379562  0.0085481
  0.00711575 -0.00064492  0.00278932  0.00923239
331380	-4.6941005e-03 -1.7511856e-03 -4.4744946e-03  5.3098523e-03
 -4.2618696e-05 -2.6772332e-03 -4.4440730e-03 -5.4898253e-03
  1.4361482e-04 -6.4144069e-03
240762	 0.00345634 -0.00229929 -0.00522198  0.00055394 -0.00015237 -0.00110433
 -0.00041333  0.00201345 -0.00320836 -0.00067911
324226	 0.00071438 -0.00037825 -0.00563814  0.00204242  0.00275367  0.00300062
 -0.00263825 -0.00121659  0.00378969 -0.00379488
218757	-0.00503081  0.00334731 -0.0064586  -0.00645694  0.00042951  0.00707243
 -0.00100041 -0.00021539  0.00282347  0.0091331 
520385	 0.00110711  0.0026826   0.00101962 -0.00109462  0.00834427 -0.00516322
  0.00213753  0.00553133  0.00027134 -0.00076005
221325	 0.00101505 -0.00211545 -0.00049558 -0.00993145  0.00335888 -0.00195687
 -0.00097385  0.00085262 -0.00192291 -0.00414096
395406	-0.0019102  -0.00566385 -0.01266784 -0.00734431  0.00358894  0.00615949
 -0.00854174  0.00408416 -0.00358275  0.00674241
557200	-0.00136817  0.00735079 -0.00372735 -0.00075063  0.00380652 -0.00055148
  0.00659716  0.00160551  0.00447441 -0.00276114
312468	-0.01184959 -0.00571037 -0.01572187  0.00389571 -0.00529123 -0.01316011
  0.00228668  0.0228142   0.00448855  0.01099422
189593	-0.00056979  0.00523996 -0.00657625  0.00312649  0.00082175 -0.00224388
 -0.00355906  0.00146608 -0.00922997  0.0003756 
492698	 0.01146369 -0.00621996  0.00984916 -0.00528423 -0.00286072  0.00026719
 -0.02787752 -0.01105972  0.0060541  -0.00370062
225439	 0.00095318  0.00422312 -0.0021979  -0.0033668   0.00415716 -0.00183641
  0.0015578   0.00164942 -0.00183067 -0.00014066
219302	-0.0064625  -0.00205409 -0.00737748 -0.00140939  0.00093366 -0.00205783
 -0.00048233 -0.00467379 -0.00860225  0.00888935
252589	 0.02022733  0.00350195  0.00048348  0.01470726  0.00689313  0.00061758
 -0.00473114 -0.00053147 -0.00092344  0.0121329 
292526	-2.7563146e-04 -1.4383773e-03 -7.2227912e-03 -3.6127789e-05
  2.2009781e-03 -5.3933840e-03  1.7147635e-03 -4.4200318e-03
  5.7233812e-04  5.4383872e-04
108721	-0.00229213  0.0004467   0.00058441 -0.00148181  0.0012155  -0.00374785
  0.00596039  0.00181508 -0.00559292  0.00581799
558782	 3.6962605e-03  7.5075827e-03  4.0751761e-03  1.3425864e-02
 -8.7015759e-03  7.8232978e-03 -9.7346082e-03 -2.7850410e-05
 -8.2760463e-03  4.9076127e-03
75457	-0.00382295 -0.00609298  0.00064489  0.0046942  -0.00147758 -0.00651375
  0.00320328 -0.0094355  -0.00970576  0.00453447
139459	-0.00074272  0.00368553 -0.00278463  0.00548984  0.00183532  0.00492973
  0.00586965  0.004674    0.00688914  0.00258708
346312	-0.00310777 -0.00473973  0.00197917  0.00180912  0.00067081 -0.00268941
  0.00873077  0.00306329 -0.00230823 -0.00077172
203982	-0.01865047  0.00874825  0.00479524  0.01498342  0.00373467  0.01981017
 -0.01557226  0.01190206  0.01179993  0.01781692
312184	-0.00936402  0.00424512 -0.0058282  -0.00039001  0.00489926 -0.00197046
 -0.00351761 -0.00395526  0.00363502  0.00389464
390873	 0.00313657  0.00756797 -0.00819579 -0.00127534  0.00075557 -0.00774422
  0.0058433   0.00233191  0.00374397 -0.00076241
416986	-0.00063019 -0.0045304  -0.00562901  0.00715251 -0.0010891   0.00329896
 -0.00161939  0.00376521 -0.00787304  0.0090761 
416987	-0.00509937  0.00053164 -0.00433568 -0.00699709  0.00872124  0.00256142
 -0.00884475 -0.00615084 -0.00242096  0.01236037
537320	-0.00390659 -0.01134965 -0.00291666  0.00212023 -0.00113595  0.00267799
  0.00143489 -0.00324081  0.00494023  0.0015411 
572139	-0.0065783   0.00202989 -0.00851726 -0.00136079  0.00498007  0.00124966
  0.00215153 -0.00131588  0.0007994  -0.00553903
470765	 0.00098765  0.0059618  -0.00341259 -0.00513159  0.0054955  -0.00163513
  0.00119091  0.00089915 -0.00369909  0.00472797
179953	 9.4359095e-04  5.4296223e-04  2.7049978e-03 -7.0220120e-03
  9.4481767e-04 -5.1322994e-03 -1.4053144e-05 -2.4367156e-03
  2.0953319e-03 -2.3111773e-03
219385	-0.00816109 -0.00598792 -0.00903322 -0.00099897  0.00383433  0.00966577
 -0.00122444 -0.00736391 -0.0124365  -0.00224577
175867	-0.00514607  0.00357775 -0.01877286 -0.00553945  0.01091036 -0.00660224
 -0.0112201   0.00048122 -0.00408935 -0.00019958
175868	-0.00299561 -0.00273936 -0.01348322  0.0031291   0.00488059 -0.00798113
  0.000852   -0.0049406  -0.00301201  0.01515952
457475	 0.00160433 -0.00292104  0.00402635 -0.00450432  0.00226727 -0.00531198
  0.0080127   0.00733758  0.00055577 -0.00346236
521476	-2.8357171e-03  5.8701937e-03 -9.8766712e-04  3.0125756e-04
 -1.0559897e-02 -5.0937347e-03 -5.5247513e-03 -2.5848914e-05
 -4.6554226e-03  3.0381540e-03
411912	 0.00560051 -0.00103082  0.00204805 -0.00305153 -0.00235433 -0.00626142
  0.00201128 -0.00477912 -0.0015268  -0.00139632
456473	 0.00267324  0.00171483 -0.00437415  0.00681705 -0.00393989  0.0019577
 -0.00162696 -0.00464387 -0.0066196  -0.0028724 
1071	 0.00267186  0.00270996 -0.00808606  0.0027063  -0.00314611  0.00641104
 -0.00822793 -0.00822961 -0.00400913  0.01183763
491293	 0.00641481 -0.00895628 -0.00421319  0.00256209  0.00832655  0.01234245
  0.01047231  0.00869662 -0.00369807 -0.00141594
386474	 0.00160624 -0.00145503  0.00552653 -0.00691374  0.0072496   0.00064324
 -0.00917567 -0.00423453 -0.01304737  0.00558564
191963	 0.00494521 -0.0046903  -0.00217229  0.00756877  0.00237383  0.00129364
 -0.00289907 -0.00179257  0.00085223 -0.00883453
446756	 0.01066616  0.00334809 -0.00324052  0.01298903 -0.00078438 -0.00151758
 -0.00603744 -0.00467105 -0.00479261  0.002251  
282410	-0.0008354   0.00322635 -0.00028199  0.00293403  0.00212459 -0.0038706
  0.01870377 -0.00032049 -0.00325367 -0.00153937
159025	-0.00398272  0.00850122 -0.00505795 -0.00221158  0.00778873 -0.00680497
  0.00259314  0.00519973 -0.00643261 -0.00063864
309046	-0.00214975 -0.00419397  0.00042548 -0.00534838 -0.00049664 -0.00282404
 -0.00100281 -0.00648568 -0.00060794 -0.00555705
570170	-0.00584716  0.00224926 -0.00636969 -0.000697    0.00153243 -0.00051688
 -0.0026701  -0.0019146  -0.00649125  0.00524716
556859	 0.00395952  0.00232294 -0.00966723  0.00134586  0.00153353  0.00240021
  0.00192942  0.00334131  0.00532748  0.00468094
482630	 0.00291676  0.00816926  0.01237759  0.00328041 -0.00159942  0.01454097
 -0.01388173 -0.00959054 -0.00013148 -0.00466322
394567	-0.00433668 -0.00674256 -0.00868665  0.00373669  0.01448108 -0.00165641
 -0.0032295  -0.00674196  0.00088182  0.00516541
321355	-0.0019312   0.00132471 -0.00167107  0.00272229  0.00358575  0.00380329
 -0.00552138  0.00415112  0.00395193 -0.00070972
247131	-0.00143911 -0.01008332  0.00117713 -0.00124073 -0.01449454  0.00422452
  0.00085712 -0.00846261  0.00215417 -0.00560592
115551	-0.00467651 -0.01159877  0.00362854 -0.01547118  0.01076927 -0.00278161
  0.00843134 -0.00230577  0.00585634  0.00367643
115554	-0.00501517  0.01581937 -0.00168137 -0.00326403  0.00367612  0.00269699
  0.00795843  0.00621381  0.01369038  0.00986892
42862	 0.00402229 -0.00208987 -0.00431967 -0.00808498 -0.00223997 -0.00774365
 -0.000265   -0.00075184 -0.00223944 -0.00215802
573816	 0.00099374  0.01090692 -0.00342266 -0.00663059  0.00612196  0.01254262
  0.0175357   0.01323746 -0.00276894  0.00903841
525692	-2.0224687e-03 -4.4183265e-03 -4.1113817e-03 -3.9652912e-03
 -4.4422769e-03 -7.7429130e-03  8.2890685e-05 -1.1314228e-03
 -4.2305935e-05 -6.5022468e-04
281578	-0.00398751 -0.00761815  0.00758754  0.00086683  0.00120542 -0.00106301
  0.00657221 -0.00698726 -0.00642047 -0.00428171
289663	-0.00142435  0.00242825  0.00393998 -0.00894987  0.00770406 -0.00049327
  0.00250704 -0.00143072 -0.00151017  0.00099836
254849	-0.00645881 -0.00152632 -0.00878155  0.00885443 -0.00390056 -0.00374532
  0.00434416 -0.00483101  0.00313303 -0.00033412
242053	-0.00293881  0.00205313  0.00885483 -0.00171193  0.00144372  0.00128452
 -0.00127709  0.00216446 -0.00836294  0.00037096
282505	 0.00890613  0.00629825 -0.00287935  0.00209975 -0.0044373  -0.00015487
 -0.00678956  0.00157879 -0.00476886 -0.00262132
529811	 0.00513925  0.00485698 -0.00229469  0.00212018  0.00369739 -0.01228575
 -0.00161379 -0.00833622  0.00378458  0.00895449
33181	-0.00235762  0.00208586  0.00574099 -0.01221305 -0.00017635 -0.00736995
  0.0039717   0.00764178  0.00154664 -0.00635177
425889	-0.00997174  0.01494823 -0.00079957 -0.00071252  0.01076512 -0.00463379
 -0.00422283  0.00485538  0.00472289 -0.00019739
350115	 0.00605928  0.00940577 -0.00189676 -0.0011131  -0.01522335 -0.0043384
  0.00608144  0.00799205  0.00721875 -0.000642  
153509	 0.00583751 -0.00284564 -0.00885262  0.00292674 -0.00211886  0.00189079
  0.00685306 -0.00869179  0.00279854  0.00705049
191913	 0.00122584  0.00319131 -0.00046451  0.00277717  0.00126599  0.00539391
 -0.00244305  0.01044312  0.01815627 -0.00270679
545706	 0.00141297 -0.00042096 -0.00182877 -0.00271405 -0.00092356 -0.00072677
  0.00377034 -0.00434487 -0.00229797  0.00048041
283058	 0.0015675  -0.00122232 -0.00081094  0.00103334  0.00681733 -0.00578877
 -0.00586583  0.00015945  0.00439431 -0.00636267
412605	 0.0039767  -0.0054303  -0.00371253 -0.0015543  -0.00057121 -0.00027919
 -0.00271827 -0.01015997  0.00020259 -0.0016609 
107467	 0.01060813  0.00895313  0.00070377 -0.00344791 -0.00412966 -0.009258
 -0.01241344 -0.00309094 -0.00450509 -0.00360537
89549	-0.00088818 -0.00243364  0.00170507  0.00545566  0.00374127 -0.00705133
 -0.00518413 -0.00120298 -0.00475301  0.00048265
267728	-0.0015979   0.00791955  0.00280366 -0.01358434  0.0064423   0.00532647
  0.00266848  0.00135893  0.00588272 -0.00370471
489943	 0.00450608  0.00052733 -0.00709413  0.00319176  0.00209985  0.00326046
  0.00623886  0.00157304 -0.00493463  0.00740681
29656	 5.4632146e-03 -1.3113103e-03  1.6747343e-03  9.0217276e-04
 -1.9270903e-03  5.5350019e-03 -6.6264095e-03 -5.7108392e-04
  6.4512438e-05 -1.3970750e-03
241627	-0.00414614  0.01481482 -0.01815584 -0.00090364  0.00097063 -0.0073706
  0.00109907  0.00470765  0.01651323  0.0085599 
161246	 0.00380797  0.01170464  0.0132381  -0.01229956  0.00013793  0.00245309
 -0.00198636 -0.00454497  0.00304536  0.0003295 
296420	-4.1064131e-03 -3.2966905e-03 -1.0837288e-02  6.2289629e-03
  7.3766047e-03  1.6056304e-03 -3.3884433e-03  7.5999465e-05
 -2.2082261e-03  1.1862631e-02
456170	 0.00968538 -0.00498358 -0.00192322 -0.00486146  0.00870572  0.00028476
  0.00464404 -0.00855438  0.0014768  -0.00079733
540651	-0.00276122  0.00092326  0.00022634 -0.00308233  0.00082013 -0.00717147
  0.00948099  0.001367    0.00199591 -0.00370502
567280	 0.00213315  0.00719551  0.01444512 -0.00219341 -0.00147761  0.00520314
 -0.00096666 -0.00273948  0.00815049  0.00326949
293874	 0.01285478 -0.01118636 -0.00825882  0.00237995  0.00414242  0.00451107
  0.00492286 -0.00469377  0.01113464  0.0027853 
140282	-0.01688928  0.00265143 -0.00408845  0.00013644  0.01665459 -0.01162995
 -0.00291141 -0.00281053  0.00833203 -0.00937408
140283	-0.01903429  0.00060939 -0.00035877  0.00028707  0.01693356 -0.01233121
  0.00055471 -0.00128495  0.00847716 -0.00759715
363434	 0.0020523   0.00027123 -0.00092915 -0.00457536  0.00082506 -0.00270509
  0.00983086 -0.00104743  0.00264675  0.00440419
49150	 0.00293531 -0.00405861  0.00180074 -0.00421113 -0.01741721 -0.00734328
  0.00972574 -0.00449562  0.00010633 -0.00034669
