428553	-0.00470581 -0.00419932 -0.01197554  0.0057862   0.00335893  0.00094319
  0.0002868   0.01680988  0.00873779  0.01426714
336397	-0.00409331  0.00152192 -0.0081913  -0.00897049  0.00092264  0.00209047
 -0.00435372 -0.00016954 -0.00102781  0.0065105 
477201	-4.5687517e-05  1.7280028e-03 -7.1377456e-03 -4.2086695e-03
 -2.7106795e-04 -8.3407265e-04 -2.6858554e-04 -1.6598938e-04
 -3.5786694e-03  4.2628995e-03
461344	 0.0038166  -0.00182548  0.00177467  0.00233248 -0.00070344 -0.00497097
  0.00200423 -0.00579757 -0.01086348  0.00194129
263204	-0.00957618  0.00566945 -0.00132675  0.0026514   0.01007515  0.00222579
 -0.00148693  0.01549988  0.00614188  0.00402912
263206	-0.00769873  0.00056685  0.0048919  -0.0018141   0.00138331  0.00230432
 -0.00188385 -0.00142826 -0.00334902 -0.00502001
128554	 0.0034522   0.00881885 -0.00603769 -0.00477124  0.00741205 -0.00343856
 -0.0097334   0.003612    0.00214959  0.00479017
277549	-0.00954288 -0.00121093  0.00085309  0.00340572  0.00253933 -0.00130441
 -0.00247568 -0.00156897  0.00096445  0.01016149
536117	-9.3648601e-03  4.5957975e-03 -1.1066794e-02  1.4692262e-03
  3.0525445e-04 -1.4558892e-03 -1.9421535e-05  1.2167020e-02
  8.4385639e-03  3.0309670e-03
343617	-0.00084921 -0.00381074 -0.01304058  0.00890177 -0.00365758 -0.00015305
 -0.00074881  0.01050464  0.00060617  0.0103744 
406083	-0.00589435 -0.00318705 -0.00875132  0.00059452 -0.00184163 -0.00036451
 -0.00334665  0.00773623  0.00712822  0.00054626
342607	-0.00563061  0.00148307 -0.0024978   0.00108646  0.00516302  0.00106456
  0.00438651  0.00686926  0.00560634  0.00861589
445024	-0.01907246  0.01215047  0.00098136  0.00218755 -0.00196629 -0.00068349
 -0.00151234  0.00241187 -0.00045662  0.0067543 
65638	-0.00034523  0.00100189 -0.00475776 -0.00050251 -0.00856608 -0.00560655
 -0.00533276 -0.00241113 -0.00520184  0.00232344
204905	 0.00748687 -0.01129592 -0.0047964  -0.000254   -0.00508566 -0.00240224
  0.00776821 -0.00324268 -0.00655209  0.00113292
343666	 0.00047551 -0.00271198 -0.01187787 -0.00608736 -0.00488636  0.00897946
 -0.00390399  0.00385354  0.00256626  0.00428647
142014	 0.00626931 -0.00981871 -0.00512816  0.0041905  -0.00446579  0.01191091
 -0.00061771 -0.01120741  0.00056313  0.00325514
66679	-0.00218643  0.00286267 -0.0117224   0.00298637  0.00196735 -0.00279122
 -0.00749322  0.00579608  0.00306371  0.0063636 
281212	-0.00608364  0.00056754 -0.00916079  0.00104512 -0.00031495  0.00524186
 -0.00111135 -0.00245167  0.00266734  0.00679047
463997	-0.00441221 -0.0088069  -0.00574956 -0.00545693 -0.00793696  0.0115449
 -0.00910353  0.00940558  0.00178938  0.00361359
500357	-2.4443748e-03 -4.6879770e-03 -1.3219622e-02  2.4079636e-03
  1.3029448e-03 -5.0165216e-03 -8.0771533e-05  1.0107671e-02
 -4.2238883e-03  5.5934624e-03
427151	-7.7630999e-04 -1.3976662e-03 -6.3635623e-03 -1.5768880e-03
  1.0283012e-03  5.8285762e-03 -2.8076831e-05  9.6750486e-04
  8.8857120e-04  1.0172743e-02
371858	-9.5025087e-03 -2.3117168e-03 -5.2744760e-03 -5.6602340e-03
 -2.6206581e-03 -8.7369798e-04 -6.6394848e-03 -3.0774840e-03
  6.9827343e-05 -2.7161574e-03
93846	 0.0007576   0.00323214 -0.00326005 -0.00238572 -0.00057949  0.00226944
 -0.00970253  0.00294267  0.00144377  0.00763634
286489	-0.00737891 -0.0028858   0.00405711 -0.00538528 -0.0065194   0.0010379
  0.00294598 -0.00048244  0.00737461  0.00636781
269991	-0.00769583  0.00145871 -0.01503426  0.00841261 -0.00199872 -0.00443035
 -0.00651904  0.00524918  0.00890567  0.00506479
411305	-0.01312066 -0.00403039 -0.00609095 -0.00059216  0.00484053 -0.00545124
 -0.00516292  0.00068894  0.00444494 -0.00168671
128172	-7.7245213e-06 -2.3489525e-03 -3.6727716e-03  4.2668064e-03
 -1.4475932e-04  7.0867813e-03 -3.6400000e-03  1.9999275e-03
  1.7149945e-03  8.7637231e-03
250552	-0.00109877 -0.00828234 -0.01573965  0.0011206   0.00506485  0.00709624
 -0.00062668  0.00698642 -0.00475146  0.00313715
559294	-0.00357966 -0.00216572 -0.00893258 -0.00500572  0.00290556  0.0009201
 -0.00697179  0.00307885  0.00729722  0.00376801
341700	 0.0081562  -0.01050085 -0.00713426 -0.00238072 -0.00991454 -0.00132854
 -0.00074323 -0.00046193 -0.00923875  0.00645617
469196	-0.00523782 -0.0033428  -0.00366268  0.00241782  0.00588015 -0.00050745
 -0.003091   -0.00069069  0.00364389  0.00776405
270550	-0.01059754  0.00454221 -0.00552044 -0.00731776 -0.0028945   0.00134611
 -0.00751889  0.00315401  0.01262985  0.0036902 
270551	-0.00335264  0.00023588 -0.01015314  0.00124818 -0.00526945  0.00014123
 -0.00050555  0.00643597  0.0010122   0.00468276
16600	-0.00659508 -0.0028287  -0.00480935 -0.01431642  0.00175434 -0.00476999
  0.00047272  0.0042084  -0.00088446  0.00296024
561369	 0.01211748 -0.01217238  0.0066169  -0.00074233 -0.01643589 -0.00733454
 -0.00152209 -0.00504365 -0.01552135  0.00134735
270556	-0.00416256 -0.00394686 -0.01505959  0.00068478 -0.00575151  0.00388227
  0.00754394  0.00555999  0.0025126   0.00613477
270557	 0.00790706 -0.00239903  0.00694038 -0.00351328 -0.01230768  0.00180861
 -0.00771583 -0.00723889 -0.00808791  0.00369981
556255	-0.00714882  0.00481515 -0.01866152  0.00242198 -0.00325855  0.00369473
 -0.00097856  0.01220615  0.00028249  0.00818378
273635	 0.00227034  0.00612573 -0.00237283 -0.00238845 -0.0034357  -0.00255933
  0.001071    0.00037495  0.01167851 -0.00522542
64230	-0.00146345 -0.0078195  -0.0036301  -0.00675839  0.0064026   0.0009502
 -0.00190025 -0.00737482  0.00437389  0.00287613
45287	-0.00689516 -0.00806559 -0.00407901 -0.00525902 -0.00048844  0.00396021
 -0.00044489  0.00124262 -0.00151373  0.00666116
403180	-0.00097966  0.00852894 -0.00171392 -0.00329914  0.00622299  0.00320351
  0.00490173 -0.00661618  0.00517215  0.00026575
361753	-0.00328634 -0.00848745 -0.00599708 -0.00329805 -0.00309478  0.00281172
  0.00333015  0.00475527  0.0022633   0.0026796 
214773	-0.0102271   0.00577824  0.00886691 -0.0101398   0.00958281  0.00973505
 -0.00296949 -0.00076762  0.00398892  0.00246042
350454	 1.6550364e-05  7.9719787e-03 -6.7000976e-03  9.6742593e-04
  6.8824644e-05 -3.2320893e-03  1.8227102e-04  1.0677279e-02
  8.0520695e-06  1.2109203e-03
214776	 0.00754381  0.00691102 -0.00482441 -0.00940598 -0.00150785  0.00225116
  0.01564474 -0.00269403  0.00190476  0.0119981 
65578	-0.00381924  0.00096578 -0.01060555 -0.00123968  0.00312452 -0.00740008
 -0.00683182  0.0052049   0.00286469  0.00585129
222468	-0.00839377 -0.00183004 -0.00545184 -0.00496453  0.00274095  0.00267329
  0.00819726 -0.00355494 -0.00357685  0.0018186 
100613	-0.00910101  0.00068243 -0.01140972  0.00171996 -0.00382974 -0.00364962
 -0.00080656  0.01233614  0.00084114  0.0068222 
416018	 0.00051115 -0.0036453  -0.00854977 -0.00365009  0.00070764  0.00533445
  0.0029255   0.00185593  0.00063458  0.01224423
361752	-1.3250374e-02 -1.0508071e-03 -1.6678831e-02 -2.9947823e-03
  2.9993113e-03 -3.6398172e-03 -1.7720455e-03  4.2880392e-03
 -2.5942176e-05  8.2629919e-03
249113	-4.5560049e-03  1.1287074e-03  8.6434009e-03  1.7710062e-03
 -1.7517401e-04 -2.0737384e-06  8.4474479e-04  4.2627282e-03
 -6.0063992e-03  9.3680591e-04
46876	-0.01058951  0.00233312 -0.00466477 -0.01218377 -0.00020806  0.01458514
  0.00884636  0.00432834  0.00735616  0.00487469
10018	 0.00094173 -0.00353238 -0.00891614  0.00519021 -0.00058322 -0.00661189
  0.00401148  0.00330715 -0.0011899   0.00745728
173348	-0.00540426  0.00538396 -0.01239096 -0.00174075  0.00060118 -0.00176137
 -0.0007296   0.0050844   0.00718811  0.0007764 
268166	 0.0060146   0.00091519  0.00281247 -0.0041256  -0.00543786  0.00156446
 -0.00015378 -0.00433122 -0.00990486  0.00924204
334125	-0.00109992 -0.00306037 -0.01381492  0.00907684 -0.00276226 -0.00065842
 -0.00114316  0.00618609  0.00431324  0.00884608
418103	-0.00979434 -0.00014992 -0.00400441 -0.00583717  0.00302252  0.0010122
 -0.00601882 -0.00329364  0.00352762  0.00557642
214847	-0.00678224 -0.00379204 -0.00964498  0.00783561  0.00315462 -0.00477434
  0.00339222  0.00741727  0.00276367  0.01570326
410944	-0.00344062 -0.00331703  0.00642206  0.00345514 -0.00298789  0.00247659
 -0.0074337  -0.00358358 -0.00893283  0.00087678
263136	-0.00754695 -0.0064715  -0.00359209  0.00085715 -0.0054805  -0.0023312
 -0.00366485 -0.00281334  0.00372298  0.01587089
99140	 0.00030389 -0.00899166  0.00451018 -0.00559546  0.00310963 -0.0054543
 -0.00777397 -0.00636364  0.0081105   0.00378159
467269	-0.00574928  0.00307083 -0.001543    0.00131409 -0.01027528  0.00026794
  0.00038804 -0.00492704 -0.00482209  0.00264783
177991	-9.4708893e-03  3.4897220e-03 -3.0296212e-03  1.6505989e-03
  6.5391008e-03  2.4076311e-03 -4.4159172e-03  7.3120394e-03
  9.6211392e-05  3.3570519e-03
548683	 0.00106326 -0.00314884 -0.00279094 -0.00091075 -0.00315677  0.00518735
  0.00221414 -0.0022996  -0.0025469   0.01333959
25421	-0.00328913  0.00060722 -0.00520086 -0.00507602  0.00496356 -0.00463017
 -0.00337305  0.00132559  0.00399804  0.00395833
125262	 0.0066114  -0.00966152  0.00566343 -0.00393068 -0.00083836 -0.00575886
 -0.00273532 -0.0009398  -0.00891325  0.01171477
422229	 2.2434398e-05 -5.8664242e-03 -5.8856760e-03  8.2174409e-03
 -5.3134505e-03 -5.5142324e-03 -3.0411715e-03  4.6119085e-03
 -1.5898579e-03  9.8353317e-03
63319	-0.00057205 -0.0035016  -0.00623919 -0.00376221 -0.00010809  0.00272702
 -0.01227615 -0.0068496   0.00518798  0.00526669
360799	-0.01893637  0.00863696  0.00191932 -0.00925817 -0.01064952  0.0081936
  0.00728458 -0.00751108  0.00656471  0.00120813
191846	-1.4201306e-03  6.3502891e-03 -1.3315735e-02 -1.3169111e-02
 -1.4555258e-03  1.2801850e-03 -1.9981873e-03  2.5352172e-05
  4.5593741e-04 -3.4203657e-04
376180	 1.1491028e-03  4.2356118e-03 -6.7548556e-03  4.2808224e-03
 -5.0138556e-03  4.8287115e-03 -5.8706489e-04 -8.0539864e-03
 -2.2788836e-05  7.2152363e-03
178552	-0.00266567  0.00174189 -0.00822927 -0.00092783 -0.00430916 -0.00234901
 -0.00401594  0.00283604 -0.00197588  0.00474991
540543	-0.00378622 -0.00451184 -0.00589244 -0.00364349 -0.00971396 -0.00080719
 -0.00309911 -0.00296343  0.00171434  0.00198565
118144	-0.01461373  0.00971549 -0.00553322  0.01019384  0.00849977 -0.00270926
  0.01902565  0.01021066 -0.0036622  -0.00063249
230790	-0.00478271  0.00134409  0.00043232 -0.00365499  0.00168922 -0.00052741
 -0.00564105  0.00366214 -0.00083356  0.00265503
541069	-0.00196465  0.00305853 -0.00460417 -0.00640558 -0.00478478 -0.00668367
 -0.0089432   0.00769633 -0.00172536  0.00882605
64912	-0.00233311  0.00068251 -0.00966685  0.00497598 -0.00116703 -0.00580774
 -0.00248234  0.00841221  0.00054378  0.01089115
133522	 0.00751375 -0.00448057 -0.01372606 -0.00510779 -0.00450794 -0.00485882
  0.00123571  0.0057558  -0.00057803  0.00633816
67651	 6.7805161e-04  1.4163712e-04 -4.6861526e-03  3.5336993e-03
  9.2564544e-05 -2.3479082e-03 -3.8237332e-03 -1.7832769e-03
  2.9228344e-03  7.5718099e-03
99141	 0.00062762  0.00200727  0.00467881  0.00383275  0.00189038 -0.0071866
  0.00234494  0.00553831 -0.0017382   0.00147159
146848	-0.00368017  0.00391085 -0.00526774 -0.00497763 -0.00452867 -0.00324896
 -0.00686839  0.00337783 -0.00344871  0.00378052
101284	 0.00223527 -0.00276594 -0.01180276 -0.00066653 -0.00941753  0.00366705
 -0.00322073 -0.00733841 -0.00761279  0.00804631
149414	-5.6914710e-03 -4.0768292e-03  2.3649128e-04  1.5286403e-04
  6.0592371e-04 -7.3504409e-05 -1.1288060e-03  3.6259489e-03
 -1.4866079e-03  5.8722240e-04
336807	-0.00027098 -0.00318046 -0.00532247 -0.00184729 -0.00264105  0.00365605
  0.00068833  0.00243878 -0.00063834  0.01058519
521644	 0.00428397 -0.00078256 -0.00800448 -0.00405838 -0.00525757 -0.00310766
 -0.00020977  0.00178563 -0.0022902   0.00157822
521645	-0.00497622  0.00027587 -0.00555813 -0.00229928  0.00408869 -0.00305605
 -0.00674287  0.00627992  0.00098199 -0.00213322
63920	-0.0027225  -0.00697533 -0.01019662  0.00481295  0.00534349 -0.00156637
 -0.00657558 -0.00220067  0.00157777  0.00427543
384435	 0.00108224  0.00272499  0.00025931  0.00354955 -0.00791713  0.00822275
 -0.00659293  0.00313661 -0.00215892  0.00569897
125368	 0.00797564  0.00462707 -0.00146729 -0.00108729 -0.00452959  0.00931915
 -0.0010863  -0.01000435  0.00036511 -0.00206394
195003	 0.00073217 -0.001674   -0.00300101 -0.00202153 -0.00151953 -0.00969567
 -0.00101775 -0.00325045 -0.00621155  0.00471643
529342	-0.00375369 -0.00416954 -0.00600331  0.00432893 -0.00289087  0.0002513
  0.00633681  0.00775589 -0.0005222   0.01090258
428790	-0.0012927  -0.01420673 -0.0036629  -0.00702782  0.00063428 -0.00377703
 -0.00024157 -0.00146197  0.00069552  0.00014848
396234	-2.7633677e-03 -1.9101588e-03 -9.9542802e-03  5.3382521e-03
  4.8173252e-03 -6.2574246e-03  7.4934810e-06 -4.0702769e-04
 -4.6727876e-03  4.0562321e-03
25040	-5.6393645e-05 -3.0346944e-03 -5.4303487e-03  3.1397138e-03
 -4.8587909e-03 -2.3116795e-03 -3.5020153e-04  3.4484430e-03
  2.7935673e-03  4.4308426e-03
400853	-0.00517884  0.00482351 -0.00333604  0.00278144 -0.00079259 -0.00384744
  0.00265947  0.00151611  0.00294932  0.00443652
263134	-1.0255286e-02 -4.4192700e-03  2.5788792e-03 -7.3419921e-03
 -3.4219008e-03 -9.4455499e-05 -7.4972897e-03 -7.0547462e-03
  1.1297604e-03  8.2552396e-03
224224	-0.00453264 -0.00502897 -0.00265423  0.00089031  0.00468266  0.00808893
 -0.00280006 -0.00435523  0.00466598  0.00655655
551910	 0.00382286  0.00040595  0.00614092  0.01230813 -0.01956242  0.00161834
  0.00105706 -0.00818267 -0.01176737  0.0068429 
198122	-0.00756942 -0.0068644  -0.00318293  0.0006453   0.00222586 -0.00287497
 -0.00097689 -0.00254824  0.00482899  0.01372335
144039	-3.9871084e-03 -2.4932274e-03 -2.6050117e-03 -1.0617625e-02
  9.7342709e-05  3.5472175e-03 -5.7615460e-05  6.1572767e-03
  1.2351967e-03  6.3385152e-05
560893	-0.00870119  0.00289164 -0.00304942 -0.00468804  0.00092321  0.00726032
 -0.00427446  0.0015466   0.00582261  0.00945394
258853	-0.00701184 -0.00414792 -0.00885053 -0.00041041 -0.00442593 -0.00272048
 -0.00138038  0.0009206  -0.00223889  0.00265732
4604	-0.00756069 -0.00840336 -0.00273525 -0.00022829  0.0005172   0.00340755
  0.00722329  0.00318593  0.00537173  0.00417911
