345600	 0.00878734 -0.00043938 -0.00524239 -0.00350454  0.00304309  0.00231719
  0.00334505  0.00019468 -0.00155083 -0.00112058
479489	 0.00193221  0.00383587 -0.00530992 -0.00613282  0.00406529 -0.00226342
 -0.00199861  0.00016091  0.002436    0.00392436
307331	-0.00261216  0.00546385 -0.00792607 -0.011688    0.00429959 -0.00143861
 -0.00687543  0.00301082 -0.0042632   0.00473119
390616	-0.00144648  0.00643444 -0.00827241 -0.0111634  -0.00323837  0.00039232
 -0.00483367  0.00053477  0.00285791 -0.00282244
286727	-0.00033404  0.00768563 -0.00873476 -0.00948596  0.00158838 -0.00307115
 -0.00308066  0.00289276 -0.00272545  0.00666104
183562	 0.00288812  0.00254483  0.00622064  0.00057962  0.00436002 -0.00970055
 -0.00324088 -0.00833111 -0.00766461 -0.00309   
249983	-1.0516832e-02  5.5644684e-03  2.4814575e-03 -2.7917733e-03
 -1.7004223e-03  8.6102671e-05  8.8266330e-03  1.0065787e-02
  4.8507755e-03  5.2059260e-03
239757	-0.00315438  0.0065301  -0.00741389 -0.0088214   0.00621737 -0.0002424
 -0.00289269  0.00859962  0.00031098  0.00460932
413253	-0.00267159  0.00691956 -0.00766896 -0.00355603 -0.00255707 -0.00582316
 -0.00043508  0.00143674 -0.00146893 -0.00608256
411920	 0.00397037  0.00844894 -0.00617007 -0.00314839  0.00147075 -0.00410744
 -0.00109461 -0.00175493 -0.00143693  0.00430899
74001	 0.00165695  0.01159173 -0.00961059 -0.01078805  0.00031757 -0.00213595
 -0.00767444  0.00236271 -0.00350147  0.00025214
24067	-0.00133229 -0.00243861  0.00586185  0.00063162  0.01362633 -0.00056483
 -0.0035649   0.00231308 -0.00130189  0.00342021
413221	 0.00366592  0.00212963  0.00112364  0.00257024  0.0017482  -0.00474413
 -0.00647827 -0.00663399 -0.00227004  0.00233143
113331	-0.00751487  0.01113926 -0.00470298 -0.00773669 -0.00305192 -0.01847268
 -0.00204455 -0.00453256  0.00936343 -0.00329012
257690	-0.01055183  0.00790526 -0.00715688 -0.00474263  0.00350745  0.00458676
 -0.00062693 -0.01396728  0.0006661   0.00080368
298799	-0.00925699  0.00797435  0.00359315  0.00506878  0.00089535 -0.00132759
 -0.0072058  -0.00030139  0.00413776 -0.00362676
436693	 0.00831183 -0.00360418  0.00054727 -0.00392759  0.00410785 -0.00686499
  0.00703309  0.00565729  0.00116611  0.00205309
195102	 0.01166555  0.00493036 -0.00252183 -0.00055912  0.00054542  0.00894846
  0.00071498 -0.00584001 -0.01106208  0.0019061 
254623	-0.00583884  0.01870393  0.00452586 -0.01008066  0.00130637 -0.01831794
  0.00041516 -0.00075192  0.00547892 -0.00220182
53285	-0.00900053  0.00410097 -0.00358078 -0.00597023  0.00368664 -0.00362118
 -0.0061578  -0.00533401  0.0003869   0.00135325
413223	 0.00350153  0.00871219 -0.00670618 -0.00766024 -0.00159654 -0.01204679
 -0.00610178 -0.00043591  0.00432291  0.00363126
413224	 0.00298451  0.00575338  0.00361388 -0.01010334 -0.00177588 -0.01568936
 -0.00456412 -0.00900297 -0.00390084 -0.007358  
132905	 0.00402142  0.01079888  0.00872239 -0.01125665 -0.0031408  -0.01247757
 -0.0075165  -0.00895647 -0.00168987 -0.00772618
542507	-0.00827668  0.00117875  0.00224981 -0.00152879 -0.00813338 -0.00418519
 -0.01071664  0.00814239 -0.00911494 -0.00370573
413254	-0.00267159  0.00691956 -0.00766896 -0.00355603 -0.00255707 -0.00582316
 -0.00043508  0.00143674 -0.00146893 -0.00608256
283229	-0.00194035  0.00895299 -0.00874116  0.00208426  0.00300899  0.00239355
  0.00053599  0.00964519 -0.00704213 -0.00623769
378416	-0.00760216  0.00242402  0.00296896 -0.00332415 -0.00048759  0.00337121
 -0.00404179 -0.00921651 -0.00512801 -0.00417424
472648	-0.00020686  0.00511058 -0.01024929 -0.00978464  0.00032937 -0.00633684
 -0.00288973 -0.00337411 -0.00604824  0.00478532
120455	-0.02170734  0.00796093 -0.00293188 -0.0154611  -0.00900316 -0.01743829
 -0.00916734 -0.03032042  0.01045009 -0.01917061
177203	-0.00368407  0.00855552 -0.00787061 -0.01502622 -0.00050309 -0.00477155
 -0.00516789 -0.00665056 -0.0032906  -0.00327914
55732	-0.00198006  0.00078308  0.00030797 -0.00733445  0.00023187  0.00583864
 -0.00401234 -0.00720074 -0.00531677  0.00158643
334901	 0.00307384  0.0059754  -0.00777046 -0.00681035  0.00115134 -0.00137528
 -0.00269103  0.00079521 -0.00295083  0.00016358
411958	-0.00266562  0.00688906 -0.00889358 -0.01255997  0.00295532 -0.00351202
 -0.00459772 -0.00303042 -0.00440329 -0.00023386
343096	 0.0082226   0.01094111 -0.00025863  0.0003807  -0.00269457 -0.00151666
 -0.00098242 -0.00171055  0.00015131  0.0001551 
160569	-0.00108975  0.00296538 -0.00844868 -0.00889184 -0.00292142 -0.00019757
 -0.01122962 -0.00583554 -0.00735899 -0.01008486
343519	 0.01132723  0.00248884 -0.00430458  0.00062039 -0.00126862  0.0029694
  0.00043373 -0.00389283  0.00251828  0.00727272
346673	-0.00230452 -0.00984139  0.0094844  -0.00453579 -0.00860578  0.00495151
 -0.00807374  0.00990933  0.00964324 -0.00322445
422462	-0.00626926  0.00304197 -0.00024687 -0.00139859 -0.00271756  0.00032304
  0.00874177  0.0079365   0.00614088  0.00419123
177983	-0.00224089  0.00714479  0.00119636 -0.00490752  0.00101347  0.00396161
 -0.00131512  0.00925102  0.00219169 -0.0006647 
413248	-0.00267159  0.00691956 -0.00766896 -0.00355603 -0.00255707 -0.00582316
 -0.00043508  0.00143674 -0.00146893 -0.00608256
413249	-0.00267159  0.00691956 -0.00766896 -0.00355603 -0.00255707 -0.00582316
 -0.00043508  0.00143674 -0.00146893 -0.00608256
161218	-0.00045044  0.00399177  0.01260512 -0.00994758  0.00333987 -0.01566288
 -0.00453778 -0.01482988  0.00324856 -0.00481523
312643	 0.00064658 -0.00062715 -0.00096028 -0.00171535 -0.00556557 -0.00572583
 -0.00183696 -0.00018999  0.00378559  0.00015766
413252	-0.00267159  0.00691956 -0.00766896 -0.00355603 -0.00255707 -0.00582316
 -0.00043508  0.00143674 -0.00146893 -0.00608256
116022	 0.00116298  0.00054933 -0.01132639  0.00549398  0.00496125 -0.00770958
 -0.01028653  0.00198714  0.00074782 -0.00826642
111686	 0.00234271  0.00342441 -0.00350739 -0.00171169  0.00156455 -0.00305298
 -0.00032102 -0.00722863 -0.00431273 -0.01085524
413255	-0.00267159  0.00691956 -0.00766896 -0.00355603 -0.00255707 -0.00582316
 -0.00043508  0.00143674 -0.00146893 -0.00608256
413256	-0.00267159  0.00691956 -0.00766896 -0.00355603 -0.00255707 -0.00582316
 -0.00043508  0.00143674 -0.00146893 -0.00608256
413257	-0.00267159  0.00691956 -0.00766896 -0.00355603 -0.00255707 -0.00582316
 -0.00043508  0.00143674 -0.00146893 -0.00608256
295114	 0.00200722  0.01210743  0.00407759 -0.0086217  -0.00475886 -0.00591048
 -0.00759138 -0.00558495 -0.01334551 -0.00820515
413259	 0.00867352 -0.00156335 -0.00663451 -0.01092936  0.00698188  0.01304566
 -0.02354415  0.00333161  0.00877543 -0.0286086 
295117	 5.9361029e-03  7.6684463e-03  6.7735049e-03 -2.5366191e-04
 -9.4554198e-05  6.9384644e-04 -5.4628374e-03 -5.0396724e-03
 -4.1113840e-03  2.4112635e-03
312641	-0.00465816 -0.00130467 -0.00762379  0.00238672 -0.00138119 -0.0002683
 -0.00286989 -0.00303399 -0.00340483  0.0012971 
176207	-0.00400043  0.00582693 -0.00955491 -0.01322939  0.00356262 -0.00432517
 -0.00456169 -0.00240979 -0.00271041  0.00148153
136888	-0.00144443  0.00924382 -0.00778985 -0.01194036  0.00275961 -0.00545717
 -0.00462679  0.00082551 -0.00714911 -0.00252375
411986	-0.00409862  0.00731037 -0.01139975 -0.00598149  0.00413008  0.00703636
 -0.00294078 -0.00381126 -0.00374654  0.00785449
528981	 0.00290273  0.006487    0.00427781 -0.00921205 -0.00285196 -0.01451309
 -0.00429302 -0.01043208 -0.00485415 -0.00634964
289003	 0.00165509  0.0071529  -0.00500323 -0.00207213  0.0009368   0.00190253
 -0.00232822  0.00273686 -0.0020433   0.00221083
132568	-1.8048031e-03  3.9527990e-04 -4.5820074e-03  7.5803357e-03
  8.7315449e-03  5.0480630e-05 -2.3097324e-03  3.8546149e-04
 -1.2835533e-02 -4.4555361e-03
4442	-0.01164589  0.01270002  0.00802964 -0.00395779 -0.00665358 -0.00128005
  0.00386739 -0.01013046  0.00277501 -0.01007271
10319	 0.00066378  0.00530831  0.00716479 -0.00028385 -0.00275945 -0.00115143
 -0.00204682 -0.0071098  -0.00542533  0.00036078
117683	-0.00305432 -0.00264599 -0.00021675 -0.00285182  0.0005696   0.007097
 -0.0007244  -0.00937072 -0.00466355  0.00105391
343775	 0.00514079  0.00692301  0.00357781 -0.00150814 -0.00573877 -0.0034678
 -0.0045361  -0.00838882 -0.00076338  0.00012937
132834	-0.00325717  0.00722511  0.00430275 -0.00388858 -0.00106408  0.00147092
 -0.0029584   0.00725452  0.0044759   0.00099364
229375	 0.00844075  0.00931372  0.00185861 -0.00640721 -0.00055075 -0.00172224
 -0.0035529  -0.00704458 -0.00475181 -0.00046323
248550	-0.00358131  0.00153492  0.00112328 -0.00349895  0.00239588  0.00448123
 -0.00049504 -0.00647186 -0.00597851 -0.00255515
477457	 0.00307748  0.00893538 -0.00067342 -0.01276405 -0.00668155 -0.0002373
 -0.00525454 -0.00666829 -0.00829459 -0.01290827
196712	-0.00368407  0.00855552 -0.00787061 -0.01502622 -0.00050309 -0.00477155
 -0.00516789 -0.00665056 -0.0032906  -0.00327914
196713	-0.00610631  0.00738222 -0.00986598 -0.01318358  0.00555609 -0.00204628
 -0.00606602 -0.00471192 -0.0001179  -0.00059595
254631	-0.00205983  0.00581991  0.00196789 -0.00218784 -0.00043136  0.00302966
  0.00069467  0.00571924  0.00166755 -0.00087226
306386	-0.00340218  0.00686115 -0.00695207 -0.00952968  0.0062697  -0.00031981
 -0.00269655  0.00817727  0.00033259  0.00401904
286190	-0.00176104  0.00809657 -0.01330524 -0.01141138  0.00455673 -0.00284041
 -0.00411091  0.00770699 -0.01015284 -0.00266635
479473	 0.00045232  0.00165219 -0.00539987 -0.01006846 -0.00293283  0.00289773
 -0.00708009 -0.00156876 -0.00359136  0.00251564
453490	-0.00160523  0.00484593 -0.01348332 -0.01331504  0.00415442 -0.00336939
 -0.00599715  0.0035169  -0.00468387 -0.00394917
549236	-0.00760216  0.00242402  0.00296896 -0.00332415 -0.00048759  0.00337121
 -0.00404179 -0.00921651 -0.00512801 -0.00417424
404114	-0.00612223  0.00461365 -0.00023484 -0.00353083  0.00083118  0.00399331
  0.00156342  0.00291686  0.00236352 -0.00185394
331819	 0.00605353  0.00628451  0.00276945 -0.00550734 -0.00298823  0.001463
  0.00259517  0.01086576 -0.00051606 -0.00382665
239720	 1.1858448e-03  1.0153767e-02 -6.0503231e-03  1.8878308e-03
  2.4129034e-03 -3.4348441e-03  1.0601907e-05  1.0451889e-03
 -2.3079847e-03 -7.3468662e-03
135418	-0.00770924  0.00553126  0.00355666 -0.00064859 -0.00897715 -0.00133734
 -0.00183066 -0.00214207 -0.00534426 -0.01621695
239483	-0.00529973  0.00719665 -0.01179259 -0.01588094  0.00142014 -0.00387652
 -0.00561606  0.00174481 -0.00364327 -0.00419014
100988	 0.00577929 -0.00205247 -0.01162261 -0.01380115  0.00302491 -0.00308682
 -0.00191705  0.00517316 -0.01016002  0.00282776
299007	-0.00099458  0.00645584  0.00305773 -0.00718784 -0.00254039 -0.00153024
 -0.00610692 -0.0115813   0.00110892 -0.00204956
