374282	-0.00036628  0.00103591 -0.00360384  0.00120608  0.00622649 -0.0108025
  0.00290974 -0.00153948  0.00014144  0.00560988
249687	-0.00530663  0.0090066  -0.00876562 -0.01297479  0.00078478 -0.00684438
  0.00121253  0.00120084 -0.00495292  0.0033826 
387597	 0.00234207  0.0034458  -0.00224593 -0.00806737 -0.00141558 -0.00652113
 -0.00337069 -0.00155402 -0.00383329  0.00951335
160273	 0.01150243  0.01156531 -0.0064354  -0.00163084  0.01500117 -0.00559099
 -0.00088743 -0.00574675 -0.00170861  0.00090936
188949	 0.00972382 -0.01253841  0.00062475  0.00395352  0.00181756 -0.00305711
  0.00341894  0.00055478  0.00653762 -0.00570589
398681	 0.0022299   0.00311627  0.00799718  0.00471048  0.01024623 -0.00137901
 -0.00800381  0.00047277 -0.01278948  0.0010771 
197658	 0.01083439  0.00138391  0.01020432 -0.00431942  0.00507484 -0.00269946
  0.01025932  0.00575627  0.0074935   0.0071177 
334366	-0.00103431  0.00962579 -0.00531808  0.01176802  0.01534207 -0.00766667
  0.00122087  0.00687492 -0.00514795  0.00658335
519204	-0.00178196 -0.00205064 -0.00241397  0.00051437  0.00446911 -0.00012957
 -0.00549234 -0.00322814 -0.00444087  0.00246329
51238	-0.00663615  0.00256545  0.00802274 -0.00413226  0.00666068 -0.00218404
 -0.00243912  0.00213582 -0.0094727  -0.00389106
54311	-0.00783637  0.00627903  0.00386646  0.00824661 -0.00245389 -0.00568756
 -0.01132321  0.00365355 -0.00706638  0.00058246
301612	 0.00861312 -0.0008166  -0.0121231  -0.00417589  0.00165846 -0.01332286
  0.0067101  -0.01038155  0.00802393 -0.01135242
514099	-0.00139237 -0.00244844 -0.002871    0.00155169  0.002476   -0.00563206
 -0.00794554 -0.00223019  0.00597191  0.01138115
117598	-0.00582867 -0.01166852  0.00583655 -0.00503481 -0.00051777 -0.00103165
  0.00164591  0.00274567 -0.01214353  0.00184694
50747	 0.00333375 -0.00860858  0.00512298  0.00567812  0.00386953 -0.01550627
 -0.00440032  0.0031781  -0.0003985  -0.0070098 
335934	-0.00063603  0.00489785 -0.00527613  0.00127246  0.00614733  0.00341172
 -0.00229902 -0.00377909 -0.00300967  0.00156453
195653	-0.0013205  -0.00037858 -0.00322206 -0.00012646  0.00458375 -0.00104775
 -0.00859708  0.00348933 -0.00027347  0.00306494
342094	 0.00291746 -0.00250351 -0.00225395 -0.00236269  0.00144494  0.00130213
 -0.00077844 -0.00390205 -0.00981469 -0.00036835
534613	-0.0011149   0.00241081 -0.00303475 -0.00881291  0.00479637 -0.01231842
 -0.00567837  0.00298194  0.00152978  0.00237499
200799	-0.00769686 -0.00315629 -0.00488683 -0.00606263  0.00695721 -0.00093081
 -0.00668427 -0.00389154 -0.00861809  0.00944023
479761	-0.00431255 -0.00065181 -0.00666383 -0.0018811   0.01246599  0.00136703
  0.00153768 -0.01117931 -0.01477683  0.00952969
164969	-0.00353346  0.00252086 -0.00244849 -0.00564934  0.0056638  -0.00081889
 -0.00370219  0.00106293  0.00166578  0.00677256
296044	-0.00107167 -0.00123713 -0.00612968 -0.00516215 -0.00012037 -0.00562261
 -0.00229173  0.00471757 -0.00608496  0.00486175
164978	-0.00724828  0.00618095 -0.01003818 -0.00251822  0.00697436  0.00398743
  0.00353919 -0.00335451 -0.00041712  0.00337238
377971	 0.00859727 -0.00983101 -0.00759315  0.00149622  0.01383521 -0.01078926
  0.00237121 -0.00467918 -0.00419179 -0.00364742
151166	-0.00251901 -0.00260234  0.00039238 -0.00201641  0.00994735 -0.00623616
 -0.00787968 -0.00014208  0.00102822 -0.00186654
51842	-8.0630463e-03 -6.1893696e-03  6.1226282e-03  1.4328546e-02
  4.6805548e-04 -8.8820205e-05 -1.6739439e-02 -8.6534070e-03
 -4.8764455e-03 -1.2969653e-02
547691	-0.00671399 -0.00970139 -0.00394561  0.00767806  0.01179009  0.00353943
 -0.00173752  0.00174108 -0.00941166  0.0075561 
410249	 0.00195065 -0.00067302 -0.00437879  0.02552816  0.00128091 -0.00463255
  0.01123929 -0.00288547 -0.00671832 -0.00259521
511628	-0.00211985 -0.00653337 -0.01065921 -0.00169902  0.000346   -0.00430274
 -0.00504993  0.00674629 -0.00563785  0.00385414
398701	 0.0022299   0.00311627  0.00799718  0.00471048  0.01024623 -0.00137901
 -0.00800381  0.00047277 -0.01278948  0.0010771 
151185	 0.00396882  0.0011003   0.00296715 -0.00542212  0.00046878 -0.00789999
  0.00337219 -0.00309321 -0.00395959 -0.00016017
511638	-0.00447545 -0.00248402 -0.00256845 -0.0081639   0.00267313 -0.00919839
 -0.00604763  0.00348936  0.00059753  0.0066059 
52932	-0.00646768  0.00403592  0.00010037 -0.001363    0.00378277  0.00294542
 -0.00621334  0.00485213 -0.00642142  0.00642182
516976	-0.00327935 -0.00652317 -0.00519557 -0.00701015  0.00665559  0.01096428
 -0.00386839  0.00152826  0.0046912   0.00798346
298673	-0.00125621 -0.00788929 -0.00074488 -0.00864581  0.0005491   0.00113484
 -0.00274099 -0.00473077 -0.00922092  0.00804099
343745	-0.00150444  0.00336812 -0.00120949  0.0010082   0.00569018 -0.00030706
  0.00039331  0.00567066 -0.00466254  0.00742648
348868	 0.0002187  -0.00367972 -0.0040409  -0.00835692 -0.00334637  0.00411246
 -0.00638257 -0.00100604 -0.0033919   0.00385817
489166	-0.00436132  0.00150585 -0.00358201 -0.00164907 -0.0009091  -0.00340301
  0.00657138 -0.00150021 -0.00018038 -0.00247761
317142	-0.00256882  0.00057368 -0.00425844 -0.00804185  0.00238248 -0.00194442
 -0.00281498  0.00563681 -0.00354598  0.00219329
330469	-0.00266467 -0.00064931 -0.00124632 -0.0022814   0.00360577 -0.00398904
  0.00296882  0.00051974 -0.00680489  0.00053102
233938	-0.00180375  0.00231374  0.00526284 -0.00349994  0.00666687  0.00139629
 -0.02006504  0.00056957  0.00294732 -0.00095355
14581	-0.0048416  -0.00489728 -0.00125237 -0.00482663  0.0012749  -0.01012592
 -0.00101798  0.00084025 -0.00206338  0.00602973
159018	-0.00575785 -0.00217312 -0.00897058 -0.00595156  0.00193939 -0.00323382
  0.0006603  -0.00055538 -0.00241008  0.00721342
370948	-0.00407384  0.00144692 -0.00919398 -0.00743181  0.00680758  0.00022338
 -0.00027997  0.00296027 -0.00315858  0.01302909
160812	 0.00833545  0.01811433 -0.0043548  -0.00710481  0.02713916 -0.01721662
  0.00589742 -0.00068965 -0.00825521  0.00475098
373009	-0.01034177  0.00474379 -0.00049424  0.00033358  0.01795708 -0.01804111
 -0.00614932  0.0011677  -0.00116798  0.00908715
315154	-0.00155717  0.00166898 -0.00459109 -0.00619057  0.00045465 -0.00065932
 -0.00097753  0.00590891 -0.00268347  0.00233468
114965	-0.00284986 -0.00643534 -0.00253826 -0.00250289  0.0015509  -0.01659808
 -0.00154888 -0.00155438  0.00562174  0.00436619
375577	-0.00455508 -0.00937202  0.00335833 -0.00640289  0.00056363 -0.00078387
  0.00405893  0.00119451 -0.00369992  0.00344623
546090	-0.00643197 -0.00798654  0.00206854 -0.00243994  0.00519672  0.00288608
 -0.00641067  0.00164964 -0.00937459  0.00463733
247599	-0.00370549 -0.00375012  0.00464135 -0.00173488  0.01407749 -0.00576716
  0.0073728  -0.00032521 -0.00354758 -0.00122417
230199	-0.00677609  0.00641911 -0.00393999 -0.00023747  0.01122809 -0.00451496
 -0.00851532  0.00579165 -0.00186664 -0.00400948
100157	-0.0055844   0.00415181 -0.00550845  0.00211043  0.01303201 -0.00936664
 -0.00376568 -0.00970611 -0.0019509   0.00521101
100158	-0.00026246  0.01361299  0.00271842  0.00063716  0.01063727 -0.00143273
 -0.00361508  0.00050627 -0.00739083  0.00331674
161091	-0.00758453 -0.00354937 -0.00338844 -0.00728372  0.00414759 -0.00424794
 -0.00799248 -0.00339135 -0.00686405  0.00536776
234830	 0.00999644 -0.00891413 -0.00791831 -0.00242465  0.00909051  0.00322427
  0.01072746  0.00089507  0.00794624  0.00683468
122199	 0.00268694  0.00820042 -0.0069144   0.00068105  0.00319762 -0.00096801
  0.00323695  0.00070809 -0.00103651  0.00537875
230233	-0.0016865   0.00240798 -0.00032542 -0.0012191   0.00855036 -0.0007047
 -0.00182452  0.00384976 -0.00408463  0.00106318
234842	-0.00571619 -0.00489845  0.00218009  0.00553128 -0.00198779 -0.00758494
  0.00072106  0.0150111  -0.00154009  0.00262834
144733	 0.00939553  0.00065264 -0.00142775  0.001679    0.00529777  0.00154358
 -0.00714369 -0.0051208  -0.01366792  0.0098944 
580446	-4.5600953e-03  1.7009098e-02 -1.0614784e-03  3.6558991e-03
  6.8725945e-05  3.8657489e-03 -2.8869247e-03 -2.1466576e-03
 -2.8236362e-03  1.9278538e-03
117599	-0.00582867 -0.01166852  0.00583655 -0.00503481 -0.00051777 -0.00103165
  0.00164591  0.00274567 -0.01214353  0.00184694
360292	 8.3164210e-05 -1.0733473e-02 -8.8606616e-03  2.2542623e-03
  1.4434793e-03 -9.6105533e-03 -6.9146436e-03  4.4737387e-04
 -1.1517794e-02 -5.1200413e-04
51175	 0.00190063 -0.01184121  0.01168003  0.01311169 -0.001452   -0.0077425
 -0.00237199 -0.00116712 -0.00644189 -0.00523251
472941	 0.00137643 -0.00403799 -0.00178401 -0.00716065  0.00652643 -0.0044835
  0.0042811  -0.00428666 -0.00622127 -0.00845014
95087	 0.00588252  0.00561847 -0.00507839 -0.00858877  0.00258454 -0.00593249
  0.00020447  0.0069806  -0.00504623  0.00426032
51056	 0.00487339 -0.00322107 -0.00581806  0.01333106  0.00016134  0.00248691
 -0.01199268  0.00753345 -0.0034302   0.00697978
146815	-0.00432343 -0.00704911 -0.00511937 -0.00491392 -0.00157388  0.0046418
  0.00360008  0.00232422 -0.00809947  0.00452195
317827	-0.00531856  0.00438171 -0.00521275 -0.00717766  0.00178954  0.00411531
 -0.00295761  0.00379423 -0.00405271  0.00402146
397701	-0.00272644 -0.0065043   0.00563553 -0.00941038  0.0114089   0.00171187
  0.00553529  0.00160821 -0.00314502  0.00690032
177542	-0.00929443  0.00109816 -0.00659747 -0.00453131  0.00589223  0.00471291
  0.00460432 -0.00097566 -0.00182129  0.00232069
317832	-0.00365264  0.00284272 -0.00734752 -0.00728611  0.00334314  0.00043967
 -0.00070368  0.00266343 -0.00278603  0.0044848 
543626	-0.00789608  0.00132405 -0.0004745  -0.0054302  -0.00502219 -0.00426844
 -0.00154021  0.00035625 -0.00778803  0.00979519
114071	-0.01068201  0.00463233 -0.00194258 -0.00363503  0.00379653  0.00011975
  0.0021109   0.01031046 -0.00335445 -0.00438858
318876	-4.9810084e-03 -3.0726084e-04 -6.2266607e-03 -7.5048641e-03
  7.4958178e-04 -6.2511343e-04  9.0674926e-05  4.0885829e-03
 -4.7370414e-03  6.6680266e-03
171423	-1.3356846e-03 -2.1897403e-03 -3.1842252e-03  6.4857153e-04
 -2.0097832e-03 -1.6264154e-03  1.6083872e-04  4.8602633e-03
 -8.7432321e-03 -3.4655768e-05
319395	 0.00068849  0.00208983  0.00033449 -0.01061819 -0.00012161 -0.00112616
  0.00039674 -0.00104602 -0.00228954 -0.00017434
447918	-0.00409967  0.00079518 -0.00386355  0.00062741  0.00165085 -0.0042988
  0.00231529  0.00219826 -0.00343662 -0.00222393
181688	-0.00836162 -0.00457367 -0.00224396  0.00551342  0.00423487 -0.00380944
 -0.00501251  0.00431464 -0.0033378   0.00541208
398283	 0.00013806  0.00478698 -0.00850204 -0.00364292  0.00459803 -0.01079676
  0.01575373  0.0094588   0.00051036  0.00335938
320975	-0.0026236   0.00244287 -0.00502272 -0.00552116  0.00420163  0.00078359
  0.00027026  0.00292717 -0.00535254  0.00184277
161744	 0.00341161 -0.00298893 -0.00085287  0.01030254  0.01857056 -0.0088154
 -0.00544939  0.00528421 -0.00237653  0.00693982
318417	-0.0048751  -0.00175097 -0.00920238 -0.00621661  0.00092299 -0.00140947
  0.0016656   0.00479799 -0.00487232  0.00224372
480210	-0.00509466  0.00271603  0.00075351  0.00046481  0.00667548  0.00270037
  0.00437247  0.00600813 -0.00863063  0.01038263
241620	 7.6565653e-04  5.6792510e-04 -4.7495030e-03 -3.0308284e-03
  4.2232731e-03 -3.9465679e-03 -5.1783423e-05 -3.6900935e-03
 -1.3344479e-03  3.4858831e-03
51790	 1.2589392e-03 -4.4670496e-03  1.2392560e-03  8.4690910e-05
  4.1001728e-03 -7.9901507e-03 -3.8566676e-03 -1.2568865e-04
  3.4680328e-04  4.2635882e-03
233942	-0.00180375  0.00231374  0.00526284 -0.00349994  0.00666687  0.00139629
 -0.02006504  0.00056957  0.00294732 -0.00095355
526808	-0.00536757  0.00064872 -0.00653807 -0.00248903  0.00186699 -0.00610531
 -0.00044411  0.00626826 -0.0104824   0.00025285
501721	-0.01037811 -0.00119583 -0.01087304 -0.00618939  0.0014582  -0.00915553
 -0.00449446 -0.00128319 -0.00286495  0.00300935
488418	-0.00293503 -0.00990796 -0.00294864  0.00852748 -0.0019016  -0.00489105
 -0.00371556 -0.00181193 -0.01128602  0.00663859
430564	 4.6714209e-03  1.0991963e-03  1.8735060e-06 -8.0500450e-03
  2.6183908e-03 -5.1114638e-03  1.2164372e-02 -4.5459806e-03
 -1.9798244e-03 -3.1522687e-03
250342	 0.00098197  0.01007037  0.00029245 -0.00723376 -0.00848427 -0.00372843
  0.00166366 -0.00906674 -0.01290458 -0.00123626
341991	-0.00359207  0.00298537 -0.00742043  0.00335808  0.00865393  0.00247228
  0.00999548  0.00070037 -0.00567025 -0.00074445
