184835	-0.00877447  0.00476498 -0.00722034 -0.01337817  0.00802438 -0.00585295
 -0.00051947 -0.01363666 -0.00047582  0.00121983
266246	 0.00231662  0.00172018  0.00196953 -0.00147026  0.00016529 -0.00619588
 -0.0033754  -0.00200436  0.0036693   0.00164414
472077	-0.00727568 -0.00192429  0.00591119 -0.00516687  0.0062505  -0.00309904
  0.00102564 -0.00338538  0.00840999  0.00190128
184846	-1.10412985e-02  6.33018697e-03 -8.44239723e-03 -1.00605283e-02
  5.66725433e-03 -6.98226038e-03  1.48453412e-03 -8.75780825e-03
  3.92816110e-05  1.81972783e-03
502288	-0.00567949  0.00223152 -0.00040651 -0.00318832 -0.00290378  0.00268269
 -0.00031687  0.00049799 -0.00568631  0.00198674
348182	 0.00190591  0.00784477 -0.00305725 -0.00504854  0.00156095 -0.00314618
 -0.00372763 -0.00344873  0.00345842  0.00615216
100015	-1.0156812e-05 -1.9758113e-03  3.3979705e-03  7.8231543e-03
 -5.5202580e-04 -1.0501699e-03 -4.9167140e-03  5.7464084e-03
  5.9723672e-03  1.2674259e-02
118218	 0.00950063 -0.00230111 -0.00035201 -0.00010536  0.00299026 -0.00742143
  0.00935608  0.00068867  0.00228859 -0.00206096
289286	-0.00647215 -0.00207018 -0.00850526 -0.00480129 -0.00225749 -0.00461185
  0.00145857 -0.00453012 -0.00776169  0.00096507
257969	-0.01215869  0.01041206  0.00232993 -0.00475202  0.00908435  0.00425459
 -0.00817524 -0.01618282  0.0090378   0.00087643
507946	-0.00389674  0.00856285 -0.00641887 -0.00477255  0.01446863  0.0024471
 -0.01061946 -0.00840297  0.00323887  0.00116295
438830	-0.00264748  0.00267735 -0.00721345 -0.01665339 -0.00068183 -0.00521155
 -0.00939021 -0.00840126 -0.01051363  0.00687238
456240	 0.01294683  0.00185686 -0.00306427 -0.01089523  0.00459951 -0.00210722
  0.00561119 -0.00295737 -0.00550217 -0.00137131
189490	 0.00139706 -0.00214732  0.00646418 -0.00426246 -0.0025344   0.00804566
 -0.00016556 -0.0112401  -0.00061688  0.00040701
117818	 0.00721667 -0.00302548  0.00053728  0.00206502 -0.00072722 -0.00681897
  0.00792378 -0.00110524 -0.00136961  0.00777655
233019	 0.00953506  0.00507063  0.00673118  0.00129953  0.02470178 -0.01425285
 -0.01538398  0.00885048 -0.04843328 -0.02723822
539200	 0.00139847  0.00073645  0.00613187 -0.00596353  0.00234768 -0.00889336
 -0.00821538 -0.00433787  0.00160814 -0.00207193
173648	-2.1382333e-03  4.6065263e-03 -3.8500235e-03 -5.9044920e-03
  2.1189423e-03  1.2910700e-03 -4.5102006e-03 -6.1943182e-03
  1.9001563e-05  7.8037353e-03
501841	 0.00469982  0.00746151 -0.00716001 -0.00625364  0.0117649   0.00824807
 -0.00023553 -0.00601105  0.00080384  0.01766406
521817	 0.00201329  0.00065308 -0.0049443  -0.00487202 -0.00384163 -0.005286
  0.01196447 -0.00655353 -0.00721574  0.0130048 
281691	-0.00176126  0.00541514 -0.00893839 -0.00301972 -0.0006655   0.0063722
 -0.00050684 -0.00994849  0.00186981  0.00818232
198768	-0.00365132 -0.00477684 -0.00033421 -0.0167584  -0.00477295  0.00888842
 -0.00580283 -0.00399323 -0.0114718  -0.00404973
253044	-0.0067995  -0.00086697  0.00486388 -0.00473075  0.0022154  -0.00829149
 -0.00445229  0.00280921 -0.00284952 -0.00736422
195189	-0.00313216 -0.00067903 -0.00218231 -0.00209437 -0.00459883 -0.00566464
 -0.00075843 -0.00139755  0.00081789  0.00094361
173687	-0.00756958  0.00269514  0.00028893  0.00015247  0.00669662 -0.0012298
 -0.00275279 -0.01237517 -0.00335762  0.00393714
13435	-0.00076229 -0.00114344 -0.00027146  0.00325651 -0.00142895  0.00318615
 -0.00616257  0.00172735 -0.00243568 -0.00188873
56960	 0.00470122  0.00356601  0.00368203  0.00786764 -0.00130006  0.00032629
  0.00171425 -0.00745965 -0.00478095  0.00724081
87684	 0.00253807 -0.00408872 -0.00121472 -0.00813849  0.00426245  0.01506598
 -0.00692043 -0.00959357 -0.00714589  0.00388615
473735	-0.00186018 -0.00218431 -0.00163676 -0.01261302  0.01631954  0.00204065
 -0.00370824  0.00302047  0.0167223   0.00115357
249708	-0.0004141   0.00025266  0.00828912 -0.00202805  0.00071522  0.00216085
 -0.00129984  0.00027748 -0.0029437   0.00154334
174231	-0.00466871  0.00304392  0.00406325 -0.00622565 -0.00376223  0.00243883
 -0.00459766 -0.00508245 -0.0053504   0.00623396
245912	 0.00365025  0.00472741 -0.00184212 -0.0059917   0.00035094  0.00078953
  0.00166844  0.00212312  0.00333366 -0.00249108
359069	 2.1128899e-03  1.2193058e-02 -9.5049379e-04 -5.0359652e-03
  3.5351713e-03  9.7083934e-03 -3.0350618e-04 -4.7565363e-03
  4.4846412e-05 -2.9819013e-04
454303	-0.00484691  0.00477314 -0.00067606  0.00023842  0.00044967  0.00420944
  0.01309301 -0.01056375  0.00737114  0.00108309
223909	-7.5585237e-03  1.0579984e-03 -4.4065077e-04  1.0814019e-03
 -8.6775844e-06 -2.1980747e-03  2.4165444e-03  1.1856836e-03
  5.5895261e-03  2.4724675e-03
38055	-0.00868956 -0.00623176 -0.0034809   0.0020941   0.01074753  0.00089025
 -0.00867451 -0.00196963 -0.00151812  0.0031062 
491695	-0.00373021  0.00026593  0.00085512 -0.00180894  0.00979044  0.00846496
  0.00728286  0.01307844  0.00395245  0.00115812
535728	-0.00309587  0.00756089 -0.00255246 -0.00367198 -0.00163691  0.00130173
  0.00252202 -0.00285815 -0.00052533  0.00545784
535729	-0.00785049 -0.00028017 -0.00441559 -0.00685954 -0.00203987 -0.00337215
 -0.00234724 -0.00711658  0.00514215  0.00464783
535730	-3.5549183e-03  7.7352035e-03 -1.1907675e-02 -4.7182729e-03
 -3.0910878e-03 -7.1186963e-03 -3.0223913e-05 -3.9952793e-03
 -5.0766002e-03  7.5338501e-03
27829	-0.00537755  0.01058525 -0.00015541 -0.00802582  0.00274639 -0.00483684
  0.00276557 -0.00251661  0.00173863 -0.00668209
362167	-0.00116863  0.00582213 -0.00077946  0.00776824  0.00179255  0.0059699
 -0.00176723  0.00253134  0.00246546  0.00694556
410296	-1.5163441e-04  4.2769485e-03  2.9858076e-03 -3.1031677e-03
 -3.3668694e-04 -1.9755533e-03  3.7564104e-03 -1.0099427e-03
 -5.8907601e-05  4.2253137e-03
547888	 0.01023878 -0.00317246 -0.00714037 -0.0068772   0.00638945 -0.00136253
 -0.00326487 -0.00343954 -0.00215078 -0.00548844
174026	-0.00179916  0.0031196   0.00589868 -0.00952369  0.00430546  0.00079581
 -0.00188106 -0.01027931 -0.00747428  0.0053495 
180416	 0.00075346  0.00484523  0.00086989 -0.003778   -0.01719305 -0.02669227
 -0.02332438 -0.01656455 -0.02700662  0.00458853
54049	-0.00214735  0.0067142   0.01032988  0.0128031   0.00712726  0.00119629
  0.00580229 -0.00964106  0.00340377  0.01425613
429773	-0.00713838 -0.0065974  -0.00836515 -0.0028321   0.00497322 -0.00250339
  0.00648207 -0.00468619  0.00359149  0.00545143
1230	-1.77325483e-03 -3.06331948e-03  4.21742816e-03 -3.60114546e-03
  3.48243606e-03 -5.52220386e-04  1.43433535e-05 -5.43727307e-03
 -2.57655000e-03  4.91216488e-04
150737	-0.00608451  0.00337457 -0.00090081 -0.00373569 -0.00525869 -0.00066256
 -0.00110332 -0.00368054  0.00029597  0.00488578
298194	-0.00676758  0.00676314 -0.01858107  0.0016582  -0.00121666  0.0051196
  0.01463178 -0.00551035  0.00244997  0.0009041 
579288	-0.00167038  0.01045861  0.0009575  -0.008122    0.00942631  0.00104815
 -0.01289784 -0.00304565  0.00177446  0.0119269 
380636	-0.00119901  0.0013437   0.00467271 -0.00203478  0.00484681 -0.00945016
  0.01081388 -0.0002072  -0.00999534  0.0004866 
133854	-6.6822576e-03 -7.9262893e-05 -2.2473342e-03 -5.1379716e-03
  3.8887241e-03  1.6807501e-03 -2.8236911e-03 -1.1679367e-02
  4.6543190e-03  5.5188462e-03
263395	-0.00399935  0.00053068  0.00031089 -0.01238476 -0.00734148 -0.00100246
  0.00083343 -0.00159178  0.0010711   0.00363762
330470	 0.0095259   0.00147828 -0.00297888 -0.00943943 -0.00199826  0.00046254
  0.00506823 -0.00728548  0.00527538  0.00148496
270065	-0.00123757  0.00365849 -0.01340581 -0.00403142 -0.01067654 -0.00518751
 -0.0044764  -0.00918697 -0.00026256  0.00761381
509682	 0.00186209  0.00066152 -0.00080875  0.00272242  0.00018256 -0.00417308
  0.00059037  0.00307434 -0.00299477  0.00174561
216314	-0.00944361  0.00780575  0.00074656 -0.0081591  -0.00927565  0.00364082
  0.00857202 -0.00185984 -0.00346852 -0.00454404
547882	-0.00659576  0.0139159  -0.01067936 -0.00571073  0.01618411 -0.00246534
 -0.00029831 -0.01071507  0.00546016 -0.00348428
219908	-0.00783642  0.00177734 -0.00600467 -0.00831523  0.00834267 -0.00251994
  0.00363157 -0.00403752  0.00073015  0.00037634
346887	-0.00534979  0.00215214 -0.00555804 -0.00896389 -0.00746151 -0.00445994
 -0.00019625 -0.00832076  0.00635091  0.01259527
435847	-0.00095446 -0.00418779 -0.00428151  0.00316421 -0.00789415 -0.00484545
 -0.0075692  -0.00420375 -0.00815305 -0.00465062
197905	-0.00407849 -0.00160433 -0.00977947 -0.00160003 -0.00506924 -0.00041936
  0.00037992  0.00204132 -0.0019758  -0.00270983
279829	 0.00425062  0.00340525  0.00511287 -0.00570352  0.00096804 -0.01018437
  0.00745753 -0.01379147 -0.00275262 -0.00563559
489604	 0.00218465  0.00356605  0.00028772  0.00019667  0.00489543 -0.0026294
  0.00222666 -0.00589436  0.00174045  0.00244017
368411	 0.00241145 -0.00406805  0.00173527 -0.00238947  0.00246837  0.00129406
  0.0022151  -0.00681243 -0.00124973  0.00015678
394529	-4.4066543e-03 -5.8957102e-04 -8.2962625e-03 -1.8741764e-03
 -5.2779829e-03 -6.7309099e-03 -3.0537955e-03 -3.7756865e-03
 -9.7774973e-05  3.7935406e-03
50468	 0.00080881  0.00021549 -0.00219624 -0.00367844  0.00178553  0.00463604
  0.00035966 -0.00525842  0.00086207  0.00559351
54053	-0.00214735  0.0067142   0.01032988  0.0128031   0.00712726  0.00119629
  0.00580229 -0.00964106  0.00340377  0.01425613
66347	-0.00391923  0.00931419 -0.00216207 -0.00355782  0.00075677 -0.00318247
  0.00426901 -0.0003963   0.0006172  -0.00475279
522540	-0.00035266  0.0069672  -0.00309525  0.0042116  -0.00087674 -0.00268534
 -0.00043356  0.00622158  0.00049679 -0.00363745
522541	 0.0034563   0.00931212 -0.00381382 -0.00116198  0.00216993 -0.00107341
  0.00663542  0.00419229  0.00389154 -0.00464994
42292	-3.3114373e-03  2.5994994e-03 -3.0407072e-03 -6.1687869e-03
 -5.8880006e-03 -1.2198216e-03 -3.4551940e-05 -3.9823488e-03
 -2.0794701e-04  9.1883363e-03
427320	-0.00227611  0.0058459  -0.00758631 -0.00099542  0.00015633  0.00015082
  0.00351876 -0.00631927 -0.00276723 -0.00124271
317758	-0.00853173  0.00250179 -0.00483215  0.00039824  0.00270778  0.01524117
  0.00049131 -0.0018474   0.00364063  0.00307687
385350	-0.00130669  0.00422844 -0.00326852 -0.00339259  0.00303819  0.00205333
  0.00386487 -0.00278294  0.00185455 -0.00549173
243531	 0.00618662  0.00802262  0.00068641 -0.0076339   0.00800641 -0.00169338
  0.00808296 -0.00360097  0.00440298 -0.00013872
218271	-0.00518999  0.00042571  0.00424519 -0.00052581 -0.00505648 -0.00535697
 -0.00060398 -0.00046169 -0.00336691  0.00629849
383313	 3.2283277e-03  2.3576214e-03 -2.2237080e-05  9.0692311e-06
  4.2766961e-03  3.3008680e-03 -2.2320134e-04  5.1110918e-03
 -2.4129357e-03  6.6818008e-03
524003	-0.00585533 -0.00376512  0.00154762  0.00205647 -0.00369796 -0.00112433
 -0.00285514  0.00415139  0.00120253  0.00031716
515413	-0.004617    0.00241582 -0.00251174  0.00507506 -0.00785689 -0.00763432
 -0.00084815 -0.00042288 -0.00599512 -0.00475988
150074	 0.00320671 -0.00536511 -0.00542238  0.00624997  0.00867927  0.01039767
  0.00183535 -0.00155879 -0.00089352  0.00507572
120167	-0.00210448  0.0100392  -0.00992313 -0.00587504  0.00447552 -0.00152152
  0.01862059 -0.00385076  0.00128136 -0.00795032
222060	 2.8289140e-03  3.1333657e-03  3.5588427e-03 -4.7926009e-03
  5.3448719e-05  1.3166924e-03  4.3810364e-03 -4.6553789e-03
  1.5292546e-03  1.2157727e-02
475966	-0.00538547  0.00716163 -0.00400735 -0.00901003 -0.00155034 -0.00214354
  0.00121745 -0.01072404  0.00013677  0.0064994 
245112	-5.0915927e-03  4.2863954e-05 -4.6219416e-03 -6.1594741e-04
  3.3666531e-03  5.6362944e-04  3.4427315e-03 -1.0676885e-02
 -1.6403799e-03 -4.8860251e-03
9594	-0.00440524  0.01419729  0.00690283  0.00101934 -0.00107175 -0.00264733
  0.00438885 -0.0003071   0.00505718  0.00757416
349566	-0.0019943   0.00264778 -0.00147273 -0.00210821 -0.00363446  0.0011149
  0.00072976 -0.00650998 -0.00078418 -0.00965849
346510	-0.00688438  0.00557848  0.00132832 -0.00801087  0.00592218  0.00108873
 -0.00755655 -0.01002532 -0.00287577  0.00434824
435599	-0.00354951  0.00034966 -0.00427599 -0.0008499  -0.00236207 -0.00348725
 -0.00110126 -0.00669426  0.00452312  0.00946192
200593	-0.00899575  0.00476869 -0.00724519  0.0012906   0.00582799 -0.00321606
 -0.00361752  0.00042005  0.00289891  0.01320998
54176	-0.00214735  0.0067142   0.01032988  0.0128031   0.00712726  0.00119629
  0.00580229 -0.00964106  0.00340377  0.01425613
383395	 0.00238604 -0.00122829 -0.00324753  0.00067702  0.0044108  -0.00872311
 -0.00212457  0.00061868  0.00074351 -0.00199796
580524	-0.0016619   0.00323763 -0.01348352 -0.00249537 -0.00468029 -0.00811153
 -0.00331546 -0.00102316  0.00036009  0.00387072
402865	 0.00048729  0.00467029 -0.01138388 -0.00176826 -0.00711123 -0.00773434
 -0.0033667  -0.00564848  0.00080082  0.00683262
305590	-0.00640363  0.00723814  0.00019811  0.00463862  0.01459337 -0.00367943
 -0.00372269  0.00190925  0.00701592  0.00209786
243641	-0.00271794 -0.00012744 -0.00301743 -0.00879426  0.0055403   0.00042279
 -0.0088739  -0.01502354 -0.00451533  0.00267114
555679	 0.00037803 -0.0039834   0.00065755 -0.00066259  0.00044142 -0.00565227
  0.0001152   0.00377325  0.00246838 -0.00084662
375754	 0.0051804   0.00321068 -0.00112225  0.00055059 -0.00377763  0.00109985
  0.00847691 -0.01042941 -0.00111038  0.00364452
375756	 0.00067664  0.00217093 -0.00251534 -0.00182458  0.00564391  0.00241174
  0.00874344 -0.00870767  0.00440587  0.00798007
555475	-0.0034224   0.00370995  0.00419835  0.00561229  0.00417866  0.00177816
 -0.00308528  0.0006047   0.00269161  0.01280621
535002	-0.0007883  -0.0008312  -0.00365726 -0.00414269 -0.00982431  0.00064194
 -0.00566426 -0.00852678  0.0001391  -0.00442209
401883	-0.00537443  0.00150172  0.00030303  0.01207144  0.00487218 -0.00331927
 -0.00679282 -0.00391467 -0.00685241 -0.0036618 
216544	-0.00198254  0.00667632 -0.00087903  0.00023734  0.00288686  0.01067315
  0.00497029 -0.0021555  -0.00298313 -0.00233741
187880	-0.00276864  0.0082146   0.00116887 -0.0032072   0.00222234 -0.00097519
 -0.00283992 -0.00343952  0.00530914  0.00692412
42475	-0.00077136 -0.000359   -0.00793666  0.00214669  0.00315163 -0.00072145
  0.00044483 -0.0007874   0.00315363  0.0046683 
154606	-4.5100317e-04 -1.5990223e-03 -9.4886505e-05 -1.6166080e-03
  5.5811270e-03  8.6079579e-04  6.7162362e-04 -2.7731787e-03
 -2.0185047e-04  1.2258202e-02
87545	 0.00752004 -0.00296077 -0.00059999  0.00208389  0.00259522 -0.00077893
  0.00795844 -0.00634435  0.00741452 -0.00033825
258044	-5.8004127e-05  7.6767746e-03  2.2102813e-03 -6.5966216e-03
 -1.7505600e-03  1.9032008e-03 -1.4265584e-03 -1.5590856e-03
  6.3768625e-03  7.6975920e-03
