195081	 0.00865687 -0.00111489 -0.00348384 -0.00367142  0.00514909 -0.00850112
  0.00068581 -0.00692332  0.00080703  0.00371601
460812	-0.01116518  0.00982    -0.01909839 -0.01124699  0.00625804 -0.0111649
 -0.00176774 -0.00844274 -0.00033064 -0.00427933
189454	-0.00190647  0.00677054 -0.00605578 -0.00976593 -0.00109619 -0.00065694
  0.00229829  0.00538544 -0.00515617  0.0029053 
332815	 0.00159371  0.00575376 -0.0047762  -0.00590752 -0.00726029 -0.00448308
 -0.00552212 -0.00322434  0.00046432  0.00148098
179219	 0.00058278 -0.00538432  0.00804149  0.00087962 -0.00439015 -0.00557453
 -0.00380404 -0.00389225 -0.00415529 -0.00200695
502804	-0.00521672 -0.00068323  0.0020562  -0.00473679 -0.00058567 -0.00172456
 -0.00077759  0.00684819 -0.003088    0.00154119
526869	 0.00547563  0.00741059 -0.00117626 -0.00549527  0.00148251 -0.00433421
 -0.0002744  -0.00352206 -0.00269332 -0.00183107
202262	-0.00179991 -0.00624086  0.00215699  0.00457198  0.00036309  0.00129446
 -0.00268494 -0.00266291  0.0027564   0.01355538
146970	-3.4864119e-04 -5.9222006e-03  3.2775651e-04 -3.0146153e-03
  2.3550922e-03 -5.9692245e-03  3.5072997e-05 -2.5517391e-03
  1.3173906e-03  5.3243297e-03
321060	-0.0104805   0.00075032 -0.00175276 -0.00210932  0.00571762 -0.00049066
 -0.00116494 -0.00109443  0.00111362 -0.00469556
541735	 0.00445524  0.00056322 -0.00527422 -0.00237431 -0.00686447  0.00325526
 -0.00124001  0.00116241 -0.00818266  0.00634511
161628	 0.00895397  0.02170267  0.01640777  0.00454859 -0.03009689 -0.01030777
 -0.02273924 -0.00554004 -0.00601596 -0.00216539
300597	 0.0069105  -0.01070126 -0.00271404  0.00149171 -0.00034982 -0.00475979
  0.00225303 -0.00629431  0.00404186  0.01879212
87608	 0.00613649  0.00805772 -0.01228656  0.02247268  0.01048464 -0.00024989
 -0.00192536  0.0015412  -0.00044435 -0.00974658
218682	 0.00157735  0.0096524  -0.01688077 -0.00610664 -0.01465692 -0.00651033
  0.00328954 -0.00478216  0.0175452  -0.01470077
79932	 1.0350775e-03 -3.3342803e-03  3.5496796e-03 -2.5995013e-03
  1.3880548e-03  2.9886363e-03 -1.3125820e-02  8.7388114e-05
 -6.5130061e-03  6.6963541e-03
248386	 1.8287057e-03 -1.1291178e-02 -5.0978009e-03  5.7321775e-04
 -7.7905944e-03 -5.1993920e-05  5.2818428e-03 -2.8642574e-03
 -8.8336794e-03  3.6688296e-03
202321	 0.00760119 -0.00320962 -0.00203212  0.00434336  0.00505193  0.00458297
 -0.00649868  0.00681827  0.00269235  0.00099152
54286	-0.01321415  0.00628675 -0.00018281 -0.00506906 -0.00536703 -0.0123492
 -0.0063008  -0.00758593 -0.00920791 -0.01863971
245848	-0.00062591 -0.0103193  -0.00046185 -0.00234386 -0.00163416 -0.01125893
 -0.00683037 -0.0058796   0.00190756 -0.00494165
478735	-0.00595368 -0.00249189 -0.00749968  0.00402806  0.00456199  0.00960516
  0.00112918  0.00399618 -0.00324636  0.0017627 
329826	 0.00348667  0.00114772 -0.01246938  0.0122922  -0.01459925 -0.01079551
  0.00176996  0.00022939 -0.00380823  0.00141978
363110	 0.00529897 -0.00199707 -0.00743694  0.00550864  0.00195175 -0.00024245
 -0.0055118   0.00165868 -0.00126747  0.00398563
12773	-0.00090311 -0.00173604  0.00025155  0.00268208  0.00108506  0.00088849
 -0.00382433 -0.00153837 -0.00328121  0.00462529
299124	-0.00195679 -0.00747754  0.00201206 -0.01068803 -0.00556107  0.00356191
  0.0004843  -0.00048607 -0.00530455  0.00676634
429687	-4.9315644e-05 -2.2641863e-03 -1.7293466e-03 -3.2613582e-03
  1.9392243e-04 -4.2333241e-04  1.0523294e-03 -2.1970354e-03
 -5.0252411e-03  1.4556852e-03
202376	-1.4890309e-03 -6.4503876e-03  2.2265208e-03 -2.1023456e-04
 -4.2308611e-03  2.8731846e-03 -4.9644138e-04  2.2911669e-03
  2.4801695e-05  5.9181987e-03
259219	 0.01073997  0.0017103  -0.00595896 -0.00901828  0.00219449 -0.00610976
 -0.00532513 -0.00963832 -0.00899954 -0.00927411
540312	 0.00454903 -0.01110147  0.00797776 -0.01091417  0.00206577  0.00162813
  0.00459014 -0.00470751 -0.00313263 -0.00325772
373403	 0.00573355  0.00470929 -0.00553248 -0.01139592 -0.00567917  0.0029818
  0.00281824  0.00015131 -0.00281238 -0.00746802
152737	 0.004375   -0.00440111 -0.00133626 -0.01195186  0.00195427  0.00774665
  0.00382061 -0.0041615   0.0026818  -0.00248382
411811	 0.00063409 -0.00097851 -0.0053208  -0.00256935  0.00160366 -0.00058506
 -0.00184755  0.00414181  0.00140963  0.00028316
111269	-7.4612425e-04 -7.9829048e-04 -4.9963854e-03 -3.7030135e-05
  3.3054920e-04  1.1306049e-04 -2.1600840e-03  3.6588879e-03
  5.7367040e-03 -8.7364186e-03
309926	 4.9975738e-03 -1.0315217e-02  7.1483897e-05 -9.1557354e-03
 -8.2115429e-03 -5.1505794e-03  2.6891662e-03 -6.4302939e-03
  6.9099255e-03 -4.5724288e-03
47986	-0.00125363  0.00333022 -0.00034351  0.00027808  0.00130152 -0.00192685
  0.00045186 -0.00127528 -0.00373447  0.001455  
313006	-0.01242748  0.00041278 -0.00164165 -0.00268714  0.00239624 -0.00141165
 -0.00877687 -0.00125449  0.00133986 -0.00135257
234162	-7.3715411e-03 -1.5341992e-02 -1.3114965e-03 -1.0907517e-02
 -8.1384402e-05 -4.8370156e-03 -6.2338011e-03  3.1199609e-03
 -3.8718421e-03  3.1315133e-03
174773	-1.5306976e-05 -2.3302662e-03  4.5174016e-03 -3.1987997e-03
  1.4239181e-03 -5.2190153e-03  6.6296747e-03  4.7525391e-03
  1.8673808e-03  8.5805729e-03
252618	-0.00340834  0.01064166  0.00216665  0.00043364 -0.01065474 -0.00483432
 -0.0108126   0.00907216 -0.0059909  -0.00358837
490699	-0.00403751  0.0013917   0.00763294  0.00105175  0.00088339  0.00515312
 -0.00755027  0.00184816 -0.00484824  0.00597174
378572	-0.00386468 -0.00480998 -0.01415588  0.00821718 -0.00196833 -0.00190413
 -0.00363459 -0.01019221 -0.00729995  0.00102832
278242	 0.00099398 -0.00519532  0.00310515  0.00104812  0.00146364  0.00231184
  0.00092884  0.00087711 -0.00284657  0.00140602
330470	-0.00217625 -0.00457632 -0.00912315  0.00251434 -0.00202567 -0.00159328
  0.00269309 -0.0034281  -0.00674514  0.00164165
230120	 0.0064242  -0.01021413 -0.0020511   0.00402958 -0.00354792 -0.00210173
 -0.00053526 -0.0102706   0.00266799  0.01217695
174315	 1.6032212e-03 -4.2426456e-03  9.0791407e-05 -4.5648487e-03
  4.2252881e-03 -8.4506785e-03 -3.5726388e-03 -1.3220102e-03
 -5.1310151e-03  6.8728817e-03
252653	-0.0080377   0.00684361 -0.00869348 -0.01714732 -0.00330625 -0.00741079
 -0.01085861  0.00850115  0.00938764 -0.00395937
404723	 0.00170906  0.00252274  0.0005544   0.00323491 -0.00439001 -0.00300852
 -0.01104441 -0.00502873 -0.0005856   0.00095892
183030	 0.00774526  0.00142997 -0.01355063 -0.00527306 -0.00676112 -0.00647423
 -0.00572019 -0.02062574 -0.01333897  0.0039755 
13559	-0.00393583 -0.00216549 -0.00178395  0.00110241  0.00082932 -0.00278426
 -0.00704217  0.0023036   0.00098156  0.00910633
374011	 0.00019007 -0.00146476  0.00010853 -0.00069746 -0.00284258 -0.00031092
  0.00233378  0.00259922  0.00048322 -0.00377662
190204	-0.00351758 -0.00418384 -0.00263507 -0.00220068  0.00652176 -0.01085745
 -0.0023649   0.00681121 -0.00072207 -0.00740942
324351	-1.0129417e-02  5.3578834e-03 -8.4713455e-03 -1.7804574e-03
  3.7341248e-03 -2.6574950e-03 -1.4746645e-03 -3.0634215e-05
  2.9914216e-03 -6.6040410e-04
259329	-1.4524520e-04 -1.5055393e-03  1.2259911e-03 -4.0976848e-03
 -5.7462095e-03 -3.9624367e-04  8.0212209e-05  4.4210758e-03
  4.7683143e-03 -5.0498453e-05
177934	-0.01450368  0.00285095  0.00079505  0.006996    0.00354353  0.00038729
 -0.00390343  0.01278224  0.00612586  0.00208518
189712	-0.00794495 -0.01871619 -0.0044805  -0.00662073 -0.00227348 -0.00181957
 -0.00600257 -0.00838364 -0.00537743  0.01098287
480018	 0.00499565 -0.00641622 -0.00305818 -0.00772901 -0.00544767 -0.00108065
  0.0021357  -0.00122893 -0.0087779   0.00358759
349145	 4.0260963e-03 -1.7290842e-03  1.0562943e-02 -2.4380870e-03
 -7.4751311e-05 -7.1573481e-03 -1.2162685e-03 -3.0413941e-03
 -2.1456871e-03 -5.1388000e-03
345881	 0.00116686  0.00454911 -0.00356166 -0.00841899 -0.00603964 -0.00278089
  0.00356533  0.00036294 -0.00141549 -0.00029957
126244	 0.00420677 -0.00069814 -0.00030301  0.00958319  0.00318502  0.01024365
  0.00074204 -0.00398301  0.00256818 -0.00265889
324397	-1.1314078e-02  4.1638971e-03 -8.1411206e-05 -2.9237033e-03
  5.3205765e-03  3.3414931e-04 -7.3181898e-03 -3.3476418e-03
 -4.8326259e-03 -1.5886624e-03
228144	 0.00443311 -0.01446505  0.00736759 -0.00986048 -0.0046      0.00241273
 -0.00146918  0.00285954 -0.00541302  0.00737739
191793	-0.00543534 -0.01750469 -0.00521476 -0.01008936 -0.00782286 -0.0024514
 -0.01017304  0.00939995 -0.00796142  0.00178592
384310	 0.00939921 -0.0049006   0.00765142  0.00066432  0.00831391 -0.00821972
 -0.00892274  0.00349287 -0.00174521 -0.00828807
462144	-0.00038377  0.00849326 -0.00075297 -0.00492532 -0.00032141 -0.00433851
  0.00404921 -0.0101537  -0.00810279 -0.00331512
457541	 0.00820843 -0.01007747 -0.00635797  0.00157575  0.00138142  0.00481042
 -0.00216543 -0.00062056 -0.00116729  0.0027533 
93510	 0.00415996  0.00180388  0.01012985  0.0034253  -0.0002934  -0.00793657
  0.01385736 -0.0015952   0.00534987 -0.00340105
87368	 0.00744811 -0.00192789 -0.01143205 -0.00475088  0.00128824 -0.00851096
  0.00088752 -0.00281206  0.0009195   0.0042796 
329551	 0.00205434 -0.00123285  0.0002517  -0.0054447   0.00184344  0.00569317
  0.00022614 -0.0024526  -0.00229584 -0.00136933
159570	 0.0009564  -0.00291181 -0.00619943 -0.00476725  0.00263979 -0.00102987
  0.00080711 -0.01054517  0.00334611  0.00261336
323412	-0.00799721  0.00461605 -0.0015103  -0.00358112  0.00534852  0.00022808
 -0.00324753 -0.00302786 -0.00144004 -0.0032633 
318295	-0.00384199  0.00097283  0.00075051 -0.0025564   0.00279078  0.00550166
 -0.00894008  0.00593368  0.00410156 -0.00035392
545624	-0.0001267  -0.00627466 -0.00348148 -0.00703915 -0.00563765  0.00173091
 -0.00107306 -0.01420856 -0.00336695 -0.00450627
116060	-8.2949484e-03 -1.3375200e-02  4.2382018e-03  2.4864804e-03
 -2.2269999e-04 -5.2903816e-03  4.1391081e-06 -5.2261367e-03
 -3.3656287e-03  3.5686593e-03
504671	-0.00427195 -0.008117    0.00486664 -0.00818049 -0.00604489  0.00311642
  0.00018474 -0.00946795 -0.00316028  0.00577981
547691	 0.00682106  0.00067586  0.00226514 -0.00650268  0.0039166   0.00208704
  0.00090946  0.00256106 -0.00491086  0.00137246
285548	-0.01328253  0.0015639  -0.00402617 -0.00448541  0.00339972 -0.0031652
  0.00822608 -0.00609191 -0.00249056 -0.0029078 
164210	 0.00407785  0.0025464  -0.00196081 -0.00606866  0.00019554 -0.00062797
  0.00064453 -0.00263727  0.00227904 -0.00033623
389492	 0.00216603 -0.00309432 -0.00640015 -0.00312922 -0.00366266 -0.00166708
  0.00568854 -0.00548492  0.00208409 -0.00308266
13179	-4.2590783e-03 -4.0309825e-03  2.5509272e-03 -1.1450608e-03
  1.7559773e-03  4.9234819e-05 -7.3701926e-03 -2.3883721e-04
  5.2773939e-03  9.9775437e-03
116097	-1.0219722e-03  2.2732738e-05 -9.6943043e-03  4.2596506e-03
  3.9931792e-03 -5.9063379e-03 -6.8561411e-03  2.6049335e-03
 -3.5611922e-03  1.4189623e-03
567696	-1.9425893e-03 -5.6669763e-03  2.2941427e-03  5.8920495e-03
 -1.3204966e-03  4.3548315e-04  5.1652198e-03 -1.5358159e-03
  1.9044216e-03  8.8797882e-05
548758	 0.00832124 -0.00159292 -0.00187824  0.00238524  0.00378334 -0.00584275
  0.00090641  0.00061985 -0.00068811  0.00193224
303511	-0.00994763 -0.00299543 -0.01730467 -0.00722352  0.0066566   0.01017645
 -0.00548414 -0.00739427  0.00455749 -0.00100387
242078	 0.00171876  0.00169207 -0.00243596 -0.00237699  0.00425941 -0.00110637
 -0.00247239 -0.0034497  -0.00355913  0.01064459
380319	-0.01070246 -0.00256801  0.00071016 -0.01274961 -0.00659585 -0.005494
  0.00443719 -0.00421208  0.00192966  0.02094463
125345	 6.9204456e-04 -4.8743113e-06  1.1618750e-03 -1.0204482e-03
 -4.8082511e-05 -2.5369413e-03  7.5194701e-05  2.0081352e-03
  9.2174864e-04 -7.8470269e-03
95650	-6.5668104e-03 -2.9037620e-03 -6.8517096e-05  2.6402767e-03
 -3.2100955e-03 -2.8637000e-03  2.2287382e-04 -4.0889364e-03
 -9.8568145e-03  1.1573235e-02
233891	-0.01171479 -0.00982972 -0.00180348  0.00829559 -0.00685432  0.0012807
 -0.0026012  -0.00326547 -0.00676272  0.00629373
311721	-0.00695638  0.00017488 -0.0080169   0.00439834 -0.00139178  0.00219953
 -0.00258564  0.00304707 -0.0025941  -0.00313094
257970	 0.01528972  0.00235369 -0.00653276  0.01298632 -0.00128898 -0.00617918
  0.0081778   0.00647078 -0.02138525 -0.02896446
310196	 0.00185397 -0.0045457   0.01577364  0.00361519  0.00580304 -0.00119647
 -0.01289304  0.00730439  0.00509056  0.0001729 
412605	-0.00727742 -0.00372188 -0.00975377 -0.00133235 -0.00766486 -0.00314601
  0.00267178  0.00829841  0.01065985  0.00505695
412606	-0.00530647 -0.00566488 -0.00774674  0.00011884 -0.00520605 -0.00483556
  0.00452042  0.01070733  0.00872675  0.00416378
234956	 0.00785764 -0.00181189 -0.00054166 -0.00568758 -0.00292682 -0.011615
  0.00294143 -0.00206653 -0.00341459  0.00496429
246741	-0.00356052 -0.00579784 -0.00192042 -0.00480489 -0.0016955  -0.00255133
  0.00266787  0.00385904 -0.00523433  0.00384412
310232	 0.00559619  0.00352055 -0.00725669  0.00266934  0.00716474  0.00078337
  0.00165771 -0.00301078 -0.00520913  0.00480249
87525	 0.00071239  0.00956988 -0.01053769  0.0041114   0.00150237 -0.00447018
  0.00761546 -0.00649511 -0.00139228  0.00374632
138224	 0.00107696 -0.000324    0.00138287 -0.00056737 -0.00345004  0.00104767
  0.00137719 -0.0035232  -0.00221189  0.00370615
153082	 0.00066267 -0.00761074 -0.00390309  0.00179611 -0.00165907 -0.0055689
 -0.01036524  0.00391319  0.00820526 -0.00118167
311807	-0.00216928 -0.00855593 -0.00826843  0.00158603 -0.00574803  0.00448907
 -0.01048255 -0.00544232 -0.00940408  0.00893354
374271	 0.00164385  0.00240153  0.00604302  0.00673005 -0.00585953 -0.00375333
 -0.0072885  -0.00551025 -0.00762107 -0.00497494
