239617	-0.00400257  0.00800228 -0.00510816 -0.00460294  0.00055156 -0.00372643
 -0.00182796 -0.00189377  0.00789562  0.0047189 
257	-6.2182597e-05 -9.8417874e-04 -1.1839339e-02 -9.8368162e-03
  2.3250927e-03 -5.0729937e-03 -2.9123693e-03  5.1205303e-03
 -2.2146176e-03  2.1181137e-03
480776	 0.00710522 -0.0044948   0.00584343  0.00612154 -0.00141042 -0.00617997
  0.0030306   0.0004577   0.00466346  0.00484762
480779	 6.9730133e-03 -4.9980078e-03  7.3911627e-03  8.9861220e-04
  9.9110221e-03 -1.1612890e-02  7.6989684e-04 -2.5068703e-03
  4.3367404e-03  1.6364005e-05
123412	-0.00298145  0.00407635  0.00807014 -0.00638662  0.00907207  0.0003148
 -0.00394832  0.01096506  0.00613982  0.00618082
107541	 0.00257952  0.00217582 -0.00540518  0.00327897 -0.00131977  0.00470809
 -0.00248057 -0.00056487 -0.00902745  0.00011472
71896	-0.00176946 -0.00782539  0.00663071  0.00142545  0.00358547 -0.0084665
  0.00142139 -0.00096689  0.00587214  0.00686452
242217	-1.5091464e-03 -1.0837704e-03  2.8690444e-03 -4.4622100e-03
  1.5780869e-03 -6.0881926e-03  5.9614251e-03 -6.0859267e-05
  2.5016323e-03  7.6422975e-03
73260	-0.01007563  0.00855961  0.00247013  0.00495666  0.00861012 -0.00399698
  0.00178351 -0.00414344  0.00222317 -0.00072074
234030	-0.02200565  0.00509562 -0.00908388 -0.0222217  -0.00625208 -0.01162442
 -0.00046888  0.02272645 -0.01413879  0.01896505
250937	 5.9445961e-03  1.5352248e-03 -1.2255219e-03  5.9466031e-05
 -2.3568620e-03  3.9338507e-03  3.1774770e-03 -1.0291478e-03
 -3.9049953e-03 -2.2806780e-04
250938	 5.9445961e-03  1.5352248e-03 -1.2255219e-03  5.9466031e-05
 -2.3568620e-03  3.9338507e-03  3.1774770e-03 -1.0291478e-03
 -3.9049953e-03 -2.2806780e-04
164924	-0.00199005  0.00051387  0.00796231  0.00126399  0.00148884  0.00277931
 -0.00201682 -0.0042029   0.00513146  0.00664186
306241	 0.00120733 -0.0023379  -0.00271776 -0.00073516 -0.00173316  0.00445716
 -0.00387961 -0.0010585   0.00102602  0.00628577
330679	-1.0456397e-03 -2.2907751e-03  3.6619378e-03 -2.9533468e-03
 -5.7343794e-03 -1.7222282e-03  3.2630777e-03 -6.7911409e-05
  6.7705605e-03 -3.6819964e-03
92749	-0.00364749 -0.0082322  -0.00660368  0.01033465  0.00585971 -0.00218548
 -0.00619992 -0.00572102  0.0023641  -0.00143188
13393	-0.00364749 -0.0082322  -0.00660368  0.01033465  0.00585971 -0.00218548
 -0.00619992 -0.00572102  0.0023641  -0.00143188
265308	 0.0006724  -0.00274959 -0.00673573  0.00670257  0.00071541 -0.0013233
 -0.00649285  0.00776753 -0.01065284  0.01195442
73822	 0.00156523  0.00338871 -0.0002226   0.00263627 -0.00408165  0.00014343
 -0.00629654 -0.00549911 -0.00645473 -0.0028112 
502629	 0.00508889 -0.00875875  0.00275598  0.00023365 -0.00081083  0.00712433
  0.00395405  0.01018071 -0.0088787   0.00356331
335466	 4.8672571e-03  1.1724648e-03 -8.7294355e-04  8.2360804e-03
  8.7045617e-03  8.7958165e-03  1.4825270e-03 -1.2075059e-03
  6.8771365e-06  6.2243473e-03
424049	-0.00318274  0.00190102 -0.00485205  0.0001384   0.00193471 -0.0009137
  0.00300575  0.00568306  0.00370949  0.00360844
414322	-0.00357869 -0.01363807  0.01021127  0.00930918 -0.01462661  0.00218411
  0.00168742  0.01809641 -0.01388508  0.00299812
117879	 0.01994071  0.00395985 -0.00266332  0.00219597  0.0225697   0.00732589
  0.00537777  0.00932642  0.01179565  0.00222492
211064	 0.00284099 -0.00218576 -0.00246316 -0.00372382  0.00070549 -0.00159923
  0.00174795  0.00305352 -0.00029282  0.00051958
73236	-0.0008845   0.0070817  -0.0106371   0.00094272 -0.00322432  0.00693696
 -0.00677435  0.00883745 -0.01027049  0.002355  
542344	 0.00254873 -0.00596028  0.00167647 -0.00306329  0.01581536  0.00801544
 -0.01956147 -0.00682453 -0.00619331  0.01091413
167060	 0.02393962  0.0199033   0.01191917 -0.03480461  0.02580667 -0.00661538
 -0.00937449 -0.00697385  0.00312496  0.00759634
407707	-0.00735856 -0.00136609 -0.00434705 -0.00339099 -0.0046644   0.00253823
  0.0066018   0.00703594  0.00065983  0.01949689
51874	-0.00442823  0.00565897 -0.00739432 -0.00253756  0.01638261 -0.00351509
 -0.00235419 -0.01365559  0.00229016 -0.00594713
407203	-0.00365231  0.00347144  0.00185549  0.00152743 -0.00101471 -0.00972969
 -0.00012872  0.00109895  0.00095507  0.00291861
265380	-0.00669529 -0.00731446  0.01191461 -0.00586342  0.01165974 -0.01940864
  0.01726628  0.02017047  0.0203746  -0.00382758
335527	 0.00873374 -0.00522012  0.00266456  0.01188155  0.00741172  0.00407107
  0.00090258 -0.00119613  0.00333242  0.00810456
257198	-0.0034274  -0.00458396 -0.00028742 -0.00148579 -0.00244138  0.00211552
  0.00185285  0.00130364  0.00470329  0.00596443
98479	 0.0062818   0.0016472  -0.00931687 -0.00089854 -0.00269884 -0.00119059
  0.00850053  0.00413439  0.00062714  0.01118243
325808	-0.00052096 -0.00045722  0.00036841  0.00020664  0.00023558 -0.00184369
  0.00401083 -0.00218445 -0.0006979   0.00140127
251057	-0.00033966  0.00664147  0.00788187  0.00050718  0.00075539 -0.00713197
 -0.001346   -0.00365074 -0.00246074  0.00656154
284352	-0.00501556 -0.00364784 -0.01447806 -0.00050263  0.00967322 -0.00382573
 -0.00387959 -0.00919885  0.00845317 -0.0033871 
307915	 0.00241658 -0.00041224 -0.00266835 -0.00141465 -0.00250916  0.00083267
 -0.00016413 -0.00535014 -0.00071399  0.00278907
210636	-0.0020336  -0.00293639  0.00163111  0.0082528  -0.00194574  0.00258144
  0.00967182  0.00447873 -0.00116859 -0.00663842
6861	-0.00059688 -0.00010426  0.00565925  0.00610213 -0.00290749 -0.00366825
  0.00977881 -0.00229063  0.00285012 -0.00481396
576208	-0.00163484 -0.00150214 -0.00177457  0.00405221 -0.00019409  0.00549369
 -0.0057477   0.00256737 -0.00884469  0.00756839
455890	-0.01364251 -0.00435159  0.00017145  0.00917544 -0.00533385  0.00397074
  0.00895835  0.00128447  0.0028739   0.0012284 
576216	-0.01023447  0.00552155  0.00193187  0.00869826  0.00688596  0.00372319
 -0.00395302 -0.01279338  0.00367277  0.00536373
24795	-0.00418226 -0.01037361 -0.01257957  0.01016902  0.00283246  0.00146673
  0.00100219  0.00316309 -0.00037669  0.01690787
543456	 0.00060123  0.00119726 -0.00278638 -0.00318657 -0.00015066 -0.00794203
 -0.00344534  0.0035568   0.00900734  0.00427388
543458	 0.00060123  0.00119726 -0.00278638 -0.00318657 -0.00015066 -0.00794203
 -0.00344534  0.0035568   0.00900734  0.00427388
451822	 0.00426034 -0.0105362  -0.00151904 -0.00020447  0.00157971 -0.00279508
  0.00581907  0.00201286  0.01347838  0.00504223
362223	 0.00387202 -0.00454463 -0.01283735  0.00455184  0.00176396 -0.00032028
 -0.00126945  0.00760723  0.00143777 -0.00205213
397563	-0.00390964 -0.00220908 -0.00793566 -0.00016883 -0.00122355 -0.00264417
 -0.00015133  0.0025741   0.00251491 -0.00484614
54525	-0.00387473  0.00419465 -0.01511258 -0.00862768  0.01204248 -0.00491325
  0.0020121  -0.01541723 -0.00272621 -0.0211249 
121087	 0.00020294  0.00146289 -0.0073263   0.00119066  0.00468792 -0.0046598
 -0.00372742 -0.00143754 -0.00363009 -0.00093045
121089	-0.00517732  0.00481578 -0.00299642  0.00011646  0.00045041  0.00377599
 -0.00188293 -0.00010808 -0.00138306  0.0099841 
238850	-0.00405023  0.00063294  0.00331956  0.00894803 -0.00207178 -0.01048673
 -0.00696237  0.00617281 -0.00823179  0.01579297
171478	 3.3301734e-03 -1.1110151e-03  9.3701752e-03 -8.9942925e-03
 -8.1564765e-03 -5.9533864e-05  1.1512398e-03  8.3306162e-03
  1.8579580e-02 -7.0421267e-03
36109	-0.00248946  0.00170435 -0.00538315  0.00045838  0.00079187 -0.00081771
 -0.00255732  0.00405291  0.00216001  0.00229342
319761	-0.00441832 -0.00245982 -0.00393872  0.00116099 -0.00192596 -0.00180134
  0.00418114  0.00194871 -0.00424033  0.00503243
165656	 0.00340937 -0.01369421 -0.00305123 -0.00237809 -0.01085918 -0.00207487
  0.00921347 -0.00347445  0.01318053 -0.00071765
433945	 4.0889746e-03 -2.9176280e-03  4.0898472e-03 -6.4291374e-04
 -6.1833882e-04 -1.2061402e-02  1.4618640e-05  3.0722604e-03
 -3.4294635e-04 -6.7018386e-04
581914	-0.00845231 -0.00172455  0.00057507  0.00519839 -0.00463999 -0.00707337
 -0.00626605 -0.00375283  0.00370142  0.00284596
49076	 0.00316998  0.00307218 -0.00835859  0.00349785 -0.00243686 -0.00768341
 -0.00698842 -0.00290964  0.00053521  0.0020865 
360754	-0.00123665 -0.00668609 -0.01065611 -0.00175428 -0.00107212 -0.00050974
  0.00120432 -0.00258557 -0.00538306  0.00168646
502067	 0.00612319 -0.00253588  0.00216934  0.01051752  0.00730113  0.0005166
 -0.0051729  -0.00362796 -0.00194225 -0.00091197
333108	 0.00930609  0.00052854  0.00289864 -0.00133689  0.00575156 -0.00276172
  0.00220703  0.002154   -0.00354734  0.00588069
250679	-0.00281533 -0.0005052  -0.00489859 -0.00455113 -0.00472083 -0.01270527
  0.00279249  0.00328144 -0.00223542  0.00598717
87353	-0.00773534  0.00710599  0.00530424  0.00018945  0.00116186 -0.00180986
 -0.00977139 -0.00503894 -0.00230546  0.00900869
33599	 3.4792803e-03 -2.5686802e-04 -2.1543060e-03  6.8955533e-03
  8.6080581e-03 -1.5616487e-03  4.4005532e-03  6.4225136e-03
  4.8256046e-03  2.3917084e-05
66370	-0.00074375  0.00487763 -0.00436294  0.00707341  0.00596917  0.00234325
 -0.00176009 -0.00368358  0.00258719 -0.00061337
289102	 0.00212032 -0.00301541  0.00312864  0.0004928   0.00256008  0.00259
 -0.00283532 -0.00332623  0.02395058  0.01111709
22864	-7.7349525e-03 -6.4459397e-03 -9.9854264e-04 -1.1848373e-04
  3.2182108e-03  7.0018247e-03  7.4355448e-05 -1.9881500e-02
  7.1972171e-03 -5.8756243e-03
379193	 0.00031361 -0.00375549 -0.00762062  0.00235768  0.00416643  0.00143628
 -0.00523776 -0.00825672  0.00764447  0.01081295
37212	 0.00458881 -0.00302395 -0.0065511   0.00599317  0.00870368 -0.00286385
 -0.00078225  0.00987225  0.00246954  0.00265278
166458	 0.02393962  0.0199033   0.01191917 -0.03480461  0.02580667 -0.00661538
 -0.00937449 -0.00697385  0.00312496  0.00759634
505699	-0.00093904  0.00183432  0.0001566   0.00305042 -0.00612631 -0.00256969
  0.00743223  0.01937287  0.00275066 -0.01484267
228197	-0.00219588 -0.00027911  0.0009751   0.00097924  0.00385856 -0.00285449
  0.00260834  0.00347669  0.00373457  0.00526139
20844	 1.2898998e-03  4.5997454e-03 -1.7360465e-03 -5.9314361e-03
 -8.2664276e-03 -1.6109556e-03  8.7672043e-07  2.0289880e-03
  2.0148939e-02  1.3752621e-02
237938	-0.00022231  0.010358   -0.00859205 -0.00213764 -0.00299318  0.00452321
  0.00516179  0.00131626 -0.00819592  0.00623199
237939	 0.0023949   0.00544961 -0.01145959 -0.00180491 -0.00524738 -0.00018692
 -0.00241283 -0.00442861 -0.00940489  0.00688249
8571	-0.00050267  0.00120713 -0.01019681 -0.00589868  0.00599049  0.00271927
 -0.00513128 -0.00611898  0.01122933  0.00217538
541052	-0.00374172 -0.00796307  0.00544978  0.00503492  0.00641413 -0.00406882
  0.00884428  0.00853454  0.00138339  0.00764744
13181	-0.01002002 -0.00979314 -0.00927097  0.00982433  0.00797085 -0.00222246
 -0.00401598 -0.00462118  0.00397353 -0.00525905
361861	-5.2322284e-03 -3.3704443e-03 -2.3019975e-03  3.2171181e-03
  4.4159440e-04 -3.3541273e-05  4.0253717e-03  8.3154384e-03
  6.7642620e-03 -2.0193541e-03
14214	-0.0003219  -0.00219274  0.00690018  0.00412881  0.016881   -0.0070234
  0.00304898 -0.0109346  -0.00920699  0.00193791
35211	 8.7835564e-04  5.6625591e-03 -9.9134957e-03  3.2100563e-03
  4.6447599e-03  5.1831803e-03  1.5159042e-03  1.2543776e-02
  7.9370048e-03  7.3763571e-05
33602	 0.00044408  0.00437489 -0.0039386   0.00180331  0.00399372  0.00113387
 -0.00088317  0.00744882  0.00825952  0.00694247
536464	-0.0076263   0.0068571  -0.01107596  0.00131524 -0.00395328 -0.00781914
  0.0091033  -0.00288784  0.00058543  0.00650224
283034	 0.00315548  0.00430068  0.00055162  0.00557031 -0.00724559 -0.00081976
 -0.00076354 -0.00934402  0.00059471 -0.00047098
6050	-0.00517192  0.0003488  -0.0031619   0.00170013  0.00660703  0.0003827
  0.00049866  0.00054943 -0.00081442  0.00823338
560550	 0.00285577  0.00336803 -0.0015067   0.00680006 -0.00042694 -0.00509554
  0.00194858 -0.00123834  0.00384424 -0.00125702
560551	-0.003409    0.00587409 -0.00110771 -0.00271837 -0.00773579 -0.00345497
  0.00524619  0.00794142 -0.00125491 -0.00121   
420265	-0.00522387 -0.00320013 -0.00198277 -0.00121084  0.00576181 -0.00929412
 -0.00522922  0.01202465  0.00296403 -0.01315469
374706	-0.00994807  0.01184439 -0.00127004  0.01302191 -0.00745217  0.00077566
  0.02450915  0.00640458  0.01184728  0.00204509
238004	 0.00054414 -0.01023603  0.00994148  0.00697957 -0.01314352 -0.00339562
  0.00803021  0.01243949 -0.00477813  0.00082838
120247	 0.00560054  0.00107224 -0.00516248 -0.01452074  0.00098653 -0.00614793
 -0.00674745  0.00675296 -0.00214085  0.00203298
313789	 0.00304938 -0.00253497 -0.00744407  0.00586682  0.00230961  0.00042705
  0.00459127  0.0036696  -0.00030867 -0.00227206
406463	 0.00256287 -0.0052196  -0.01040141  0.00376187 -0.0035731  -0.00714539
  0.00568026 -0.0008378  -0.00249766  0.00211511
165825	 0.02393962  0.0199033   0.01191917 -0.03480461  0.02580667 -0.00661538
 -0.00937449 -0.00697385  0.00312496  0.00759634
333255	 0.00083384 -0.00171704 -0.00208233 -0.00572927  0.00786249 -0.00924151
  0.01066727 -0.00616595  0.00801808  0.00320125
283088	-0.00487447  0.00716015 -0.00279787 -0.01025289  0.00101144 -0.00357875
 -0.00477463  0.00022793  0.00857599 -0.00170766
331219	 0.00497964  0.0011585  -0.00712691  0.00543274  0.00483166  0.00044346
 -0.00620372 -0.00133125  0.00574208  0.00635676
332246	-1.9383501e-03 -5.8059646e-03 -2.3635791e-03  3.6176055e-04
  9.3363505e-03 -7.5244000e-03 -6.9244037e-04 -1.1372769e-02
 -3.1300653e-03  5.1754992e-05
208877	 0.01528166  0.01456616 -0.00867696  0.00569855 -0.00854063 -0.00805685
 -0.01241057  0.00625449 -0.00623335 -0.01001562
406511	 4.2953268e-03  6.5014021e-05  1.0499148e-02 -3.7684385e-03
 -6.3580163e-03  4.0336973e-03  2.1799393e-04 -1.8634963e-03
  1.3293055e-02  1.4987221e-03
210929	-0.01372229  0.0052176  -0.01005871  0.01228605  0.00055752  0.01007267
  0.02045988 -0.0046677  -0.00495003  0.00578294
250870	-0.00055638 -0.00098724  0.00053512  0.00578629  0.00569684 -0.00450242
 -0.0051454   0.00200321  0.00265804  0.00977315
318458	-0.00343357  0.00164024 -0.00017846  0.00217227  0.00183676  0.00137177
  0.00397441 -0.00120925 -0.00219134  0.00163322
167419	 0.02393962  0.0199033   0.01191917 -0.03480461  0.02580667 -0.00661538
 -0.00937449 -0.00697385  0.00312496  0.00759634
