479747	-0.00184756 -0.00083769 -0.00310483  0.00704739  0.00788323 -0.00188304
  0.00707636  0.00152981  0.00834153  0.00656949
457224	 5.1475908e-03  2.9660300e-03 -1.1775737e-02 -1.3635889e-02
  8.2638115e-03 -9.1519536e-07 -3.3231433e-03 -1.6295455e-02
 -3.8735286e-04  9.8043550e-03
389463	 0.00115807  0.0031389   0.00184576 -0.00959671 -0.00759758 -0.00324479
 -0.00095332  0.00400722 -0.00298122  0.00307912
153100	 0.00024324  0.00647737  0.00679569  0.00428343 -0.00181583 -0.00494083
 -0.00570192 -0.0064403  -0.00995129 -0.00088167
410637	 0.01323747 -0.02471889  0.00238573  0.00995024  0.01780427 -0.01149068
  0.00688762  0.00789656 -0.00777277  0.00153441
114710	 0.01509356  0.01767687  0.01937041  0.0127998   0.00898103  0.00539785
 -0.00548291  0.01322279 -0.01326519 -0.01056624
178218	-0.00641615  0.00209469  0.00035787  0.00154834  0.00700017 -0.00643309
  0.00257347 -0.00014256 -0.00280957  0.00685511
42030	-0.00478524  0.00121456  0.01135349  0.00595736 -0.00082136  0.00460444
  0.00604778  0.00250791  0.0018351  -0.00175491
247860	-0.00337958  0.00241834  0.00123434 -0.00793783 -0.00686443  0.00142121
 -0.00284535 -0.00669226 -0.00934633 -0.00502358
61496	-6.5770159e-03 -5.6267967e-03  7.3348931e-03 -3.0629912e-03
 -1.8872700e-03 -1.2972362e-03 -2.2928882e-05  1.8853057e-03
  2.8149560e-03  1.1080464e-02
316985	 0.0002085  -0.00137215  0.00323321  0.00592334  0.00433382 -0.00187141
 -0.00039056 -0.00252211  0.00217098  0.00466612
315458	 0.0002085  -0.00137215  0.00323321  0.00592334  0.00433382 -0.00187141
 -0.00039056 -0.00252211  0.00217098  0.00466612
218691	-0.02340125  0.01323178  0.0021041  -0.00280629  0.02077226  0.0379101
  0.00255578 -0.01850071 -0.00244701 -0.00565972
500805	-0.01594531  0.00243639 -0.00899879  0.00387841  0.00653348 -0.01158804
  0.00781953 -0.01123704  0.00237362 -0.00306116
437323	-0.00061497  0.00333894  0.00152861 -0.00147596 -0.00136888  0.00742436
  0.00065673 -0.00399452 -0.00797453 -0.00562838
311886	 0.00350869 -0.00065839  0.00275861 -0.00398849 -0.0009823  -0.00600796
  0.00191869 -0.00519809 -0.00165703 -0.00139683
144464	 0.00202572 -0.00164497 -0.00260345 -0.00193425  0.00699486 -0.00205935
 -0.00508115 -0.00904226  0.0060933   0.00270109
468056	-0.00601199  0.00762884 -0.00114913  0.00684844 -0.00797948 -0.00278319
  0.00537805  0.00710601  0.00115226  0.00801961
234079	 0.00926587  0.00918135 -0.0195695  -0.00263271  0.01150017  0.02066677
 -0.01750201  0.00472211 -0.00942134  0.00179848
61541	-1.2403274e-03  4.2906576e-03 -4.6437530e-05 -8.9471480e-03
 -6.0400660e-03 -7.5421482e-04 -4.7591701e-03 -8.1396932e-03
 -9.9657811e-03  1.8338198e-02
395886	-0.00347629 -0.00033278 -0.00089098 -0.00899441  0.01186363  0.00353941
  0.00093126 -0.00613756 -0.0062582   0.00719791
301690	-0.01075084  0.00612957 -0.00014684 -0.00465905  0.00274931 -0.00702504
  0.00674985  0.00266626 -0.00105249  0.00556664
51835	 0.0034321  -0.00387118 -0.00601932  0.01278916 -0.00872152  0.00468132
 -0.00117299  0.00091458  0.00076743  0.00496231
297596	-0.0031892   0.00546907  0.0046027   0.0031215  -0.00162682 -0.00158886
  0.00203384  0.00377032  0.00228126 -0.00371862
196970	 0.0025824   0.00201449 -0.00123859  0.00674959 -0.00085578 -0.00318293
  0.00107304  0.00085797 -0.00555526  0.00668933
316544	 2.1593662e-06 -4.1625649e-03 -1.0321382e-03  4.0413789e-03
  2.4548559e-03 -5.0973352e-03 -7.3831924e-04 -4.5385947e-03
  3.8400837e-03 -2.7656343e-04
397445	 0.00650677  0.00509257  0.00200779  0.00765081  0.00643877 -0.00724975
 -0.00103474 -0.00834614 -0.00550571 -0.00800272
261262	-0.00457749 -0.00089677 -0.00621307  0.0043067  -0.00399104  0.00627571
 -0.00280902  0.00116813 -0.00095113 -0.00188892
94868	 0.01443252 -0.00966585  0.0021104   0.01942132 -0.00078575  0.0125104
  0.00284947  0.00140187  0.00287498  0.00048592
261269	-0.0070921  -0.00397358 -0.00681311  0.0087165   0.00348318  0.00261164
  0.00090099  0.00648343  0.00074644 -0.00475291
537244	 0.00875996 -0.00965396  0.00223583  0.00689561  0.00017842 -0.00500116
 -0.00652054 -0.00565862 -0.01164131  0.00610912
555684	 0.00122821 -0.00229058  0.00403839  0.00136134  0.0003468   0.00837477
  0.00353835 -0.00480143 -0.00510966  0.00036978
372166	 0.00247772  0.00412063 -0.01315561  0.00468723 -0.00318951 -0.00049168
  0.00651284 -0.00174143  0.00450789  0.00513158
61615	-0.00176166 -0.00715752 -0.01056259 -0.01157139 -0.00131861 -0.00262609
 -0.00224401 -0.00211211  0.00185267  0.00965118
323765	 0.00050311 -0.00398869  0.00021171  0.00109613  0.00384434 -0.00371184
 -0.00135227 -0.00267114  0.00359292  0.00010743
502970	 0.00389654  0.00187067  0.00560968 -0.00341927  0.0023902   0.00031724
  0.00697379  0.00363542 -0.00410007 -0.00277929
68806	-0.00492055  0.00120068 -0.00574763 -0.00446038 -0.00636313  0.00491766
  0.00906011 -0.00426682  0.00473221 -0.00296294
187591	 0.00329938  0.00227409  0.03263842 -0.02503181 -0.0050465   0.0085231
  0.0083451  -0.02347977 -0.00606695 -0.01958406
253645	-0.00015847  0.00657077  0.00344269 -0.01165645 -0.00165376  0.00532405
  0.00153887 -0.00741898  0.00200294 -0.00165485
117965	-0.00165131 -0.00953293 -0.01167131  0.00893714  0.00827732 -0.00857284
  0.00444548 -0.00629193 -0.00377425  0.00485702
549101	-0.00284118  0.00664868  0.00079029 -0.0118598   0.00879675  0.00813867
  0.00037894  0.0060694  -0.00202053  0.00754919
374485	 0.00387179 -0.00327846 -0.00857365 -0.00580764  0.00233636  0.0021556
  0.00592999  0.00177709 -0.0030591   0.00080695
242895	-1.2969467e-03 -3.3331534e-04 -3.2855417e-03 -1.0581263e-03
  1.5561462e-04 -8.0123602e-05  2.2279124e-03 -3.2388822e-03
  5.5803702e-04 -3.5489900e-03
213215	 0.00518328  0.00768378  0.00314978  0.00190787 -0.00222256 -0.0018503
  0.0013341   0.00537872  0.00291258 -0.00201331
390893	 1.2973159e-03  2.5249084e-03  1.1301148e-02 -1.4659141e-04
  2.4749504e-03 -8.6650904e-03  1.3247198e-02 -7.9167963e-05
 -6.8012142e-04 -5.2861082e-03
231153	 0.00234943 -0.00367477  0.00161328 -0.00133601 -0.00310879  0.00951599
  0.01593794 -0.00066733  0.01096971 -0.00022091
549107	-5.4330928e-03  3.3662973e-03  4.8708906e-03 -5.8699347e-04
  9.2438785e-03 -5.9017790e-03 -8.1876770e-04  9.1001632e-05
  1.4168760e-03  1.3216395e-03
551466	 0.00136161 -0.00063752 -0.01043195 -0.00472096  0.00474287 -0.00896211
  0.00612541 -0.01039969  0.00362656  0.01173092
190207	 0.00144847  0.00483108  0.00488696 -0.00581447 -0.00544799 -0.00552998
 -0.00310356  0.00318657 -0.01327955 -0.00846973
62215	-0.01210536  0.00488613 -0.00074796  0.00020272  0.00488834  0.00939937
  0.00279597  0.00401993 -0.00189145 -0.00484095
537361	-0.00141978  0.00278363  0.00810458  0.00755439 -0.00941243  0.00209536
 -0.00459974 -0.00129161 -0.0007101   0.00341594
224534	-0.00047663  0.00783688  0.00659012  0.00272582 -0.00629996  0.00033851
  0.00023805  0.00367676 -0.00267889  0.00172452
51488	-0.00171659 -0.00269419  0.00995551  0.00659971 -0.00138115  0.0116514
  0.00813576 -0.00678818  0.00302341 -0.00081657
555815	 0.00463356 -0.00207606  0.00099336  0.00351447 -0.00199023 -0.00068852
  0.00826828 -0.00612867 -0.00804193  0.00325323
23337	-0.00307049  0.00631741  0.01120858 -0.00487199 -0.02144474 -0.00017051
 -0.00864646  0.0028185  -0.01987505 -0.02823804
472362	 0.00225965  0.01331742  0.00635453  0.00029317  0.00939356 -0.01415199
  0.0029673   0.00566365 -0.0078424   0.01041573
315692	-3.7844309e-06  5.9343438e-04  1.7798071e-04  5.1092906e-03
  4.1659935e-03 -2.2629146e-03  2.2964411e-04 -1.7471877e-03
  6.3044382e-03  7.2719267e-04
270141	-0.00662669  0.00473127  0.00939034  0.00292691  0.00193699  0.00256647
  0.00387807  0.0045191   0.00564735  0.00202657
398614	 0.00192044  0.00452385 -0.00363896  0.00514328  0.00118362  0.00588587
 -0.00613354 -0.01238606 -0.012645    0.00087515
284997	 0.00628509 -0.00055999  0.02474256  0.01314826 -0.00656948 -0.00108809
 -0.00518147  0.00746858 -0.02019903  0.0095471 
325965	 0.00162195  0.00062537  0.00026512  0.00703404 -0.00306918 -0.0013148
  0.00699601 -0.00353497 -0.00112686  0.00088193
371025	-0.00843207  0.00222218 -0.00317277  0.00157926 -0.00344485 -0.00254272
  0.00694773  0.00256022  0.00147407 -0.00192177
301625	-0.00574127  0.00203861  0.00230141  0.00581584 -0.00305934  0.00829365
 -0.00569053  0.00104608 -0.00496548  0.00614859
209762	 0.00499573  0.00303261  0.01239464  0.00368793  0.00340285 -0.00547924
  0.00190559 -0.00946368 -0.01164076  0.00303377
316773	 0.00563294  0.00249696  0.00155415  0.00807888 -0.00148915 -0.00195519
  0.00090748 -0.00313054 -0.00099908  0.00312638
205162	 0.00171445 -0.002752   -0.00182849 -0.00166075  0.00847143 -0.00017159
 -0.00245965 -0.0129935   0.00248971  0.00446865
196972	 0.00210953  0.00342021 -0.01120115  0.01626623  0.00859222 -0.00281773
 -0.00825807 -0.00426999  0.00328784  0.00515576
338287	 0.0038462   0.00447311 -0.00245405 -0.00840816  0.00089327  0.00152038
  0.00240715 -0.0024809  -0.00482233  0.00529158
489847	-4.5381367e-04 -2.7137962e-03  8.9106750e-04 -3.7186090e-03
 -8.7993642e-05  1.1740946e-03  1.4576311e-03  1.9918492e-03
 -3.8106048e-03 -7.0624606e-04
398231	-0.00525389 -0.00460051 -0.01579932  0.00879783 -0.00068605 -0.00440928
  0.00035536  0.00086139 -0.00060526  0.01039364
143247	-0.00160561  0.00127847 -0.00281865 -0.00278886 -0.00015477 -0.00408063
  0.00339389 -0.00010076  0.00047992 -0.00143153
542096	-0.00267598  0.00116381 -0.00436984 -0.00179831 -0.01270241  0.00321425
  0.00786136  0.00560398 -0.00951522 -0.00984507
161682	 1.4353776e-03  4.3784580e-03 -1.6448600e-03 -4.5130667e-03
 -4.5267968e-03 -7.4730604e-04  3.3044941e-03 -9.3364666e-05
  6.2185088e-03  1.7147316e-02
419735	 2.6989668e-03  2.2093889e-03  1.2243182e-03  1.3560673e-05
 -1.2116430e-03 -5.3026127e-03  1.5797028e-03  3.2085227e-05
 -3.8367657e-03  5.2088168e-03
213417	-0.01602436  0.0087367  -0.00067037 -0.00416509  0.00226243 -0.01231892
  0.007559   -0.0010532  -0.00103279  0.00814531
419758	-0.003653    0.0024846   0.0079393  -0.00529187 -0.00546051 -0.00405768
  0.00994137 -0.00752386  0.00468512  0.00489857
514991	 0.00225334  0.01136046  0.00484585  0.00227138 -0.0133144  -0.00086341
  0.016644   -0.01052921  0.00425955 -0.00585388
311730	-0.00857725  0.00928349  0.00360846  0.00508788 -0.0031582  -0.01530658
  0.00625215  0.00473403 -0.00358796 -0.01074138
348596	-0.00283233  0.00260698  0.00131696  0.00518663  0.00329635  0.00183603
 -0.00163842 -0.00184683 -0.00419427 -0.0059237 
348095	 0.00160374 -0.00056714  0.00167688 -0.00241814  0.00065081  0.00038106
  0.00127339 -0.00434069 -0.0082627   0.00240132
119749	-0.01377512 -0.00651681  0.01153933  0.00074867  0.00356674  0.00964688
 -0.00705687  0.00918127 -0.00734505  0.00287354
321990	 0.0040982  -0.00133134  0.00159165  0.00931652  0.00734546 -0.00434382
 -0.00285844 -0.0002452   0.00424586  0.00182031
116679	 0.00887003  0.00261454 -0.00724809  0.0015459   0.00442335 -0.00100348
  0.00040643 -0.01212099 -0.00130299 -0.00065507
135130	 0.01021438  0.00935462  0.01178075  0.00358477  0.00685035 -0.00982542
  0.0090739  -0.00347921  0.00814002 -0.00216269
389595	-5.9809296e-05  3.0583488e-03  2.8318865e-03 -4.9830405e-03
 -3.4724575e-04 -4.2837304e-03  7.6371641e-03  3.8726311e-03
 -3.8875777e-03 -2.6572947e-03
320996	-0.00083937  0.00073337 -0.00191352  0.00418037 -0.0002414  -0.00327779
  0.00183397 -0.00316202  0.0003041   0.00012935
88042	-0.00429778  0.00880433  0.00695751 -0.00553363  0.00402391 -0.00053167
 -0.00291094  0.00302469  0.00722419  0.00488206
311281	-1.2020799e-03 -8.3495048e-04 -4.6898616e-03  1.0107149e-03
 -5.2138879e-03  7.8771124e-03  1.4847228e-02 -5.1530846e-03
  6.3504148e-03  7.1304776e-06
16370	-2.3118919e-03  7.2974748e-05 -2.8370118e-03  9.8134566e-04
  3.6467696e-03 -3.8242410e-03  3.1457401e-03 -3.1238243e-03
 -1.7005056e-03 -1.7512385e-04
316408	-0.00090239  0.00229766  0.00265935  0.00573956  0.00152538 -0.00059336
  0.00012912  0.00026985  0.00302887  0.00395029
395772	 0.01007775  0.00349059 -0.01003506  0.00098576  0.01107064  0.00931654
  0.0034714  -0.00348363 -0.00192018 -0.00754353
