314967	 0.00128495  0.00118363 -0.00675238 -0.00898101 -0.0007884  -0.00326505
 -0.0012379  -0.00234696 -0.00081742  0.00066206
484881	 0.00950105  0.00647377  0.00586336 -0.00116294  0.00468337 -0.00566306
  0.0026199  -0.0039046   0.00300635  0.00354364
554004	 0.00112793 -0.00133842  0.00843707  0.00124115  0.00237082 -0.00086629
  0.00021014 -0.00086194 -0.00351267 -0.00611589
501805	-9.6942568e-03 -8.7448545e-03  1.1189019e-02 -9.7582240e-05
  1.0096639e-02 -2.6634058e-03  6.6475621e-03 -3.2925126e-04
  1.0505255e-02  7.8998320e-03
577586	-0.00041764  0.00657143  0.00310754  0.00117918  0.00351802  0.00393339
 -0.00103018  0.00204171  0.00149281  0.00444339
536636	-0.0043785   0.01758085  0.01107744  0.00530154  0.00357126  0.00444944
  0.00885667  0.0102195   0.00229378  0.01304616
262205	 0.00083055 -0.00947039  0.00432691  0.00049638  0.0009597  -0.00038441
 -0.00206904 -0.00248014 -0.00290158 -0.00021969
561726	 0.0107031  -0.00783817 -0.00556934  0.00145973  0.02777475  0.00620374
  0.01532047  0.00574799  0.01025727  0.01238387
54348	-0.00131073 -0.00411453 -0.01017495 -0.00081102 -0.00323349 -0.00137299
 -0.00134147 -0.00700333 -0.00530345 -0.0087482 
372813	 0.00448637  0.00883396  0.00451273  0.00712877 -0.00065905  0.01369431
  0.00643616 -0.00751132  0.00485824  0.0038608 
322647	 0.00155295  0.00057006 -0.00586594 -0.0058621  -0.00502797 -0.00581587
 -0.00314952  0.00108702  0.00069422 -0.00095244
78940	-1.8334258e-03  1.8238623e-03 -3.4986656e-06  1.1264713e-03
  6.8327435e-03  8.1641815e-04  6.2398840e-04 -2.4712565e-03
 -2.6350466e-03  8.2449685e-04
123997	 0.00483654 -0.00051505 -0.00276429 -0.00360774 -0.00237136  0.00738721
 -0.00541442 -0.00193164 -0.01205657  0.00188814
305262	-0.00106593 -0.00073966 -0.00021878  0.00261384 -0.00059393  0.00200565
 -0.00437609  0.0019939  -0.0020548   0.0038979 
118384	-0.00139969 -0.00112566 -0.0017008   0.01244853 -0.00400531 -0.0025888
 -0.01051821 -0.00232176  0.0103795   0.00507   
506993	-8.3741127e-03  7.0561524e-03  4.5694062e-03 -1.0162630e-02
 -8.9698248e-03  3.1310679e-05  7.7687395e-03 -1.3686148e-03
  1.3229107e-03 -1.2969533e-03
116856	-0.00111015  0.00179418 -0.00483232  0.01463752 -0.00531248 -0.00445114
 -0.00749873 -0.00489386  0.00148934  0.00350197
120442	 0.00324579 -0.00715676  0.0016923  -0.00246542  0.0027298   0.00028784
 -0.00273877  0.00231197  0.00163655  0.00148176
545985	-3.2927241e-05 -8.0949059e-03  1.3046745e-03  5.0222869e-03
  4.3141628e-03  2.5199042e-04 -1.4240445e-03 -4.9716509e-03
  8.2920009e-04 -2.5148015e-03
160620	 0.00266274  0.0059832   0.00168863  0.01299863  0.00025418  0.01010081
  0.00821426 -0.00148945 -0.00538911  0.00538025
152208	 4.4870200e-03 -8.2028983e-03 -3.6004838e-03  1.2266131e-02
  4.6367520e-03  9.0641472e-03 -1.0815339e-02 -5.2437517e-05
 -5.5032908e-03 -4.4902200e-03
294546	-0.00447454  0.01994128  0.00242852  0.00377986 -0.00780386 -0.00131856
  0.00068704 -0.01180383 -0.00534026 -0.00613876
33941	 0.00596615 -0.00181191  0.00306552 -0.00588481 -0.00489698  0.00239071
 -0.00207862  0.00301472 -0.01062332 -0.00300003
118422	 0.00284557 -0.00390008  0.00358488  0.00322689 -0.0064675  -0.00449924
 -0.00235188 -0.00200303  0.00764106  0.00712863
90777	-0.00441261  0.00030408  0.00011867  0.00220839  0.00564173  0.00359243
  0.00116257 -0.00155363 -0.00306519  0.00922608
92319	 7.7542881e-03 -2.7698295e-03  2.6266603e-03 -4.9097999e-03
  7.1294868e-04  4.9019238e-04  9.1618422e-04  6.2405672e-03
  5.2746484e-05  2.8045841e-05
26276	 0.00290306 -0.00291763 -0.00125712 -0.00512158 -0.00017376  0.00179675
 -0.00099442  0.00146048  0.00317188  0.00156691
460658	 0.00573636  0.00573491 -0.00844414 -0.00355277 -0.0075872  -0.0051421
  0.01138168  0.00106464 -0.00479258  0.00439976
130224	-2.3254105e-03  2.1401918e-03 -1.1865952e-04 -8.9873798e-04
  6.5905938e-04  9.9129137e-04  8.8003895e-04  5.6450497e-03
 -9.4669941e-04 -3.2422107e-05
559796	-0.00548544 -0.00524069 -0.00247043 -0.00365009  0.00018418 -0.00122883
  0.00813639  0.00193483 -0.00237533  0.00025009
42172	 0.01255586  0.00415698 -0.00211097  0.00161807  0.00627845  0.00780731
  0.00718897 -0.00502852 -0.00479581  0.0016436 
134849	-0.00328464  0.00528155 -0.01041765  0.01632502  0.00281673 -0.00279245
 -0.00529199 -0.01743274 -0.00522672 -0.00160937
468428	-0.00185229  0.00494478 -0.00522849  0.00436705 -0.00533922 -0.00035412
  0.00250483 -0.00436526 -0.00073802  0.00426287
111307	 0.00110532  0.00363425  0.00290858 -0.00109418  0.00223129  0.00245625
  0.00079464 -0.00582509 -0.00525245  0.00383842
61136	 0.00989252  0.00170453 -0.00086699 -0.00141317 -0.00121501 -0.00031439
 -0.00095102 -0.00644435  0.01067122 -0.0047968 
502994	-0.00076586 -0.00632009  0.00169048  0.00795564  0.00105256  0.00282835
  0.00575434 -0.00287772 -0.00178499 -0.00522886
345816	 0.00864571  0.00555392 -0.00924365 -0.00018912 -0.00455686  0.0061498
 -0.00045226 -0.00285035 -0.00613943  0.00701766
546015	-0.00029848  0.00612969 -0.00360436  0.00326624  0.00477431  0.00550571
 -0.00056124  0.00320592  0.00949826  0.00674676
134369	-0.00328464  0.00528155 -0.01041765  0.01632502  0.00281673 -0.00279245
 -0.00529199 -0.01743274 -0.00522672 -0.00160937
189158	-0.02523737 -0.00690936  0.02030036 -0.01694017 -0.01167371  0.00851798
  0.00889691 -0.0068523  -0.00584809  0.02331683
81650	-0.00367506 -0.0066472  -0.00274798 -0.01182865  0.01077095  0.01359443
 -0.00320041 -0.0050513   0.00781176  0.01367099
148725	 0.00760382 -0.00029016 -0.00119462 -0.00205049  0.00570212 -0.00335661
 -0.00491785  0.00086506  0.0009421   0.00187273
354552	 0.00025955 -0.00192498 -0.00074216 -0.00214298 -0.00038281  0.00467853
  0.00299822 -0.00019987  0.00027702  0.00215151
182011	-0.00200057  0.00344532 -0.0032007  -0.00369514  0.00178945  0.00201237
 -0.00774666 -0.00294566 -0.00235368 -0.00345567
536833	 0.00056305  0.0065044  -0.00523183  0.00294625 -0.00575096 -0.00080456
  0.00678349 -0.00290339  0.0046685  -0.01355549
108805	-0.00478178 -0.00268648  0.00040285  0.00327179  0.0001554   0.01546698
  0.00885101 -0.00687803  0.00312473  0.01351725
470279	 0.00503296 -0.00242616 -0.00825159 -0.00210288 -0.00592219 -0.00641251
 -0.00242484 -0.00308782 -0.0029948  -0.00355659
277257	-0.00545449  0.0039851   0.00089688 -0.00500393 -0.00112807  0.00262174
  0.00606317  0.00163117  0.00309924 -0.00323566
36620	 0.00405699 -0.00821508  0.00547677 -0.01052891 -0.00382646 -0.00880618
 -0.00936649  0.00723209 -0.00512585  0.00761152
312077	 0.00689914  0.00366347  0.00312136  0.00011907 -0.0032338  -0.0021248
  0.00211594 -0.00055861 -0.00264654 -0.00031441
323349	-2.4152594e-03  4.4044610e-03 -5.4674707e-03 -6.8763131e-03
 -7.2713432e-05 -2.2435619e-03 -6.6837849e-04 -1.5638003e-04
 -2.4888196e-03 -2.0614194e-03
312087	 2.4313163e-03  8.4275857e-04  9.7484655e-05  4.3906146e-03
 -8.3055673e-03 -2.2510963e-03  1.5816335e-03 -1.2582167e-03
 -5.4304176e-03  7.5594673e-04
61724	 0.00019311  0.00203617  0.00020103 -0.00144934 -0.00412592  0.00180948
 -0.0065427  -0.00706977 -0.00150466  0.00617921
314654	 2.0877810e-03 -1.9563551e-03 -4.4092806e-03 -3.9187386e-03
 -3.5431157e-03 -1.6524842e-03 -3.8167895e-05  3.0124423e-03
 -3.7478243e-03 -1.7410665e-04
393002	-0.00680657 -0.0087313   0.00417891 -0.00183372 -0.00434405  0.00347941
 -0.00076709  0.00255109 -0.00525611  0.00405031
7467	 6.2218943e-04  6.1168307e-03 -1.1506210e-03 -2.9206928e-04
  5.9602840e-05  5.9956606e-03  6.7936140e-03 -4.1895644e-03
  7.9229492e-04 -1.7565483e-03
121138	 7.8651924e-03  5.3010355e-03  3.3873878e-03  3.6312693e-03
  1.0241945e-03 -4.7652442e-03  9.2761060e-03 -3.5164659e-05
 -6.2690936e-03  4.2702574e-03
319796	 0.00112515  0.0007528  -0.00120964 -0.00810157  0.00155415 -0.00169278
 -0.00137592 -0.00144569  0.00282095 -0.00321805
180021	-0.00517099  0.00417958  0.00391149 -0.00182894 -0.00213727 -0.00051129
  0.00856245  0.0044775  -0.00159301 -0.0013548 
40762	 0.0040552  -0.01056227 -0.00469567  0.01558412 -0.00936858 -0.00232545
 -0.01274956 -0.00347044  0.00093203 -0.00577351
30011	-0.00249861  0.00241848 -0.00224444 -0.00672798  0.00475164  0.00354738
  0.00459827 -0.01012804 -0.00650057  0.00224507
446270	-0.00304096 -0.00012956  0.00279621 -0.00026359  0.00105421  0.00604465
  0.00289438 -0.00433626  0.00085412 -0.00103082
238911	-0.00480216  0.00086271 -0.00533791  0.00877836  0.00390909  0.00192718
 -0.00376438 -0.00859301  0.00422482  0.00173633
215876	 0.00837129  0.00293535 -0.000365    0.00471112  0.00609309  0.00340223
  0.0036507   0.00093374  0.00626126 -0.00111219
28997	 7.4289425e-04  1.5814271e-03 -2.5404720e-03 -2.3294732e-03
 -2.1262758e-03  2.5706873e-03  1.6004626e-03  3.9414959e-03
 -6.6127905e-05  1.5867103e-03
28998	-1.1616594e-02 -4.3254509e-03 -4.5013009e-03  2.6871428e-05
 -2.1567445e-03 -6.0534929e-03  1.6524211e-05 -3.8123671e-03
 -1.2890802e-03  3.3107176e-03
475977	-0.00011743 -0.0023562  -0.00097006  0.00098271  0.00307142 -0.001079
  0.00253673 -0.00389017  0.0039058  -0.00534668
189270	-8.8108294e-03 -7.0614502e-04  1.9078247e-03 -7.7295396e-03
  4.9436321e-03  9.0019355e-05 -6.2711295e-03 -7.6893710e-05
 -3.7197785e-03  1.8454032e-02
61271	 0.0010901   0.00407783 -0.00683733 -0.00362182 -0.00134132 -0.00133397
  0.00420953 -0.01104484  0.00541937 -0.00639662
55130	-0.00131073 -0.00411453 -0.01017495 -0.00081102 -0.00323349 -0.00137299
 -0.00134147 -0.00700333 -0.00530345 -0.0087482 
35164	-0.00881146 -0.00150415 -0.00022184  0.0057854   0.02237286 -0.00410794
 -0.00060329 -0.00998047 -0.00181683  0.00489859
438622	-0.00215068 -0.00049736  0.00598405 -0.0041093  -0.00045376 -0.00600321
  0.00539346 -0.00594609  0.01108306  0.00749859
61281	-0.00260609  0.00810373  0.00383707 -0.00756341  0.00226498  0.00823876
  0.00671659 -0.00400508  0.00046169  0.0004664 
393058	-0.00326413  0.00151254  0.00150151  0.0058532  -0.00179301 -0.00100955
  0.00189583  0.00223875 -0.00123163 -0.00075032
460648	-5.3427871e-03  7.4439142e-03  9.5969939e-04  9.1690905e-03
 -5.8596823e-03 -7.3692389e-03  5.3525935e-03 -4.1795941e-03
  6.8101226e-03  1.5263413e-05
21865	 0.00413532  0.0037541  -0.00052826 -0.00036609  0.00280946  0.00596025
  0.01028039  0.00059879  0.0043486   0.00239303
215914	 0.00324253  0.00567026  0.0031075   0.00299702  0.00600266  0.00110056
  0.00714577 -0.00178533 -0.00060629  0.01089383
180076	 0.00393226  0.00614833  0.00049132  0.00087388 -0.00272417 -0.00311907
  0.00654344 -0.00165411 -0.00511308  0.00340167
89454	 0.00355483 -0.00548759 -0.00177545 -0.00534593 -0.00088458  0.00805815
 -0.00198206 -0.00489022 -0.00016505 -0.00017384
75122	 0.00293362  0.01565658  0.00371473 -0.00271326 -0.00188181  0.00069133
  0.00152059  0.00223153 -0.00527453 -0.00715554
219507	-0.00811449 -0.0042959  -0.00138688  0.00838157 -0.00765666 -0.00287082
  0.00688008 -0.00588008 -0.01190376  0.00845233
79236	 0.00459541  0.00286888  0.0031681   0.01288559  0.00069391 -0.00541977
 -0.00566428  0.0061382   0.00813736 -0.01133414
59030	-0.00812862  0.00984335 -0.00054102  0.00026037  0.00425586  0.00222107
  0.0167307   0.00647588 -0.00601731  0.00136611
79248	 0.00459541  0.00286888  0.0031681   0.01288559  0.00069391 -0.00541977
 -0.00566428  0.0061382   0.00813736 -0.01133414
468381	-0.00203498  0.00487047 -0.00968916  0.01031183 -0.00137712 -0.00114694
 -0.00761096 -0.01511125 -0.00840883  0.00039459
405417	 0.00549054 -0.00023239 -0.0028966   0.00457283  0.00957557  0.01376317
  0.01054335 -0.00203603 -0.00015372  0.0095202 
24491	-0.0101797   0.00188088  0.00337852  0.0092976   0.00653385 -0.00022251
 -0.00969502 -0.00315108  0.00634112  0.00903393
516013	-0.00644352  0.01273088  0.00183049  0.01022794  0.01798918  0.00709091
  0.01682116  0.00561855 -0.01136644  0.00207358
505779	-0.00286651  0.00344093 -0.00904957  0.01356735  0.00021166 -0.00081499
 -0.0050997  -0.01425754 -0.0068466   0.00133134
375742	 0.00353114  0.00558574  0.00208624 -0.00144066  0.00111695  0.00375746
  0.00536187 -0.00178737 -0.00092317 -0.00053766
122314	-5.7057565e-04 -9.3041795e-05  1.9462044e-04  7.8323088e-04
 -2.2797328e-03  2.2825985e-03  4.2429683e-03 -2.6686918e-03
  4.5559555e-03  1.7116668e-03
241611	 0.01368092 -0.00592511  0.01492739  0.00538609  0.00458738  0.00398639
 -0.00211446 -0.00712197  0.01058764  0.00845391
408524	-0.00118005 -0.00211361  0.00585035 -0.01218863 -0.00453474 -0.00105537
  0.00841042  0.0059907  -0.00614123  0.00285155
575437	-0.00111545  0.00672243 -0.0028134   0.00765572  0.00266586 -0.00026319
  0.00361746  0.00211238  0.00010096  0.00293327
495055	-0.00279941  0.01606246 -0.00277058  0.00453744 -0.00091681  0.00079382
  0.00878545  0.00377955  0.00133983  0.00383777
427988	-0.00233268 -0.01318637  0.00492244 -0.00243041  0.0054667   0.00718671
 -0.00345004 -0.00146629 -0.01174716 -0.00558176
26589	 7.8092357e-03  3.2431623e-03 -6.7550660e-04 -4.6235169e-03
  5.6773662e-03 -7.0160953e-05  2.2530092e-03 -1.8458108e-03
 -6.2864348e-03  2.8833624e-03
454115	-0.00317028  0.00149859  0.00275891 -0.00177689  0.00191568 -0.0022652
  0.00594173  0.00213725  0.00074601  0.00697747
270834	 0.00392171  0.0003461  -0.00026013  0.00022829 -0.00235493  0.00018677
  0.00308819  0.00099054  0.00203213 -0.00133588
109044	-0.00123062  0.00612765 -0.00263271 -0.00084996  0.00762738 -0.00120863
  0.0032407  -0.00180716 -0.00337322 -0.00047181
223733	-0.00926891 -0.00715947 -0.0067227   0.00284299  0.00346068 -0.0019039
  0.01179577  0.00068295 -0.00318649  0.01770564
439288	 0.00125863  0.00164625 -0.00429363 -0.00075263 -0.00700191  0.00558919
 -0.00442899 -0.0004007  -0.00590004 -0.00333374
