85249	-0.00394135  0.0008118  -0.00640264 -0.00834112 -0.0013115  -0.0054149
 -0.00217375  0.00076453  0.00845045  0.0037962 
566339	-0.00123514  0.00732884 -0.01163757 -0.01097661 -0.00377992 -0.00495411
 -0.0127726  -0.00374944  0.00171681  0.0085593 
576774	-0.00022016  0.00579245 -0.00692955 -0.00490332 -0.00071462 -0.00551974
 -0.00332771 -0.00196342  0.00346476  0.00322969
576775	-0.00084111  0.00364368 -0.01089128 -0.00700249 -0.00065164 -0.00477804
 -0.00341977  0.00193958  0.00096099 -0.00152258
157963	-0.00417315  0.00300384 -0.00413288 -0.00472548  0.00175681 -0.00336894
 -0.00765507  0.00079721  0.00346069  0.00226763
161292	 0.0018457  -0.0014054   0.01613423  0.01073044  0.020439   -0.002964
 -0.02614186  0.0156839   0.01199609 -0.00645144
355469	-0.00223435  0.00642058 -0.00846423 -0.00810593 -0.00117908  0.01003261
  0.00290513  0.00037625  0.00108502 -0.00083088
468751	 0.00159901  0.00906669 -0.00082815 -0.01025201  0.00386227  0.00142807
 -0.00633363 -0.00516874  0.00367567  0.00161105
133136	-0.00597144 -0.00191763 -0.00415371 -0.00239626  0.00084009 -0.00194221
 -0.01285123  0.0058319   0.01527458  0.01485916
155316	-0.01007019 -0.00195599 -0.00181525 -0.00200369 -0.00110207  0.00614432
 -0.00574982  0.00622473  0.01378904  0.00994462
546581	-0.00301523 -0.00630372 -0.00190814 -0.00298594 -0.00104089  0.00217116
 -0.00653135  0.00372503  0.00583567 -0.00044324
201110	 0.00962648 -0.01026599 -0.01586974 -0.00412252  0.01143753  0.00121532
 -0.01373859  0.00719231  0.00560162  0.01039616
302103	 0.00665984 -0.00252398  0.00450229 -0.004481   -0.00514768  0.00039572
 -0.00227254 -0.00573856  0.00628155  0.01138401
26904	-0.00211768  0.00470296 -0.00419411 -0.00691065  0.00561858  0.00281414
  0.00078748  0.00194224  0.01086711  0.00970419
568602	-2.9322726e-03  4.8773036e-05 -2.2745302e-03 -1.2201334e-03
 -8.1774825e-03  8.3791809e-03 -7.5729531e-03  1.1987763e-03
  7.6459795e-03  2.7940208e-03
503707	-0.00534758  0.00174675 -0.00705301 -0.00740597  0.0001816  -0.00126337
 -0.0048657  -0.00079826  0.00309938  0.00023678
357338	-0.00259428  0.00570173 -0.00681557 -0.01178629  0.00163749 -0.00319496
 -0.00502763 -0.00221752 -0.00037181  0.00319302
503454	 0.00062132  0.00211993 -0.01000579 -0.00738361 -0.00209908 -0.00212081
 -0.00588353 -0.00109814  0.00212844  0.00111103
161876	 0.00951327  0.00478539 -0.00615593 -0.00473976 -0.00878091 -0.00185891
 -0.002767    0.00081976 -0.00354043  0.00159611
420769	 0.00055958 -0.00142008  0.0022502  -0.00819902  0.00476015  0.01036756
 -0.00676659  0.00160336  0.00312014 -0.00014723
577115	-0.00861706  0.00013402  0.00086048 -0.00447195 -0.003391    0.00350951
 -0.0097519   0.004032   -0.00089071  0.00744587
503460	-0.00278854  0.00512296 -0.01064577 -0.01237202  0.00053961 -0.00496418
 -0.00451961  0.00126182  0.00736429  0.00121669
567750	-0.00773873 -0.00440003 -0.00343763  0.00647363  0.00317975  0.01778343
 -0.00670484  0.00604376  0.00217396  0.00936662
357286	 0.00310159 -0.00574014 -0.00736318 -0.0036065  -0.00264674  0.00524978
 -0.01483314 -0.00168925  0.00752502  0.0055422 
193063	-0.00413241  0.00914276  0.00191928 -0.00854564  0.00743212  0.00887339
 -0.00454414  0.00472029  0.00600164  0.00276926
197417	-0.0029434   0.00091011 -0.01430768 -0.00982181  0.00025838 -0.00279325
 -0.00881482  0.00276658  0.00466019  0.00203236
30763	-0.00930238 -0.00436967 -0.00192618 -0.01027443  0.00071563  0.00384367
 -0.00538849  0.0010171   0.00932577  0.00334412
577330	-0.00134376  0.00077888 -0.00792826 -0.00451267 -0.00289596 -0.00725058
 -0.00828225 -0.002631    0.00482812 -0.0006328 
504372	 0.00082736  0.00325462 -0.00918366 -0.00554045 -0.00308121 -0.00237537
 -0.00465087 -0.0039067   0.00084084 -0.00287082
433163	-1.6664065e-03 -2.2179121e-03 -6.8674684e-03  3.4029749e-06
 -4.6720831e-03  8.4006842e-03 -9.7299051e-03  1.1043863e-02
 -1.6560907e-03  1.0867129e-03
438961	 3.6931187e-03  1.0869532e-03 -8.0625545e-03 -6.4981198e-03
 -4.8681237e-03 -1.2074267e-03 -5.6901462e-03 -2.1158086e-05
  1.9387777e-04  5.3089648e-03
272306	-0.00015694  0.00930245 -0.01354202 -0.01614785  0.01193229  0.00247797
 -0.00658821 -0.0020071   0.00821921  0.00268543
576819	-0.00099612  0.0024731  -0.0053207  -0.00683657 -0.0055013  -0.00395781
 -0.00331021 -0.00365612  0.00205036  0.00397716
357172	-0.00896343 -0.0042248  -0.00752331 -0.01136577  0.00470255 -0.00320649
 -0.00809493 -0.00339892  0.0081114   0.00096675
300853	-9.80751473e-04  1.09114568e-03 -3.46066285e-04 -7.10634934e-03
  9.50148096e-05  1.24942313e-03 -4.00627824e-03  3.70510831e-03
  1.08375745e-02  1.49021263e-03
158646	 0.00302113 -0.00527061 -0.00622173 -0.00202576 -0.00196733 -0.00467261
 -0.00868593 -0.00613675  0.00499999  0.00492199
480311	-0.0027511  -0.00575647  0.00263535 -0.00013926 -0.00018342  0.01220032
 -0.00870876  0.00402215  0.00216783  0.00625273
577081	-0.00239572 -0.00039889 -0.0092989  -0.00651069 -0.0021562  -0.00553836
 -0.00573463 -0.00358875  0.00401396 -0.00173987
147258	 6.2595950e-03 -1.6541785e-04 -2.1281310e-03 -9.5605841e-03
 -1.5178799e-03  5.3598225e-05 -9.8022586e-03  5.9043951e-03
 -1.7026331e-03 -7.0072850e-04
2994	-0.00212293  0.003342   -0.00831116 -0.00636685 -0.00134997 -0.00242942
 -0.00557343  0.00336512  0.00588651  0.00226228
554816	 0.00015032  0.00546334 -0.00067139 -0.00288736  0.00372854 -0.00086964
 -0.00478082  0.00026034  0.00190036 -0.00101002
292278	-1.26649065e-05  4.00977302e-03 -1.31355878e-03 -2.94897566e-03
  6.41677994e-03  1.02390423e-02  5.78486873e-03  1.22828630e-03
  5.71542978e-03  5.05321007e-03
355467	-0.01451459  0.00405956 -0.01068165 -0.0053045   0.00026642  0.01076717
 -0.00367172  0.00495535  0.00433904  0.00400403
403034	-0.00106832 -0.00184589 -0.01059077 -0.01033336  0.00264514  0.00586746
 -0.01031726  0.00441884  0.00244538  0.00126227
408310	 0.0053917   0.00878412 -0.00894971 -0.00859454 -0.0025644   0.00109443
 -0.00834767 -0.00451348  0.00369395  0.00710815
500294	-0.00254417  0.00017369 -0.00330151 -0.00286206 -0.00323724  0.00797906
 -0.00331382  0.00317572  0.00639211  0.00337292
427809	 0.00356479 -0.00134846 -0.00994597 -0.01070681 -0.0005544   0.00787461
 -0.0124845  -0.00338973  0.00971041  0.00419729
408311	 0.0053917   0.00878412 -0.00894971 -0.00859454 -0.0025644   0.00109443
 -0.00834767 -0.00451348  0.00369395  0.00710815
567372	-0.00468447  0.00422597 -0.00498125 -0.00544211 -0.00283246 -0.00237016
 -0.00571582 -0.00110663  0.00391963  0.00768206
155317	-0.01007019 -0.00195599 -0.00181525 -0.00200369 -0.00110207  0.00614432
 -0.00574982  0.00622473  0.01378904  0.00994462
161486	 0.00138218  0.003694   -0.00288369 -0.00955875  0.00308625 -0.0009777
 -0.0135366  -0.00200698  0.00602877 -0.00226991
182223	-0.00389093  0.00179718 -0.01373904 -0.01055308 -0.0023545  -0.00316371
 -0.01047081 -0.00257536  0.0053036  -0.0008509 
182224	-0.00359712  0.0004492  -0.00588306 -0.00614085  0.00115058 -0.004624
 -0.00132867 -0.0030681   0.00645941  0.00044689
401361	-0.00598478  0.00436485 -0.01088799 -0.01172588  0.0027488  -0.00149023
 -0.00886318 -0.00202154  0.00334761  0.00455901
312531	 0.00153513  0.00894383 -0.01486454 -0.01627822  0.0123558   0.00277893
 -0.00540017 -0.00167839  0.00945935  0.00181407
357076	-7.6355059e-03 -1.9103799e-03 -7.0094145e-03 -1.2435419e-02
  5.9027190e-04 -4.5667212e-03 -1.1040261e-02 -4.7349115e-03
  1.1655645e-02 -6.2908141e-05
568166	-0.00222654  0.00132846  0.00140855 -0.00107689  0.00155758 -0.00293838
 -0.00573515  0.00239501  0.00342285  0.00910759
576953	-0.00485313  0.00113669 -0.00855801 -0.00771523 -0.00424641 -0.0030088
 -0.00554273  0.00199627  0.00360157  0.0025818 
468954	-0.00039779  0.00474056 -0.00484888 -0.0092721  -0.00137584 -0.00067588
 -0.00253091 -0.00250341 -0.0004256   0.00572917
533467	-0.00155608  0.00120474 -0.00931895 -0.00961134  0.00336808  0.00130038
 -0.00733325 -0.00182996  0.00594808  0.00319067
503644	-0.00338904 -0.0003596  -0.01020939 -0.00715114  0.0007844  -0.00072972
 -0.00562847  0.00179798  0.00403785  0.00022107
503568	 0.00190923  0.00125589 -0.01038603 -0.00866348 -0.000482   -0.00197576
 -0.00266287  0.0025542   0.00708714  0.00236737
358111	 0.00292684  0.00149712 -0.00539172 -0.00789374  0.00680187  0.00168393
 -0.00823759 -0.00198826  0.00536196  0.00547856
434960	-0.00838617  0.00073422 -0.00055181 -0.01066629  0.0017989   0.00322154
 -0.00840713 -0.00106061  0.00923043  0.00484972
570211	-0.00508993  0.00832728 -0.00106376 -0.00729635  0.00379234  0.00537341
 -0.00719997 -0.00199297  0.00041833  0.00252811
504164	 0.00031254  0.00448401 -0.00906641 -0.00876725 -0.00514746 -0.00277225
 -0.00274404 -0.00118897  0.00051364 -0.00011896
2918	-0.00849121  0.00234563 -0.00860047 -0.00871111 -0.00506689 -0.00120107
 -0.00631463  0.00343479  0.00840174  0.00173364
85222	-0.00396817 -0.00094265 -0.00565315 -0.00650839 -0.0054132  -0.00066883
 -0.00591962  0.00376883  0.00777343  0.00338396
159207	-0.00930303 -0.00866738 -0.00158794 -0.00082433 -0.00066201 -0.00223072
 -0.00564298 -0.00154216  0.0053011   0.00388945
357244	 0.00227323 -0.0030671  -0.0112852  -0.00402307 -0.00162386  0.00339015
 -0.00964911  0.00059098 -0.00198177 -0.00182935
534762	-1.2901511e-02 -1.2575608e-03 -1.2083765e-03 -5.4855500e-03
 -1.5609832e-03  4.7668882e-04 -5.0628036e-03  6.0145333e-03
 -1.4018267e-05  1.0960412e-03
274923	-0.00130774  0.0079267  -0.01294939 -0.00529373 -0.00405373  0.00052205
 -0.00924144 -0.00712572  0.01180354  0.00401059
300652	-0.00524218 -0.00236241 -0.01305175 -0.00549054  0.00130579 -0.00337139
 -0.01003441  0.00397534  0.01007391  0.00370714
184176	-0.0024305  -0.00272727 -0.00968815 -0.00359666  0.00038947 -0.00222682
 -0.00270614 -0.00021137  0.00662694  0.00587513
475813	-3.9596627e-05  8.6338492e-04 -6.7750178e-03 -4.7997660e-03
 -4.4766879e-03  5.7843383e-03 -8.6065866e-03  8.5618179e-03
  5.6690541e-03  1.6024115e-03
3954	 0.002617   -0.00132745 -0.00549227 -0.00367284 -0.00245688  0.00035323
 -0.00102164  0.00160278  0.00195117  0.00250773
408309	-0.00346599 -0.00216474 -0.00754449 -0.00982478 -0.00086306  0.00539936
 -0.01165171  0.00263027  0.0073751   0.00337767
401364	 0.00481037 -0.00112953 -0.00362728 -0.00432273  0.00306995 -0.00117122
 -0.00888283  0.00483453  0.00119892 -0.00091335
300663	-0.00365699  0.00114199 -0.00826661 -0.0092172   0.00026419 -0.00146972
 -0.00760754 -0.0030844   0.00312712 -0.00351724
408313	-1.7298667e-03 -3.7901764e-06 -3.4472640e-03 -8.2372371e-03
 -3.1623200e-03  3.6626980e-03 -3.4196612e-03  3.4964363e-05
  4.1031106e-03  2.4018188e-03
504059	-0.00378353  0.00222718 -0.00718462 -0.00487156  0.00161285 -0.00163492
 -0.00365445  0.00133978  0.00527013  0.00246106
167804	-0.00041524  0.00622939 -0.0094774  -0.00766067  0.00073906 -0.00208425
 -0.00446942 -0.00130012  0.00433197  0.00587587
357117	 0.0036439   0.00101375 -0.01610206 -0.00703585  0.00169348  0.0016404
 -0.01391136 -0.00184758  0.00154862  0.00053394
223615	-0.00011191 -0.00129479 -0.0039036  -0.00386446 -0.00051637  0.00801036
 -0.00268786  0.00372882  0.000478    0.00205896
