437761	 0.000769    0.01113963 -0.01068753 -0.00752242  0.00498962 -0.00353097
  0.00160491 -0.00423454  0.01027063  0.01378967
503638	 0.00226903  0.01340496 -0.00928684 -0.00498514  0.00127947 -0.01087641
 -0.00140045 -0.00716858  0.00117097  0.01356043
163848	 0.0005828   0.00378664  0.00765524 -0.00153536  0.00403822 -0.00368072
  0.00101702 -0.00031805  0.00187833  0.00374761
462346	-0.00457902  0.00560501 -0.00478657 -0.00457167  0.00874943  0.00266633
 -0.00328409  0.00597983  0.00925847  0.01071034
269846	 0.00142138  0.00683981 -0.00695643 -0.00298383  0.01009069  0.00456811
 -0.00227748 -0.00109128  0.01003669  0.00272354
458780	-0.00028538  0.00617447 -0.00261973 -0.0025393   0.00562959  0.00500351
 -0.00393121  0.00286009  0.01511906  0.01121269
458781	 0.00545915  0.00404157 -0.01173039 -0.00207607  0.01290672  0.00675777
 -0.00101078  0.01221749  0.00864017  0.00395204
460844	-0.00396752  0.00342597 -0.00485239 -0.00122508  0.00720676  0.0004914
  0.00158264 -0.00266311  0.01081693  0.00576289
127021	 0.004724    0.00613333 -0.00981966 -0.00705586  0.00516885 -0.00073847
 -0.00194923 -0.00457478  0.00455384  0.0126735 
220718	 0.00392737  0.00680486 -0.00756208 -0.00368355 -0.00127157 -0.00282655
 -0.00565936 -0.00645756  0.00540208  0.00840963
458288	-0.01031239  0.00169606  0.00662881 -0.00808352  0.0056118  -0.00322969
 -0.00795331 -0.0006211   0.002521    0.00364197
503859	 0.0031139   0.01307672 -0.00982637 -0.00172055  0.00365909 -0.00739855
 -0.00277369 -0.00651577  0.00783188  0.01513064
3127	 0.00568191  0.01604618 -0.00229294 -0.0028228   0.00696897 -0.00906438
 -0.00344738 -0.00933229  0.00267485  0.01764921
458308	 0.0016598   0.0044138  -0.00587754 -0.00588436  0.00494899  0.00470223
 -0.00598533 -0.0080261   0.005779    0.01220957
174149	-1.4595003e-03  9.8032970e-03 -1.3910014e-02 -4.7597643e-03
  2.2539867e-03 -3.3692117e-03 -2.8395799e-03 -4.7451464e-05
  1.1564982e-02  1.2167101e-02
458318	 0.004896    0.01020574 -0.01540664 -0.00685766  0.00304874  0.0008577
 -0.00590813 -0.00525528  0.01445258  0.01982655
458331	-0.00263899  0.00538717 -0.00872465 -0.0032917   0.00764187  0.00695194
 -0.00416996  0.00223345  0.01388429  0.00850862
302190	-0.00964608  0.01253299  0.00072441 -0.00810567  0.00232856 -0.00088366
 -0.00489104  0.00134141  0.00790137  0.00666615
546937	 0.00075776 -0.01013929 -0.01036358  0.00992087  0.00129081 -0.00265123
 -0.01269672 -0.00849592  0.00671575  0.0030365 
473220	-0.00674204  0.00385858 -0.00799003 -0.0047454   0.00566723  0.00459218
 -0.00191235  0.00273336  0.00481567  0.00712844
577158	 0.00486061  0.01157104 -0.00861137 -0.00247811  0.00228763 -0.00647577
 -0.00151036 -0.00742403  0.00270582  0.01930271
396428	 0.0016686   0.00534034 -0.00771492  0.00186662 -0.00074557 -0.00049401
 -0.00517224 -0.00260137 -0.00146289  0.01022132
396429	 0.0060093   0.00727654 -0.01155434 -0.00238958  0.00196933  0.00322642
 -0.00181742 -0.00901757  0.00160128  0.01154407
499343	 0.00734904  0.01570689 -0.00504049  0.00794719  0.00858178  0.00391252
 -0.00592858  0.00761642  0.01292724  0.01206251
174224	-0.00292559  0.00458124 -0.00646072 -0.00349705  0.01687829  0.00341603
 -0.01251395 -0.00059899  0.00101552  0.0078344 
92820	-0.00084945  0.007064   -0.00850815 -0.00698376  0.00061459  0.00661248
 -0.00383283 -0.00115151  0.00695029  0.00267389
2713	-1.3341463e-02  6.5077700e-05  4.3004309e-03 -4.9716518e-03
  5.4552252e-03 -2.2280400e-03 -3.7598617e-03  8.9618461e-03
  1.2120604e-02  9.3747629e-03
369826	 3.5613135e-03  4.3636970e-03 -7.1092718e-03 -1.1537721e-03
 -3.1149152e-03  5.6818491e-03 -2.9865101e-05  5.1535834e-03
  2.8977219e-03  4.8363782e-03
187043	-0.00152211  0.00230842 -0.01251054 -0.01146602  0.00127467  0.00397379
 -0.0023941  -0.00152581  0.01168176 -0.00094611
42660	-4.4732547e-05  2.7876892e-03 -3.1300569e-03 -4.4277790e-03
  1.4837161e-03 -5.9017242e-04  1.3579545e-03 -2.4623519e-03
  1.1958870e-02 -3.7662385e-04
85158	 0.00689462  0.01303304 -0.00521163 -0.00266805  0.00828574 -0.00728795
 -0.00294451 -0.00834195  0.00291825  0.01442268
2844	 0.00375685  0.00884207 -0.00762579 -0.00322968 -0.00486354  0.00364332
 -0.00738028  0.0067798   0.00796493  0.00818392
183983	 0.00618726  0.01264204 -0.0100343  -0.00279029  0.00497335  0.00202522
  0.00404202 -0.00451201  0.00678892  0.00055748
503986	 0.005325    0.01536773 -0.00690293 -0.00483362  0.00131659 -0.01031825
  0.001064   -0.00897553  0.00593457  0.01525464
142524	 0.00537888  0.01084842 -0.00297103  0.00541488  0.01491214  0.00353975
 -0.0012246   0.01059053  0.01313058  0.00156204
480202	-0.0036404   0.00752491 -0.0089922  -0.00626     0.00166914  0.00402174
 -0.01124467  0.00086615  0.00459146 -0.00235568
148162	 0.00213908  0.00478047 -0.00480484 -0.01108384  0.00271044 -0.0008145
  0.00173541 -0.00414925  0.00746499  0.01677013
498372	-0.00496932  0.00865703 -0.01209533 -0.00654594  0.00233957 -0.01023204
 -0.00175724  0.00464626  0.00350215  0.00503109
142538	 0.00106489  0.01695306 -0.00693751 -0.01411163  0.00522618 -0.00035145
  0.00223818  0.00533321  0.01329764 -0.0133839 
481483	-0.00653288  0.00513509 -0.00850672 -0.00492928 -0.00135675 -0.00400547
  0.00544346 -0.00338093  0.00876831  0.00508673
568526	 0.01147879  0.00902563 -0.00886701 -0.01405875 -0.0008209   0.00167876
  0.00116157 -0.00547916  0.00841711  0.00661161
147665	 0.00522855 -0.00067811 -0.01378302 -0.01656686 -0.00397873  0.00880806
 -0.0025092  -0.00775563  0.00545607  0.01035661
492757	 0.00459378  0.01047076 -0.01145188 -0.00533192  0.00432079  0.00232233
 -0.00250245 -0.004524    0.00707773  0.01408456
8313	-7.7381177e-05  3.3221948e-03 -7.8007737e-03 -7.2678388e-03
  3.7809424e-03  8.8501126e-03 -2.1674503e-03 -4.0505733e-03
  1.0799353e-02  1.0241338e-02
359133	-0.0114435  -0.00438987 -0.00520751 -0.00634052  0.00127665 -0.00646647
  0.00164487 -0.00931099  0.00617688  0.02210509
150758	 0.00306096  0.00648905 -0.00356266 -0.00393658  0.00063861 -0.00120143
 -0.01004726 -0.00531554  0.00628576  0.00767005
395498	-0.00182361  0.00437207 -0.0075754  -0.00257969  0.00992436 -0.00171321
  0.0037644   0.00025611 -0.00136852  0.00139765
493298	 0.00408152  0.00991213 -0.01394288 -0.0034432  -0.00451185  0.00301603
 -0.0098362  -0.0111008   0.00838607  0.01760252
184051	 0.0098029  -0.00191249 -0.02028754 -0.00497431 -0.01667748  0.00614914
 -0.00623786  0.00674072  0.01620272  0.02062949
412404	-4.1636107e-05  9.7045554e-03 -1.1809638e-02 -4.7453353e-03
  4.9200901e-03 -8.0359913e-04 -4.7647003e-03 -9.4138486e-03
  1.1110368e-02  1.4413391e-02
504060	 0.00120712  0.01238736 -0.00769302 -0.0064428   0.00713307 -0.00787868
 -0.00317631 -0.00907604  0.00737478  0.01233783
581374	-0.0036897   0.00342031 -0.00596511 -0.0012785   0.00152091  0.00223055
 -0.00506767 -0.00477488  0.00444949  0.00988842
125697	 7.1587898e-03  9.5971618e-03 -1.2349148e-02 -1.0923980e-03
  9.8386212e-05  8.9894107e-04 -5.2734041e-03 -2.3667102e-03
  7.8837434e-03  1.2988242e-02
248579	-1.0694186e-03  3.8913016e-03 -1.9386751e-03  1.7015424e-03
  2.6519425e-04  3.6374468e-03  3.0038371e-03 -4.8454753e-05
  2.1391830e-03  3.8026756e-04
546565	 0.00238672  0.00574248 -0.00612687 -0.00191001  0.00313549 -0.00307125
 -0.0013352  -0.01157603  0.00777639  0.00691729
452872	 0.0094875  -0.004651    0.01204335 -0.02681573 -0.00106977 -0.00149738
  0.0037661  -0.00563019 -0.00937622 -0.0173531 
184590	-3.1711659e-03  5.4490585e-03 -7.7797705e-03 -1.8633401e-03
  3.3147424e-03 -6.1967736e-04 -8.9860216e-05 -4.8475986e-04
  7.7432720e-03  4.3668649e-03
458285	 0.00170299  0.0030383  -0.00194954 -0.0075056  -0.00011954  0.00106552
 -0.00344251 -0.0050672   0.00338128  0.00969963
504081	 0.00407369  0.01098148 -0.00737282 -0.00620436  0.00420763 -0.00414758
  0.00289887 -0.00733277  0.00701901  0.01556166
243480	 0.00143112  0.0106998  -0.00858335 -0.00716681  0.00561152  0.00403277
 -0.00334196 -0.0012112   0.00552879  0.00857416
512794	 0.00406763  0.0125505  -0.01877885  0.00162378  0.00457621  0.00517518
  0.00217248  0.00512073  0.00547872  0.01687584
512795	-0.00389409  0.00531409 -0.02338109 -0.00527904  0.00536463  0.00037777
  0.00058472  0.00459453  0.0152361   0.01834627
512796	-0.00023861  0.01042668 -0.00700491  0.00051141  0.00633733 -0.00434065
  0.00096365  0.00768166  0.00760184  0.00845322
504368	 0.00771171  0.01349196 -0.00690472 -0.00402364  0.00671825 -0.00937853
  0.0004939  -0.00833244  0.00112057  0.01236404
243492	 0.00567114  0.00734581 -0.02314269 -0.00922925  0.00306032  0.0102592
 -0.00618549 -0.00196962  0.00234861  0.00568158
243494	 3.9761253e-03  7.1392367e-03 -2.3218822e-02 -2.9133213e-05
 -4.8716557e-03  5.2969516e-03  4.1951003e-04  7.1172050e-04
  1.0372786e-03  8.3334679e-03
521512	 0.00186782  0.0129137  -0.01982674 -0.00592409 -0.00066186 -0.00532772
 -0.00183079 -0.00033674  0.00478734  0.01136298
369963	-0.00290856  0.00346105 -0.00161436 -0.00902983  0.00236749 -0.00346906
  0.00242558 -0.00263088  0.0095451   0.00171969
161580	-0.00360013 -0.00087995 -0.01839577  0.00913857  0.00350691  0.00441252
  0.00922525 -0.00255995 -0.0072022   0.00211368
359213	 0.00101788  0.00520716  0.00274398 -0.00649174 -0.0007418   0.00692874
  0.00472779  0.00023037  0.01039527 -0.00414815
305454	-0.00094149  0.00426518 -0.01150175 -0.00196056  0.00328152 -0.00703035
 -0.00685768 -0.00428009  0.0110951   0.01495144
458291	 0.0045081   0.00310498 -0.00269306 -0.00089642  0.00468768 -0.00284408
 -0.00095823 -0.00076676  0.00856194  0.00412271
448318	 0.00500936  0.00918498 -0.00403499 -0.00568596  0.00369545  0.00265831
 -0.00054269 -0.0041595   0.00325203  0.00312214
448320	 0.00340255  0.01264025 -0.00321022 -0.00583645  0.00584145  0.00383832
  0.00164663 -0.00017862  0.00296422  0.00891377
401734	-0.00541592  0.00332993 -0.00143876 -0.00364634  0.00223994 -0.00301433
  0.00186939  0.00294626  0.00770575  0.0065504 
231755	 0.02699778  0.00671777  0.01959374 -0.02081257 -0.01335898  0.02208228
  0.00626071 -0.02294811  0.02044231 -0.01097878
2386	-0.00565127 -0.00016628 -0.00564064 -0.00221615 -0.00286649  0.00228385
 -0.00909023 -0.00523369 -0.00618147 -0.00025354
458068	-0.00210598  0.00585503 -0.01081341 -0.00991997  0.00604683 -0.00271672
 -0.00565628 -0.00837459  0.00923513  0.01016238
448342	 0.0121448   0.00391515  0.00109202 -0.00214886  0.00398019 -0.00328396
  0.00435729 -0.0042713  -0.00054087  0.00625942
532111	 0.00256879  0.00373476 -0.00698401 -0.00301998 -0.00019719  0.00290994
 -0.00832689 -0.01144322  0.00695955  0.0115196 
504160	 0.00408673  0.0127242  -0.00622785 -0.00538651  0.00728106 -0.00847385
  0.00028118 -0.00800503  0.00751822  0.01717835
546664	 0.00594118  0.00113411 -0.01152323 -0.00175031  0.0031429   0.00021158
 -0.00345234 -0.00999932  0.00829703  0.00637191
499055	 0.00196224  0.00098686 -0.00700698  0.0018386   0.00060861 -0.00664926
 -0.00228038 -0.00026988  0.00927213  0.01070553
455951	-0.00022692  0.01174186 -0.00128074 -0.00512792  0.0033059  -0.00346872
  0.003958   -0.00078095  0.00603686  0.00492153
576892	 0.00663027  0.00834714 -0.00375104 -0.00042044  0.00321251 -0.00528237
 -0.00025985 -0.00419899  0.00487841  0.01914881
504189	 0.0067578   0.01249487 -0.00256182 -0.00524236  0.00859897 -0.00614584
 -0.00257943 -0.01039195  0.00274534  0.01328064
2955	 0.00535239  0.00861589 -0.00477634  0.00056863  0.00417033 -0.00941977
  0.00111662 -0.00658834  0.0032511   0.01288701
525212	-0.00195692  0.0095581  -0.00893706 -0.00841514  0.00751715  0.00252609
  0.00432102  0.00215265  0.01136532  0.0062152 
282013	-0.00517621  0.00427915 -0.00590512 -0.00461958  0.00149716  0.00120181
  0.00090279  0.00047019  0.00858599  0.00716737
282012	 0.00121136  0.00766229 -0.00987058 -0.00225383  0.00616364  0.00795387
 -0.00121105 -0.00251578  0.01088623  0.01284239
223645	 2.4410523e-04  1.1280195e-02 -9.3775513e-03 -8.5461512e-03
  4.8841506e-05 -5.9271459e-03 -4.4222442e-03 -7.8632087e-03
  5.4975441e-03  1.3572573e-02
503730	 8.0660470e-03  1.4216078e-02 -3.4357647e-03 -4.7475430e-03
  8.4915506e-03 -5.5682925e-03 -2.1493163e-06 -1.0774342e-02
  3.8193183e-03  1.4859486e-02
537011	-0.00167068  0.00790325 -0.00231904  0.00029129  0.0041979   0.00392975
  0.00155273 -0.00302375  0.00668837  0.00815782
56758	 0.00499197  0.00466404 -0.00390438 -0.00569165  0.00464156 -0.00081774
  0.00090184  0.0003742   0.00923003  0.00825948
481212	 0.00250543  0.00919507 -0.0053067  -0.00556616  0.00457462  0.00282816
  0.00271791 -0.00258086  0.00118201  0.00879304
458174	 0.004156   -0.00593745 -0.00360799 -0.00624447  0.0016777   0.00334956
 -0.00742976  0.00491404  0.01732634  0.0061326 
220662	-0.00754387  0.00480203 -0.00148711 -0.00507331  0.00887582  0.00360123
 -0.00240002  0.00885034  0.00942654  0.00648523
537033	-9.9870842e-04  6.6810232e-03 -3.1126512e-03  1.3744835e-03
 -5.6613778e-04 -6.2082087e-05 -7.7855407e-04  9.4111246e-04
  3.5417519e-04  1.0728502e-02
537034	 0.00285164  0.01038282 -0.00413923  0.00333928 -0.00367152 -0.00047713
 -0.00018196 -0.00042088  0.00208289  0.00885235
401358	 0.00538133  0.00181475 -0.01520402 -0.00703312 -0.00280204  0.0009033
 -0.00813679 -0.00720325  0.00608387  0.01121252
458192	-0.00288298  0.00198569 -0.01723767 -0.01031168  0.00523248  0.00914862
 -0.00655709 -0.00646713  0.01185171  0.00796093
42659	 0.00568837  0.00840539 -0.00868814 -0.01131509  0.00048695  0.00190804
 -0.01477792 -0.00774462  0.0122616   0.01223301
257495	-0.00212331  0.00706785 -0.0041821  -0.00350676  0.00198968 -0.00465469
  0.00037913 -0.00307009  0.00661896  0.00060682
434145	 0.00181525  0.00420786 -0.00265095 -0.00257067  0.00167542 -0.00434175
 -0.00298005 -0.00266184  0.00241121  0.00906307
467952	 0.00196585  0.00354921  0.00747514  0.00234769 -0.00189274 -0.00055037
 -0.00526777 -0.00202784 -0.00326881  0.00364887
67574	 0.00130561 -0.00399458 -0.00780811  0.00932775  0.0089687   0.01504272
  0.00057015  0.00367623 -0.00095993  0.01177613
220663	-0.00078316  0.00517507 -0.0046415  -0.00616322  0.00495443  0.00227849
 -0.00197249 -0.0041143   0.01238693  0.00595272
383997	-0.00226371  0.00449493 -0.00513722 -0.00725745 -0.00137125 -0.00950833
 -0.00115184 -0.00974547  0.00595564  0.01072218
571902	 8.2282759e-03  7.2156177e-03 -8.1817564e-03  2.3041191e-03
 -1.8691945e-04 -6.2531602e-05  1.5414588e-04  1.0105623e-03
  8.0152322e-03  1.0942194e-02
