278272	 0.00184303 -0.00083056 -0.00760818  0.00547472  0.00145705  0.00029719
 -0.00359676  0.00187512  0.00298797  0.00259672
340998	-6.1491192e-03  6.8995124e-04 -7.8055379e-03  3.2362575e-03
  4.2603292e-06  1.8851196e-03 -2.0209381e-03 -6.8114987e-03
  2.2898943e-03 -2.2744101e-03
543243	-0.00615519  0.00478035 -0.00760446 -0.00707194  0.00281053  0.00124076
 -0.00311375  0.00266244  0.0032701   0.00218888
42385	 0.00104908 -0.00281263 -0.00419044 -0.00542209 -0.00097339 -0.001013
 -0.0036239  -0.00090642  0.0038826   0.0073861 
30738	-0.00775177  0.00078825 -0.00511259  0.0054049   0.00219554  0.00372202
 -0.00502013 -0.00475415  0.00230136 -0.00170752
251412	-0.00121    -0.00127846 -0.00629584  0.00204053 -0.00207578 -0.00259811
 -0.00336971 -0.00047497  0.00291579  0.00012323
264853	 0.00161608  0.00184685 -0.00626115  0.00233315  0.0034096   0.00018585
 -0.00319261  0.00175505  0.00011131  0.00138496
416278	-0.00284453 -0.00497373 -0.00607263  0.00198272  0.00122515  0.00198973
 -0.0073147   0.00158438  0.00270571  0.00153568
543002	-0.00397794 -0.00370331 -0.01061671  0.00041293  0.00272314 -0.00048257
 -0.0065985   0.00314819  0.00746922  0.00864285
416282	-0.00935873 -0.0032529  -0.00471363 -0.0007029   0.00663043  0.00036986
 -0.0067397   0.00064613  0.00062757 -0.00431414
502434	-0.00136975  0.00685629 -0.01182249  0.00189892  0.00275544 -0.00611227
 -0.00111629  0.00052009 -0.00069803 -0.00085755
161755	 0.00236056  0.00157284  0.00282828 -0.00100193 -0.0016199   0.0035916
 -0.00445217  0.00290593  0.00325255  0.00467427
140070	-0.00261322  0.00334906 -0.00417354  0.00341301  0.00243444  0.00397217
  0.00012862  0.00209026 -0.00096763 -0.00328966
344104	-0.00610853 -0.00283434 -0.00193941  0.00085925  0.00485818  0.00405986
 -0.00255448 -0.00717747  0.00018029 -0.00233829
542378	-0.00282746 -0.00551019 -0.00971691  0.00207305  0.00221941 -0.00061654
 -0.00666294  0.00102172  0.00701185  0.0079931 
338862	-0.00552493 -0.00498859 -0.00199432  0.00093547 -0.00130664 -0.00100079
 -0.00023254 -0.00554808 -0.00050701  0.00020619
148018	-0.00243625  0.00121288 -0.00524447 -0.00109093  0.00302588 -0.00509719
 -0.00453288  0.00418087  0.00140568  0.00555363
269620	 0.00160847 -0.0017814   0.00062628  0.00613651  0.00943956 -0.0014313
 -0.00542304  0.00134481 -0.00420969  0.00486939
502494	-0.00395472 -0.00199489 -0.00750189  0.00295827 -0.0057315   0.01022318
 -0.01367497  0.00319676  0.00322253 -0.0015789 
336950	-0.0046606  -0.00386306 -0.00411876  0.00316245  0.00139634  0.00096965
 -0.00271142 -0.00723469  0.00439199  0.00293867
365535	-0.0049001  -0.00219167 -0.00927093 -0.00117848  0.00801696  0.00666797
  0.0008746  -0.00098179  0.00426887  0.00530682
541366	-0.01325341  0.00122462 -0.00969586 -0.00081695  0.00478476  0.00130319
 -0.00154639 -0.01347183  0.00812783 -0.00716269
418626	-0.00483729  0.0005453  -0.00012528  0.00433833  0.00322345  0.0019148
 -0.00447424 -0.00196332  0.00212156  0.00212526
375115	 0.00057444  0.00913425 -0.00863925  0.0004228  -0.00027652  0.00552126
 -0.01362556 -0.0039503   0.00047416  0.00945236
7236	-0.00089544 -0.00175521 -0.00096736  0.00359361  0.00822702  0.00164225
 -0.00772985 -0.00313012 -0.00189549  0.00304764
278326	-0.0041249  -0.00221318 -0.00360766  0.00517274  0.0008708   0.00296237
 -0.00488437 -0.00021301  0.00022256  0.00046051
352207	 6.5234881e-03  4.5581153e-03 -5.1144767e-03  4.4762036e-03
 -5.7837511e-03 -9.7953167e-04  5.7088695e-03  8.8853762e-05
  8.7690103e-04  1.0923263e-02
527559	-0.00198557 -0.00156761 -0.00568755 -0.0013439   0.0038736   0.004446
 -0.00608254  0.00067275 -0.00074726  0.00149998
409672	 0.01154956  0.00466629 -0.0073614  -0.00306571  0.00831728 -0.01160338
  0.00153867  0.0037118   0.00099838  0.00543486
538571	 0.0003687   0.00241766 -0.00812743  0.00402506 -0.00206083  0.00461654
 -0.00284979  0.00161082 -0.00045761 -0.0009587 
250830	-0.00121    -0.00127846 -0.00629584  0.00204053 -0.00207578 -0.00259811
 -0.00336971 -0.00047497  0.00291579  0.00012323
541391	-1.08141685e-02 -1.39204218e-04 -1.57447276e-03  4.31916257e-03
  1.18400028e-04  4.08846093e-03 -3.65846827e-05  9.21006314e-04
  6.91867480e-03 -6.90336572e-03
365520	 0.00048426 -0.00207548  0.00113231  0.00493474  0.00571593  0.00181081
 -0.00029604 -0.00322956  0.00496237  0.00473514
284323	-8.59905776e-05  1.41433906e-03  5.08792931e-04  2.84668198e-03
 -1.01712707e-03 -3.05819046e-03 -1.38374865e-02  3.73192457e-03
 -2.73160578e-04  3.23927985e-03
365527	-4.00269753e-04 -3.50558269e-03 -5.83508750e-03 -5.45744505e-03
 -4.18766431e-05  5.25175245e-04 -6.07415475e-03 -1.15894094e-04
  8.05816799e-03  1.29818395e-02
537818	-1.9393052e-03  3.2880856e-04  4.6614814e-03 -6.8836979e-04
  4.3461114e-05  5.8798492e-03 -6.3019232e-03 -6.8598874e-03
 -2.4636032e-03  3.4785189e-03
495451	-0.00662583 -0.00659543 -0.00238881  0.00353309  0.00724184  0.0099677
 -0.00277741  0.00096638 -0.00227571  0.00241331
185693	-0.00468226 -0.00137695 -0.00159495  0.0005523  -0.00187831  0.00390987
 -0.00702608 -0.0026168   0.00392821  0.00477733
365534	-0.00429438 -0.00074078 -0.00726323  0.00335921 -0.00082976  0.00092837
 -0.00444767 -0.00157795  0.00220294  0.00138731
278369	 0.00066982 -0.00135748 -0.00639654  0.00624189 -0.00039416  0.00257858
 -0.00382033  0.00161969  0.00276308  0.00203157
99424	 0.00205287 -0.00296004 -0.00236206  0.0013521   0.00498671  0.00051906
 -0.00667907  0.00307497  0.00060524  0.00319579
375777	 0.00131629 -0.00380739 -0.00645058 -0.00028968  0.0010103   0.00420157
 -0.00931649 -0.00152801  0.00394589  0.00321847
352934	-8.9809153e-04  6.4103713e-04  5.8692298e-05 -1.4002630e-03
  2.3423545e-03 -1.0686091e-03 -5.8013820e-03 -2.0815218e-03
 -9.4677455e-04  9.6101727e-04
203622	-0.00180387 -0.00651723 -0.00122268 -0.0036547   0.00398203  0.00414913
 -0.00313731 -0.00256318  0.00221514  0.00480887
3169	 0.00069541  0.0008108  -0.00395868  0.00421283 -0.0030327  -0.00032001
 -0.00693279 -0.00496882  0.00084143  0.00455749
552552	 0.00083263  0.00300102 -0.00081019 -0.00072263  0.00243807  0.00245526
 -0.00523355  0.00120018  0.00275433  0.00612317
341743	-0.0056218  -0.00045008 -0.00054745  0.00343036  0.00022566  0.00380243
  0.00099726 -0.00735532 -0.00290727 -0.00442117
251048	-0.00121    -0.00127846 -0.00629584  0.00204053 -0.00207578 -0.00259811
 -0.00336971 -0.00047497  0.00291579  0.00012323
306930	-0.00316733 -0.00596964 -0.00620514  0.00081067 -0.00048114  0.00227985
 -0.00654064  0.005156    0.00028626 -0.00095734
160758	-0.00670332 -0.00754917 -0.00688686  0.00302531  0.00369939  0.00848518
 -0.00596328 -0.00145373  0.00350189  0.00671957
30760	-0.00238379  0.005306   -0.00089903  0.00914737  0.00282063  0.00300377
  0.00193685 -0.0018634   0.00155448  0.00025062
78177	-0.00137236 -0.00186651  0.00125258  0.00337688  0.00242733  0.00579335
 -0.00393847  0.00016937  0.00078931  0.00175466
30842	-0.00391715  0.00341474 -0.00479314  0.0068717   0.00160748  0.00079595
 -0.00562931 -0.00241389 -0.00040928 -0.00148508
