189450	69110.37498895249
113676	6212.373764671818
378894	134444.95682367124
19476	138.81963440231175
470037	686.6608293498258
247326	15649.214768667915
255529	651.0349823199232
232494	164.62492876158436
386143	265833.8501301678
364042	630214.6541632607
471614	59.57389605118625
544839	449.9370085561024
534111	43.97992221927023
495200	84.23804109775276
106090	262.4282967439111
175738	2035.4312801723374
26762	694.4812962687223
161423	396.9577323474242
215696	403.65856670608576
433811	644.0350592094283
231579	347.2816441996303
351902	347.6751476908648
553652	862.5847119197673
345781	2959.1092537432974
350902	1.051393893419306
530625	253.1632303147315
55491	14237.750860936994
128708	2157.7854201426394
226514	717.0670727850855
102100	557.2319160913271
189656	7083.853644931386
285916	106.66149477406894
352998	520.573542013686
471784	2255.462452175515
113387	5922.296353821041
190700	740.3081076017405
471800	9136.597657998394
390906	17026.221199844887
220926	981170.2053256999
469248	323.6369000066206
80647	515.0297729807875
556297	495.25132621677983
375564	5129.695493208941
192728	3586.4295822439385
321298	34466.1585433849
212755	810.108408652481
9774	302.7464736076889
321305	65628.00552230832
445723	370.2829139748885
530213	141.7982212879036
104156	445175.1987797445
317747	7077.281874498156
233274	3596.8535151613273
166719	210.5861264693602
523588	659.5282208344289
384325	17251.02520347796
151368	224.1755639172282
510282	14918.701137754264
239435	509.53497347835145
190293	2121109.289045751
206683	696.4024928340717
377694	107526.076367823
396131	970.7954660074039
516973	338327.799270731
6510	1086.3314802011073
314430	199.09741881815253
89975	47735.1480847703
541570	872.832089068433
354693	360.93550450488095
104839	201.19923592412738
104841	425.71163924193377
352143	440.0837461528945
543635	82230.79718338377
151964	617.876904041412
164165	71905.53925274001
370593	4610.073673562958
384412	146439.16689217457
378283	1522.4862719072362
416688	9022.31709814706
384328	335122.14404861495
236943	2128.3126414232147
471479	596.151917058863
140732	15881.58810275852
204738	131902.675437997
354762	1135.2598455277118
187341	6416.962350319543
494547	2031.8054254298636
302039	37260.70799491711
302040	25869.44068696164
9690	8027.195447315741
425438	1236.3709459141182
231391	1949.4834785959163
262114	736.2846030497777
550376	238.64021544731318
279531	885.0288927460313
299503	301.00694084454466
579060	5092.4430853360445
187381	12716.548097900475
482294	15327.29925670626
