443396	61834.15668204388
84490	0
198673	12616.19863766247
107031	45157.43712802054
450592	2513.5868189148264
196140	9492.419520210507
387630	72123.73846396917
88120	28552.06891546498
170554	93355.6454151987
112188	29778.690459824407
555530	99613.23586031704
32838	612666.8517194061
83531	56103.57165030213
35925	340663.3976485559
465505	4976.332245148246
10850	16096.947664274503
27251	59460.479078308825
370623	44329.56103891959
136668	17583.966648889458
365697	8851.021511344845
365698	14305.940412124073
83587	64896.69438996217
204423	1613.4099009231215
2711	15598.636024482006
119961	36030.11101359194
90784	33541.18751484188
36003	134055.37084708954
196774	10849.524183945981
210095	73723.89468704547
365744	131775.560530992
365746	30194.605776757617
90809	7019.9775540165465
291515	979.1227047377643
83645	37383.81770756765
307392	74087.85808735345
4291	10182.218332277185
86212	320640.9200919334
419014	256868.53368934797
85703	42.168224299065415
85709	1428.2066949244384
182992	775.0823215417304
387290	4171.508740837598
143581	4035.894572165772
30952	128075.73865244196
76924	59667.15535466164
209131	33854.04870684038
59633	43572.6358730934
297205	6115.918846080677
387318	108030.58277868282
136951	128587.05788409055
474389	0
91928	166759.19532995974
35618	226870.16066287973
236326	10129.82933948885
19752	448.4115552803346
78633	24599.915443231897
531244	576493.891151481
419118	315438.4885883186
34616	377099.7133880807
411963	1780.092871887554
78656	12570.27278837216
250177	17363.106369313202
411971	545.75473349156
319814	47478.55072747008
35668	249775.47701326382
492891	4805.8143261152945
109418	588.4135705306426
34155	414861.6083153369
109425	71246.07866389009
108916	150171.22057348804
495990	34131.31611701642
112448	37189.08716670161
579462	31493.904125980443
450444	778.2094516718232
488339	106841.22516675672
223385	20717.887905882748
450460	23415.068235285486
349598	802.9604204719126
37105	154234.90898231903
509874	442.7515994914525
346560	9471.150254599757
544706	6618.5852542024795
376259	3708.750831624854
227268	62457.723416492365
83397	20970.73130698193
371142	5045.95510163608
143828	29554.540968044555
381911	2953.430074459599
82906	6025.032237666738
312796	11976.02626322744
33764	84690.38095724488
410094	96106.94954506135
528368	33366.8611899569
85494	839.957183744075
83451	849.0325283449316
141310	8815.4827303658
