511488	46055.01475011057
120322	11879.43635559487
518	112.43034055727554
152073	33267.85356037152
407062	27281.807872622743
76825	52299.009553295
149531	69749.68334807607
315932	29487.74190623618
373802	56390.37173816895
143917	0
87601	52307.974723573636
29241	35851.92253427686
265311	14186.761951127815
320063	17777.094360902254
259648	69010.35145953119
243782	1868.7260061919508
446034	453.5665634674923
205582	59940.521848739496
167512	13304.740203449803
519258	33314.793078283954
372827	47850.0329057939
377949	672.5065900044227
539743	13220.357142857147
518754	14901.208049535604
87666	56943.41795665635
471672	117.78018575851391
147577	29131.485802742154
410752	597.663688633348
189570	31971.46904024768
197766	42392.413401149926
189576	42323.1042459089
410259	3926.7839893852283
524948	15120.754710305177
492181	1711.9928571428566
5782	39763.133458646604
367778	32252.472047766474
423076	9647.718575851392
512168	71.05263157894736
386076	67119.03250773992
462507	81583.01968155686
96941	6869.828173374613
373422	117446.55066342329
255153	58.34674922600618
189106	3881.9491817779744
187060	32869.10977443609
507583	62071.83330384785
542406	1373.755462184874
197836	57243.203936311365
313038	4308.481114551084
346831	36516.35002211411
269009	9520.894405130477
383189	185899.2362892525
259292	101613.21269349844
565982	70.38390092879257
542944	1185.309553295002
181474	28226.612627156126
360677	419169.79584254767
537320	51389.61229544449
446700	32012.136222910216
161006	17615.145112781953
503030	62257.385758513934
319737	15455.412007961082
368891	24409.35
146186	19290.40495356037
462606	18290.41379920389
490541	9648.274458204334
154393	39269.52605042017
281370	96339.23856700574
250653	0
305440	35474.412140645734
553254	7102.198341441838
166514	17848.628836797874
166024	29500.954113224227
526135	4522.3913312693485
229177	761.3498452012382
142149	31102.367580716502
295238	1510.1771118973907
228170	26695.43438743918
549708	337.876160990712
305487	33081.97032286598
17232	1040.9962848297212
166238	8635.069305616984
333541	119.28482972136221
312169	1327680.4261167622
266092	86478.4994250332
123246	98906.87348518352
190330	83189.8253869969
219524	30204.69102167182
328070	11239.136311366652
266124	21720.850375939855
383378	145018.69451570103
300436	2344.0490048651036
369390	3746.8369305616984
315798	16583.921848739497
126367	93127.34376382134
517540	2865.174082264485
350122	79589.34374170721
222145	3293.982087571871
431556	90566.30718708533
542153	1115.0796992481203
253431	3878.2568332596206
317901	21038.785714285714
171475	44033.23839009288
395600	26430.550773993808
150001	126896.61873065011
515572	32951.6550199027
489974	29373.64391862008
200695	1792.5794741264929
