6528	0
239745	0
411778	0
106116	0
262149	0
338695	0
471945	0
331274	0
147183	0
269964	0
471917	0
471824	0
329361	0
16793	0
492186	0
16795	0
123421	0
265374	0
535149	0
331321	0
230691	0
230692	0
470181	0
430374	0
151978	0
336940	0
535538	0
384186	0
295480	0
304185	0
151738	0
151739	0
561341	0
213950	0
553279	0
472002	0
16835	0
295481	0
266185	0
409802	0
229196	0
102991	0
29411	0
360404	0
7254	0
151737	0
142937	0
471823	0
471901	0
542430	0
437834	0
454753	0
471651	0
110319	0
571753	0
469997	0
110318	0
550127	0
195055	0
279667	0
571765	0
542198	0
571770	0
527099	0
561532	0
471677	0
284158	0
6527	0
