501971	75323.66780336403
289804	5569.676779206128
130068	48314.13987588509
107030	26.633679246183668
504857	66733.31959956723
320031	48274.39437200775
423969	6753.382303639693
289828	6278.063330122315
12839	178200.93973216607
504875	21080.651265692723
450604	4840.619914045991
358445	30708.18072320308
411710	7152.2431925674855
84034	5596.967216399727
560201	221911.92348391467
395850	66795.0904818381
30295	14708.343833802197
120943	25269.91705134566
57460	20832.72599702504
286837	2083.2879943006938
119929	31465.778686957838
556669	2754.753689113089
247936	20238.84315904799
275585	1168.8533227741275
228272	190790.89520263905
108166	6946.050496011303
242830	4980.50924120245
224400	0
300935	10996.361354353772
233114	21470.20081224094
378479	5247.35786719923
232609	1497.5044062660425
285350	1581.7462859614207
396971	5854.434048980685
291508	9626.802733898348
396052	179.06333171825662
76988	108785.08711198626
328692	268800.5772574921
236224	210505.36485703365
253122	905.6769840335029
532164	6582.328125247343
295116	2016.3894320914915
418508	5484.077255609703
366803	8480.13086011749
183508	5065.168110623432
120032	12494.312152202187
120553	77883.07102304163
412403	12537.806692944941
447252	4199.545552448929
122617	1407.7512972077207
497420	6692.465903180555
6928	0
183572	600.4967139753385
143637	3085.340807481579
447255	9175.672350356086
141086	6106.815782855414
256799	18628.795220607495
157474	112380.82380572062
306470	1623.0902903141275
425863	5267.771626010114
269100	3447.385555781154
143664	10171.13211676787
364342	372625.8613521796
436024	6829.872070184094
385339	5196.76212985129
210248	32693.941527040406
141130	8766.848649242467
443723	39116.43505901635
228173	31222.100621373138
393041	331763.0235747197
211286	44354.969256443845
290135	8843.271426838575
268992	0
491357	9404.943695389431
451948	231861.32155530519
482161	30654.446636523422
429946	248.0584283039966
21374	0
491906	41595.864519907635
443783	12304.29090992614
488347	39465.143459256076
311709	407593.7994312259
173470	5.805015895443307
226971	95891.5213688655
375717	2613.9660819007495
232880	167076.93089046734
45896	56784.3484567525
394169	225373.05742303675
130504	62398.786771247745
524239	18723.709338702873
405241	16735.20710156468
305114	57652.86812227429
56802	42661.60246392946
402598	1039.8414934453651
386259	33374.84405415281
315883	187639.92793615136
57844	11798.266144383006
195572	934898.9309496953
460280	38115.77129192841
