286720	795.4229064894984
411144	880.9070125599416
289026	5117.258743690928
286748	871.6277280373879
99869	312.71148176703247
416287	2193.484167688624
478246	110.64004821499722
150575	80.34969898390464
260147	1083.8943614399009
199883	591.3880084187633
524351	1406.2647098986126
524352	1633.0211094776714
435265	542.9645693390363
444995	4314.180504764792
472644	3481.228087352388
472645	1962.4107902175238
472646	1281.0987760786345
342089	28.274726650119767
435278	452.6584860379053
68687	1969.6540114084473
435281	489.62460925174133
176216	338.0752363583379
141915	107.47108338565563
141918	56.16985379664656
57956	0
140418	938.7250448828826
99947	415.1624593544678
86919	829.8424612310829
177272	344.49402503152345
365184	13277.766114709319
439938	535.1204704177084
439939	516.4318509414078
549003	1689.0137293535615
178836	206.20252542207098
215194	2615.7057606183776
215195	1398.3239837204596
332460	284.29118773946357
519854	1545.714381289605
416285	1202.443755780058
86706	144.168228529856
310467	223.58614935335837
170187	2164.9138122036943
534734	3256.843482750199
419960	1010.843254963692
287443	381.2084813063555
498901	285.98734741970367
368344	679.7898045945775
356062	815.8610802048129
468708	1513.0102972751247
288002	805.0991824170039
229127	1163.6409030824982
229133	634.9789599807942
236303	682.078601947659
86918	398.87032062710387
238888	4862.419280654041
239402	3797.5955885702006
551211	1392.7062896534426
512301	1409.9419783109306
255793	133.4908527856685
39233	817.83471993356
286541	1048.6532833917015
18799	1476.0652936365038
286555	775.5381299566536
280414	258.49184732612866
176480	2339.1680700460165
286568	2179.263692680346
43884	596.911448490779
410991	1824.208435857198
195958	893.1087245772097
8574	0
102783	1801.0686604865302
132160	548.9427833779226
58242	840.0730817079011
86916	103.0404380113983
86917	80.08829601549891
93574	7473.080903179905
344455	611.1148472670916
341898	332.3270637564574
66957	2799.590034424722
44945	786.6987563719791
44946	42.327202558667786
44947	6.429098515294015
238484	4099.1810950642885
105372	171.11036276912156
527234	25291.123154656878
133189	2003.5246980923976
286116	1681.8424182149847
178085	1336.672927161675
347559	721.4176166148699
551853	595.4905860574889
411056	1126.5044168743584
152497	1245.0022058454213
490931	802.8069284260062
295351	2152.553108731689
178626	2659.410703730788
490948	301.661975732613
287111	2477.533489712657
276945	1569.5559196990948
332755	308.38821359064616
175064	1712.6935424448934
287200	24.660938532716454
63972	2091.5898366479432
31718	5769.959021810971
376300	505.79794966231634
376305	1160.550660991522
89079	44539.328876680855
