150532	18499.059686507124
52741	2336.9144246002443
23564	32632.377851801113
501261	173.07102561847447
372058	2109.5694452763173
387120	5377.948280584488
47666	5919.079576382537
556088	69098.15816878107
30777	1991.937161354876
248382	9059.942734497345
66485	424.67039836098775
384067	1661.2907505698442
543300	744.430914092602
235082	8334.843991615999
567886	6035.255802494825
538706	1034.2060191431228
321111	1130.2830708389047
315997	7020.076695905285
460899	3598.3843962384276
244837	7726.534858363254
244838	11855.68050746691
244844	74.0581958821522
566381	167.82329972108988
37488	132895.82404089888
532594	1611.2179127259633
555643	212820.36459483768
555648	7245.807125256989
219780	160.52350507839608
568971	1080.9138875825442
479887	3079.4922870390055
553106	1695.4909874568386
510611	833.7890085208278
165524	3667.616291343184
151189	631.8473305977004
233628	18243.70943195505
144033	31.104018417977574
278692	2008.9437312818745
148138	1423.489620685756
475311	408.3914453744452
505523	4815.717152538555
428726	2476.0530026876495
74940	2346.5421656828134
330967	439.490313574441
47834	4362.10136943796
234716	1278.3271224133384
14558	4011.628711181891
390370	895.6520827984536
449765	1030.630270374895
357098	222.42991603910434
367865	2980.722086668091
314622	7195.512513372394
160006	6975.19289258954
88328	2813.7017906260953
237854	1745.6185336784115
104737	8310.669783047475
121307	1846.209213125595
278314	617.9525351206142
357165	51.543072029325884
322865	181.8719543579525
361273	1589.9548997896295
74560	1727.7599084178619
304964	300.1626093466137
165195	1372.7062485199247
323916	2385.4609272023476
30543	355.84458692358
236880	7257.744966442952
229713	170.08219775996002
234326	1219.1213536921118
322361	5954.375584113651
364890	3696.5815748372042
426843	1441.6256310386852
389986	92950.24370380674
322915	5116.692468091218
320869	38379.62125457486
569194	4790.410334707235
546669	209.14250836895323
521583	162.58174491804542
148342	144.05908205701652
361856	786.9531048661222
304005	443.5440770368892
121741	2103.9808386820578
374677	13.76130467012602
374678	0
172447	277.1698911515821
220068	2526.8973268115124
218021	290832.2124078654
555435	6231.417028059479
542644	3007.2285428839896
542645	3061.5072835458527
28603	2022.647023087239
28604	7933.7647153548905
47690	58864.60688787246
53699	6667.4515575886435
47607	114746.22914502848
388557	1023.2485978870773
479701	6492.042931767144
397561	1443.0139915823002
53723	7280.047024676165
310242	6154.972578893294
137709	765.6590790431908
314871	1268.9944237700051
467448	3309.752290497829
