46251	10675.477234247015
281608	3587.195259232141
572937	721.5987736237588
137231	3516.964169679222
374296	130836.72667368321
100380	419.98216640735836
423453	489362.58655562135
161311	1608.351073079211
285218	444.4246383997622
272428	170.39207431473935
537138	92280.78614960292
145973	796.0944492746992
170038	2281.118331011761
513593	916.453883645266
322618	817.180945942205
292412	817.6100326751477
461373	518.1581057131741
331327	529.1838262778567
556103	90.32956573468174
273482	32.27611769551092
325195	1325.6584908250582
326234	8675.871779618357
303196	3889.2769821077204
310365	445067.45018990396
255076	5603.741591543498
369254	742.0154834576488
490095	140300.91987370164
575094	442.96462728229534
273530	369.82331945270676
488584	1033.7597126743572
281226	870.1354198508214
416401	12.519928613920285
567969	2098.964398480757
114852	12973.073170731712
113318	1485.000137280922
575655	3155.477874891321
259241	950931.0619968957
322733	1501.5337104676705
367790	4435.325503889624
403634	417813.9621021453
480962	527.7818148537959
275651	1163.6271215885693
318670	1170.7506942776736
97999	1021683.1517314861
71379	19893.493662197412
157406	528745.457707075
19687	536.7822852697572
374504	4973.356884638262
76013	226152.90966499297
222959	2886.1348296721276
72660	62561.11243307552
565502	80.7078286734087
365333	1536.4750473298861
374551	732.0572003843865
2522	23486.768548524644
74529	567325.9155347926
230178	297680.6124559557
75556	137092.03743193156
81701	1290.0162906694738
286502	426.28639792705826
569646	361.42795039582666
216712	1081.504283896948
133939	951.6623804511962
133950	3035.0161533885507
418624	30828.75020171975
56132	1729.4133528577308
563013	952.0880719683796
281929	70.16418798334324
159055	1472.804385667872
371539	679.3530293437975
243028	13713.472841257495
270677	146.89328696288837
126302	4771.566616607664
543073	1968.828510479111
362355	312464.53452615236
480118	155.1151786940008
110460	12192.675696700677
322368	547.8075146135543
22919	351220.63054375723
100744	3887.5458354596635
322956	832.046293893287
473997	145.88042831647832
205717	1063.3541167414087
198049	6350.21141262069
485288	696.7518418523773
15279	21.959273326316755
545714	310.71368571592006
260021	428.39167620006407
227770	459.6407692307692
566716	12492.111563629704
31174	11796.22944218185
20935	121879.02538449061
163787	109283.3171646914
434132	153.93895574978265
282583	159.2532430329932
282584	1738.5288402381823
114650	2318.0133620097927
579551	161935.0655745206
41952	3083.575801949389
378357	969.8751658811149
7158	58510.52401792139
234492	5669.940511977552
