214235	19050.60473251238
331483	4351.517271534762
211075	68099.93553045017
10756	40537.70085722131
495574	20251.45605596852
134151	19587.912235561573
71944	531297.6056782007
230892	9646.663751639704
504074	0
192907	2580.780831146074
419980	5011.295625905858
390763	21246.81099439705
142099	16939.772896131166
491668	2799.9588750982866
156051	0
250134	3110.363096357402
141481	5289.034468636712
504175	0
474652	203831.49612064165
356765	2269.453077314062
576725	0
440812	7897.097650013728
92308	292515.3402955028
193187	148807.1743197513
391380	14484.063005257216
295589	7224.470518180886
257190	14246.930985041841
555305	41020.423221240366
557354	7.309644670050761
450311	16519.17511516051
503725	0
210478	24983.30503045525
216881	1401.3793103448274
257458	6801.430125786803
494774	58357.26274116012
143113	38085.006253749714
57789	20306.679624100892
363103	306296.0250556738
175293	1242.1754387522496
245822	30236.385230982
577215	69.64467005076142
555744	10062.859641451689
213387	231396.7260857627
182340	173539.4750917726
54725	29615.368564484797
263495	22723.972300464713
359628	366303.35178169265
417975	3839.8340654194185
144460	15895.601746683058
445538	20225.935357200327
260942	8993.631547370882
260877	15527.492297210729
174033	2031.6751269035533
430034	0
513364	74040.47383330841
301781	169.4796676869261
208598	28119.170234185134
366137	4025.5921019046086
536409	50664.134892528346
301786	35031.47806944801
528603	7278.840658917224
135367	29912.63655310639
216927	121.87144731088763
513376	133.30025116685817
152674	5783.962130876037
373732	13531.503238730538
245926	16262.839487813475
536295	6459.438494780698
503785	35.11083391226951
106986	14454.679126712152
127083	57.66497461928933
209388	9174.357910459894
305341	16754.280717096637
556819	9336.182873877628
354217	7891.715967907587
197753	15800.354880358547
74619	521492.4273700698
430077	4586.0465116279065
152190	41159.309891774574
263637	461425.6910572807
