237061	1038.5140763830934
439827	1795.5389762912164
358937	447.72943515255025
120346	8406.528795122724
371739	201.1834281421058
325663	3465.6151392896695
355363	777.7309588847409
340007	935.1811914075271
318508	14513.104779802296
322909	2284.3119869163947
79409	9244.202601107994
51250	5256.922380931312
237236	618.0685989284941
533562	660.7740655169102
50748	4938.766802965639
56381	133.34360393847126
320266	2938.3795845737563
76367	78.19849624060151
51792	1045.3159926944663
204372	13262.692975173055
315486	1924.8464652045268
318563	1023.3207721847186
531052	305.8382566107228
51310	4822.080337202925
317565	741.3354434169572
318598	7945.545762140993
291975	1614.3832247787009
397453	5955.962060294453
293006	24547.619818742573
99987	59.45338345864661
50844	13159.021082151712
133277	1990.162211650855
120347	10624.685241404273
289444	188.36317278344373
63143	201.416537186559
51368	1805.0876934881703
325802	1926.757801735558
544948	1579.9511133975843
321717	2858.906805330381
324795	4374.4539760370135
19139	1195.8880026889158
108744	299.99929387706686
513227	21772.965110065976
321229	3707.3013250977115
242900	363.13076266925765
242901	239.1767905865339
59769	2747.9018980248866
336093	696.4982568355636
361184	1741.1728616793825
335074	1181.4597690310102
51437	6950.165202365325
8437	647.2263615462398
68854	3217.713395434491
361213	3646.472128967076
383747	6607.557568573766
78087	325.34436090225563
397578	1656.0048037613055
196876	275.25855018671564
196886	405.4212528237227
468256	190.50827067669172
144162	225848.1008858641
31366	111.98796992481203
318759	4053.752565815833
316200	519.2278293171393
55594	8549.28605895201
102707	3029.157711709778
196918	8467.04136922718
336695	314.3383323071013
196921	366.00918302667276
473411	126.75930472311508
100164	1099.1084147789038
265038	947.7006253424696
130701	98572.48515076883
398160	229.710011083753
234833	2741.5302741496434
186196	15100.080528051874
319318	4017.1481530648557
316251	8933.309268357978
51548	8327.096524513257
196957	7121.523963343016
249182	4518.375350887166
234850	7180.141838885455
321893	429.8128179965204
398699	4087.3312203480805
345455	22579.263501048117
248697	546.064944259914
407933	5665.481349226699
197517	2726.3057179458074
479630	4166.752739010308
233364	33289.87293748085
51609	3173.3351296606697
200604	171.97815764053257
317853	18156.697178109043
224673	140.1140177902709
6054	376000.18706492987
318915	8812.615413322414
289782	150241.5973741533
482246	5878.2723273246975
439762	138.4160753458059
307158	1438.2051676900742
208548	756159.6424321533
282588	3489.249505671998
190452	501.5595911265766
317430	4617.146291976494
309755	114.07969924812028
309757	94.95144792674756
222718	85640.86436792377
