63659	2102.114465203861
423946	17727.7736784141
209424	10700.676096048552
33300	138469.9828643535
507448	10632.974103599137
400442	2.1481277533039647
134204	7764.9952201004035
392254	105.87583475216493
169539	8172.342465315224
507460	211801.79827459372
302663	119521.6831753122
456555	8415.734318694987
194124	3537.9634792151883
452692	8956.715945601212
411752	797.5632773881475
430723	216388.05892685548
377485	6462.102666330542
209040	64570.82138940171
206995	81288.16352211506
172184	54798.19945802182
305312	221.80066079295153
253096	49060.48053265578
475819	949.7759916633323
266924	1002.1791116866851
406702	39211.479832869285
412847	156.38544109687896
245960	6113.980225058634
413363	589.9314132126107
388793	213.6380417049802
555194	2052.732445251324
555195	1027.1851622993956
507581	14206.743287564275
408781	8899.417470486427
448215	2850.939879859734
492760	1552.7470416595806
159963	1227.6249866055218
522987	771.7400874413677
563447	60137.393272341746
117503	4242.136894491683
533761	82326.0385462555
520966	17331.16515827103
563478	40800.26239488469
435996	353.839471912773
556829	556.5491462895021
493856	13957.577232813288
326433	665.0896400865958
563490	16853.69294605809
252199	314.2982311586687
470312	58387.506536104185
400688	108929.09471564321
563506	92509.88855668226
400696	899.474831217202
208351	190327.86106439732
352060	2839.482087852054
184639	454.7738113681801
392521	49671.83558093374
368973	6162.444869248113
350861	994.1397333912143
368976	47765.86922697131
488275	126039.45144927056
450903	831.9428780669316
210122	259219.89546127527
298842	876.2152413235165
298859	1162.8837359338359
386929	2274.836361041152
243058	6441.99985587959
366964	2424.362848312226
382526	14.72339865596248
266618	31926.624661424972
32646	52238.900114667944
453512	239.08807338647853
35213	35772.943719354786
560017	235014.4852304092
483220	3316.5718522428965
20886	52535.86847733837
418732	67794.41392554884
489951	0
360883	975.2085089485611
198588	981.4094878393923
92619	371709.55683315307
352730	5138.859933156382
36319	24716.467252819573
253410	1063.4101050593094
353254	119.4226660878586
353255	1564.8491333664085
36329	351012.77092511
351724	3911.5757205420828
370159	12885.719815448543
552435	10083.611110791002
123380	119016.22291119136
437749	844.695539080823
470006	703.8187227697097
447994	1733.0545938007403
366078	16809.68422904671
