133120	18417.493737990637
552321	660.6174397790027
161026	820.1140036376946
373526	45999.58047012366
158086	24930.862282942573
105863	8928.91698157828
533896	3917.598318666152
133130	6321.773311063868
359319	13265.509137963894
90892	4365.8951096914725
159117	18146.02849498791
530446	3194.679552024729
161295	4201.814460016448
345130	16796.26781886556
90926	1098.7612808054564
359318	3933.1067331040467
159127	16639.545197561805
558361	6799.545337906288
288666	1225.235317262748
304667	10324.96099079478
167709	3230.8831387656987
90910	13523.507695118522
112042	7225.978473426979
29984	3825.7029430317275
345139	2862.525806435807
345250	1546.9962966968567
575131	24518.8774616599
22301	6666.642947657343
578739	0
106918	15083.910605633475
409649	27334.57538490031
345395	1331.9165133178133
22058	7155.8430978420965
488647	2370.8113616864816
368430	937.1381509837081
202799	3930.473583069987
202801	1730.9705939229416
131891	15969.298884673593
375988	4485.929694860305
281013	5077.83175754443
568137	2028.0150871014969
159928	11920.969141422638
90911	1751.6752646800749
351805	1266.8559679518512
8638	11877.924342736093
161346	4167.2842343322745
161347	4278.239218375396
532546	9216.106563024714
260550	417.0499464972717
260551	9337.806757522932
256652	6383.823234849535
536779	9468.339532350994
131660	14909.555374089181
541133	10275.989881998818
27343	701.1291727486797
353360	2934.715789595974
100344	2988.768887136732
167763	2082.5776709490133
64596	299.5175227007722
346200	5888.9651430635595
168026	16510.8001422298
345307	5349.243139712449
359772	3422.7162965543275
359773	10475.120082014828
573899	1447.6050571149638
94945	47153.85882200634
337251	1058.8593392967766
376804	1298.8219460037624
542699	5367.105977858659
542700	4901.739523268652
332141	1283.5808280039885
492782	28.985432335894032
160509	424.11863105256805
425200	12078.137403473209
332146	2595.426278593644
288595	1983.2818501592203
345598	6017.177620262393
329336	21937.62964053168
288938	1675.9234724717778
338942	2501.7686797368783
524159	5303.12759449553
