560640	3443.853333993458
334339	168.53963764595812
466969	38138.29067854921
339491	42.4
340541	6.69579196217494
373824	13814.643143222802
180801	59692.03492781552
344133	435.97709062525956
199750	514.0623561174939
332360	1816.4085339467715
337998	380.2308738597722
247901	2689.4973371812725
64094	867.4952165010552
538720	255047.59633664467
579325	112479.43990805908
167697	1753.45684650898
338537	80.3747288337686
129663	1992.2225473328963
343170	64.5215364367375
332940	16.664302600472812
414402	21222.81676054031
9361	48190.982722411005
332271	243.50405769476723
532641	1155.3630454783624
332962	0
332969	5446.033206599887
494765	744279.8745562003
35504	616481.942232936
25777	1862.4753108625182
338619	533.5413889817188
332482	1077.793964233998
366796	1350.9073981656827
77011	2519.0311111111114
342740	44.43555685538576
209273	85661.62343528103
325498	1967.6364241951655
338152	55.40171252630125
367850	59370.23080879675
382187	3728.1888640619622
337655	66.78868626254281
266491	2405.0928950115317
426749	18217.06228372182
181503	104662.2833688881
332043	9238.196440232072
332044	240.82690830578315
342798	441.11514000970527
162577	2021.7948587955223
223507	812.6531968528626
338197	6.1394799054373514
332056	240.07942313484256
197923	421463.76326700754
104740	722.4268567081383
344359	370.40316281185767
394536	487997.7621088443
185642	41118.484405899544
510256	240303.70517576725
260915	4293.662103837293
389949	5.26241134751773
334654	25.365933517342672
425791	616.9439213180788
414530	4398.134899991122
15171	556.8834214780693
541001	8268.372054688316
143290	181419.0139364513
550737	92607.6036465716
120291	27972.253790511302
397661	1001.6744379669857
573802	59.67407407407407
194413	2786.749612548943
85871	29.32912009703811
332658	405.4302435442014
333178	159.312735839326
489343	156953.30725563483
337282	620.0471202955003
420743	4348.943054541445
164749	598.9640822018409
35214	92390.55178119357
333200	997.7765887308718
271761	104685.60563156885
162706	15691.968454239019
125331	5976.448305765322
338836	200.93450963713937
262039	79447.35452105026
334234	162.98269211084303
71067	418.9748148148148
171934	29099.84089459484
129441	2048.4940857772244
93608	227.05046200840016
224173	111520.94606809587
414127	153.3079540719287
337992	3.7688888888888887
332730	5165.0412371134025
224196	766189.7370396854
165829	59641.59029508998
334279	502.28055326575316
574921	764.2992592592593
333269	41.51608294047752
338907	34.057004874704496
411106	98077.39898504867
546043	195.57047887812064
567268	27.95259259259259
336870	166.84265098074442
306670	12774.839224355246
29679	1993.594898816342
5623	11122.586514626575
234388	618.7363694049402
