579407	22511.020241035465
51203	2405.256736650448
396043	39206.82239718642
127493	65136.763089230415
366342	880.3245828356027
292359	347135.4428542602
166882	21800.350321734335
462730	11881.864189670338
432471	3367.114014010238
432173	92640.4946834093
458029	276888.7043251068
322320	10264.026195813494
58712	29208.232273174413
395282	26.01078140289239
25749	11339.946096573094
380562	108409.61979021666
185240	193388.66980698326
36228	360569.02424829133
537114	457505.8154907308
555823	58842.98301388084
160474	0.5909090909090909
463775	16475.400344000638
62880	443.2187690664682
558357	5349.90206996789
448549	162358.61338954943
406440	170822.85294178175
115937	22413.805302878594
181895	38165.66050802161
128045	124589.09490375083
5679	193683.33670362702
312427	277639.6604637761
172562	181661.12476130488
302259	20616.619716956648
13493	138440.901444325
489911	347968.11079516576
122886	119219.94810794436
316020	13000.674049395951
207034	2737.440853253424
350012	3901.5074986455525
472382	1151.6749054422464
505027	46290.08348742474
476843	103387.60444789626
6215	20679.754991749076
476361	226501.72267075
371402	498.3561988881953
312395	71039.72749551354
463180	201.2942819980892
8013	9594.011033627168
129486	8989.639127447881
41421	13775.88079432609
195920	4880.008492157004
463801	34689.42603196101
331152	51014.33628380797
197843	7772.816299921413
410324	185974.71494483357
489341	0
170327	510.0521087808868
233048	44537.480152854005
41291	18541.496542609948
127579	4170.127497476673
499804	35178.50129372119
321466	159983.80636032147
32336	44971.50661451989
264418	3388.3653215701947
184289	16118.219205418618
582116	29207.279578286678
77777	171198.89128108305
9064	1692.691774541499
318059	202.5753768149169
123629	357.9716502984773
230126	25704.954583358365
33121	57231.71525123905
395889	833.0208704060791
539251	1828.6568159186074
366324	3836.686950670644
330483	78858.10367464693
40873	10483.622016961168
461305	7505.00577369326
14074	3548.340371022871
349565	460329.2270753122
32254	47834.33543400474
148991	25733.939669530886
