368644	36118.35696897154
271369	85584.42713086738
203450	317870.5360824017
506383	1055.804604700122
367126	236449.88307801163
310303	13291.13372466575
212002	85910.04942843968
485413	6546.35296730226
468518	16474.116079020037
429623	521701.3755056056
332859	38058.87496757524
395838	50960.48929852457
495167	80973.40716825376
519233	64924.233928168316
306246	145492.04650942498
70223	296.29105052855795
322646	53905.306180414445
100957	170588.526568658
90207	274444.2223191283
477281	262906.50502389076
478311	320184.2165475966
200812	39867.68799358576
274542	17051.168935085727
326767	19681.30690687964
476786	120019.4517597292
303223	572008.4103550942
552068	39347.6878991121
579206	156829.0636018953
70283	565.0846651989459
538767	334051.1155753247
247445	251182.05597826137
387744	127696.78088162401
54951	55343.219967886434
167595	476428.64868068806
471731	47177.171267265134
414390	97685.78531001865
435383	126733.0704983096
435385	6486.8484749658655
236228	129410.12508081835
70343	859.0684578497372
145096	503882.3377054251
508617	113845.33429839952
411864	30617.782180860057
292573	1410210.9546282766
59615	134638.50341874728
470763	49043.36462525216
486140	140391.83228658425
526378	62.55534059301174
190211	1898832.3187036342
414478	25074.39485310323
102177	152522.2888911765
452394	221645.3622941015
105263	19520.406924309442
35644	460728.3768197109
57483	38670.94736238789
489797	370.09888397472855
457547	942916.7014127176
423756	879806.2974184174
456533	2435.615804942744
236603	33555.61791283912
516965	428819.6788395742
484200	14483.536871210807
160116	45127.836292477565
460150	6663.664025493738
295292	6953.541751663444
437119	48038.24784744883
386283	27468.454801771375
486790	560072.5624541639
212360	141104.5283626237
409068	5524.747146545001
486796	37725.247300686955
233358	463947.4809888158
555408	118581.01374775339
469399	374355.92622712883
77212	1480588.6537460126
243103	85826.3421719616
232352	1190243.8079562595
228266	118008.30400798035
189868	532592.72139056
36280	345733.7850975626
228291	122126.92103260953
283094	289782.5260655094
70615	391.67593729557683
151001	7056.37931196807
271951	261669.98200730135
131047	132791.8748598935
306155	880170.9451235052
137710	371659.32537682395
495602	83160.1266617608
365170	218426.86560404132
134139	74401.63790589926
520189	55224.04747833337
