244288	2281.6765250192457
68354	765.3338844440583
329348	9065.551302050708
105494	94.65994962216627
67975	240.4238026064561
44759	1226.016000404797
67724	959.700467525352
534157	3411.6109164633463
62734	1319.2499004812498
287213	1214.7698485975782
121488	411.409104355132
532627	1385.1519738788243
532628	1194.5640302404247
567445	52.67930531618719
155798	1487.9063559668332
68378	890.4278826180005
185711	307.82527667303174
82588	118.28715365239296
65690	283.3301361635756
509274	357.3950788948066
475397	2896.240396996613
244641	641.0615501428175
567238	467.6740626468851
400578	8345.904067837015
53880	554.4518931533792
523564	959.2397667457892
244270	1147.8422689746048
340765	335.7213959709828
52738	1189.9335272505364
396857	252.76643566210902
342073	619.8960875831795
548538	108.79756065226039
378811	52.17747247282302
13628	1859.8695927024755
229309	4265.021940757145
376267	282.29192251494766
62911	1730.3462343986796
64832	1068.0082379098537
140993	16300.75490406283
284226	2652.308895376071
513931	1267.358937627697
567236	421.43902233256597
577862	1379.2239822987478
567239	484.08446121027333
567241	540.990499481759
91255	3006.616995984716
478818	11660.844260404054
251470	4403.135221998855
440015	8024.649899778981
258513	1128.7735490681634
48596	628.7516161480821
44757	7991.074126458755
44758	2114.0665121300494
21719	4447.830991741943
474457	53.79774143396045
288602	1078.0677448004033
519287	33496.12258809229
537661	450.54247505716495
283386	263.4081322049925
141791	36121.844937509784
141792	12719.851675799177
335714	582.7456123690368
460643	871.8470378371596
561257	1591.3553716590825
239809	3238.385657174893
53879	554.4518931533792
117357	13125.481626252982
180206	198.5536380715195
271215	686.0538983375502
89842	776.3977159658293
567443	12.915044653079919
342132	891.6374935710483
477943	627.142323406409
67192	284.00173052907104
270329	1045.1125853957635
116602	28397.681691505957
302605	1983.9013433660666
474360	217.92930968025317
555223	3208.527605322711
532629	413.6232851633381
