284676	2904.7058823529414
6149	446.4705882352941
206858	4099.5360824742265
319508	1057.7319587628865
11438	97.05882352941177
573469	735.5670103092782
166431	16079.38144329897
272928	1328.2941176470588
573478	997.5773195876287
250415	19060.36992116434
237617	204.020618556701
258613	1174.9484536082475
212745	560.1152213462705
149568	541.9072164948453
191042	4082.201334141904
113219	57.73195876288659
166983	46329.48453608248
33865	178049.43298969071
237644	267976.88144329883
562769	165.51546391752575
203346	3151.546391752577
1620	419.99393571861737
1622	762.3408126137052
1630	596.4645239539115
250976	4271.091570648878
363106	479535.70103092754
54378	2401.5979381443294
95866	212.3953911461492
276091	820.9278350515464
117374	10161.16434202547
500864	191438.05639781678
554124	383944.5360824742
368067	390.51546391752584
6804	2384.2025469981804
515733	947.4105518496058
23703	11838.9793814433
88217	298.659793814433
271517	10427.319587628866
115367	71.5463917525773
524462	18196.941176470584
356019	9713.402061855666
432313	39658.608247422686
271555	1441.5463917525774
227013	295.1546391752577
309969	502.05882352941177
534236	1325.7974530018191
215774	901.5463917525773
564037	451.4038811400849
554793	2408.350515463918
155384	16.75257731958763
1921	958.5567010309278
294665	61.95876288659794
389903	193274.6058217102
105751	765.1546391752577
293146	0
221467	163374.94845360817
377116	980.2061855670102
293152	173.8235294117647
293667	9030.0
554791	695.6185567010308
554792	2282.989690721649
293161	250.58823529411765
579883	276.1855670103092
152368	998.8659793814433
59971	885.8884172225592
145719	4392.680412371134
224057	53.60824742268041
70973	281271.72164948436
326975	23818.505154639166
111937	2059.375379017587
1861	278.14432989690715
293193	21723.505154639173
105294	22.164948453608247
326483	980.5670103092783
490836	2389.381443298969
6997	2853.5294117647054
102201	34811.21649484536
427367	1046.2037598544573
128884	60.2061855670103
477559	2715.3608247422685
100225	378.31412977562155
372610	197.06185567010309
57750	1331.958762886598
93065	190.72164948453607
524173	3050.9884778653727
225171	3078.2716798059428
245140	4023.984232868405
265622	1460.436628259551
98629	12689.690721649484
464803	397.01030927835046
94630	1491.1764705882351
501676	1559.6907216494844
157	27.62886597938144
293810	65900.24863553669
228795	123317.3438447544
1475	217.05882352941177
215374	621716.2886597936
533463	1169.3298969072166
240089	48.65979381443299
10216	1076.9072164948452
255983	1320.0
56822	3820.927835051545
266236	505.25773195876286
271870	110191.86597938143
371199	7.11340206185567
