177921	498.188556171359
429954	2282.7247230938183
135299	3213.324789250857
135300	5949.081020599364
391574	167.21915629780725
200001	0
343435	16.358490566037737
536716	1852.9124163349109
280077	959.1953085160633
147219	8246.21292499081
287126	48.84197040297428
540440	3071.2756608872623
419460	1358.4697675727857
471062	277.0987500444718
30879	1801.645229557772
101280	903.5233981238808
229062	357.6119449616356
116140	1621.817016693031
468787	4616.061693725318
290758	4587.036180133433
343861	135.55519727713673
10807	0
119352	7353.354891568603
385695	1147.9904378411586
524348	1739.6504840434995
40253	7188.760785313615
472638	2161.8686016645524
343797	106.3096615708644
559136	253.27702702702703
64323	556.5883617992719
338630	197.50136024572183
288140	436.3451810300868
112329	124.96902150065817
112331	2241.7581350046835
86735	831.0113009015928
116177	73630.57093262373
195924	2971.6865964502567
287061	328.5617376042125
26459	919.1285017848039
45532	3621.5906537868195
505565	1880.4384110697997
268510	1322.461728709842
67682	680.3268458309122
177764	1605.7121384787074
342504	379.97502350844314
67692	809.726174834298
17981	2258.8395436002047
343669	714.9918423412252
344310	122.45201427842937
26488	0
195903	12370.629974088244
