285719	1748.6862202939653
227361	1479.2726518186369
227368	0.07822222222222222
377385	85.78403307173122
377386	62.45780710422856
227372	1990.9069516997788
254510	1037.8850102762763
239677	5203.002913936276
277054	232.91675156237318
229442	1421.115595127886
416328	160.9897552690204
552012	602.971492977612
254541	10906.458499907967
117355	2263.277148053233
568956	2720.0905679161037
227351	3393.9297587027518
69772	75.97442610177745
21645	9331.136077869214
254608	944.2395578714179
254613	486.493361032426
254614	13519.278912346434
522946	1183.9220759467214
509089	1644.4195345188214
288930	206.79150661921148
379556	5442.698451099747
125612	82.83673806392491
237230	426.0281638149439
544627	859.0632440076507
117438	5328.338232868319
99010	288.02978695885076
86738	1350.5602364905642
349398	704.9208555944534
287963	1202.1185095329374
287964	984.7397499398849
524511	370.1886379352326
379857	6277.792470166781
69866	254.79214249375474
370923	626.6860545556856
117486	41507.222336544284
514289	147.08240435029623
445685	14053.821605252531
118012	68078.92569360905
438014	2252.0618011347274
334117	154.30581052240402
544641	2672.6967659798806
115464	1023.1641103176756
288536	40.38874886535796
511269	498.73510601032115
365865	6718.251366199928
339766	363.2089518476489
170808	199073.28074753023
181572	84.22152855268722
134482	25767.262542407927
347988	4335.415403160204
347989	8243.119409025
344427	33.33621958303389
544622	1250.80558885306
250226	447.2015297459621
123763	624.5488717574124
7541	31.577983648441
250230	543.3572534696858
544631	191.84803649054462
70520	548.9414416763614
544634	65.15919681844005
568190	1150.2461334625411
337793	638.9254815895343
108421	13968.799008276526
7561	89.94035867250747
353677	8954.375200615701
253329	1.2740108757406055
287638	2154.656177225717
7575	109.09871927391552
333213	158.36599475729912
287646	1523.127141978286
287647	1523.127141978286
123817	385.20373001347303
91566	102.40267738008279
561073	1051.7195474393313
70589	300.2685698368639
70592	217.46236083434792
435139	1062.93886939307
86985	1320.0983114548897
58321	6206.941699597973
70610	86.07311354597842
287713	1769.666530356213
286182	710.799835196503
286699	1063.6473102576492
286034	1013.5618230407911
