387589	147619.83562055678
229905	747.0433092581094
334869	276.9304889615895
508337	527.8911272860695
349228	1335.993244767282
202286	8746.987937548061
237112	8711.207843807879
267835	845.1774087372278
202302	3741.0846728354572
428725	3431.795947993267
347217	517.8828631835105
559190	1081.5370095605372
250971	5621.404853351388
521316	317.2982002659754
553069	8014.9656928793365
294510	1111.6212187711328
281715	916.6918337376596
416702	11076.78437294601
345732	731.3592441407415
216721	65.73767042533456
160402	3529.6197775871324
367774	137.88289230129143
158369	3739.2782233126663
282786	406.2760363114377
312997	10431.446182086254
282793	123.90737616929917
12974	309876.8299796997
345268	320345.83721460425
560309	14522.916391769028
457402	37219.91991153176
348347	2792.5683155693305
216252	1479.1323041709384
466626	9513.658396665178
53446	1709.091008068875
165577	1522.4143766846587
495820	338333.6431238908
336600	176.77823963361752
173284	7080.980291959972
203501	257.42641000952784
66941	772.7910877686467
365305	5342.461482360496
278267	7501.762088545076
61181	3572.7274255532575
406273	281.151727206679
371971	872.5155238686614
263944	1475.7550290134518
175892	7007.128077007196
157973	204.8249866132369
22295	253.6454729109736
445214	523.3928452520861
182559	416.1135403606256
461096	586.010185504084
573229	417.40489917819104
457518	368701.7452421015
144861	36299.829090309984
532273	35.855696978990956
286518	3549.9263356052443
396608	367.8533745955689
377674	1987.3670627807767
264524	2391.77412898052
264525	316.7634180616972
127824	11076.873752853637
3410	154.13193993679937
466260	245.74488977603252
210775	574770.5240859657
411485	76403.74709147385
68958	1563.2478696870894
66915	959.4865651903938
431979	352987.34609443485
212847	987.3949448842957
268664	2323.4820359776504
525181	706.7829934964212
547205	502.996306007577
531339	165863.8066379327
348560	13119.530240338934
548762	1510.3024659116952
320413	136.12662180335414
319390	3068.449345457637
421281	341.08125626915313
529316	461.33990667357176
544680	368.22529449345245
541105	2471.4443763674144
297907	1151.2220872892367
349623	609.4357890396976
349625	2347.662392120287
157626	3435.353723713754
406858	74123.077205633
182206	24.9707361895616
140735	2362.947758553478
132038	8266.867277658293
492494	1161.1643394391674
301521	1428.6169062876309
241108	158.16776568011034
159702	6189.604229106129
325591	2061.7491776530305
241112	623.4580922668505
299485	9751.136122907961
513448	403095.30616709904
538099	13751.634425175276
393204	7340.44529282647
542202	1695.0046995901012
