420352	4094.3239899616015
126476	460731.82454136555
531471	414809.19104093657
151060	500.0453759047322
133655	1839.345342780873
465449	4290.578751517159
235568	3626.5561778644596
161846	767.67387972785
203832	4694.992267587701
534590	177224.4479646317
521280	12150.308360186533
213574	2681.6981984495924
546377	615.3536559369004
41034	2765.377461445703
237644	155535.6848716986
561751	932364.5085233612
283736	94485.59537155899
208994	781812.7759320876
168035	1776.056425774036
205931	41234.9343111108
407153	78952.92023022813
136822	4955.262865378925
196116	10532.529697834874
383610	399989.63397099695
548992	862.6810112166241
129984	14052.107012436833
345731	9238.902104385807
202375	46781.640110928274
532624	885.073698944525
365848	1437.7026463132838
557217	2363.0296846613237
161455	38.080356595544565
310962	2581.8681529672726
289651	136656.741635613
182969	413.4923746778371
161468	10125.930879391146
285374	6682.010109761822
361154	419.6453952789877
391879	9964.133183014676
202952	0.1551907908761458
371920	536.2758410038913
310996	41740.03448785554
479957	3421.228333083338
424980	483046.4967894263
183511	6898.507435184408
96985	348830.30552844156
371930	1502.4606117275064
27357	5963.908598969992
139488	503441.65281174076
2792	50.88412017167382
404713	679680.3237747966
371946	116.57045406096779
424687	17147.89845298619
428277	68423.900629733
509695	7871.730377471206
203008	699.6970914078005
160012	6015.738602990167
61709	1117.327103981266
525075	8870.11270486196
361239	4251.746385710947
184088	312.8972235208869
160025	2437.8139713622
544026	165557.00259798818
247587	70530.74172681404
320296	10148.957188885757
246572	35672.81709212576
294702	995.054728489295
96559	3751.479004890281
552770	19371.237505925932
38214	18366.80326447339
472907	448.0897418536472
345936	1246.1358074954965
289620	127224.4842709157
426845	6622.731734787431
494961	2561.1892904228075
61811	65998.91506483457
299381	1495.0095381120407
400773	730.4876198875943
144264	12425.410256399238
460179	158487.24746662323
189845	222551.1093501283
303512	28364.860927188667
424431	1836.4452522088225
378270	980.147926400934
410541	2659.8776541496204
423859	10571.671386482301
353206	563.5449476132449
345530	781.7104407614454
491456	2892.436529779157
348097	4066.7390247826206
534470	201.65934768706035
345545	3188.6836435056334
406990	32107.14129628982
390607	762.504769692361
190937	716.4199437231679
87546	350929.98273536464
535006	1329.8274473537592
187879	1855.9650138197246
196589	2421.313028418037
161774	864.6307295875156
183279	8260.55709044138
21488	5348.295695437249
205810	1122.078040041976
183802	14267.465651402004
