345088	249.37815065942596
161792	2144.590560965726
527881	4937.932923265456
377866	150.99935842888718
289294	394025.69626812835
376847	132763.96900998874
365584	3089.5490236193514
531474	571.3377136930445
198163	2487.484832551957
386583	6425.895850845534
504856	19497.074335782458
413217	34513.88473037985
302627	6429.046683509019
509989	6048.374957871619
151078	6885.905334164546
358443	27.08930115765677
285228	3494.8548682529977
134191	1909.005157136518
346174	6861.966968589944
498241	9843.355990010812
233551	44631.38468588215
88147	2905.1479818839753
82516	22605.803445578716
579157	110740.60771942313
159830	37962.99002881516
136275	150146.9830610172
532168	9475.429808043336
428654	0.2483879288109363
157297	338517.1874347597
580225	147163.76617391637
161924	729.9737614837509
35976	236269.23597497732
32791	41438.32653711548
81550	226436.03229641847
22680	961.9059228927365
392861	68770.78242365971
292005	76637.15514667827
352425	12965.57481443664
202929	7265.647875822879
419004	159988.70929236556
251080	12236.725032408798
433865	191085.36915442962
202958	3820.850870530406
352984	67281.47749523901
424156	5514.433054975612
412686	1707971.659236791
88101	6293.7952918301535
579110	32.428424039205574
285419	8.714932126696834
330477	247727.3155164626
33529	715681.7122779815
212732	2071.1294361025757
161664	3646.5713577011097
254726	20563.63687880846
210186	390524.0732433828
450315	26644.162197377664
125196	5799.6389906488275
491797	19874.624506944063
537371	46085.43408498601
256817	1186.2354095805945
302380	33583.8770393819
467757	533632.1747901188
505135	63310.855851602464
143152	175562.35780826473
19761	12304.76042638122
161992	3480.382775195049
385344	7535.818880401696
445769	4891.074558193615
551754	16726.88266913164
137035	4851.117532476209
496978	56765.787045967416
574816	20282.46442122118
367969	353469.892488242
34658	149171.62064892164
412006	28804.411678684057
535922	4084.460907934744
233845	77091.75805933865
397174	9784.621327075938
348537	8464.338568816282
34688	516471.0465008355
437647	3140.9983219706387
54936	99808.58868562414
136090	37799.57308537827
370077	177194.77443650324
136107	581054.9217993001
245917	59924.68516566097
161712	13448.729117773644
345075	27956.2907578161
136628	27052.33237350389
161720	819.2768741884396
229827	26343.18761110835
433864	382696.4584086832
218054	40361.43109970365
137168	23151.924970124262
38866	1384.6347187172362
551899	30896.557721023117
313313	115080.58856317637
348132	3281.7185242309365
541672	4935.8948062798945
85330	2856.3782502194636
36335	190411.77776659033
557041	97863.19406319523
81395	62165.21023574622
84470	427.2046161790284
87721	274573.04553142894
444408	31322.683196138958
458746	13267.161181739764
