289792	83.7096381829584
260611	410.9630872483221
260613	1540.9989831197886
560134	300697.8292294739
90633	1254.513862032183
92684	224217.27098555345
358934	47.90561350961692
98332	2935.310486821931
381982	4664.077307683515
417797	197878.6690107115
141350	1090.7619028646611
295687	72580.50450442916
453680	105694.45389236175
493109	3513.1536973194675
493112	5519.971588400038
562100	147831.45136452053
410682	6401.387910804203
181820	32171.633071147837
187966	244.02013422818794
97344	235025.61709596432
257094	4768.09769639429
157273	1.4337049925431433
136794	10658.965468253296
403642	139528.69492835464
121452	40906.716154115566
47213	2204.490104238421
5231	54776.28333287195
48759	11089.43985733419
108675	385262.6171870955
493188	109.40337604826313
222853	937.6101236309536
266092	143516.58919780568
44685	2199.7506306380837
279182	22166.144010946915
282767	1018.0105659060783
326800	4986.486863052632
282770	509.23204241614553
282772	1385.768955167823
289947	13499.395830736737
493213	16472.077437749867
457890	36750.97107753595
47270	12658.88224527151
121511	11178.408323392865
109236	3083.731116542062
490677	304766.51576327207
363706	129545.79066828704
40635	19541.904691496748
191172	183113.42460402354
6864	21152.87761864394
219858	1946.2680102048805
40659	425.37108615677766
47316	151.04362416107384
423374	61919.070191470935
535772	2226.3643480031355
297188	25197.421709989314
56550	3402.599016949707
59625	22278.22510234366
319213	101631.92361979048
55026	12935.258172028904
551674	2894.9189338679166
201991	1042.451995657088
419597	24746.020317214505
233745	86562.06908914815
551698	299.6463395198964
305948	29078.002527281562
60702	2698.0725348793667
475942	74.52445811268902
543533	2102.0463559058785
530226	4151.399534111961
551220	9917.529989556715
443196	4467.792622302391
383294	73799.32561285068
309064	23665.759642756973
9038	307070.563552171
361297	1290.2323984020786
457561	548456.1547433593
142684	12982.182182819506
215398	372663.4915516452
186732	21916.80082751104
562031	6674.925981297602
363377	164076.5036439811
402294	206424.38827934724
420222	13033.111367116398
292735	1359.6371671709705
259969	433.5134042266355
439172	115564.6081754595
196488	2173.9044894009103
383370	220637.9331294021
217995	348143.2365243091
473996	12235.558287221987
89497	17934.89982390022
190877	6130.085599277782
383393	415709.44865059626
103334	63.49264966976778
94132	129204.05943684565
184978	938.0856363637229
324535	4194.91364392606
180154	5373.805093948739
489889	225891.56264895527
311246	308104.7386445545
557754	355876.3133669431
389608	114985.31059788453
552442	71946.11998690384
