305668	48979.921973862816
400902	15909.964219453426
305671	40563.945228862
211980	246579.2817797442
148496	20179.27991246447
36356	937988.1016928353
211997	62544.53961810113
376862	473.9478914111008
244770	219152.45361182088
212515	195197.93339532215
377893	4351.839182476337
127533	14607.01589773183
476220	5581.950470570447
409156	14919.409381786607
228423	22413.10592260918
131152	37215.19497846071
552017	2466.0750491953613
83440	37652.074610059724
32346	324941.3833940648
65632	271.4205119713301
424551	4844.748790433988
191592	96306.38298631296
85610	964.3635903911384
173164	21984.165563082395
520813	8058.478969917685
223352	40061.066864210916
481914	43812.91527814019
405627	3000.941830600996
108157	4289.376284615474
428670	7893.96619973296
123007	1097.724089382417
408706	26246.15189020395
86150	35454.662529591245
428679	4600.089898666502
409225	27714.918566114728
86154	18478.634169101693
400066	57592.86548364953
510105	2786.0996567877683
4265	104.3824791277119
252275	1167.7862608067098
70837	727979.0955176394
445632	11239.966059691054
171719	38901.203426732536
477384	2954.951530336954
83659	803.2622912479717
409296	24310.41830713677
243409	12644.34369478174
143570	19802.617023289826
212188	50752.95461226575
485091	25707.7395887074
202988	2049.477902358983
367347	5375.134291476832
85630	470.5524471537194
367356	13272.54237525022
82693	287.2941551745165
143629	2874.9010798065287
163098	99588.95288636231
479520	4875.915765532811
231715	44934.3759906839
123695	3607.5676541225084
491312	44729.29882895142
149811	11539.297128446316
445577	66665.20723695574
224059	2427.409205987116
445758	68884.62470159942
437057	5164.012323574861
246597	4970.198842161224
400198	59334.89256877722
274769	4784.52062714443
419667	58416.42259461582
486749	214422.50393523733
423785	18944.876738575655
193902	23281.30683251453
12655	7552.253207735409
203123	1957.3486114422353
82808	181.40994000771104
505215	44872.41393335274
3470	145.10040235415659
120722	21647.146404120685
284057	89665.86428380964
173465	3578.2481720098226
252828	18371.64958018231
479137	458.7107172522515
83369	3477.672300583463
306093	3737.412017002421
297393	8302.833575192422
389043	22455.19265328929
377783	4070.7807195862442
549305	14986.76511004232
168379	40645.54857099732
420797	13234.554066970526
522691	4669.404713256246
185807	23123.783308002927
255967	35215.17243767346
228420	15392.022509172793
182762	3216.413981292743
141297	12227.523089131686
512507	46842.887849249615
