501249	76.06273948986636
182785	966.177197006007
471052	591.6618589867625
65563	738.6962731593853
174623	583.5951898833854
174628	191.25822122571003
280101	390.4738089839373
562726	262.4056102324836
74282	1944.9978671130525
249388	8590.040810926828
280132	3555.4295472666004
280113	9162.34132982115
246838	1950.369460181932
7746	301.86923076923074
249924	4.464872944693573
411205	1071.3183405885777
201300	18700.972421876202
544854	178.98574220995746
104024	9360.688048597765
57434	4616.869301986788
57435	4616.869301986788
359007	8998.500672265187
61539	1453.3034703092326
359017	3037.384008488561
91754	174.02561776960317
435833	1554.6918177167413
210569	318551.33238892735
93836	2047.9685293779462
481936	6312.7914798206275
498321	5.542600896860986
481939	3410.243230605466
502213	9818.165227442427
474784	3709.825301238703
384674	8309.637829943551
474788	13316.207282038737
504487	62128.38074623437
523433	867.4504257152934
382152	4319.437282675937
385725	2815.043412292234
93886	12704.096140779995
140484	46262.457089743744
65224	1027.4990202506608
245452	40120.99532909511
521422	313.3140257921358
428753	1114.908080362913
66766	397.27538136359556
66780	911.6497456208627
68326	2669.2249258364955
428775	433.6076912467203
128745	66961.22564634752
421620	2072.2958688753197
484309	9138.74335193708
400854	106.38091702559385
31494	19874.457547390157
368391	4863.138911536896
540432	261.648477740889
487700	1833.6008736590322
540438	3274.603438858005
274199	0
290587	4266.103614301966
498471	362719.3808264895
195369	631.6255605381166
217911	84545.47620009536
340795	389.6708980108083
280385	573.5714586639072
498500	56.342912671036
540485	708.5401767199272
540486	3522.2302108424824
75591	422.23551881678475
200010	4874.404584914477
540492	291.26937644397003
472408	26.4813153961136
57398	10603.531376253595
143708	5293.840762177159
456544	6454.20952052432
305001	24.364349775784753
305002	3.772047832585949
26478	205.0231506284917
305128	4187.2319168891945
427896	3460.5071841686736
98684	407548.8221759405
67976	1010.4957013500077
280979	4503.6309588594195
561561	172.2055306427504
538010	5081.045108817163
142234	33957.17970054011
198048	35627.80357385514
514483	1586.2494906116458
123124	646.3295370014919
112060	9658.445974260594
380861	18753.561876983757
58302	5387.85251196646
138693	1112.2569568004246
207057	8715.299500579289
25035	1052.0463380093897
118735	1973.108935897436
66005	319.52837765896294
40406	288.9431221674281
118758	30252.151903122616
102888	3030.7996882068405
386028	130.22765757290685
56916	97381.0129766637
443389	5972.498625459996
