108558	641.7838845983906
360977	2707.3963849873358
190994	57977.92858824363
132631	18321.11700485545
133656	9911.19036236611
476701	126265.81659036473
240672	27960.856946135395
367652	3047.5334458136244
572965	5308.943734247719
522282	2654.7654296099317
468018	689.8986833051194
436790	54199.49709243982
577593	6120.566251759337
136271	36620.168263611136
108112	26279.541286681306
283729	57575.855899003254
565852	1366.3758943877654
75357	803.1069236072548
551006	1876.8673209793747
570467	1981.4083257249763
295012	2473.7339669844496
462954	399.91954371730776
143979	2257.5750004597194
563310	3567.4137576459248
551027	1389.2005531751734
57467	12367.179968228591
184958	3159.549026364348
230015	401.89224174890825
493702	866.3738443910357
157834	163.11319240032114
305806	59620.26042036109
10008	474.57601469109335
504978	18002.314975375164
154259	1165.7561290382796
475287	2886.4085985445777
40604	20911.109865473372
357534	46786.59239603245
58028	26066.39994900646
132466	21219.66170375137
133302	3488.408648125656
298682	1659.654997753009
123068	14771.928031575411
132813	165.33569513400369
245455	3757.697545765089
217307	1270.099511200512
570079	1156.2854893750514
509668	330265.83974238334
245477	872.2602217921353
56047	1690.2756083632883
288498	847.9803304684071
450174	7.341480760675127
45353	56249.507416680564
385786	76213.62705419378
560170	285749.1465326788
162050	4272.546266695453
81672	77646.585983857
153358	974.7755080811753
551183	47717.48246701093
566783	5318.579435534194
60696	3626.398433034588
467742	230.91032833709076
142116	3483.8035988235106
572550	9122.897748502639
110377	14139.123545244609
526123	1044.843251622006
300333	25436.22282571911
1333	76.64433233046944
361269	2460.970562757093
91120	1675.1166196870056
450890	211696.27367467002
20819	68842.91933430942
579926	26920.320137406565
25745	0
90477	12220.353028647067
349503	7313.3609552021035
442237	403190.4694431947
10624	21564.950634394343
11139	84817.53432242108
469383	1996.0149578823386
170647	19696.98498634794
173464	8771.891168579716
449435	7078.891742530504
146847	31.61860465116279
575472	5684.838452356211
49051	97621.67330485764
224166	49131.48438925527
137132	4611.398319874823
250301	958.0960292112617
572862	2299.3814647366685
579520	38602.44502245175
298948	5880.597945390327
548820	105240.13611735981
571349	3441.202002861231
571355	152.84979113720658
206815	1113.4712655646244
569827	11314.176308688451
28914	283812.0100576407
466928	84158.35562566224
244728	1583.31415981146
520697	11123.777828110178
520698	8068.761073344265
241151	2302.815217981924
23039	548.3083328939733
