97024	136706.5504027521
500740	5456.97409145448
62987	2837.0861814643335
33945	120110.92562456426
29725	358.76116959064325
129062	17069.34798085363
536105	60775.83852269153
132140	14159.912614442088
536109	51159.149857187724
78894	6522.292489437158
128049	311526.1165690649
139826	17856.220544812357
322102	65815.58043268544
84033	12471.129878154743
318021	3446.500166739624
508493	931.3688013493615
349783	6551.979815333132
478328	84240.37195884212
223888	3927.262004153369
350356	17328.26024728414
662	441213.72508091765
463513	5895.300572283116
242253	324327.2680215613
515763	30039.51536861105
356022	14441.671988694945
129211	2129.8386399777023
431292	8106.301161867562
219841	136899.55920857322
150214	15082.249004773154
363209	190610.41070883404
399563	35163.10374482078
431311	102162.0828452265
110806	816668.3589548538
543454	154746.49730565227
86751	1087.1869612389617
555558	34688.86042163728
9959	16285.925662200594
449256	67256.2911305431
111340	216916.34859337073
467181	15576.01575851014
475379	781.5626114569453
225017	21.22248960840079
88327	9889.068897351002
293128	8100.5834837984
521260	1378.5261786931974
536340	20104.565196200445
258333	33316.4994624024
442142	7740.029104345595
448292	68124.88288679153
442149	27189.191765901363
168241	13302.162783647187
470329	86378.51649371587
355551	2192.866164303979
499004	4069.848337745135
164679	18430.80338316311
530251	20275.39816038432
429900	30319.95964690751
95572	139455.84442419076
512331	1962.6594779831823
225631	53033.7825216112
374587	642.6839298145592
191346	7800.364144794041
269685	5495.366650584663
47485	40203.325825550724
318847	8121.375435600847
470402	105392.83614860196
425351	9869.908703817835
499083	11334.082054032346
573853	2102.096564038252
37445	663518.2240324524
76195	17696.93307337485
127399	3589.3466209063267
320430	81214.1836893645
59824	83098.3789401972
272821	1276.5838571346746
163767	71427.64550234913
57277	9679.741677297632
57163	17860.772763449982
286660	2178.223251887903
222149	9017.352100407315
212424	32205.455228870946
568779	19262.335792898793
330188	49.202368840152644
517582	24015.40551922626
272847	2274.6189980496733
195737	11341.02334979858
57821	6757.949951170418
441310	45821.14962137671
279010	15924.598185985787
228324	2415.4335206674987
383980	4808.394619013354
411633	23992.82370418844
238070	5657.640292003935
565758	6055.492669476522
