197376	549.977855511638
238977	3556.1935698287225
19203	2998.503724418093
270998	2090.427698397014
213235	276.61561572244176
540171	4003.640386216514
509747	67.7536231884058
358417	2253.3303886017798
418067	888.349683703338
480917	1387.0675388669301
527894	3818.6650003859254
116632	11831.454611330699
497817	1063.9454106280193
212636	602.8519844323672
418040	1731.0543804347826
480901	1408.669753184014
544304	848.5326749011857
256212	6.6643788976723775
542503	2754.7152884200696
571816	6903.484780391965
477738	16.59694993412385
269383	637.3155458937198
304684	9903.497511741874
131629	635.0522837066317
227119	1373.4476943346508
466224	5110.312438780192
332595	80.70296442687747
167860	4062.127263582566
17718	31.372727272727275
205879	4442.27168170839
126739	2139.7373848320153
205881	1145.771502882082
185532	132.61161144049188
202557	447.4367149758454
131646	2586.4592885375496
131647	420.2482872200264
384193	2725.588551218708
385987	1283.82022031895
12435	4326.004412128897
579654	10465.716696129779
235553	1145.6898770311814
282440	27.503098539745277
22604	0
577591	1253.1198726394377
175180	1038.0767671025474
115789	911.598891523935
352206	415.85846091348265
48079	35.15909090909091
131640	333.33696310935443
253652	4960.441002964429
298837	2869.9672731664477
329306	13882.020260649972
537563	6.481949934123847
541148	5121.7527318840575
541149	13551.694572793147
11358	520.4411506368028
135391	1444.1702887571373
537570	4313.932990777338
403345	1396.5637112428633
202556	768.1589034914363
281194	5397.4355871530515
321614	5042.085024154588
15091	4614.902078792271
207864	8.963636363636363
418041	2126.9765595015374
229555	1656.3611596409746
219772	0
541055	4837.103249890208
