91136	3280.6030200740324
237058	4395.180694273954
86019	3565.7783453015804
202762	3093.3743775646217
202764	389.2298881634575
213017	13481.181305597052
101428	714.0978591408722
533049	1623.6696856453138
397375	0
397378	0
285768	10585.910147878412
512079	280.0328011316173
285778	2173.6031533476435
205908	2124.7396259498437
531031	3231.253684200791
307809	0
307811	256.2022471910112
581224	340.99779646334804
495209	386.40655372669977
238186	0
288879	2472.2827975242312
285819	53.137065354517546
495240	5060.2727034644095
190610	3201.871617412731
342169	324.33902302275715
103069	729.5707418925557
539297	6722.973541515165
505543	5486.445147801159
52400	408.1723062679526
527537	1355.21750300932
229556	69.62990040062844
367288	2608.545826028939
581307	0
332746	111.98758727695889
340167	799.9489765197917
211167	93.40545411154056
238827	13506.524773326375
553198	5013.640302193139
553199	14466.499962517597
553205	1160.9444523686104
418051	5284.283858352068
468234	4609.055057755052
248590	4015.0925506143794
248592	464.99541200220466
574240	98.17156263194148
332579	151.64214644647535
376110	240.49139071445043
376111	2977.1638233838003
509747	44.3754848719938
423224	5719.003179858891
344381	1620.600401593325
337740	1875.3619721200776
110414	5945.742364259275
283471	6947.061706789364
332625	1007.9194392103469
466261	1233.5133432142143
434518	1076.9538147138103
534500	9098.199640832012
359778	159.18696664080684
359779	462.7020410719193
148324	110328.35335800437
148325	1081.7547303839963
332646	969.4112870988275
148328	6957.133801825548
308073	282.11217856509205
552301	437.7048763772104
148338	2807.459642668375
148343	2336.550708441689
359800	1658.4323161511868
359801	3717.2133724442656
359802	3701.1434745384954
196997	4520.977126326036
43921	203.57493848890482
205716	6762.733224646497
545686	223.76440233261565
545687	6152.46121125686
545688	491.93656174920466
11162	10990.82145181781
472475	76.63718440380784
139162	39.85725368502715
436126	0
472481	337.51863977707194
344487	3673.658785488014
553384	1923.2071812357551
219561	734.9733731783597
332716	1026.0137899774234
167854	5037.6051228765855
219567	1144.7841055916394
219569	242.55882440936938
104884	0
172470	127.77892516399137
172472	213.07037629615215
239038	6841.5027911894795
199619	231.0200724029125
332743	2549.8960434445307
110026	6861.225864444711
199630	983.6367272247061
199631	2.9536988453523607
39246	1477.668637219618
496598	36034.960377993906
454628	3215.1928036268214
357349	43.27644234796503
534502	11548.157238592868
358394	60.99612102404966
