299808	8836.302024019085
264833	468.77541045951256
40491	1282.5645064339508
254597	7274.146273165551
540133	2284.850721853569
200940	9319.355321997007
239498	4373.102102287259
286475	10087.464322738828
374670	2403.4904461680676
477997	1063.8092308581276
178734	294.1367972453945
380417	3267.4629659732195
307118	1042.7127191392165
139673	673.0533039485439
100378	1927.3952471697592
53019	3265.530499991164
100381	2972.047911404073
384159	6524.41925973537
307104	5228.243496373656
275632	3275.066358573078
542500	4245.95001583438
419782	1611.7149078992645
346810	2802.9220723354897
359082	4665.212246529977
287147	1830.6279527602733
56492	1920.0942510792345
410413	4837.150795736503
360366	3193.7987564272503
463663	14.974171005238116
463664	16.242184012236358
378033	8066.096750766417
4299	1626.5367509809892
529844	2128.805417535004
491087	964.3241211455604
299807	1911.0514470374135
461375	2421.313749365715
492865	2287.0914377070353
525891	5033.38938581616
356367	2772.584860320125
365126	2616.0672282308756
202696	5095.642092257772
110923	8113.5865889892175
565324	721.9589170893756
510030	2248.454842805569
69583	5913.219439860472
314184	11082.776148801684
568529	2344.3969990133655
568530	2291.548327388247
529840	1316.4323122060912
346324	4083.9224412859953
512078	2350.752436983096
346326	4337.654773894008
228695	844.2996049880153
570840	510.5604217285267
228697	946.2747206756006
267895	3587.543620969184
250319	4770.228660987409
228700	746.7405579649994
265949	1293.0729340310318
142814	1232.5325358359312
240479	4456.8096290190015
266210	2436.769827762946
287331	1733.9255542819728
295563	7588.155279771594
28517	2933.074613690491
456423	884.5782969189379
164519	1239.0775234533994
541036	7926.817162701089
346605	1528.9209260570435
45551	3529.107663996963
45552	3685.6139274430793
511944	4124.551326551286
336502	920.3558720608024
89719	1085.83483121842
164472	2748.911006897109
235604	3814.585263455336
164347	6329.524318661877
570493	2406.131148708753
341451	205.17730572021307
