304643	1680.0405511380982
41730	1796.6195609788645
42003	108.93085769574029
160276	1577.183777846922
267804	3859.3818200566793
493488	2917.2496291377847
359464	289974.69302471477
188973	5152.744738295692
212527	39137.835690343476
439857	92.33103078411091
50745	3574.0744749003115
348222	508.68275382512587
348736	2521.9103287840953
318535	8555.337403555548
439883	555.4379547193346
16472	1807.1776812494602
282725	2436.403923394793
504932	28572.63059530298
319077	8355.148919824656
318057	5693.435088852276
151147	9486.738232399548
375827	413.93899668388747
526456	329.0695289516866
318911	3560.2190056869536
190604	1354.8569783747391
239246	1228.5678601288917
377490	426.5844807062268
376980	1168.3171820691314
537241	42898.661155457
209563	40056.147671171544
261277	925.9207235160828
553636	48.049483895241366
359594	106.87877469815383
531116	945.6307873448499
462006	3446.874987377978
462007	3446.874987377978
238779	3508.6668429750166
273597	15878.643530445863
398533	1985.0633343756406
353483	7911.845374978344
197327	361.86220091587717
22739	175.89287532113897
476885	1099.590040536498
353496	13042.63520389352
313057	6981.562865548119
116456	53673.85021147187
337641	574.3105348988323
322287	916.782882284984
381168	10586.942395872706
512040	522.7914818755464
142585	171.353748507304
325373	3099.277009950564
398078	2161.2107962549912
531202	1380.2249111234044
320775	1641.728297291517
380680	31901.787751323864
228109	695.0870590246456
319760	1733.7803574522525
392471	849.2799504441625
453919	60291.03013590843
317216	2141.3801007209563
315687	2342.1653408639804
80177	5406.197167725205
270651	5118.138014953897
270655	2085.2775250661166
358727	898.4106963750751
405833	297.7988161483609
321866	2500.7946136137093
174422	151.24476942958566
248664	1046.5633802816906
302436	278.329625820303
234853	6469.708947446225
147315	980.5411820516597
79736	3122.2922503308278
303252	19607.92597700878
62271	234.85386665542995
80253	2079.803278574096
141187	14286.712681186513
396172	364.48456593217844
397201	716.7952770896866
317331	942.0486440543398
305562	10856.863892759355
503206	1236.388764573865
289193	317.9050372982371
457135	102.9784107959381
564144	980.3100587092127
157619	7176.591473927634
38839	2428.2614740501067
7097	1813.3841396722394
105406	400.67361894946924
181695	462.34011107037236
221120	396690.9719973955
420939	861.7386295183821
516048	874.4872606858106
501203	331.2819594963045
532439	1858.1285740236335
542680	2222.0342651123365
146393	11029.63941046355
131548	590.4608759268249
23010	46.70992446827563
525289	326.3495526001538
304106	69.73065730183252
246773	35726.080511503016
324603	0
222717	2703.9542660980137
377343	2103.0270039022707
