417667	332.7438008559246
421010	42.987804878048784
287367	14365.269778705917
538818	4076.3132325828124
277001	132.3902027027027
41995	371.6245056031642
553357	1721.4499217205014
454542	933.3460190754781
511631	1279.7400296638104
297616	76.3548018292683
291473	2474.4247097993575
418322	350.16891891891896
88963	1376.3562953197102
19860	2350.0327308730234
530585	6862.4605301376105
213147	382.1437708573666
246089	4933.057638431113
355364	2878.0323005932764
108547	875.8246884269942
81569	0
224674	82.09459459459461
543011	164.92769446275545
287396	5122.8174962405255
380196	2218.1979235332897
421161	1364.859714897825
372189	875.7652070801747
435763	619.8154162975859
542258	3895.6828341298624
410675	6452.517523535349
96820	7081.601845748189
407862	2722.687716298616
272439	1601.1535926170072
7096	603.8383734344102
338105	342.8835350403759
478244	3705.3549267159697
337211	248.2902068226764
261180	7940.541570533952
304189	27638.528264692864
551486	3332.9546390903097
411583	881.2747198417932
421056	8376.562500000002
173513	201.74480883322346
239043	7690.828797843194
420935	647.7710942649967
173512	325.45834706657877
242889	28.885135135135137
455735	2751.454350692155
571212	0
248655	2675.002059986817
511697	126.07119314436389
421074	1656.4364288068555
298579	32.69817073170732
580477	393.59241100856957
42071	1991.319215557021
413529	605.2698681865937
553306	1910.361733684905
42075	6640.160936470006
91485	3914.949324324324
187618	1046.4279828609097
439779	1218.345512704969
267237	1319.4988052076465
106470	16290.616760052735
80104	59.03716216216217
437879	1045.5689683586024
272493	1778.221819380356
270190	192.30182926829272
454767	325.6519463012938
542266	2056.7189559986814
396405	0
12279	3301.035073850528
301816	3687.489309955917
31481	106.73718688200398
414970	327.36486486486496
553341	1295.5831307679634
531071	153.78831575477915
