289452	1237.6541606978437
202768	4513.90044670954
14875	519.7204847809687
316956	6450.222025911543
534052	1470.2331703037348
315946	3480.8348804571915
188976	3446.7647113297553
542261	8773.233608080222
40001	604.7719890216465
65604	1087.0575697189709
81480	191.04841910581158
315977	6025.358581638824
328120	1436.934947288442
410194	51815.93069832418
67681	966.04144447106
348262	6608.24625528265
526453	134.627569952406
526454	1030.932685321123
201407	1905.2935552854906
63296	1627.5371483409117
539775	360.168766090137
526466	850.9158986087749
31364	138.22902596386714
46214	712.0182455827194
420999	595.3488115973225
524430	1702.0571034294185
315026	3224.349521105906
348819	27748.738078377744
572566	623.0824372759857
531101	2278.831271203542
401568	862.1470078251763
412332	37694.53521110307
62130	16.686259729915648
511668	851.2519644828111
325820	108730.77257153901
388287	4114.253321747946
234691	634.5867623488591
552133	992.4034902736316
144081	6828.101693679067
546005	30102.550796670323
108764	1324.7005634862626
307427	2408.691029158435
103145	3688.6515453337697
59630	2066.1188973063977
530162	793.9256108503421
280819	14055.876255752333
547574	1274.3181251486092
492793	2117.0314061740137
250069	14841.307335744836
301832	1757.6053168668423
579338	62277.45943546249
38671	865.8316860359871
228112	2859.7483244485934
199442	2025.67113275579
199444	226.55912816531097
112923	347.87255224691955
365344	975.3056075992904
22576	34.818427328843995
455458	18178.897791500858
191273	2694.8532496022412
51501	7845.406174931042
281396	13835.90413281072
537401	142317.38632553245
265536	2126.321497511687
402757	15521.12128658809
532811	17361.524330328622
246096	1242.5195450827175
186705	73778.33567466299
178515	1588.9715104278273
278670	2827.6512127657966
316252	6631.612542191507
371049	2996.1112376648157
397202	1045.6046854528038
240494	3925.7558761107152
97151	1920.1219407806884
410497	6025.751178339236
18924	318.0427198948706
325515	741.0906691148627
322960	3056.0435545950395
259986	52.68536466818725
419732	134707.761748919
236951	2195.328845411882
230296	375.63685239491696
304539	5783.7150387582105
274334	4908.706967353472
534944	3673.23506372369
59297	60867.51226480452
181670	2245.1423996993085
304551	1055.6980596530059
410026	13869.52076327917
181163	15189.299596395023
67509	371.19682559255256
391608	3571.85551834719
270779	7836.440082715145
181694	2306.521935730941
391108	426.0582853748177
492790	20828.364534691023
59340	10589.66073484959
323534	136.8479304206455
555477	57487.67486560363
194528	368.3612893318539
79334	1694.7787097728224
215532	840.0814705926601
540143	518.955874832555
340478	115.92244917816156
224766	567.9099497591432
