12804	101709.50093667433
233994	62582.94891456186
289623	16398.29195337183
422929	17.924704418170506
422930	42.209085252022405
196119	6967.437345323182
217112	470.90567934136334
581660	35806.98986272402
117283	68860.5829499101
530984	801.1890001992532
257065	185.70313289046285
520751	11300.16557653165
470579	1343.8164639194852
487093	127330.22267425554
307264	14552.024321124993
560199	520927.77834319975
370256	13426.618080580663
333399	1058.6973828184832
472669	638.1598839542238
311902	20700.249436695187
328288	59985.947736245536
213601	1478.536740108166
183396	159.90665836963285
271976	46544.12964510631
387090	53.000597247787724
263792	2140.662132620049
162417	1404.6956985423028
389469	326192.337514574
197246	6796.339020645536
35969	163063.49862091537
387217	6302.670663134874
178337	99.35465258342914
431729	665447.727031188
491975	47754.007707520184
144558	429.3374624035837
156336	46.77055552116559
424115	8190.98599386845
429237	517.2266035049538
429239	161.62670841247552
170682	26699.690297301906
201915	116.33003390478459
127168	112693.74308262522
313120	11960.76840451914
52935	1816.9341849994507
235208	1237.0525649449933
154060	1578.190940204179
219851	46106.99378233298
365793	2182.2453237673403
205038	82058.38557131935
201967	1360.302248716843
203000	901.2327985873324
501500	305.9467545457211
358654	48012.29867008738
197891	20434.35485387561
507140	295.8732378305646
358787	187909.61335167338
175893	19905.995310929473
272672	22011.64972070005
420145	68142.2330230818
446257	3814.5746684172977
561973	3751.72824168627
491401	59696.53459537103
216543	2545.832505360281
155968	206.71338417981542
122188	1493.1892323266245
387923	94.24780003714119
356693	341084.45456728595
143703	34260.55762682989
169816	47155.25148050874
104285	279145.3963730662
163690	840.6162176603017
528236	100.62061269902293
118674	221718.40189573463
504687	5488.975324346051
80757	91442.11144967334
310138	2885.8287001512904
390016	3326.218421136578
40835	6050.721711621603
522633	49.512225292236934
191885	41415.78562941686
474000	233417.04507748922
306066	146601.1552221461
179604	344368.1292572668
230811	9744.801439943729
127388	124.46073298429322
184736	13339.7170298791
224168	1533.4408970592976
35753	77596.68889316113
153693	8932.433603088373
297396	39576.54017237551
308165	2935.675364405542
143303	659.1401150361273
365513	1808.7122016654764
550860	1668.1536160916164
216526	6488.352207456257
426456	15156.110124104534
224218	224.79774188188458
33759	55200.65650918735
54752	11430.320673049966
213479	597.7715458863416
471533	25626.480365677653
476143	3593.455930695875
457207	218458.97426574488
257530	88885.11483549933
51707	1220.171007223695
