517120	368.35665755358184
247300	39169.26790378352
139279	1192.1384493085855
71203	11679.066650576087
295981	132.2426685495908
37423	114490.1197128911
415808	17384.852430486997
560197	292888.39187703596
433222	0
209484	2341.1413887451004
298597	23079.789721431087
322150	74339.09358229309
546421	179.08141289669018
1655	26070.67012798763
557693	100068.4083732928
366723	8004.690379353696
83588	134398.70231173944
319110	1599.420968339449
560272	3805.646306292982
266396	21408.39189247158
36516	16630.39761106393
131238	1347.2307180359385
496924	102.55215529960105
489668	100204.16033489151
81605	2694.275534346734
149702	37980.151567825116
224119	169806.8838927064
235724	5503.790627833633
106203	4.8157953116911925
164061	107157.86587767865
405726	26.684822536063603
104175	542712.2564478915
311025	2041.6941043091626
146674	1030.1968498114325
400117	5999.546550321674
191735	17948.07951375902
39167	10543.665485052796
405768	180.781996337694
451341	130.45174887229166
273174	261319.23189366714
368920	517.877689861717
189731	43478.87372047462
392999	88098.03274949048
383277	282956.30340850307
146737	5129.516823190121
457529	237718.32679469656
191817	14143.699111420381
420153	39781.22654302017
215899	12405.526886053178
215907	6836.618927013235
217958	30180.13934404456
384373	27148.445672654772
116087	282127.2215494053
400254	7158.449865170377
289664	57031.464389687775
371264	76310.6733251655
334212	21.965802878279028
181127	1533.905054064668
225163	1678.973407854579
511885	268.4389072123796
80788	19477.756644738314
560021	15704.882950227187
296857	4720.690783375897
24815	55.414821380927606
338850	12.635924386105227
284913	4346.393455701863
13253	278383.59311562986
225227	87.76247873992457
311248	138080.888806485
63954	84.55723543319134
379368	4283.598842030372
204266	4.073060711380611
362919	373105.8710873025
447469	20003.948780897554
466414	490.1760357578495
6127	3141.9041941489113
560115	48323.2254350553
389620	123644.54361223131
433142	107690.6327982029
70649	123.61301658707674
457212	267314.03131731704
