241281	1498.6616257088847
453739	55.798350231998626
5000	1745.9216703901016
174732	3700.6404536862
469391	13349.58315861832
411025	0
566638	1721.0516583605424
411290	0
506782	1903.8219625365184
76705	4.0181818181818185
245154	1670.4954927264139
50215	674.3718164633099
67242	78.94545454545454
264363	6725.055267228045
375070	1175.1258291802717
115510	0
380090	2162.2657157587214
41788	930.1753565904795
506045	29.54545454545455
415935	314.3636363636363
435648	1455.5272727272722
565188	2037.0425846365354
412854	0
188876	19708.78192129232
429003	726.6399037635332
436172	1987.6805636707336
153515	12300.389998281484
436303	2831.1993813369995
127314	376.4227186801856
6867	550488.1504725901
436308	3088.295102251245
155990	2070.6830726929024
291160	1170.8543048633787
48604	179.35978690496648
338786	48.69090909090909
247134	686.0269118405224
464608	401.88296958240244
436322	395.16157415363455
435941	305.3183708540986
379725	11799.691390273247
350568	5483.985323938821
435947	0
197997	115.82533081285445
197998	570.0072177350061
207314	252.4363636363636
101459	775.212002125795
385652	540.2709743942258
138741	508.13892421378245
572628	12436.193641519161
145402	978.4650283553874
7934	754.0093830555077
79615	4129.771369651144
