419843	4935.877424852241
67590	1623.2492096548622
464391	5469.518854138968
425480	4539.435803487151
185359	487.31616349421546
96784	1172.9162885139747
287104	540.2030795897732
17427	3373.2667330254494
68117	1083.0130213413115
344090	116.37793625971062
430122	2847.8804378935347
23083	631.3242756531388
430127	19863.29228881369
337460	315.6709141186771
228918	1539.2128153767042
228919	1020.8588959023036
287802	2046.7607943362063
101439	2479.3960594919795
256554	2559.396140504983
244805	940.041668077164
287306	1209.3044721361302
115788	1079.5326516163718
355407	33.49434031775271
391761	2107.9459938810032
336978	263.1794827605386
340568	253.09086525880997
475225	648.6468845538227
56367	3395.532462268909
101394	0
287166	1409.8634767274514
116348	345.35423529918205
287765	1592.9275290261448
300691	4238.303184653777
328854	5069.235785477758
17429	4799.702402596724
44207	3636.925732153004
44208	3636.925732153004
1716	17107.681748934847
1717	17107.681748934847
1718	17017.230097928303
1719	17062.45592343157
418490	1066.046519838163
58555	1985.6363356989875
116926	476.6178975585757
336501	130.0683042253473
420552	3803.762989748374
239817	8970.14873161902
420555	3275.7163769138037
178892	1334.3202613325836
379609	1791.4666462428897
379610	1791.4666462428897
579302	1704.1005053646065
397035	12659.22268578108
289013	1194.7978643146532
23082	621.679624490348
196863	969.6078663796816
2817	0
420624	3026.265281283585
572691	0
572692	0
18201	5475.8205790422835
18202	23661.56707334414
178971	1455.9084707481015
567069	354.73719635438977
231728	2894.9563223889927
89909	2419.668284644385
481077	6122.089674728982
287558	1429.1868273948617
420682	2562.612460319641
248157	310.64864880016825
119136	5418.0716326705615
376167	1578.5034630133764
259433	2811.15783524911
417645	5643.779935956914
232307	508.823079922586
232308	365.2575651999087
12665	366.190200701064
65599	615.9925091257735
286080	2962.305182611981
338827	135.22522116230164
286605	1209.5988923070058
287121	651.975507933058
58263	12661.186605350882
502689	1404.4421633632905
286534	1703.1648843989717
342439	364.02227118539605
355759	116.19841000110125
337841	239.1102396521127
444850	1106.1296363555728
103347	503.4893868380663
564148	841.5862889564562
358843	13743.383790209256
457150	2339.4756072088917
476616	1369.9164815021218
310730	654.7544119999277
414669	1271.9172751412034
85968	714.7343147653897
420820	6404.719117423474
444888	2551.6456148982693
576476	3198.5094698498115
231901	5758.48631787999
52645	83.24941092703135
343524	228.1486783223766
58342	12661.186605350882
31314	44012.690659889646
459246	156.5145395501156
490993	1016.5682002834736
435196	2444.675622275901
