285186	3338.305058110667
308233	5450.751802063944
308234	2010.4139786245921
194576	7701.137700127712
196628	3274.3049021616594
142358	1750.871866245966
183839	12376.119085380107
3618	14529.751316882237
297512	75.27864574899154
3626	2490.7046966679586
3631	451.69224227052746
405257	7489.917342445734
398904	6250.764646063496
305450	1930.1791434825777
413194	2780.9898639494836
3648	53283.10440099849
84041	1563.167801177256
251984	5832.883151559518
202838	1547.6556997746568
422488	9400.82198995296
242789	1736.4213390705315
472677	1832.0302362193884
196723	5419.15836608491
85620	199.66179313972137
157818	485.11751515301637
157819	1379.8954309642306
108160	55.31145070663757
396938	6920.652832645076
4239	8.141473465843161
86162	288.97005317399004
257683	11008.940933989838
183444	14083.668980462427
163999	11562.278214925873
39586	9256.096197012477
444068	486.67159520932313
257704	18632.042110807914
277683	3421.456701162536
277684	4763.224683828077
371899	6110.778507280534
353985	3912.6430092005
168130	172564.83261081434
257734	818.9797603684023
42700	9511.371016808345
4308	11693.405909210762
424150	3553.0203433591882
424151	3553.0203433591882
424152	3553.0203433591882
103135	5034.68627218562
2786	4176.610430668495
167653	21930.08499732667
277734	99735.14331730257
257778	9173.089031589729
559357	2013.97094621745
125188	8866.806070749117
257801	13039.722095152712
256786	19418.103699977517
405268	7782.8834023279005
11544	16962.27037452684
551728	5116.815157842001
256805	21306.005479624742
574762	1658.2664074646004
554461	3113.195295369523
86320	2403.8817843996308
256820	6550.529167169698
256821	6550.529167169698
83254	8696.861914097557
424760	4191.291204315904
551740	3287.4579176637503
295050	14589.076879403745
522046	1650.3040278264139
551232	5706.171154341537
297531	1708.6636739163905
437644	1896.4508517427048
83682	1045.1933207965292
227156	41.961764674306856
3415	1607.6701463568634
274776	9047.404350351515
183645	880.1358962233198
415587	4.385965067069812
182758	1233.3353084420792
251965	12.261605360927193
400763	59251.81654901876
277889	2430.1340357278455
83336	2291.0806624720467
436108	3123.5896724606127
365967	1005.0766359611623
139154	8982.184500144536
183198	19590.018595620786
172976	6752.527025178585
294834	8332.917391528808
83893	6281.373962975974
554440	2539.447354909247
305612	7302.510799097949
498136	6121.616247744545
422873	15142.781292775919
377821	12811.463334213413
498143	5862.898893262968
294885	6150.091020891185
422886	4342.307095866999
182759	1233.3353084420792
524786	768.9692753526737
509940	3655.0155884164346
476661	119.50346930949338
83455	7442.930841858172
183806	9632.833901693064
184319	16577.442148178005
