270727	1927.6156447417316
453164	606.9288740245262
105996	775.6876469816054
462665	72282.96618357487
432655	2054.990338164251
327059	21871.792716462278
389397	165324.76570048303
122774	5365.716536603492
172185	67343.91634424115
478616	7302.514492753625
449348	13635.565626161275
172186	67343.91634424115
487963	8300.673297287256
294557	282.6996655518395
558111	32837.184189127154
548379	143849.80917874395
299931	14701.306317354143
476965	19432.226523050696
557990	1091.843552582683
6842	236.28019323671498
228264	5815.278818283166
363437	421549.3950925744
269738	36643.45335431833
363435	44883.06845039017
228268	5258.414894965791
181037	237631.39322250636
312925	27566.3171683389
293801	35397.49925678186
473140	5491.47653398037
293750	70176.513834787
384822	2964.1407662114448
549818	195.37807506503162
512827	697.8307692307693
474094	258.3583240431067
198839	16740.451690821257
308798	13753.367332284082
133183	30556.636264673092
452802	23391.4602749907
70859	41538.42147900411
463044	5436.762927349444
366390	16337.31884057971
146188	7250.565217391306
484935	1441.353994797473
400841	200.9651430694909
349922	89245.39471659347
403790	44472.545930880704
334287	5763.829476249808
486608	1223.679933110368
259539	1791.7034931252326
354389	6807.1203270159795
266426	16907.0615942029
501647	1310.4699554069118
326458	6021.88082497213
269023	82086.97584541062
486626	2985.959197324414
45412	1111.1518023039762
364645	130985.60318600129
146278	1055.751690821256
403774	51543.553140096614
451623	15100.893719806763
525677	22023.013285024153
385875	2024.0162207357857
15861	5823.335748792272
122486	1760.9036603493125
464887	3767.9171683389077
451839	128987.34096443492
335573	8683.549008678161
