454660	649.8970337780299
188422	2979.4310786048827
435218	467.0202391285836
435219	563.256472438263
285734	448.95600340618796
342058	225.5541441952881
58422	3227.889494748794
258108	106.72693726937267
214082	547.9389724666478
434756	1099.253427515612
101450	378.14135300879934
101451	558.9975386602329
77389	18285.945479027112
571983	2646.9878325042587
491098	102.2963892226086
491100	453.61277533352256
370786	5931.400052512063
349797	90.42619926199262
340588	283.3539998119501
342649	0.6923076923076923
343175	380.8535348034346
479881	682.5295720976441
430220	296.3302583025831
52367	288.78044280442805
64659	684.8851325645758
505494	14891.987599634545
287383	451.85579548680107
343193	124.73817543286974
338077	318.32624424141363
336543	97.71863468634686
539302	3780.7759849560034
346791	552.863975528669
360616	1435.5541122977581
62638	287.6847147317627
386504	511.982364863043
123570	86.72069259154131
123571	0
123573	169.98069826852117
100027	1512.3074084586997
254668	91.28413284132843
103123	762.9907749077493
287959	1405.9226126845026
64216	978.6196351990493
565977	8877.310235126315
63707	747.3671342818624
476380	1042.443482827136
286953	792.7632309111553
313074	8.681464472750498
161529	2007.619926199262
492288	6597.911615100765
347397	2963.811722963384
359176	910.5653562304855
287497	212.85332103321036
338194	27.110701107011074
213287	837.6863468634688
239919	1334.290135537894
454450	404.0574779538037
290612	7030.851196941525
337206	177.97748438830538
417592	0
509763	951.8291760183085
287563	985.786460876739
509773	489.6801731478854
286037	372.1038887311949
343900	147.46345444223672
9054	1035.360427902356
327520	6397.014005109283
63845	610.6470664206643
336235	118.87808403704234
287096	66.78899233607721
327548	24305.412134544433
341901	35.941088255747964
369047	1178.4579631102756
462751	624.2141640647176
237993	3399.4517456713024
58291	1285.6001057337498
22464	2920.8037851263143
238534	3624.688049957424
138696	1140.0382961964237
360393	845.4613329690605
382456	11247.921122622767
267733	76.48339483394834
46039	393.3158515469771
401376	110.49694862333239
24039	502.8789405336362
287722	973.7491903207494
194539	1810.3980080896963
163993	620.6291512915129
340474	84.25376099914845
66559	420.95354675347727
315388	1688.9937933614822
119805	330.58619216576784
472575	1208.6915271075788
