231681	4048.840935385325
151685	1448.9776694629115
309639	6623.300254218083
65416	497.59570606284734
299860	5713.837040586215
540887	5893.701570270458
542988	1454.234986363229
304017	3011.7306150145328
14787	6456.820566507888
86548	3624.11723459673
127509	4075.3318058647906
304324	4725.003062963533
522907	1080.2002423366218
559267	1079.3805370728112
384157	6545.799600941368
571806	1569.7922257756727
278341	10928.365072758053
299809	2961.93231281759
60315	2624.1108976083992
239271	16110.27462391596
358569	2757.951160686626
542251	783.2370691418517
360108	6410.0715968405475
304815	6212.365274895345
360368	1882.4330961496184
145969	4836.377809688138
278194	7866.6115695153685
52278	33514.36001015035
571805	1419.714927361025
270649	5550.284374320887
492858	496.6045668634731
360251	288.82184236240334
353341	3182.0300046600078
201280	5546.729429851877
28610	1162.4356057986365
361923	1176.6354288534394
278340	14315.847617400992
304325	6416.924119058918
490950	360.07434889486905
304481	4421.610392074618
347464	2981.4357483188865
295564	4930.015620003275
91468	3365.2301660083
77418	1671.8762022007572
400590	2001.5814198408943
512077	2467.41172793776
376273	8524.68670858727
539761	15385.999336530585
240468	1289.054922194319
28629	7369.66676601629
4089	1118.51660916539
11353	1167.9127255709018
220634	3320.5142830416116
142877	2933.1038351627426
359781	1277.4645579862633
278254	10796.028200887056
559330	10428.942766229302
454629	3284.3334958605496
401640	1361.2348388456085
377577	1154.27538847747
68202	6031.084891742112
313964	680.7407791966955
570842	1290.7508324392356
30063	8886.533140956784
186216	1864.566489969574
272718	1101.995728460154
174397	1913.1170116214594
430868	5755.734933068214
465143	2213.424500468665
194552	777.4393191313604
267897	11531.779078650557
304122	4969.586607525381
88827	6585.893660866861
10492	1797.8565594764862
377578	1800.1214474019202
58622	5376.705652911555
566357	2334.3740941869946
