32776	1826.7212582382704
392713	39222.39146253805
551950	1928.8513657325295
120847	6749.63543203077
551953	1525.4641757144411
291359	55540.094761696964
418851	74091.47230144132
547373	8337.960979070596
214071	6979.332100898975
377919	11915.961688542038
507465	4124.9492727917695
197205	164244.11671497574
7767	85389.48274455761
212058	19208.768225220396
280670	1841.6256231213008
550497	7320.564154998643
244323	11709.08052500887
207466	29.335934728627173
147567	46628.7398114931
307390	471542.9741042924
362617	530752.9494981194
252030	26432.315389270283
275586	6855.605314501223
418959	360324.9058247487
135824	2401.3491766397187
242323	704.0852106710107
250015	140833.2957102071
307372	17398.531039375666
395807	39547.739866035095
210110	81962.31144795875
306375	7702.708103844216
34505	175643.58256531935
193755	13273.242276343519
469219	3882.686112563245
191204	7397.250882171728
308457	204404.7250329137
765	4369.75
306435	4708.437492304758
276230	9.368925150762683
446733	488630.37377139635
446250	52316.10856979775
196401	48592.21709826182
37171	1728.499392048319
484154	181674.09859648749
491837	885.1039375665132
89920	149402.56908213597
409410	9372.148279531752
37702	280793.08734197536
271178	201865.04862574232
143188	65335.29508994415
554839	6779.213932213936
193373	48650.03993768238
442730	4854.605803429733
491325	2383.7222419297623
539505	9531.717254762852
500371	24535.31804770152
143226	16249.796465258962
512575	32205.76601328393
252284	66393.40114599958
545153	315.73004611564386
395661	18380.688692565487
487313	1433273.1399202887
276403	12414.471492783925
441268	3634.1796678086666
283209	999.6046101793089
549307	61231.91832618417
210365	54103.94727362222
36415	18834.216074312466
524794	7225.502648848977
491998	2007.5448740688191
165344	19051.820394620157
554468	3811.0502030599155
509943	130.70060305072724
359417	19154.999645264284
445434	4560.730421718173
175103	3713.304684728627
212565	2057.1845792647637
