105990	17358.81291069415
47624	5165.815400745154
71186	273044.1309610414
361495	3506.3397614583496
129796	14899.275498191286
573978	280.8264341502163
282144	0
250405	147.59311430277134
558645	1158.9355193629399
89656	565.0357710351255
162881	3886.107281886315
46146	13267.943332132767
567875	128275.86924132446
415828	382867.36255465326
435804	245.0923109343702
426077	10619.640204871874
426083	980.2982025942246
574566	3993.1779883672475
555629	16433.060069200317
245871	54578.18712656841
100464	538.9415263394202
426098	14082.52124027413
34420	101215.20172319308
314997	3708.7604407459494
546425	961.9861876544915
571006	506.0403293845994
375941	1653.92751425008
426121	6259.314962997439
32279	29316.001669670484
425625	1462.1039135239282
37530	17369.53177330376
453790	3160.1510413033366
44710	32957.18226475409
54439	3105.4135873032487
504488	19864.355168960083
555634	9387.087678426156
34483	159775.33618074498
578745	2451875.5003896807
559808	13479.352735209515
185030	228825.57833374737
41199	52386.0142747647
482544	1708.2140478932315
581367	4328.533076608069
384248	21766.9303733453
11002	5736.299603649323
361723	6466.37335269619
432895	3840.005953274953
356612	9630.97747933493
453908	7.323651452282157
407853	82658.45101587889
35630	10644.42860948979
92975	522693.01481425343
268087	16774.626889133055
548156	106.70139282912557
17726	648.1443087554618
579395	74877.14639051724
218168	664158.1833155908
262999	17473.597405913475
133474	6323.362483034465
154982	472.48937986293726
416107	424.5465041123736
220527	1899.5362750624815
107386	212.81943053369577
191216	3366.9105607669794
128389	363.2600666019605
258956	2885.9798402415613
419216	70409.89479832881
145302	921.4520428653891
530843	3269.19282299164
21916	1149.6459915531004
521633	41.739001189060644
278946	1068586.803200954
177571	10662.489512622817
489372	20125.677517442015
98732	248812.3135708624
43961	20277.10103550982
290746	4143.425001285714
462782	12002.017446780925
41410	3888.2003587434465
218053	337874.6746518522
140745	55108.4145618741
43980	18584.20230403148
514509	33709.69568838886
89038	9015.510999809567
525048	4613.448409896129
521685	7686.860465805223
61912	2240.575023092734
47579	20904.343649901464
581370	19648.83234010589
260577	400523.66645434534
17381	320076.2264903639
60909	2149.33107844799
496111	4899.508488708855
29170	356.8117094496742
460283	30266.68249872469
