385025	4263.163484329114
421718	3536.478122222256
459274	32675.259888878772
403467	3934.2952217975158
535056	18554.01941443247
263195	267.82432648459167
421918	48090.10760040997
140549	531.2401162394209
52486	4026.523872919458
263207	170.66076923076923
75319	966.9507692307693
20024	216.28972433146254
459275	13550.412584862199
422070	118691.16848305827
421958	42399.84452835488
199239	15508.373304243814
496200	16530.00517505973
199244	24650.252603452558
199266	16277.176292386514
421972	53219.552148412804
199261	21445.350027899553
199263	5462.868422849461
66656	1077.4143494259408
42593	0
128610	2981.1259469108177
199270	6818.191937863632
18538	6618.73025055293
52347	596.8032692237001
538762	1387.1393783501242
268435	648.9663866181099
379037	2395.5487249094654
471198	8711.720263238689
477346	14266.369260016158
422273	2427.2804973441616
194738	3456.451717798304
150198	6458.008731332978
150204	12933.564086690396
53968	241803.39849407828
421585	5809.885809428107
422099	227074.41081912155
384726	4474.975497994131
422103	98936.98640791676
45323	430.26441960292175
2265	6265.993562559358
455386	20.498076923076923
238117	3288.1342206016184
525031	10668.263192083012
403193	696.0266708893522
525059	18648.572805895114
52485	1927.8687547158013
376582	2030.0529772874906
140551	594.5211525356045
381192	7844.012859323538
403722	1676.057954212118
52491	2708.7070814092003
52494	2292.788481187867
52496	3766.4476447539028
434965	3367.7224103297513
471321	38150.52730248984
471325	13049.572482613177
476449	238.15877204990838
266539	851.232142152078
277293	2184.4368802271706
133424	356.41603896653373
52545	5646.896787707912
478022	483.5147862594906
478024	731.22169572101
67414	1083.8402554381803
82263	70914.82965617992
48473	103.65902634653801
68446	719.9013937478724
236899	2436.2927101345986
532840	4933.941758228922
469867	3765.053909127872
126830	11225.472687276213
364914	214.3115491911522
149374	14706.005298987986
358273	5994.071245353936
156035	1679.797978968589
1415	63.53970826580227
149386	8400.403808936257
149387	12155.182226749885
66958	2218.7763153885903
366488	31554.13456295848
421794	51190.70219992861
421796	220124.09160186158
66471	1138.569760619566
421810	106429.56771519576
421841	139348.9057261688
263132	246.19038179847863
421855	77746.7158560851
263139	0
263140	1.7649918962722853
109549	114.44653846153847
109550	230.8471333150159
94708	0
506357	58022.49268320858
459259	7417.183708669738
421885	101447.87333273639
