142346	5109.955264402789
450579	4019.445189036082
187925	3715.27647941042
354841	75138.43434725226
34338	81192.84367462974
274469	11293.71677445231
196138	34514.657563592154
443950	1790.1465076660993
550448	4810.436978059994
203827	25571.59756115101
196106	1160.8005199436145
231999	25615.031420532832
549441	11754.836218690614
38983	35347.423284508106
13384	87657.643715904
260195	5139.282772679287
192090	41724.21424003904
136291	180695.4324464715
402535	36105.856603808104
282217	27038.057634588502
509035	960.0040923117334
197744	14805.187955436588
242802	16476.878629498013
416884	4419.13905103099
313461	12587.66541823602
145014	6249.306744296211
407657	141398.13096946565
245896	11111.011386077003
188558	19736.507125260992
55236	23258.556631251326
367772	13958.739500353606
226977	22341.329809654446
298664	193487.34037764985
532139	7100.760679745974
531633	52780.52327332859
367795	41754.75551643879
424118	1895.94419592063
219837	76067.21984699079
236224	139404.62252550188
372932	12880.166443403146
457334	94121.02759795573
505030	24426.17590618811
253127	109.8095188684208
101066	126873.35975180114
456397	7061.733625496226
551122	158754.51664678266
54997	16659.30266189566
367832	11162.498790834676
197852	103654.34834930787
169693	137131.71732133228
457253	99975.5000597578
58594	16235.84919605731
223460	18572.33899192222
233701	27293.99194155434
131303	593.275179909428
38120	99800.7876503123
197865	243996.31157043387
149741	12575.907085727162
418544	127642.2904609139
387314	91291.33483382525
524531	21953.780047377964
136959	17008.87140904805
203012	1314.3837075025403
492816	67276.28403881266
571780	0
143143	1913.9920929447333
467756	108188.89096143682
412465	2769.9700759047305
285235	2035.4500053716408
410224	26494.75373916961
201019	204491.83020886316
11584	3940.113864904795
32070	190790.21878593057
356684	54478.45666448426
453455	5506.366242520556
553816	107192.36194100411
222041	631.6072370665945
268640	41992.602029161804
153954	1333.5208074470677
289636	31026.314876375527
491877	11749.564139132528
492902	16944.549952477577
547687	217553.49470610043
192364	80709.69310202308
376688	12707.727471681943
547702	37884.744094139045
204668	1289.4859497453233
187780	7052.659018076814
469381	1983.0468990285008
163719	157109.03882625874
156556	23201.03700541391
450461	18635.90561255957
520690	586.5394910503968
491954	1998.6576578142347
121075	23943.789085030945
32185	126653.2807288004
189891	111658.42058023033
216516	13660.654227542644
137166	7797.149764415183
96720	32018.891173045522
387051	24.024531516183988
85490	2629.327188229431
312824	142104.7752202577
392703	111264.97092595707
