562182	1307.3202681963198
525336	12718.526746252273
528413	124525.26025698957
531486	4050.087482025438
386085	5243.472043881486
420390	15474.12281386661
236586	1125.0401698364299
447532	24297.55476125216
198705	4331.7964062117235
362546	225984.98497887678
18483	6203.257087844701
363573	56253.31678238866
132150	48622.81254218954
509500	114403.09626250314
447549	1826.3496836523673
531518	949.4563981723173
211520	1421.331390264982
242016	85835.26897030798
202308	18258.48314545903
159303	7948.149734705752
235096	23083.75746367201
531546	2944.199697565533
328286	34884.386190948404
233055	3975.3215570072753
30837	2793.318625553917
411257	2634.4357842319237
358522	7949.322343455983
543356	3236.3007915838843
162431	17287.558406925287
227777	2389.695805214353
528008	8706.206314287494
92098	231227.68476916177
345112	2013.1129241728902
390297	4540.8715913306005
240794	5234.917046956357
254111	13087.77580111252
222882	1444.0785770015761
159398	6793.607566996212
259101	140554.59445831875
76468	32904.38004494008
40639	14133.959175170887
542919	6343.223443770091
373452	2019.5208413003613
222927	4160.777559171527
419962	4490.431438582408
543968	9228.120088682672
265441	22489.003234357268
337122	336.72598043379475
180452	19033.041853334656
490218	191132.09776977848
495854	175609.5435078394
179958	5129.477924648872
230140	5765.766849985202
187135	3861.2756371310015
141061	34212.24936770751
308491	80002.18421621874
486275	7702.601797912982
269076	2957.7301887288027
307481	4418.199586243992
141609	2594.103642441657
237869	34582.33335596271
262447	125400.2357771208
82568	39046.82155495102
98100	197428.41705689294
98102	252337.41705415538
300345	1928.3519141046693
20794	37092.012652962236
527689	13768.781209535056
328527	836.1189029711063
243001	2732.9329507460216
543972	83961.55298067085
485216	93650.83541629692
352098	255140.77612383597
581475	5891.523634142626
483198	7153.993164758267
483714	4729.854420903989
554883	723.7730549028773
554888	7.58821248545948
265610	10212.909408592257
179085	1952.994440693588
429970	2709.9013810722618
448405	962.5611183355009
552345	595.7055408821172
111002	681.746957394702
321952	1509.9444422314673
484775	22830.65498335051
95160	986.709244388437
479162	15072.50097565545
485311	11872.960805011564
251296	10156.573373808304
519106	238.34834572124254
478147	1382.2964527483523
159684	5907.982103436846
330486	124814.49989501802
198600	10181.067724436765
531915	4345.482178786314
531916	8379.59582456039
295385	18872.745688266386
378343	2341.1721765754346
230383	71067.29573920746
455666	1994.4875003856703
455668	3839.1701290474507
402421	5386.367093140753
