153092	0
141829	0
511494	5162.4827586206875
548367	0
424979	0
374292	7048.551724137931
381973	0
513559	52797.10344827586
232985	4511.379310344828
490011	0
47136	13055.172413793103
460837	0
228188	0
403566	0
519222	3360.827586206897
245303	8344.137931034482
52799	2364.8275862068967
132179	4667.586206896552
161877	4077.51724137931
525910	24176.27586206895
140588	0
295514	2242.758620689655
528488	155.17241379310343
234092	0
552045	0
542318	938.0689655172414
74863	8846.896551724138
552050	0
303227	0
13248	0
560774	615.3103448275862
454283	1166.896551724138
348813	1261.2413793103447
368493	0
209043	0
528532	2453.7931034482763
535189	1795.0344827586205
211607	1941.9310344827588
223907	445.0344827586207
374436	7067.999999999999
41638	13794.206896551725
211626	5158.758620689657
284845	0
561328	469.6551724137931
189105	26032.758620689656
259256	0
142010	78.0
502972	0
389822	0
566219	456.41379310344826
188104	883.0344827586207
560844	5970.6206896551685
374480	6643.0344827586205
537298	784.9655172413793
76506	13801.241379310344
261855	0
247526	1228.1379310344828
404721	0
426234	2331.7241379310344
233429	324.8275862068965
431365	3587.586206896551
293129	8179.0344827586205
541457	286.9655172413793
61208	1350.8275862068967
325914	0
120282	12754.758620689652
496417	0
394028	9414.620689655172
522542	0
354611	5789.379310344828
316727	0
60731	482.2758620689655
59197	0
512319	2949.9310344827586
412998	17.79310344827586
255307	10782.620689655168
389459	0
538967	19.655172413793103
231770	12257.58620689655
437084	0
160608	1834.1379310344826
173413	337.44827586206895
247149	19550.896551724138
402291	7178.068965517242
100747	5567.793103448275
247699	0
120227	11518.551724137931
284580	1686.2068965517242
166311	0
386472	322.7586206896552
374185	284.68965517241384
257964	0
104166	7437.310344827585
158132	294.2068965517241
523200	529.6551724137931
293826	0
195531	0
557731	0
367061	9587.172413793101
53208	496.1379310344828
378842	375.9310344827586
294394	27589.86206896552
232931	4974.620689655172
245227	7466.896551724137
247276	9549.517241379308
107288	31040.27586206896
294384	815.1724137931035
254970	3388.5517241379307
