144906	2970.5695146315666
424980	326293.833823011
167446	3387.4250793277706
315737	817.4798448701376
479772	86.04536373251851
472922	34.02703020331414
329248	17.09907157127747
543267	0
346151	20606.86238100834
328236	119345.06616523684
345266	51486.00117522624
380980	41.53155482430368
379230	20470.53425784462
363575	130612.09542836998
110648	154318.71759313656
157241	180633.39428840054
548413	41985.3952285815
102517	78.44306028910566
304704	24.872487953931135
548417	63344.64120343166
437320	33991.952050769745
524130	102.88776589493477
373840	17245.324244917145
514653	682.1050652250559
190046	16176.650605241513
412768	0
270435	29213.036549535787
279140	207.53555059348926
110693	195633.31343283562
428139	57.68950522975673
240242	122308.98671994361
26046	27.03584440004701
303228	27587.585850276177
373384	4423.073921729933
21658	2.811141144670349
161435	15.131272770008227
194723	138.5770360794453
76965	156.7761194029851
358940	10386.677635444828
190322	8241.483605594078
318642	8056.510518274768
383160	97945.26642378652
144057	5.548948172523211
106171	16827.35644611588
96957	29076.757315783292
368830	21262.88494535198
311413	91248.95710424255
543424	365.4483488071454
301254	158.2794687977436
389319	61240.73428134913
371919	79.7386296862146
72917	86155.0104595135
567512	78.34528146668234
500442	53845.1108238336
112859	48517.399459395914
149212	101.24997061934423
377565	15795.973204841936
104161	114024.82265836172
569058	26718.038782465614
567525	145.39710894347164
578792	29607.965213303574
543978	51774.05758608531
205049	9369.435656363856
91180	1241.6443765424847
519442	104732.68116112349
553239	46.004935950170406
345880	859.475849100952
314649	1.6011282171818075
489264	54976.4117992714
372530	2946.2225878481618
324923	150027.32730050533
536386	151.89940063462217
397640	120.58573275355506
377172	2.0533552708896465
416599	333.3280056410859
256345	221.88459278411094
193370	58.42284639793161
262494	49.158302973322364
379232	21848.775649312498
516962	26492.279703842985
311154	15832.982489129152
55155	2514.2113056763433
479606	62.45622282289341
94073	58156.399106828045
92541	35563.18439299563
407936	112.69009284287228
465291	1910.1215183922905
478099	60.52509108003291
478114	862.506992596075
7079	0
125361	33888.04982959221
157625	185.2664237865789
548284	11711.825126336826
264638	1978.1266893877078
539638	85531.4137971561
325578	956.3624397696557
157643	480.1184628040898
218572	79596.21483135503
159697	656.9514631566578
328680	169492.32859325447
115184	187.51533670231524
82422	17080.02914561053
283129	33129.27394523444
261629	108.09448818897638
