131584	2013.70416392855
449026	16179.777585279882
207367	2641.0143975147853
51724	4136.1356114463215
317967	1582.7782424278632
197663	1627.1539518489753
549921	4648.32451161957
321063	1202.5539160045403
397864	5407.833920783799
321066	2053.19756257841
404528	8163.475775135909
321288	3315.776091761754
542788	1292.0860863850887
398411	1370.4439333293508
397922	193.65816357010573
533773	954.6538024971624
263767	443.57894736842104
402106	2242.3443455403544
269408	6888.368421052632
192097	0
509538	30447.35874305515
222312	153.74574347332577
537194	857.4370631459466
137919	7711.779437242367
29802	1782.2562877113335
53385	3485.821016787144
50828	5574.137762112431
411279	4118.347691020969
553626	5060.26524882012
55451	1157.369018459884
441506	40041.983870004195
200366	0
114973	404.64173487066137
219312	3298.6137762112435
489138	7861.574168110401
447667	10404.210526315788
73914	1262.6454387956267
461499	8490.381086086385
49852	1002.6265368988591
462015	63979.21632116613
552138	254.83194933986496
248012	1150.0873432941037
238802	4946.419379891271
533721	495.3718716769222
18653	3099.4665153234955
318696	898.9072226536829
479271	419.2648306350439
262383	0
515828	1764.3889121213929
323320	17720.91630324392
277756	2063.505824720712
426760	469.5800227014756
444171	1595.2631578947367
334605	1058.1320270028077
319252	1555.6351036501583
63769	1743.2504928609835
448283	292.5547523746938
398109	1941.460600991696
547109	3616.4210526315783
122150	10062.978612820358
253226	4538.489873947069
209708	31511.217396499193
486109	1811.4117330784397
455472	16811.863910627875
308022	363.2690124858116
237705	3197.861282035963
425795	1074.2321524583308
126092	991.4816894677101
318799	564.2895338431209
363868	0
537439	656.5263157894736
165224	474.7262082561682
473451	503.66628830874004
56723	3347.679431268295
351609	577.9108668379234
315771	1020.2294043849691
513922	366.8996953223012
328087	2025.232690124858
281491	1606.9188123543818
268183	1983.916004540295
147354	1800.6129398410892
8092	23239.4149590776
268191	357.29231136865997
433060	1126.9577633072463
398759	1049.915526614493
323496	1295.7891152398588
352685	1085.3090387717307
319407	3114.1113567118705
416182	641.8480195949578
41375	4983.999999999999
216509	1521.502837684449
416194	2897.0942111237223
408010	275.07377979568673
332750	20.629906207061353
110032	5030.421052631579
201686	660.2105263157894
397783	11178.729434255329
48089	346.98823107712525
544734	6873.995818149231
316902	1334.0363223609536
334826	359.0010155923293
150508	2184.826751896768
268793	754.1282035963916
137724	1271.533544417229
88062	3531.5583368182088
