111112	0
561161	0
225802	0
363778	0
211985	0
144046	0
486934	0
512543	0
104492	0
352309	0
366089	0
514107	0
512573	0
571455	0
232000	0
134729	0
154706	0
250453	0
507488	0
141413	0
170601	0
519274	0
40567	0
441468	0
362006	0
175751	0
33928	0
32404	0
401557	0
475290	0
33445	0
571566	0
116912	0
292019	0
575673	0
400064	0
483521	0
179907	0
443593	0
210638	0
487119	0
449237	0
202992	0
241395	0
491765	0
120060	0
411394	0
291969	0
488201	0
24848	0
168727	0
483611	0
558878	0
184513	0
33069	0
358194	0
508727	0
487229	0
382278	0
171336	0
262985	0
116046	0
285523	0
550746	0
409440	0
97124	0
510821	0
212333	0
110452	0
239991	0
240515	0
284052	0
545179	0
482717	0
37385	0
153003	0
204189	0
143793	0
465336	0
389051	0
254920	0
26571	0
103385	0
448992	0
156137	0
227309	0
282101	0
34297	0
