407572	178245.6702165661
397334	7149.676820075522
551454	2849.5540333804315
155681	16073.534642601284
312371	276437.43480679207
47156	163035.6203959185
153655	10922.864712115857
438842	14595.286688125929
92738	285346.005554201
217156	3065.845550468107
15942	91434.32655359921
227914	1083.9099885075202
307800	0
355424	3408.714433420194
217704	56221.38398564654
181868	2379.265790717459
12912	192922.99333834168
148595	15692.859766866835
446596	150655.1842607748
186902	6146.413592290587
85127	3694.7092900035314
467593	75317.00484276199
172686	192282.43261675318
410769	1383.785234899329
219795	205393.1199406968
551574	416.4794832985906
149658	29425.677474241416
417951	31305.82149939553
129696	19865.87458619609
119471	27510.17479515027
180915	16956.233079437417
151220	12246.401687553795
422430	106043.25026840661
155841	587.4596776707579
217290	865.2371580240895
154318	810.8541151536559
222415	7143.956708673092
171225	8339.94701518898
519898	44150.657297227386
362721	232808.35878428465
37606	26149.363569335474
467691	47445.933140631154
576749	2514.491153775354
84223	736.7426430714274
116097	16704.311926806335
576784	5122.883638389859
292121	1257.8269532987397
258846	28767.18068865329
305451	14454.182357301705
150319	3303.2924363560383
37428	19796.646639568957
554813	1118.8071163825055
223200	5954.139824179978
475475	15431.43847841553
59225	1577.771812080537
192863	3529.5523320779494
90978	6091.856628076479
90980	6786.8127501853205
220014	2444.986067233496
508277	2010.4586419570055
187768	8230.402587051805
508286	1679.4890580146368
2943	3382.059949950498
8577	3069.0987961452925
346507	2479.786647827623
577425	4301.690709996468
493986	44953.83566449918
232870	1934.297313943712
154025	31263.897514947686
154031	26514.069990457763
186294	9017.877308570605
282039	529.0198417259119
387000	1696.2344330401343
356795	21318.55645394177
156604	15388.595463704156
68039	1119.395556717947
305058	5507.178959806171
217560	14324.58935034787
189408	130876.44799379105
223202	208.0
528355	132427.03282272225
388068	28795.23823574012
38378	13033.146863945949
457709	160289.15354848982
