101890	17309.28791350952
457730	345906.28001139674
326684	2711.87961413884
219684	142.52478644117508
464933	3118.184337535549
311334	2703.9563697406516
309288	13623.38446374669
483881	214546.3687392927
442410	2737.7399433253254
309291	32888.6503363843
578483	6785.758870818702
490334	29271.03858477545
234551	3426.9117389952144
482874	2229.21286884741
197471	689.2434090500408
350274	287.34830283989413
482883	248.2535575679172
465994	16838.72851598596
182350	772.4696356275304
386640	352.0028165248428
488536	35089.400834719425
258650	390.72876239758523
266343	3144.419238588062
470633	759.5141700404859
104556	1498.3912163731052
448701	454317.2740539247
23676	796.3562753036438
172157	47.77921517895645
172158	1074.2986508963222
172161	4766.1521283804595
172162	248.98971231442124
171144	3952.4073646276106
120974	2111.157749645783
120975	340.00862440707203
436888	26325.241469057266
485020	7489.4592277913425
485021	13396.941107620281
448175	238371.40108421101
89776	3223.227299016772
1713	40129.693910552574
33458	20589.672734553074
141491	4030.8906240374536
261301	2329.954875870141
108218	1783.2138311746128
6843	8922.209080268589
483005	3640.860230048203
534750	138.28428201811127
141024	269.63562753036433
80620	1066.957173010145
444143	506.7701595515309
383228	113342.68165157393
147199	1579.1697873402782
299271	160888.06589971046
33545	269210.58622524084
97549	159806.98684777922
120594	7267.138236924783
321824	9744.37885937852
311586	319.02834008097165
327465	1144.2647484094853
235819	901.6431500060731
186670	130.15543666859458
33079	131497.8036823138
451384	234.06640793445453
259390	899.9999999999998
139488	742877.3578634612
177474	454.41896112557237
238920	8880.052654274758
207690	838.746716901718
259127	286056.96982997615
344396	2479.58769954245
181560	581.6602158196764
449363	13945.75679172057
35982	326997.51124253066
433494	32161.979301423027
399707	1580.5668016194331
124254	25475.064553686956
404319	830.2587322121605
442720	23282.114942545933
165265	71.65562708891844
45931	1142.7339370418283
77682	34383.674821694505
432009	63026.06034004807
308888	391982.90332655725
266306	14048.867122528189
460177	228.30006776319846
263580	63.148832624899896
448155	34965.19529045773
441771	2976.072660629582
340912	796.1757775371856
120243	331200.6519121248
501684	329.0211297973265
372152	282.59332840510075
544697	3974.9468388106307
285117	216622.8803209511
124358	619.4548872180451
119239	312.5506072874494
167887	518.2877799160055
432597	1487.172556852376
453595	27476.04579228447
123884	213.3758393396168
