493572	42163.4989858012
378886	15105.872210953346
457223	85970.2467883705
485386	103191.90331304944
92185	117486.75287356327
372259	1496.25
245291	7490.035496957401
110127	23911.720757268416
219184	17106.220419202156
121402	61139.391480730206
302654	11428.032454361042
183872	74848.9991480801
222787	140238.05048456165
124485	25702.67635789948
193611	2113.5361730899267
472140	1637.734956051386
37459	49920.30594996625
343125	549.2845835094097
276581	9609.428668018933
424038	3027.914131169709
213099	10796.186612576068
541809	808.1710615280596
256121	6605.108181203515
498823	102978.37136578768
319112	89.80730223123732
223380	841.7748478701825
83621	0
188771	2548.0189317106147
476848	84596.92275185925
446921	1063.299526707235
158410	1111.6227180527387
20343	11546.048005409055
131277	97.26166328600405
431822	86794.03651115614
74275	24744.248647734967
414420	2231.9066937119665
11470	153755.84009465843
218838	0
192731	118313.27586206897
312186	38635.515551048025
139488	39268.414469236006
549617	571.4063556457066
32467	40603.92832995267
302325	1019.4016227180526
513787	66996.03448275858
493835	89950.7572684245
527635	112381.26098715347
485144	54.60615280594997
360155	37535.902636916864
462629	27856.615956727535
59357	36182.62846517918
43485	6324.268086544962
378672	41365.2670723462
96904	2265.6051386071667
201019	68079.80392156857
104160	98788.17444219076
284994	189448.87085868814
106827	20068.83198106827
176972	7055.793328825784
373583	14071.668356997972
364368	65525.253549695786
527703	0
191803	5336.719066937119
436580	145108.27248140637
404838	9876.88640973631
503143	147485.19607843133
177519	1608.1652017128692
409969	37067.330966869515
22390	651.8207685372998
452073	1205.5555555555557
326009	9634.90365111562
252794	12705.7572684246
10109	4170.206220419203
440703	35399.021298174404
373638	15580.336375929672
478530	47248.93509127791
328592	1540.8164300202839
37784	31876.729208924957
189842	48002.322515213
36756	20837.849898580123
247191	13188.397565922925
185240	17518.05611899933
373664	21426.318458417856
202150	27276.903313049366
560043	108690.33468559844
127474	9186.541582150105
33711	18316.85598377283
73140	821.5277777777777
239546	10433.044850123959
350141	33777.413793103464
94143	86658.31981068282
33731	16847.530425963483
36297	39178.34685598378
383435	144718.5158891142
421331	90081.24408384047
101850	28782.660581473967
271837	15857.342799188638
366564	837.8820148749155
289190	386.94444444444446
35305	25250.878972278577
258026	37986.06321839077
163819	79848.55983772824
350194	24421.007437457723
48121	10035.735294117643
185851	637.3123732251522
