188419	4017.7772455707773
199689	13587.45403568007
318986	4218.703291714633
213003	1839.6190222676196
402957	34.33458929917106
50702	2745.2054941652814
480785	1370.0350302270474
372142	1112.95388426868
455702	6285.508992984034
252447	1303.3276849849485
319533	1218.393977643808
455726	443.33109786755824
318517	6018.690868846075
64060	1012.4832441679409
279818	264.62962022732984
139839	3095.6686441173747
222304	1976.3724342602115
279819	234.13397820899272
337988	1268.6301420392012
252488	550.4294816603868
267341	2527.7356271074245
450638	12226.513954574126
399440	7840.837088313628
316497	597.0922240270764
322659	707.9818324541573
262748	8010.186415093027
278622	1638.542863209365
278624	1489.8650382885478
498363	1766.4769306179107
126080	8907.285105776129
244848	2809.0167207509285
480373	656.055639030918
318583	1078.5632416641915
329849	905.7048480281336
329851	880.1611338303194
525438	4924.102805917685
319103	10204.252751260672
393344	2747.167680920447
244865	1669.9266751904609
317063	950.7424347081864
200330	1976.2958113539314
126095	4680.569880966657
315027	558.0052598069659
244887	6057.229395252755
307866	2958.067419132716
325793	815.7521959560355
224418	806.9929037930167
329908	102.50093489387089
316598	762.0436133318931
319675	832.2113036925396
342962	1438.6985830490019
200393	6614.313837304326
241355	1118.1108284915238
137939	168.57694674704845
262356	4672.77753954656
325846	9852.599981385523
509155	3152.3025983560347
465644	199.81827430293896
244985	1107.1266916775692
304381	2332.106474503894
280704	168.06425521225822
535306	1081.7138811226287
495371	14739.54020172775
428589	225.45661580005023
398609	603.4423622958236
276526	894.628931173072
348950	3533.488037641337
397092	11310.309273135015
485670	8651.380665142326
240938	1874.6125893188084
473387	1943.486463930461
469295	14181.867590640235
80176	9614.38590865651
253237	997.428938393853
253238	1850.0825625814634
319804	4597.685131532761
316233	3689.1917541956223
462154	86.29372017081135
462155	2000.33150657807
170322	3030.9031222717513
299663	528.2111967104332
335212	777.0944297096878
378233	4765.620298127792
121739	1440.364427907561
278934	423.9898926046932
337303	729.0847670162915
160152	2203.2976890228583
390724	3888.596152993464
519586	1484.144727132217
480165	1909.8119402053887
433062	1050.578486287062
437233	735.6952733601155
428460	1080.2209412461634
397741	1422.3215612309937
222638	1722.881763376036
245681	883.1792765636776
245682	779.827097462949
451401	1450.5419456773543
480184	4520.254150189786
415677	43.634567319768905
319424	5671.687067304939
320843	1159.5197195023266
415689	303.33913840129867
80342	12816.939621506066
147419	848.1821300607855
328160	10215.00413642326
231908	3514.021484144352
305136	187.84600288872144
192497	100.57515699572971
