480261	1960.670196918899
328711	53664.03946024826
324107	1468.5749769446113
121357	1033.7927415757958
24591	6675.3412185437455
34053	213365.70083031798
262177	4907.281413182273
172069	1679.8082463410665
381996	2651.72435191362
121394	10552.38295707877
448576	4014.266406738968
262213	7607.156456430178
165455	16248.99204838034
490579	102773.84102710483
312922	14639.954983304733
374875	7243.585100064095
303290	2735.9029078283934
353380	30527.73778026895
319590	12439.988835645932
374893	582.9345874041011
510063	6732.396718748972
314482	32888.14520339178
487545	2338.312951264874
313477	19988.658109034157
60555	2444.3725438674173
112791	115590.85830726901
75935	19003.025836401193
15524	59515.437525893554
149160	9574.22081544045
354475	9367.733914727667
101036	10036.939755784704
453300	11353.227685880576
543413	42847.023095576355
549562	7471.219689200749
168394	35383.99332147384
61641	3353.185436316603
32972	390531.363020381
31952	89523.27044926133
578771	7436.106562251161
24279	7093.890113539459
189144	19319.742187447835
406233	6695.389360337098
363228	519261.6009081963
329437	6952.720087037209
321759	5275.607087800661
211681	59370.36063365557
355556	8452.70216571251
560869	7894.221574790746
211686	38649.65026142989
482535	3949.952774501034
473836	4600.526169433643
38611	309714.698916654
77561	9392.74468551295
32998	215963.93251892543
494341	2629.004236350561
255238	9571.617841541298
274699	2293.6771126233543
415502	59923.58054246665
449311	6475.8212986471635
319783	29851.31208205734
22317	70618.25824962222
181551	11921.700314489102
297265	4865.598318256384
536812	1873.228225719414
77627	61570.16689679458
457549	167804.10108813216
313678	20319.386034905194
533850	14327.665549431955
442715	18448.902207542895
189277	34144.83096254283
23905	7775.162246097206
113509	40094.20026467532
451956	2742.595662376288
364096	74758.7996072085
536968	3967.1118848378
373996	17523.156803357837
225166	3525.4089594861093
108957	34793.00705119715
185246	5568.196536563459
185250	36296.21303853519
374179	7833.276479953775
24485	1360.2824180066618
189353	18085.705554872824
14258	9152.625538690803
285107	32362.384381887576
180665	33011.816127968195
77301	648.6210188749307
76225	81241.5508543824
276932	2497.0368165965638
285125	104245.33548158928
285129	36965.03133659792
114634	6758.339065155069
445387	1658.6341015645337
362961	615635.3800160183
34770	65946.9340880199
356820	8837.976715005892
114134	41696.07817332622
442327	6860.821688322451
300003	5827.091306302875
300010	19497.871351785216
300017	15182.35991736089
332788	3236.294125478807
323573	3353.039550322832
307705	16529.37475323576
113149	16796.057171507768
450046	28866.53703663627
