131585	10386.59217040875
252418	4688.01286701209
435719	1502.2739896373055
552713	4296.259152616293
238218	3019.396764536557
455827	9443.571872644789
455828	45315.78776208692
181654	1458.170861312608
199703	15773.874429840533
199704	21569.09674257339
59291	603.5555555555554
397084	2393.4975965705244
81055	1445.0877605066207
13984	4007.187822277778
415688	461.85146804835927
76338	6420.662763385148
428724	1453.3743926309726
238390	924.4695797351753
231736	5577.959701873919
503225	4845.223030944157
382398	1326.6531951640761
346598	995.7500248704663
73888	5674.123030248704
56264	5550.332158894646
240969	1053.7791594703513
256586	55.52269430051814
337614	913.0830584720785
17106	3159.7384456971795
376020	1295.2551105354057
329337	11037.781578910191
31705	1972.6215025906733
399450	1557.3670351180194
195174	3475.853143350605
345574	1502.8264248333332
315752	1166.527576280944
455785	6535.821934369601
397805	7192.741932953945
542446	1803.0219689119172
358896	490.8429476108232
358898	1023.1870811744386
538739	7537.409729418539
31700	61.373160621761656
455674	3242.9884628670125
303100	375.3583401101036
