384526	2596.6798672308837
419864	34.2574931880109
539676	229833.29069329944
386079	395407.3635878105
491044	822.8979936967546
493098	132.6566757493188
345644	17.50178006329114
240178	410717.9552193303
102454	397.2411444141689
325691	1598.7962498491013
301632	5933.266748115923
252483	1486.098198044451
521289	31.390861587279684
26698	0
397899	224.94281486048357
347725	276.334705791053
389712	141519.5796183562
323665	162254.33445607556
345690	6.708662974683544
373349	15857.67532626409
275570	3166.791029839099
483444	82883.65953020987
195192	52341.51881575625
440255	309633.6592345566
16515	6191.192007122406
465556	1322.0114704411405
457427	167887.36136039323
211609	2062.1733624279996
189084	3401.878521324112
527006	6543.071981237928
23203	104099.54408391681
258212	22225.13140833563
451751	137.63401133463248
152240	39420.8865701204
235697	94460.54434152204
307894	13.163370253164556
579770	207.96359304401062
216769	10122.076225750852
445636	8146.073289360793
320201	2969.0361789914805
512204	1162.5618920946436
336083	176.7020724075639
180448	13156.215855847748
519907	2917.0724007974145
489702	113741.3461270824
364267	328603.1075851583
197874	15536.23146988658
244979	924.5069686648502
49916	11177.167886607322
361215	0
321281	4394.767907339703
535304	2603.7233575537393
200481	122.15338185079156
267043	79.8406953833684
405798	28.562980719484013
266031	0
284977	261629.17031266156
327988	243941.54922256013
97588	281348.2400235134
547643	34363.87444490912
194368	4825.815614041895
504644	118.8807901907357
462664	51946.16607564755
323915	901.3169062359879
316260	284.70163487738415
159593	6742.816389861346
98166	324387.8376816657
321400	9.269382911392405
45433	272753.8841121133
170364	603.9186398441002
341885	33.29847794548469
309118	65335.445002807784
233856	1196.8331948444456
480129	41.64873417721519
409989	1534.6572707205187
112520	280407.8005197375
259037	422677.96678153554
223811	407.82078648294413
391063	16401.684122029455
347544	42.53815576173559
178077	189.31313054013035
77216	78044.97817941505
233116	68207.81319880372
300461	321411.341880609
282034	304.0687552814472
249270	12721.111111111111
157257	143391.76050145723
98748	464937.9976183311
256957	10701.186056907416
185279	117626.07687310832
160704	6399.642717638742
23491	134.18265516966113
215493	89447.515180592
322516	45.25912612527162
282070	191054.61252446705
187351	6742.462263520508
188410	523.3122714965682
256995	105.10490463215258
12776	408625.85994679754
259324	400209.4509606841
249152	30.89794303797468
252401	5859.332603727145
76789	44.018987341772146
98297	3599.0919119862992
14330	402.2086152853706
131582	443.0185039276721
27135	330.7772943037975
