153090	64485.39348353311
393036	47613.129102045285
516107	15020.463616511695
516108	15020.463616511695
55821	71083.00168051929
457230	264341.72296686505
433168	11783.029877375393
147992	298363.98052431643
95263	82889.61274825184
61998	23565.198621670992
218159	125948.98091048382
544817	44838.51991091021
484918	1876.9605678499763
202296	20.10687887273432
547387	187068.39569920633
369212	5323.52168704697
294461	1955.3208605102782
148550	43308.13631946505
373345	69405.27489037155
521800	381573.3438530664
225868	38778.4953355153
41044	40475.351475326934
99422	16530.518388097145
314384	43392.63368118081
54370	45748.333238118896
61549	221695.10075532226
259187	486422.3749898366
415874	4960.265814158265
456838	7296.428170415
398471	4667.785196167666
43144	181311.00859441527
440972	4668.740619971965
313997	7717.894558390973
315023	117854.08713017957
170128	102397.74972008435
20119	14022.016390361985
373407	304125.3512616084
33956	13726.3178814866
431782	202544.00930937665
202919	48710.284848467425
262825	25182.075677208282
221357	329228.99170945236
509102	29547.94695369187
290992	349711.331283437
489148	220373.94248279696
438973	61132.05739352031
553664	15945.805749309415
14529	63247.36291106056
390850	376174.40841848304
545996	15901.74641425843
312022	381399.9157166257
344795	19219.479104799433
191197	677855.7139881863
311008	101422.53093153125
4315	498760.35094882076
510184	20168.273623900463
368881	216053.06426485212
294147	128037.52974740128
374023	474898.50137694395
402185	641093.4296603923
181520	82839.64182571387
325905	26223.163483948523
18195	80804.48790794058
402207	479443.4849528851
234787	31064.264143061348
228135	127147.72508556963
23853	6002.960668363685
201018	414088.19478970644
506688	82337.96877824965
202294	15.844353556009999
400711	43005.97018095496
275276	18190.334462884784
59219	37419.77439857435
228187	220303.2997217112
514912	24283.297061456306
32101	144668.19590379845
100198	88439.45159637435
201065	92837.10450348986
205032	11397.802594529734
327028	11374.78164976297
215928	196046.71976305742
324995	360567.5858625247
292229	604885.3390158169
441051	14477.2940629689
103305	31180.301340750593
209291	346162.8673900277
300438	9083.219353373695
255472	22679.828511244068
540581	83491.83823473318
115114	10921.019404355795
547755	282609.81280953414
45997	696.2340289936291
112558	15199.886640102251
372296	30554.70388531072
424884	214381.4603887125
520645	477682.5877380845
98124	472061.9419886293
61392	21299.693714853212
285144	6993.084107581003
440286	223483.39159448072
444400	47933.20642684472
275967	12589.572223239138
477695	34918.362331314485
