341512	377.162747241745
319499	4257.925875886229
317965	673.4265734265734
319502	249.43181928203956
79888	1637.5169808165404
406548	25005.652819971765
489495	127.69930069930072
262683	9.566433566433568
198174	538.6441400009684
219179	96964.6887214464
480302	48463.92276279502
384561	1962.1753048713408
557109	3996.416834267055
463930	1973.182385182385
322113	1104.2516426304974
370754	951.501885779419
414791	1911.3172434613848
316491	1201.9584028306494
456802	342501.58563094237
431694	160793.90233531198
565330	3899.5163338863777
308310	542554.6259588731
48727	594.3670866578357
190040	1809.1483318443663
97887	165755.56178456612
406624	23895.925977582363
421474	362.952938952939
393315	11899.926988929634
175722	6282.649649909562
415872	4650.997460689093
348289	7452.947545299089
393351	21643.963021619402
315016	1543.2665072753182
290459	3457.7876446687023
259235	325162.6145289407
251563	28106.607045056386
444597	4088.204898512609
61113	1262.7104525430518
409790	906.2585344171248
170176	1095.8788091299105
220355	2114.304956146366
403659	232691.1388770773
443610	0
71903	25395.487874192702
356581	20710.897419760862
221930	209.12651225426558
382704	34122.56145459494
79614	8684.276699607095
393005	267610.282148141
157458	30252.27207320599
550787	10756.404381902186
562454	57245.42391100983
364825	414005.27328083274
151341	2619.390989531959
474926	171.08210731999282
323295	673.2813534839968
528706	1696.2459742900278
317763	465.88521170459495
22342	210349.64529790962
468306	3208.2633850968655
484697	3029.075761243162
331616	4316.573122412832
157537	40179.9597489497
51555	521.4852548332725
331624	3441.56226152702
381291	119.54199985036992
8558	160099.90685966023
497520	12477.17508990355
423794	123677.83130644803
373108	17283.06972786708
473463	451.7622377622378
509305	3358.9583698739652
290172	186.04195804195808
322429	1412.4377102835253
351619	3042.455380314411
242053	167652.837038423
20358	2354.9107175715108
399246	52101.84206555205
387985	4460.412587412589
325529	206.6094654244434
416157	1690.365867882451
29598	3784.0438280614503
505248	10958.371356493872
91553	458.3397351547132
321955	3552.8434780078837
560039	262889.8594730667
22952	515831.7444593745
179626	286283.53732610994
328109	138957.55170853683
393650	7954.462294462292
324531	18564.895508706082
520643	115745.7123126903
328644	315665.71619070316
319393	998.4002957395029
382412	13346.168135662405
324559	3898.920471598887
340432	221.93572946876913
319442	5958.299040166885
107990	718.1245230540387
122842	481.97692153661313
189403	608.5556910050303
558562	277.1748251748252
314852	55827.03498025964
310247	5728.7728394953065
423401	244847.22470040972
324588	59863.40700423522
129618	4229.795879795881
300018	612.096564228723
