389125	1119.8685358912192
373258	1407.2465666467565
7715	881.6572198212759
138789	3886.689003665835
94764	971.9878758066593
487989	1435.5467762903622
487990	2133.479676282164
442425	3479.792398955296
485435	10615.573535715546
145985	2491.9934975346378
417354	1220.8786104962348
470607	4507.043102256889
46162	1024.2132134031365
157268	216814.57059133562
470618	1351.7098626190225
549979	2162.849813194664
467548	707.6110279563849
364126	22589.905615872012
470623	2621.2648044692733
326760	5287.656081421361
320898	5991.177597414004
284784	1022.5928533783072
442997	552.6525139664805
470619	2127.574369605191
327290	4914.006394715576
172170	12963.956337912701
163983	50953.96472834172
374928	1156.4785870723676
516754	941.4792359134723
572571	738.356394129979
272546	14166.212805827858
429732	43223.93314828479
358054	15758.832067273343
405671	6520.453406415797
490667	72886.55887003263
119468	3108.2800089010693
561842	2636.3074897813376
166072	20671.563842919546
281788	2630.7390932621247
349889	2222.1563543094053
255684	11733.721771312792
31941	215.63102725366878
266438	5639.116226883573
321739	55407.476448473346
504527	1205.479160957099
262881	2160.0339458674443
25827	1574.5534591194971
355044	4074.270189616199
487664	15293.507738074328
453416	2995.6274106086694
240370	37693.10625300119
486135	535.4984762774791
305918	13620.860438260546
61698	3338.110471639554
490983	2354.0520525163092
219404	24091.973816801936
543618	51983.66509492523
518417	2565.2840635723737
462618	10529.736233208014
370982	12567.282386423529
44328	6052.080137732336
206635	4982.305428481078
212268	42072.66034690746
533296	95009.89330897246
484149	1587.2984317721325
157510	8449.349931485187
264009	14246.750655282673
311629	631.1050771230807
535386	1634.669199696193
247142	58260.76077907781
210919	38685.79753815166
417134	6910.968759589146
293749	16905.428078188866
301375	1799.377346778633
519042	1912.0977899581883
306568	444.6098965836291
573835	84.48637316561845
484751	1509.933152969561
484758	3032.8989798906105
460183	3672.135793890704
146840	4255.037288453205
232347	56743.71889486197
383216	6482.680856845041
441769	10678.963437686658
42934	18012.769183561137
432567	756.9305458932107
517049	5749.906866706488
335290	100.0243139735076
424905	49858.822547813965
299255	7337.05353056229
369613	49129.406575079345
400846	1970.717477718047
400847	1829.358513989904
210898	9680.439745616808
167381	51376.097869599354
311775	214231.63449398588
558050	1756.0850005270372
2535	3230.389356195027
529904	1674.370401602192
328177	15578.26204748018
373234	56321.90317510512
417782	15721.929016314723
429563	89879.67585584952
376828	28792.044453813993
