563200	3652.914997510108
117249	0
563211	37803.14899838454
563213	50631.82794546803
574992	13106.253076480069
563217	78585.7247894616
563218	584.8342365473598
118295	7198.000766800097
28184	0
24093	1247.6969853330068
536606	10223.98524283049
4134	10733.733343572041
331819	0
118318	1399.3136872912783
80948	4196.665014348873
64571	0
116285	4317.7372075151725
349758	4.8507265521796565
68168	1160.1632727303922
50253	3189.60379730009
117335	3953.4741946355907
335452	1089.7665284820187
434789	2779.9218179365453
516710	2755.764693663004
260200	0
334953	602.4381069734019
67695	554.3715287168015
566900	8395.24049435027
568443	1914.4658583164191
118399	832.9766162310867
380546	7134.639838566287
112263	2653.662779177256
24208	9483.305338060109
581274	8104.543584671599
581275	8071.035321757483
337060	649.7392140945312
308391	4988.166480387187
238249	7747.173684358009
81949	4567.9673802047
1714	7166.773932650764
111810	407.60210176220846
568005	1100.295250699053
158414	3373.7567053735957
517581	990.0493768386395
340178	1945.0828194808973
30938	1992.4009270901947
30939	831.4459663464733
30941	47757.63910481975
340702	505.0790361988207
344289	602.1627384726512
334563	1262.4138955284
24805	3151.650634938772
376038	1563.236222565132
342251	219.8225052728508
562413	633.5470362878154
464622	52904.134043351536
61684	3721.9467615652325
546552	0
562431	317.3461282685763
342273	1041.382694020327
280325	6828.337641723453
134407	1438.506200723554
187658	9513.071629023449
117519	3958.332481918485
64787	326.3760300471861
379354	0
182564	1794.5497345386127
24711	1548.9734668223848
113473	2057.4693425211835
320323	1282.9733948773833
472400	100.20827557415743
502111	1828.7554190152641
73277	150.9529097839105
334194	769.1131759861898
339324	1042.7309518328248
202627	4881.11309574644
246665	328.9797810131121
335760	3219.9359855216726
562069	79.92171869898684
333209	237.70290261065333
336797	2845.978739387269
562079	220.11687515977255
205220	1406.2488320834975
24486	486.2315108773682
566698	440.03644840117397
397373	42.84808454425364
66973	330.2970749965305
235956	128410.52721253074
117151	3091.636074752454
86973	1674.529605091106
577471	5478.944215141262
59851	17725.40357305124
117197	0
353232	8203.590341901963
25556	4156.747205536766
399322	3180.6810057073913
342493	455.23990454856175
461284	671.0675048445378
335342	968.6750513644376
386038	578.8041443376928
53755	3027.946974466583
390143	6481.569017647408
