501253	4353.40861242624
33810	142352.89134855403
150549	1540.1435613222761
135199	6160.96905536449
133894	8093.00265755505
394278	48436.21802000982
320552	963.1837720408337
114222	4077.679510895731
493113	4642.553977399617
231484	99518.52653646878
485951	16759.64176976789
570433	1332.1905717777145
128067	28864.73162912343
430661	1052.48776681009
41030	27051.549080401594
146785	33295.54509499952
313422	5838.873392377708
86616	0
282202	108.36159622036615
338531	4.883658145617144
328804	85731.00198324086
121445	123401.7915568657
459881	958.5091538007258
89194	1603.627984476504
335470	568.3820129924915
280177	540.5494389606005
431220	5418.734349953596
90233	105.48072218003881
487555	24434.67171875078
90244	968.0505357293514
438917	1753.5666677832867
181385	174513.46151135722
202895	251.67299417868895
311958	171083.44392583665
314007	1976.7871424955706
504488	7174.495402007929
457897	62.28836581456171
65210	248.44556540662327
219842	9115.23841165801
224457	336954.98613549065
179916	2228.489209110625
415439	13146.459503923063
219871	108913.81806479866
515808	237.933329114992
507109	5573.136691939492
508646	10867.071247785367
558311	5651.385788407997
500456	69724.91880902577
150252	43609.68056734211
206573	16715.40303149861
500466	364726.6594463553
284934	211.89167299417866
113935	463156.01524458866
290776	604.212393486881
427408	342850.32565595215
191767	55202.74707842645
296222	15684.27515496201
292133	29181.264704641642
219944	31950.800855826994
579881	1326.526195899772
464170	213468.34457428262
12590	7985.797836611231
199985	768.3393233780478
88890	273070.59063230467
333631	298.732944463365
529743	79.30296127562642
432991	7018.950434489159
389472	301172.7728528641
11664	91378.32088500804
146787	34470.91395886372
428262	71878.29043768698
89959	30959.83037429096
128873	252.4729604319582
566126	1672.5794945425216
473976	5689.2221316519535
384377	216473.91482207287
483135	430.2572133637054
61821	699.5225619227698
489345	13937.748172403606
57731	9910.231137190387
461974	260.3111448578419
477588	19570.273664894954
145814	1651.0312579093902
437311	222968.2601150239
477597	48037.37580210516
463774	116563.78794242966
372643	96.46528305070447
330666	98.8367712815321
451506	222.53591917657977
270238	55320.0094495809
218039	52201.658615217806
161216	2890.423132515471
35647	277161.3705260768
89590	7.212520037121404
191942	18532.685336549206
93133	153.44419134396358
126416	1811.5534042014676
189859	161039.12987032326
496088	2314.53275852229
313817	41852.66664557497
75739	526781.452883422
230883	108471.14693723597
61942	76438.83484387175
