67587	392.71921182266004
9737	984.7245603961411
6683	208.70924671592775
30755	240.14781917077173
73781	11.426562500000001
149566	1430.8049338054186
262215	667.246875
343117	504.0065681444991
46159	38.62500000000001
6227	389.2455923249565
398420	240.7384518678161
292953	1153.2432419950737
150458	1432.0434740413336
533603	376.94310857963876
406119	229.75955459770117
564844	7.272577996715928
66157	364.95128284072246
30831	662.9869201559934
30832	875.386894499179
132209	56.772619047619045
115828	8913.580677300264
248956	992.3887212643677
214465	580.1796875
52875	181.53750000000002
19597	1464.2770268883417
19602	404.27182881773405
526995	860.459611042693
558233	40850.85395516367
292975	112.978125
398493	109.5960591133005
96414	19.84261596880131
398497	222.2599728037767
105636	2.575
334506	217.83908045977012
62637	107.47480244252873
543921	542.4045643472907
166578	1358.266517857143
52916	2420.790850266832
26295	76.12343750000001
278202	294.57852011494253
19643	1598.798842877668
492224	67.61224856321839
523982	1357.606383415435
96291	36.371875
214740	2522.06081178161
547543	271.1847085385879
94425	152.55923645320198
95967	242.37187500000002
253157	458.2775913382594
50406	446.2278915229885
237289	582.3437551313629
46828	58.494795643472905
66291	399.20120879515594
104692	366.615625
104694	1173.9838310755335
104696	133.21819581280786
152314	501.1030865147782
152315	781.0307445607554
152316	185.36450389983582
278278	1039.563757183908
163592	345.5328125
87825	1823.8483990147786
421655	589.252439963054
194335	5272.222121305419
75040	1376.3110734811164
558191	2655.0411689244656
93491	1513.161869586284
398648	717.6468922926928
398653	447.0817323481117
524117	588.0648163485221
91993	936.5151323891628
476507	3844.9549055829225
87900	687.3103321018062
57186	181.0797926929393
50532	835.3240276067322
121703	372.3491225369458
319856	629.0198583743842
290675	368.02098727422
63872	2.896875
107397	411.182627770936
72582	1300.022470238095
102280	68.55937500000002
416141	244.0348958333333
95643	13043.600661945808
110495	2.575
55454	2164.318683292283
422330	86.42343749999999
545217	476.69687500000003
214466	780.225
53700	183.75468493431856
43466	0
48078	8969.87878181445
398413	176.57142857142856
422353	104.52481013957308
145875	2244.9784970238097
150485	0
150487	405.6354371921182
564700	33.79687500000001
528863	0
54768	823.816599958949
544247	133.578125
145916	12077.449647372741
258559	396.6604628489327
