225623	0
108561	0
410660	0
69163	0
441392	0
409653	0
312889	0
250429	0
433741	0
305747	0
265301	4416.533333333335
478825	2320.7757575757573
451690	926.5454545454545
212588	0
487534	0
225400	0
226427	0
179836	0
120963	0
514696	0
327328	5689.981818181819
374950	732.4121212121212
232106	0
179372	0
512687	0
523961	0
512704	0
266946	2115.6121212121216
327364	21124.68484848485
488135	0
441032	0
163018	0
441039	0
386256	0
308600	0
441046	0
441380	2305.3333333333335
104155	6410.812121212121
122592	0
568545	7227.054545454546
198886	358.4848484848485
346345	2951.709090909091
327405	1176.9333333333332
237810	0
435445	0
433916	0
507645	7565.684848484849
250581	0
146692	0
29448	0
382753	0
518949	0
250152	0
516910	0
107832	0
143171	12908.763636363634
512327	0
226637	0
45908	7973.806060606061
188759	0
427357	6804.59393939394
249695	0
247153	0
79730	0
52083	16051.296969696967
163190	36061.3696969697
204152	0
308602	0
111393	0
308094	0
433539	0
433543	4819.139393939394
442775	41935.55757575758
462239	0
482226	0
482228	0
552380	11291.721212121212
32203	0
159182	0
212432	0
538488	0
449490	0
88019	405.3636363636364
239066	18637.90303030303
514726	0
204264	0
329705	815.1393939393939
1789	4273.139393939394
361975	0
161276	0
100863	30.333333333333332
