390145	5389.863459659364
39434	1329.1356558916968
392203	77109.54576078645
510476	1205.8130702380945
481294	20.43364572002343
210463	28333.753976699623
474658	154670.1076370439
552998	20737.45381899007
130610	25714.416695094704
520755	6973.460885366678
553524	2717.003307263932
509790	3838.5148961725095
491576	14472.075098264928
539213	46893.95043399561
450132	3048.1414618300205
450133	1579.9189482493223
163930	2527.317684539693
283234	12298.651530032388
230501	15477.105716109376
230503	10283.571621363633
555628	61566.43880375487
361072	805.8150331803583
389233	107524.1947852545
534657	1227.1006334841632
37513	19980.91098811885
450328	7942.051845150916
136862	0
555680	28805.34563145293
498868	426.4304746293179
360634	5120.696964605367
281119	97919.55404165978
496837	1343.1586291459357
507852	5555.0392748583245
15570	0
158427	3608.6542894018053
384233	17583.18666000175
481515	4269.94524223542
368535	4077.641716174378
395515	711.7417485989755
268542	1868.5999635723813
357141	101.40211246410234
132888	2172.950903143442
570140	12666.259211245773
133918	17514.79253164198
208675	34869.84438156379
348452	2674.3691080887984
367398	8519.48495843352
570151	35032.20441726476
550703	28260.82350184423
493874	19434.866537340986
274228	21265.788435140676
233270	79124.07596473748
289594	684.5324743976024
500034	4124.114005121464
500036	831.7893487528514
142663	844.0067078496996
90959	5854.275464557198
270563	7991.496181036808
121174	1038.4440410522454
545626	2043.9165113958923
132444	433.2418860142442
531293	9283.483743775114
119134	1306.2195801436342
90977	6435.011786978437
500067	1762.6730165738754
462191	3126.9163838300738
413040	1080.4452190032375
218484	594075.8715209195
91001	9337.307647912066
91002	18285.866553455224
72061	159846.47960454982
91006	1773.855313826223
557954	227758.4519434438
80266	12403.114436587139
253323	22826.147989847617
291223	3474.2621023023507
54681	62915.89960815841
368545	16039.38386184411
372645	25164.083402474706
419239	61099.508639776875
113590	8067.270777894033
392122	170847.10544153242
122812	553.2816500711239
190909	3052.147317020235
220612	21222.033483109648
521164	41455.605415267666
256974	29812.522163423942
312785	9300.29454820364
89054	7218.661011361017
480742	1063.4498541256855
504809	19985.98328268593
572912	13822.996645233348
252913	1585.6522704348545
