578367	186.83849680039623
159241	6374.375000171644
569354	802.6526580537316
525835	422.41386944882004
483340	1450.9984807441251
327694	445.677059644266
375825	78087.2991536892
259602	4907.339980737067
26543	5534.63553618115
227873	860.818636416499
288295	528.3408681922368
394283	855674.8709172019
350771	56798.06680530395
292405	880.5449278538938
160323	1437.2148810125439
384590	846.8620017217687
161361	713.7662366368141
26203	23693.824609968644
348772	7637.723446511687
161392	663.092875282351
148081	99389.50468813778
486334	2004.2434941020872
437886	60854.99400586692
351871	2026.252764917549
145536	531.6173687111796
352395	1823.9497844553282
255119	4451.882765603906
430740	555.6356358113874
561303	568.7573738904001
205981	13300.023253034695
161951	324.2937521198363
405152	1440.3007111680083
173231	49119.8456734688
121014	764.3231732078646
574141	1743.3848134053355
436927	17149.565741745362
381131	1143.8176777927492
273108	3008.3591187684333
282326	316.10807025588986
553687	20764.024907817067
211165	224.6714564902545
349926	517.2000598327942
282344	17021.681068659535
159984	2086.5551327367048
482033	3977.6948975310474
474358	12903.374257719399
242936	9625.416895001807
486665	44804.05262736501
173322	16151.56999556051
161554	23184.07866017837
252691	7539.456710214211
317719	38374.09983725328
86808	937.9452343006166
170781	4050.6117156424166
9505	4299.656773812794
242978	6379.5209523493895
348455	7608.301375007724
246059	1866.2965499116078
146743	93407.12701745167
579125	9759.22715957174
110916	15484.464791266997
138039	0
249677	32431.777180870085
513870	2112.9448054417558
466256	11761.600101988151
302417	2789.727319276423
182613	1140.3564245992695
485213	8525.392381926546
325480	94310.40656253224
203628	1595.2087971667152
456559	94990.63121246816
459496	525.0122425847621
105336	276.44452288510746
55444	4044.9845272584175
203643	1974.5298233516262
430972	2449.1935409034804
199554	113881.03221368276
329092	1025.3816248913263
430986	13129.48159598815
442519	30103.480611458148
18316	14879.607946474152
359313	3972.3963382552943
194962	462.1115170110519
273301	1530.996866120162
135583	2317.615775313506
436640	472.16575960571436
451497	6217.18527125793
234415	680.6008255042763
223135	26627.4349343405
410558	15521.389806352145
270277	18047.30466622741
441294	40773.73921140793
486353	101310.47168542187
348114	3647.8239474521165
292309	5526.684170431333
227801	1607.5757385738787
40419	7374.691203681776
567268	1188.4022644993133
484325	2090.7155076624235
11601	6137.830758723496
561128	34714.60603858739
499691	7111.506813627392
479215	1167.0052479643548
60915	21787.157567149734
479223	2115.985176473121
352762	6081.835517963687
545109	44925.0745231951
