527874	1380.940846210772
114179	2488.7746964248904
169986	1739.7053853779703
260626	419.2431839330593
260627	422.6312355747038
82452	2171.9473916177217
33710	55314.40186255761
392728	846.0444859648738
448037	780.774210318071
371752	5306.444509045347
469053	214.16557199276073
497845	6135.909745088988
412736	902.1600487987165
430147	9704.797615504314
387144	2099.2501884685553
425548	682.9329579862105
506211	182.61170436477403
37972	177332.23812161575
470107	362.97879527253275
276581	4072.299322606408
169061	872.9919980363279
469098	4331.9483539592175
169077	1397.9038584690682
538644	4957.182443819196
405628	6639.755279566818
290431	34571.364847339144
169602	721.1817682573875
449670	7889.710493189427
424583	2652.281659449438
346774	3252.155020918969
122011	175.27961737703234
447139	666.869075978722
527017	1266.1296829548862
136874	1672.34373932986
290476	1201.1952087867
428205	12761.760677466866
163503	686.2633199979482
233651	8913.40048945259
387253	370.16262245473655
387257	1159.7891393547725
138941	36895.380203547815
447178	826.260311110134
169170	3725.4147348676343
201942	1336.471092988665
34011	14786.586538588359
36576	63988.94033404405
410854	1664.101867686604
101608	2812.5480345914016
54908	13488.313646788147
361208	6160.477817466423
292089	826.603772741594
491777	32184.809135471383
470285	203.3799258493981
533262	33361.873051531744
493344	2129.4456627026866
169259	971.6423896716708
512813	4344.496703155796
169784	669.1251396661758
91963	1781.8157760534584
80700	702.0103339341583
552767	1652.767331970486
551749	259.1135753485884
458566	671.3700583972625
387913	2088.6345569648083
387915	4174.703027783449
169295	2003.0096703522152
210232	11004.48938957642
169304	2639.5629756226235
7518	1702.6491152484996
168799	1673.6526044546054
257379	73727.70217982255
35046	180772.9295411749
388457	1258.7714457901948
274807	4366.713955377751
263036	3660.8576835996746
227198	278.4027081089398
109956	2027.0007437920851
522638	667.9119333377295
423312	892.6633441225388
412739	456.2178738120882
453528	553.1919372211112
88479	540.6546443042519
3489	1196.729981169264
388514	3418.2207196711593
169379	1238.761790566791
532902	276.9118838795712
169383	519.7120883066259
168877	20674.52083470717
168878	17150.660859560816
411977	5765.165709304373
182714	2320.9333333333334
356800	265.31222385861565
520130	1145.8576428106155
553803	32237.286238908553
479689	1441.362811128452
89552	3438.118597178248
551890	2432.993143267463
270246	5742.282338674816
509928	2558.0972878611346
275434	690.9594465082541
162801	2606.202402457521
227322	381.39995347269553
227326	406.74104074070016
