523122	34287.67077516211
445611	4481.900461475553
183812	26374.408748196474
423685	14814.079867708397
482695	9744.52209926982
392712	64946.98802500147
466954	31158.278655785973
485390	14675.869812232022
283919	40900.59806087971
194064	4605.234625439571
469906	10132.617661125067
393235	4020.58042991413
393236	13266.725023657924
307349	1933.5485622626381
169367	4047.850427799731
539396	11368.38338293125
299293	15345.072375722875
421258	27269.491651692322
288417	2228.2479813774175
124963	33770.69468439501
149830	56883.17678248502
239655	3568.428150540334
573959	1752.2679436298852
257205	45078.0614969076
231088	2063.909443942004
252977	57697.754424908
442800	17971.39671054207
485812	1588.1887960745373
523358	1213.7094848647703
443576	96120.86679995328
371898	12406.316241310653
136251	6133.203701699866
576647	2578.184006075121
409405	2145.2780299900696
141247	46576.72928744669
528143	0
449089	16963.259105531863
765	27283.726618705034
395590	57795.545230200354
149721	40344.046760338904
484680	9117.199434756705
36169	51397.9695075647
289866	5587.838775629418
203339	11090.300263192945
369100	22016.82366159239
224447	7900.415873590748
536014	10256.311516411273
448335	0
419040	12543.320048495823
78546	846.2060279105089
367572	6395.860463996712
36822	5937.075809206147
556887	5043.3094270634965
441946	29094.42070214382
375823	6046.670623657925
427759	0
506929	8101.756177346807
422494	1354.7956203131614
112607	1519.3985088539346
367968	19791.433378117883
551009	1243.652363581464
441335	10473.204042292187
483176	9790.055319142473
423531	30856.397234712585
183660	745.0377896875069
549229	0
476861	38312.50468727146
581489	10932.072466076444
233586	21495.23293971451
422900	5222.931011114917
19966	21375.966703662598
466935	47198.72724209863
37115	15562.716981132075
469499	21513.86861615749
254332	8712.212629242362
283901	11881.990501732813
33224	163179.8588468561
492027	0
