402435	0
518149	0
352001	303.09966777408636
426504	14183.579734219273
132107	4668.169435215947
460824	0
261889	0
485405	246.60797342192689
39459	3272.1727574750835
166441	0
98863	0
200752	1990.24584717608
306741	2524.744186046512
279606	0
443451	1620.514950166113
148546	0
428611	635.7126245847176
556100	3224.0099667774093
535112	37.66112956810631
541769	20694.066445182725
146514	0
372308	0
161890	646.5764119601328
542820	2985.5498338870425
277095	598.2325581395348
473706	0
354413	1402.87707641196
194673	0
381559	11396.475083056479
465540	0
552582	21106.347176079737
57992	0
285328	908.2126245847176
310941	2310.908637873754
152735	0
384678	0
377002	1334.6162790697674
484012	0
350894	2302.3986710963454
205341	114244.11111111111
359601	0
223922	0
458936	0
160962	6528.774086378738
147148	0
567501	24925.6926910299
416632	0
375001	6444.760797342195
146650	0
330459	0
164068	118398.22222222222
412905	0
146670	0
418031	2440.3687707641197
170224	0
479986	0
353019	0
240385	13635.139534883716
457476	0
182029	0
373008	0
209175	281316.88888888893
39704	19108.134551495026
548399	523224.22222222213
434474	0
427319	14303.222222222223
552248	14365.91029900332
240447	2432.9451827242524
309569	0
485430	1809.1827242524914
556871	58.48338870431894
146767	942.9767441860465
379225	0
97115	0
368481	417.53156146179396
495675	0
112996	2193.3986710963454
210792	0
103788	0
212850	0
94068	0
205176	20782.666666666664
363385	31161.88888888889
501567	0
464265	181.6063122923588
534925	0
216981	0
125337	0
483226	0
477596	0
487325	0
429982	2213.858803986711
185255	0
308636	0
218540	0
153016	12907.265780730897
322489	0
269755	0
417212	2027.7259136212624
110645	699198.6666666666
417727	0
554959	0
393172	171.28571428571428
147928	4383.779623477296
75758	985892.8888888889
179187	0
485367	7562.282392026578
556537	8198.719269102989
54954	0
