481796	8909.042585434496
378114	49851.001441118075
250895	9019.277077652689
237912	40152.87808956686
488978	93577.92647487772
354835	11844.169117867548
322582	129933.9753162481
237086	5508.445407053824
298540	5520.484392733722
15967	133363.16802380045
211517	289837.9993802939
554062	19522.56401029676
26193	3983.0305792631484
557141	22354.414869244596
121430	102808.06468716862
346199	4148.119541329235
332888	15334.638899857275
26714	5927.647101510899
299877	3835.501689715679
216168	2922.872333692127
81005	1833.366668756662
548466	15103.283346100476
352376	3022.039962175981
71801	177650.99387921495
159866	7467.734713275377
306814	1655.7486022021283
54408	9603.109661048216
525449	2712.77494741635
525966	144.24797969810825
554640	9580.870571595517
159891	7811.610026049446
552600	1006.0884435987538
308889	135820.53463440077
55966	11984.721707179371
204959	5028.948958542813
495267	11371.313745283269
429225	1218.4835903573075
222890	13749.48540002054
161463	0
471739	32336.72245817965
425662	25657.252133385315
427712	74180.9147840808
180930	35293.74785661904
567493	36023.96693465436
164039	11671.583769174222
197832	71132.43437642267
207562	1029.2122325810958
244942	4834.374324290226
527567	381.6749885522086
541403	10303.05481665954
351965	335737.333622228
161504	2248.5427382697617
186596	19113.81754887183
368871	1169.49292557597
173289	1096.4294308929111
197880	182723.9212126333
305917	2148.032873806999
175362	40481.87040712197
187143	7341.32461045006
186125	802.7172006534486
279837	4332.22693531283
345888	4306.11395380747
307489	26274.985071678093
306982	40.594324698437816
10529	36627.29603237129
420488	2920.4266520730484
234296	26696.43775151501
352223	1538.7870711149872
318275	11064.791284272687
439111	21030.033289988645
157518	11706.817378037422
352592	2613.9457223704903
351057	2342.994059835235
440662	169302.73373562613
487256	6785.091123091419
343386	606.9933082128492
376672	6749.923992326991
265570	1740.889414929262
284987	27625.684941402902
140645	0
355687	2836.460134599885
122729	23933.981972428417
463725	129117.1882249671
311664	57157.07701904896
59249	12741.452810180272
192370	52836.21951219513
325497	10160.07723545781
448390	20721.823461740816
316295	9922.788935020231
484241	17058.489586336826
60309	1514.5676436031151
248221	10654.678935331629
382879	4636.574052618811
31136	49773.97303088377
98219	3514.782031675241
582064	55380.39558057585
221109	204714.21634036896
55967	46949.23532105857
424892	56130.83729069379
211391	240709.9609488944
270278	14357.23088323686
363656	37244.09542281966
345037	32417.85010827083
365524	1892.5043692432953
544735	5430.396971869573
431952	56264.66549626936
365538	1239.3612506363477
258023	35558.651421514776
269299	6038.196617241425
145398	82169.70411854163
