417297	6330.448908613067
168471	4641.708916271921
542744	436.4403317438585
84027	2279.8143461907684
416831	5307.741975367029
212059	8217.27165156753
191581	3036.641545445167
386154	10698.917906859224
122505	6158.571230855043
206488	26142.50610697566
486051	2326.3846371748264
497322	2633.4345876020952
459462	16114.839557465022
70857	51008.74632925735
260309	37398.245849267434
554202	1699.5682818458895
283364	10604.715200730216
482540	3663.7932423713078
441087	4165.036841194153
460554	16249.087570621472
506135	78467.27345262264
441140	6405.353933556805
511287	584.457280896401
468281	14531.221251750785
211264	25077.925188017918
44867	681.077278378421
354359	317.9743795540029
307023	3568.34161731251
441189	79751.87774682758
443243	7239.0825425302555
231288	4785.763385948621
375681	763.3537604456824
427911	7550.957325485629
487843	7703.233740231899
107434	34187.039102516945
366031	17853.178131344128
441306	7713.967108886898
226789	9019.8509513243
267757	3440.573816155987
239443	9470.19654232392
30200	830.3663031333112
