541188	4962.940571121804
358921	17940.415370756546
345611	20770.2798675727
358414	2007.5012502471177
208922	122899.34065002404
390174	1130.6390636938766
525349	5266.0050423557
133163	48.20326116894708
322093	16596.88961693916
233519	69833.66328278463
159792	4867.2156016311665
348213	7933.9521677538305
79419	366763.69765494775
211522	43140.004837142005
331334	5103.67840080901
133192	13410.090975519754
547921	1443.5225537256288
414804	7002.939180079415
324693	5998.202273458842
232536	5079.773091340009
479833	2921.825651450823
490076	25931.17504119352
261216	1834.3305975718379
544356	1150.2981176895144
407148	39362.90027840364
363283	575499.0732453034
47742	2690.4135095189827
322177	12388.55912460007
447623	8483.185343791889
205449	53069.71859776264
69267	268609.7373646653
33942	105385.23874695957
220824	237565.8350477744
391834	10396.114040602175
480282	9054.18650083027
317089	93273.9155198304
320676	3951.189142633776
197804	431140.8649031563
206005	1439.7156864167519
243897	1302.0216609248666
313802	14338.130914142039
218821	16154.46180854206
486106	84074.41403170401
377564	2190.1407019637013
325853	14737.508583616485
496677	105287.89462056602
348386	3385.3795848102654
353516	20311.571838201624
543987	119907.5364743007
259320	364170.14467466186
276731	57464.42034261609
324862	140647.32766247817
235265	968.0242668681042
480004	4285.030552927706
322311	4466.4191596841065
314121	2667.0216632363135
247053	66284.25428447795
279825	5071.600015481777
490259	333847.44433380174
50964	3781.454040658212
431834	590154.8785036227
197928	577958.4980198184
223021	13089.500374266598
179506	83565.23455077714
457528	351821.4014995203
378174	1293.8985819979928
496451	4674.186864342974
284997	172408.67369850166
236874	828.7707470465708
108882	407511.4614236704
302425	366.01574569118947
548710	572.421568304494
526696	849.4275638278701
345450	7603.811640311324
421234	36134.463254879134
317300	2182.5081504278787
259957	129550.01039504516
527224	548.0267314487261
283516	686325.1799274232
545149	14808.85161283236
522624	86168.90707229123
492929	17983.201089382444
285059	11297.066369179864
125319	7374.064514121649
402318	278862.0378800591
479119	10323.747469983276
33603	121449.49084396646
349091	2771.4153273872175
212904	765.1121996591771
131499	149625.6423743764
157102	388.89265882400827
128432	2859.269234925218
423347	300.1533984737923
166331	6301.262962120609
110012	5113.8620269613775
117695	1876.3429122879163
321989	5317.0680838607195
120262	19577.400126285323
514503	2043.0109319679304
311242	73825.95850053255
295371	16449.390734044784
81359	5097.027426197256
516049	1512.514663427753
478689	76724.80094161279
157668	7703.800027838422
139762	31405.29305294828
205812	6888.761339648555
133625	1630.4732450851113
