30213	2394.3786057133248
263686	204169.60149511974
179799	1362.4888466766115
497176	36082.53582913092
71705	127615.24428754127
171043	848.1270034489751
50730	4953.241660936034
447533	22153.75529146751
181298	78495.14692874647
206390	363348.5359835534
61497	56568.02879374695
437307	188609.6782415669
70720	598.1518116642653
467523	49631.12049323059
170057	69466.04037952682
54861	41717.14194053723
537175	37157.65233755501
23136	5206.946990859184
518756	18026.066965196165
261221	63302.999918427624
191089	15557.606155495152
230516	303.69311120552794
567415	3216.3524169649054
437368	193919.35069842302
431225	33767.91042441541
456827	60551.94455171178
364673	93514.01189356328
426649	4648.389192771773
71843	235211.5090970115
360134	52834.67920081538
158382	4601.134835963255
513199	202191.466100069
518324	8497.698717149571
552640	64797.49601723366
97476	141674.0526437524
49350	66.64076742440646
513224	13321.410596187934
208606	104182.85376166414
54505	82901.25063958569
18670	10896.72216137778
313076	21840.112705485553
308469	128166.32107856942
362744	282107.003265753
210691	292121.8552728474
557830	11639.809158827724
243074	139058.61361143866
141587	15931.192813433488
394004	9451.766390800896
398101	32574.49007244727
55576	3581.3299708198424
313627	61281.033772255614
531231	46922.95536678018
487200	14283.26931344937
55586	4716.8206147965075
537384	210875.35028993757
534851	148632.74490365124
243012	5616.645972813957
237901	275228.7728252087
234837	109846.95762458359
110937	17751.322523489707
342379	113.49503865465111
449409	157351.57424311966
7554	82.06653174129598
5519	1860.4700326497784
495769	163790.9810230457
243096	14250.93692784105
1952	16757.629367041405
254882	59924.12701679314
385956	9421.96117772602
494506	164195.6652797738
465835	2079.7519096440783
419249	6074.461811880328
254898	40808.25996570359
231669	48651.759332555936
133585	1592.2985568367903
384468	1513.8354569910784
354264	12970.423463726422
494500	142677.10338202555
267226	89171.49756133983
153057	44671.258613527425
283109	231835.0853307082
323561	36242.7930063072
99825	1648.229874719501
481779	10819.761101128135
354292	6533.940457382924
52214	29517.65208948361
441850	55849.71443565683
417277	1586.0074842623105
