371713	1938.852195644679
547329	146867.22724787198
316940	19199.17811068466
247318	50065.65545957241
407063	26747.475050121568
415261	2095.437230242516
79390	40474.6966123946
253477	13639.781068975813
46634	1.0862944162436547
441906	24051.76495505965
532531	33411.545712390674
172809	14826.162141905172
320057	81563.70403440249
349247	10398.037194852674
302657	2895.6257191028362
54850	21762.721709279915
292424	1012.6753920790014
204362	3742.1691097231887
211532	41556.71526533445
161869	6517.03812994306
381006	4363.7021797551515
523343	8803.27596705202
262226	73818.29998127269
387156	1052.517278205648
332885	13660.331837844538
113240	100673.72254650042
292452	5489.422327111315
211556	30628.396655621396
211572	21648.832731765986
357494	11426.226424238137
523895	6900.017294867967
432252	53658.30378108559
323713	24678.29465532902
182425	20579.668979142647
23204	5394.302597080259
448684	61113.73578040353
240669	183044.22584911718
364210	173305.81957586796
448695	314737.65754445386
436340	4661.3222859632615
331453	20096.59090893012
100034	20539.831771629975
97476	45677.0017790947
15048	7983.006039139562
59595	55630.16581828473
93901	82068.54861344649
96466	1490.03016184226
81108	35196.66187189437
490720	0
374499	5481.281545881528
181989	26452.000927784433
543975	30835.60926719699
543976	34754.95976784801
520937	69038.37409908618
391915	9000.93476299025
38127	20228.89949821206
222470	10460.907511837224
240905	14018.332781602829
247597	73665.039810107
330514	57784.383717850156
432923	240566.14333416917
559394	39345.69474584435
160038	3096.452070412806
533805	25891.998489280657
345917	13665.929614620827
438082	5332.407342475107
553290	10780.543462308706
207184	339.7538926427974
434001	199513.7017214698
364370	68906.88288011501
249686	4474.988333716549
373592	89527.79899267867
291174	4636.804188259432
77685	58610.50556375556
511862	9160.564866802373
196331	4718.670127550962
439687	4734.893866267273
244108	151683.5680353905
442272	54136.29468574432
223139	13711.798884233349
159656	12734.20933961214
160170	3218.2913848880808
306606	49375.32958980205
465843	2805.7761096162335
549300	83453.99043398442
161717	6124.5169079592615
78262	2298.1673588537883
159671	36879.51270921438
95672	5582.684739525592
48582	13045.548455864056
159180	14503.489967030215
221140	126203.84456788287
409560	2896.5253329560123
246436	76163.0045049591
234974	179391.38567294256
427489	236070.45726229582
457187	215698.4519114864
440804	26460.77619342401
130023	16049.244514405982
545768	2914.126208041716
547325	30741.022056389702
332112	18104.587006063673
494066	3020.2690667033717
463862	42224.761185667776
33786	88151.32403369663
251389	23622.186165613948
197630	45577.23702237691
