474881	38046.439558751736
450570	6307.097857007362
168971	44015.42773631223
392721	98556.16952712603
536084	249388.37930131235
197210	30412.773432308422
194086	36080.94610333945
400943	106912.25665447942
196656	5123.035398662522
170506	100786.04802343782
522305	110998.39359625567
519239	818858.1560483326
178765	2763.0655010863948
232015	10605.04068333305
456273	20963.780234337883
505945	56071.19027232865
274522	126018.4517506242
360029	6301.560260897671
194144	11973.818628930803
320613	80238.24997413487
489583	330147.7479486141
257651	67263.64909614569
465530	1217.6561718936853
303233	25663.444759951184
549507	3893.5186584344906
15492	81637.12028439002
261484	287250.1455753606
421525	2667.430690979892
38049	157864.0039095974
257186	80447.31053618346
157041	39744.38962072752
35497	111394.56810336807
224942	86659.65012836938
146099	18189.14968161571
521400	37584.7953442453
497850	0
197832	117343.63595541733
423630	10085.840892158283
551121	54559.05407740602
33493	225013.0248349759
179416	38040.69233366189
505051	34471.60691938754
302301	11011.099988718446
197873	134616.50902768827
290561	3259.3460125373267
493831	15119.751164048006
533768	15232.752712541589
136969	36750.707818957635
261393	47949.1557008062
358164	4782.226993050327
488214	62511.97124253172
306458	617.7359772271465
169763	13717.42100463524
203559	84938.47331746202
276274	14876.678997733301
283959	8646.729365966154
155971	16658.356011876283
283974	16624.995599942034
356680	684124.2065116001
338250	277.1887148160886
371531	10138.760930859626
419677	19476.35902003548
268639	1965.8105062502623
305528	85198.4411625293
246634	423050.33715961315
34668	53101.89545092934
245101	94819.67258793079
132465	38253.906105183734
550770	67296.61829349316
423799	26384.0712189231
274324	2952.392886207236
350081	82422.67956262775
296329	28553.374242100595
137103	13521.614516980813
38289	40090.133051623685
427331	14920.473745199823
368532	33380.81254633433
33184	77346.5705569158
504739	46430.45307620765
143270	1006.033398823448
418727	42779.23268341091
369579	32991.11631292488
395182	3400.124509582219
427439	10489.113034098064
127409	14606.762705633128
392120	43253.61276114614
491962	82308.96354763494
491461	1056407.494935143
392135	34314.79013819736
252360	338.59416445623344
143817	290.27045033817643
301514	2086.8550387095383
224209	184164.1053612269
33699	106791.97885600105
491990	29516.962615598724
256986	70118.52934021455
397289	7558.451575353018
216555	4752.5088198257345
373742	74048.29002333296
383474	375695.43349061307
