240640	17532.804221489347
78851	91346.03952262753
437261	31913.018960127585
93199	73160.23203105824
369681	64244.99251461914
6676	19231.395784639568
247328	36092.20767596085
469542	971.8804205256101
108083	207749.6618276233
561929	6622.2155286783145
166968	62974.35614132842
61497	46072.65843194757
266079	373544.2544866321
190014	268980.9777440553
96838	2064.4921744895078
15944	195934.19298859255
112718	502.11623684923694
410196	27192.048314716736
195165	3462.298692561859
221283	563539.2582533521
243217	89075.99981137535
71794	262784.379294143
205947	7106.9210919851475
246910	9792.449772161784
474244	43474.85063702239
402198	654247.0266138659
211590	77552.50074126526
55433	1138.3241745283126
317069	28250.50238009329
165008	211.36240322887448
128150	74794.14398321544
185502	42390.91898212307
202399	1669.9783043926207
298663	3830.557912951199
383161	789513.7836743188
318652	57442.35212536551
360127	188279.74489842923
44224	2070.060564091528
505028	48210.77875198088
361164	20021.194136918937
305878	13394.99873671684
515293	5528.9594820054845
335071	363.8978247851336
233188	4125.123770185824
322789	35389.94215144074
536299	85937.37713701697
133359	32075.78645868724
55024	35616.53458939317
294038	76265.19226084903
5890	3160.769568476511
446724	666874.8925152043
114441	23823.264427234215
384779	353.8621505136743
200972	1127.327618047232
290065	28277.543129819223
324371	51754.38367057739
331542	29489.821188871712
366370	3002.039106349455
32219	426521.4844773866
417579	56451.068378503725
373037	11561.67484075366
163631	41597.39766415957
526128	2397.559914279975
453343	215374.39714385825
240777	3951.710179259476
75067	2625.0950534032204
219967	42098.166477128776
92480	596632.8500387609
72525	16376.57715224869
128141	204183.39340861153
45904	89899.37561488344
392017	690408.4656895605
108892	237914.45347098188
457567	289936.8311121755
547686	67737.97123615531
271722	238947.3846028378
414574	857.076225166097
164208	600639.0036543669
256881	18724.579809009036
376190	293912.34497994813
371350	10156.229417142993
61318	1499.8076964853217
128906	4374.774602456308
530827	815.2690730072089
256916	26724.80614007497
17304	1463.7792817740662
344815	132111.34390396424
348063	112470.51511304581
35744	0
419748	35374.99828496939
472489	30360.76337942679
189581	798503.4360683603
378289	36727.648740477234
362423	692137.276172381
60857	129322.2340776453
477635	14785.606286590533
202192	40792.88245898136
358873	209388.2632707184
178511	486.5982180995777
230906	1933.835859546346
107998	431286.6650007808
135649	28178.174340013906
276978	11155.328714120586
456179	30648.22840414273
488951	412205.0361440607
126458	30526.821603874632
