135694	3192.3616097954937
311317	2857.8873210201605
37917	272640.1597262444
514086	4438.577533247305
30247	730.6138424369886
463915	208614.03865436828
460342	3175.6723192795894
483895	7048.963233196059
119870	20355.652431151622
571460	356.8962252540694
59471	19275.09905332686
449618	7172.3987125866515
506451	2496.0490928495196
7789	10680.477868819045
141245	6183.849565855448
570993	2236.8284986343815
425077	42119.02665205227
247414	22408.890074706505
188030	23622.15470436269
236671	6095.340591959808
393872	2367.7616856311824
212127	6270.1480248675425
236707	6111.072324587274
556709	1715.1073889257452
226985	7202.690990990986
260778	3172.8742010120536
452267	3891.274774774776
389066	8662.583657830724
425082	15147.450095945467
497864	81413.26882883403
554189	17682.29105430885
441562	8379.09536772825
355962	2663.749483168706
135909	186518.95661324917
208623	98026.23964540842
66294	819.7599176397543
497911	93133.77045185177
226565	11222.451311930929
408854	6873.891290926415
498458	18162.159099868273
257819	12844.937391339872
445731	4812.621361975851
422692	17096.896714613747
454949	48251.779278831156
40742	36166.10996161631
22824	38535.68295009904
350522	49238.37767556283
400206	2870.4426736527084
469839	4006.864451306767
163156	6874.905686229699
36693	8763.18986977991
408414	18662.529792624533
485731	35506.87146322861
146277	101576.53839568836
141675	11472.043828145575
239475	9697.02452982995
417140	11368.882229772991
163189	15219.867726737155
482168	3427.647301051476
417149	1304.9070049852633
200086	13212.62428538211
556447	50209.53266991644
392096	30164.96900091173
141733	12942.459747648942
141737	13999.891805724612
220403	33895.78199264955
11705	21269.4346255758
488890	17068.54254691872
450493	7049.459791648637
75716	36403.829695382075
39878	87269.20138654736
302538	5515.10641667566
136149	18881.312092455322
391128	1050.2368445876098
572378	1356.5030262386185
486882	4450.931669983752
255974	14629.820876501222
