289800	2026.8455850255143
409260	1632.913277487324
55830	53077.919514142406
36379	112758.87129184551
15902	92945.30727124611
223265	6745.372277271796
409637	160154.42788065306
72230	76560.05339456622
309801	679.9289569782169
136751	0
544817	57587.69352433674
451638	23168.214346281587
156738	6044.084996908655
222788	257565.84230710496
342087	318.86883678076805
427600	162957.69911059947
410193	5276.248624558774
15955	1403094.7034974184
126042	25676.262446912886
157275	9130.059919581545
41058	20613.642878270985
22647	381613.8844165805
110726	729575.8845608121
216199	2483.4927340671147
216201	1253.6273498495375
345748	6485.714015392224
235158	8676.552377532546
446627	375385.72153609205
454313	2740.767665988594
327851	130989.74784821618
412844	208113.88619830494
365229	8102.7321553625625
429742	721220.4687574551
156859	15140.25424972965
457408	82373.92211583004
451617	27149.35677841351
511184	5047.6982452384245
191698	36248.448088082754
355542	2020.4758526719388
562392	5467.519231549771
310493	3186.8138223600267
441573	7856.986711579146
6896	9683.615147516304
308467	688839.8188726247
97526	744633.8358258356
115753	135306.5404502942
543480	5088.463725671365
179458	283644.3681027223
142550	1877.790358248562
528139	4922.671795637463
313617	120589.84046184132
552735	1607.941145482665
273703	6599.660327288808
106801	3431.1464056951577
57151	1047.877685637829
457541	312740.02050412324
181065	33004.77149223753
514892	1166.689242118437
356238	1391.8868686234625
383320	404196.9232335044
168282	2342.9690997899174
142173	26750.493308297373
172393	1960.5189748522457
389481	327354.6167815577
32619	167970.18737841098
355180	50056.54792087629
439149	53109.47519163067
355186	23775.81581451033
389496	422398.11205331836
445833	3476.754352774452
530318	13971.673144637189
551326	2439.708749982135
289705	972.8990948709353
545200	6120.764027053622
498100	2424.94221386543
498101	1217.649976496523
56649	2684.6158196784286
457659	7447.6028475084295
233407	15180.231260053471
20421	4607.288091506319
498118	7458.127030368475
498119	684.9247078274682
36306	51322.122843708465
375252	18217.355458838294
81913	3177.152374697766
311262	160611.46843806276
348134	1658.2657814020752
338930	588.4694711460415
287220	72.43706741445544
489977	123753.29482466137
