538112	707.688009604321
95745	630.8541129785152
133123	2084.4516332944804
553478	3968.5895116638453
391181	18123.881013870967
248334	43578.432484420344
168463	9155.053423505598
401923	382.1451570328214
372256	190.06807131280385
182309	818.0210696920583
211494	21814.909441888056
248359	12735.24991219789
285226	3977.5128757014872
130604	19624.518618776365
404402	11.272285251215559
300600	924.2906813046411
345150	1496.971061509141
292415	158.64223361964747
235076	299107.9251789847
235077	53385.04972761889
235079	2106.4963731199086
13239	204160.1593923802
450658	12377.4021074415
263864	697.4454950498264
104536	16446.108689641544
211550	178068.76122775432
49762	294.2391259588531
516711	2873.0997665431255
208999	249372.62677271332
345711	0
552053	3386.901682509517
233079	27056.60276952153
512640	3397.533246660948
332055	2488.1385018953274
546956	843.6871961102107
355011	530.8293109455756
351398	856.6569759822228
344945	419.10588166973747
552106	321.8670988654781
555975	59567.06025794667
161452	1115.9562398703404
292535	144.6320907617504
142008	371.0770778010653
263866	2413.222852512156
159938	4460.0124788042785
470723	376.4570449638104
385734	330.4115532232775
548552	7580.879252038974
207565	284.9984505250265
425173	744.9993197600824
259109	603817.1791280273
386273	3499.2549866759296
386786	1954.2449667641004
29412	78096.75552921087
371958	5908.1807580888035
173304	518.7233962802042
402986	1078.0994629062216
418563	6195.02682149098
247169	53953.44917658737
159502	5831.150837002416
373521	10587.932838046867
441109	179.66288492706644
544535	18908.34594400133
581405	725.9886175874649
390944	13287.334045159145
200995	54698.066265791706
131876	20091.109852744867
297267	961.643710504226
353591	921.7897848156731
423243	5489.698925157349
538958	54347.76050224537
538959	0
167761	406.8837418632765
261971	59.65640194489465
167764	509.2299346950411
167767	261.1701782820098
310112	1069.7128970694598
329579	144.6320907617504
47985	1285.370129184506
485746	3234.1128981311003
494964	11955.983211831042
494965	442.7703371889831
50046	6162.253450023492
371585	31479.986463871097
133515	68345.45096980766
447887	5519.523075036638
404884	23598.284561611617
348057	4993.746581257332
494490	566886.9968771298
161181	240.4275917410608
197535	6317.945852844751
479655	2143.3355062058185
501162	1935.5005226508426
324679	31033.165627273684
8622	332.63635379766544
160178	1399.1538982358554
456628	3824.4386134581428
345015	1441.8149045315404
160189	5430.827877615232
385982	2318.26366415196
234951	14766.126639439855
179152	1564.2298974316507
527832	302.92367185973956
352679	500.18160269033194
462328	18068.289258205346
262826	148349.13609755886
555519	232873.44504148932
