315392	6040.399992146745
318465	719.0990634628256
383493	75770.67355903855
152070	23562.621573988727
112812	215214.28903173932
259600	6244.967792427607
181785	10822.359273234773
60449	45139.61217732257
39460	8477.832086119117
347177	15170.611068605282
93740	24288.298933487928
142381	256.0275869471876
93745	822.7534087281853
167992	4183.472284446169
140349	10542.29430830265
325702	44754.80169281599
10824	1095.656982978593
429648	144468.22066210012
217173	6090.428844298228
405592	6947.858829381355
61201	843.8052982528689
16489	48500.9797655062
101998	44904.94053619037
529008	3698.76835558746
61553	21126.568763530973
152178	547.2924835553248
273528	7971.056237382077
456323	6934.295936298396
416901	1182.1177740206958
557198	4229.220949123945
182927	2534.9634649762565
534160	791.993843446067
448658	422060.3314196002
77975	5821.179786688964
208028	2548.5132579887886
369311	197718.0405504847
235685	57584.84411838549
265388	4306.089419607721
479405	0
386222	11557.064847243122
180400	146383.64375103422
408242	2433.784554192157
553655	6426.10969166187
317624	3950.691686393233
501948	5410.772233042385
99189	3176.1772361324806
383179	875879.3452098424
487117	98.88119764473466
145869	98511.81780629074
511188	112445.48833343347
171221	1127.866927733982
373462	49602.12767353782
80600	611.7885694321088
265433	1293.069237647723
126172	7409.567621470036
504546	1891.3100042936883
308461	802618.8537319894
418030	1592.9679173197123
311030	22313.889117931103
145876	121850.10694516743
446219	1251.7636564674233
319246	413.59424645770713
561453	2485.833134186544
397016	40796.64653787291
164057	21372.873362714687
439172	316310.4522238244
189735	206974.86195929616
382763	219.71396062074464
246573	532.6539741302856
259893	406.17065877445873
462650	42889.28512058602
127823	1008.9450400354363
344913	4451.94063265012
475476	0
489815	0
465763	1905.0433236165682
479093	7928.911151731484
322422	7282.091909561536
112513	4986.623812894368
160132	7859.7591540992125
427399	737042.3192965717
352136	2639.1917703265926
112023	782.821404036067
278413	952.2485430512049
439183	313153.86691756826
304022	2164.535588541986
147351	4581.450041595523
129949	28756.531774188
373155	3168.1828457289553
246696	1670.3290400151698
194481	1497.8600603229245
125364	9793.585366484027
26038	3826.1328359197696
271287	11059.140134531612
349626	949.0758633380358
281816	4306.4890369460945
171966	548.2237302114925
526276	4622.673365528269
189381	18867.241447928056
102104	8623.985818560997
239565	17233.63741274504
389539	283493.72458595247
374228	24869.81449542911
135131	173896.24083375165
189940	41351.722910831726
388598	863.2464577071705
228855	322.01866683404467
201208	16022.092315052583
