416261	19.439266919064032
134168	11999.171038358178
75289	131.7345399698341
26	85174.82816904776
311836	90628.828416799
406047	80052.64909668693
231456	37702.17244936488
271397	7622.479801916833
257970	77743.80825420012
30256	1567.6205944924156
9652	8864.295220830061
127046	13074.698104986346
488965	168926.2001260932
129465	9710.788823313129
437854	117958.141733027
241595	30439.698957214496
511079	652.7123587567846
231528	18083.28035734153
189545	251542.25862050074
446653	110590.68046961298
312434	107536.7951921406
559739	105320.17395491716
125580	164078.18656388446
98448	303.28207711219045
43675	374.111202547709
486557	975.4011825426047
363679	714994.8407978025
74400	3862.2345340473526
429723	213106.95173779887
138413	0
373934	19036.017538432137
474287	529.0479270114067
448176	122828.60839970288
509106	3415.7280014540934
403637	40560.89435076286
110774	279983.22658367915
224445	252056.58793346613
132305	136764.07296321425
228901	126212.13371209473
97006	161459.3309799466
362228	5810.90049875442
95488	111.3162393162393
179462	55319.41236119845
309038	35651.48735527699
374049	32309.534941779802
189739	93130.49309610196
109358	2233.941375133202
311094	59806.47558074327
272702	44491.787788245776
94015	55795.02833603764
360773	1148.0908777451496
77639	221261.56511393964
478537	131198.44681233342
389456	272008.2714276874
42833	115307.33612051487
191826	24311.486288680288
35672	35473.291043697755
6494	116.91143860037546
302433	1058.502936456186
403818	914.8492283463246
534891	230143.24816984733
87917	7216.077128668556
342382	7.078934137757668
71535	287737.0442520125
181104	35344.36897695549
392563	52987.92507527832
39796	748.5764192139738
446838	351037.0338919434
373626	164570.76735969464
94076	131689.68839360442
427397	93285.51355876641
134034	48642.12983946864
40343	84031.1927917798
522655	279812.33667340165
127643	23.298420938833317
42930	72249.73869975451
110747	290835.3296135422
285113	260268.2164495349
440251	9389.215856829162
98238	3178.9380698088507
191942	8849.40233445418
408521	22898.678155261576
510930	761.066195628036
344531	0
467414	193956.0524106892
189911	81020.23105121129
271850	12132.738345302834
372223	195.78091244966583
