19969	0
127490	28585.885568689562
60425	28472.015369723944
443404	56264.19172889839
350227	28432.95096745181
314901	7359.039177152686
527383	10799.551060139422
90141	108122.15052395899
502302	3847.274924471299
208929	13032.153697239903
171559	94211.4859370936
236587	743.6904154322978
115766	93588.09886995377
374846	3151.4654621183245
373685	47028.37829857552
298053	1903.5398468893914
355917	716.6324269889226
181471	36801.82406945704
242256	6685.084680139618
374868	4964.465276351938
47710	34955.24039147814
320096	9999.420056903173
441953	34964.510055827726
575675	3065.1156933485863
341617	2.5887230027669412
457331	21333.027737854256
519799	2219.4964753272907
281215	221.76438956188468
350231	55671.30519461474
193678	39638.16853899628
245397	104338.28254089292
42149	67121.04216896917
54950	22171.169135404187
448167	11258.328024325607
317609	10382.905894660686
428202	7389.694471005779
83121	233.69391566206158
29364	0
528571	190260.4048565199
22718	129004.70204049676
69316	10423.210629748031
172747	36188.754993693685
520398	1961.7875129792044
192438	565109.6001360982
50393	31.456310679611647
571612	7492.584088620345
255198	13063.63628897427
571615	636.2457200402831
539366	532.6324269889227
77529	82756.0879922565
34027	59725.21393443423
274163	9791.663821507844
476412	21383.592526325025
36099	37170.19587598629
4365	69619.56217796417
513812	3263.9531868712047
565526	94.67765621486325
133911	2115.917519725457
114456	8798.557867792993
223004	544.7714584616589
489250	115966.66060481616
449344	149810.2987319002
359862	1732.1205721604636
473932	13680.621281005868
246606	1518.789976437
143696	1419.0905268921292
210772	117431.37840612447
107873	47420.42569833497
308586	4277.9106561464205
214391	1023.1943605236654
245056	7562.312185297074
192387	72082.45813901196
178566	79.83695577782339
49036	375789.7922099367
73106	142.13482728614866
441236	59470.43803713366
573845	1213.5709969788518
572826	39.628193470800454
245152	147565.20229098824
185250	17793.306465647926
46508	43.26025870413281
347566	1642.399299003706
170934	8189.888755267457
192440	38207.680168949635
141753	11721.192737512105
56768	1328.7413854261392
96710	8269.403103276329
191949	198.3726082578047
445391	1154.6909922858054
504793	8139.921939009963
395741	33294.61891492879
112614	4120.6253483119735
484327	2069.003334017736
77564	90454.85935529305
482796	25266.57748628749
144878	143579.0135609459
362994	370694.68296795967
126965	95.88588077709011
353276	12754.279959718036
564735	119.76233635448139
