462656	160683.82767056764
311815	34779.88299388669
126473	40594.63967444854
119818	22247.61492065097
362509	317217.9381894119
494606	53586.20142314417
93723	3523.3781944825546
548381	456349.6656718327
262687	2442.9489834383676
423461	409637.62756305217
271912	50940.99787842841
98348	7625.157288091204
166965	8806.131843483001
501816	4151.0756546831935
97341	181704.14364626392
386113	127569.61687894777
304197	2679.5172008919253
120401	78908.52712556368
110675	117188.80801953762
558683	52401.5470714401
101989	261436.7305228181
311907	220542.97353390668
323685	5254.730235199065
208015	25652.535590561052
492178	5285.553369263376
61591	33504.3602355051
265368	21396.67649984443
54427	32044.052602851654
284832	362047.3192164671
429731	10769.840240208343
166567	30320.479555859587
373423	301342.37681585114
172721	44918.562729295205
258846	97719.00088912461
308928	45342.93691786146
446661	439884.4690652631
166861	22501.826659657567
487633	7419.1240952714315
311001	288312.6799375306
476378	34240.50052888437
476379	13100.648460055156
189660	285084.98133707687
377566	143269.7452886571
439007	86251.67893825722
312038	13865.391532009628
439023	31644.016303241035
425713	329185.5735045142
483573	64602.024653804525
308983	7407.3756902554405
167168	138923.02295234683
374023	155793.08018723608
343304	1684.303903236632
439061	136273.42690146776
222999	59539.59371299005
104220	1701305.884045091
70942	11749.897661432333
434982	52238.063061991714
94000	0
326966	125.53653073951764
284984	34627.55315588562
167225	62096.10012951302
29663	440519.1872583043
376637	5778.650593727796
301376	4617.253775311397
77123	214348.73623070307
512840	63320.1844741429
45903	9869.498428418432
139600	25480.35191264349
219449	572191.2727511339
129882	134355.18774301623
232354	226021.70106620208
237409	27412.17194361641
311099	522771.46567979
151782	16301.176804854103
489875	295146.0570074082
167293	18511.425485391734
549246	68769.95319502028
501633	5896.745493857907
541578	4915.296733130561
120211	193867.07580881438
462741	36480.92604295158
462744	283063.2781051464
22937	517232.43354477396
167322	100170.24490296766
330479	536393.8940217888
402848	19485.079816504014
145826	184746.28790818166
502691	753.5653014373394
313257	18503.03066139649
376747	40598.00062681524
373680	433209.0695781573
441778	7964.9294475547795
441779	227587.55215443263
266165	2077.4727522347157
477643	37529.08519130505
345037	102302.41873240078
431574	195397.57689441406
514008	292669.4452540562
440793	146872.59284872608
421340	82012.20522286129
262111	1234.9705410009872
439264	85698.78546933069
548324	482800.65574105555
314853	10460.461768572133
327847	70854.06150399316
529902	4200.965686820926
322045	23635.097558541358
165885	52739.88347565963
