146176	29103.010109351148
293505	11445.826369369206
334469	331.7793228974756
255916	2729.7775529802175
214412	2247.179471690311
80911	4104.209786918235
383733	1842.0994247005947
365080	2744.2565778290746
416809	2773.5786791165733
116908	0
417198	2721.5306955828805
332976	0
408755	6563.06744924188
201396	1933.4311862930513
69688	1033.768994795204
342976	288.8661130508012
543756	72.53577610136833
1357	2195.774245239274
259535	1152.1884909842895
580947	1930.035505626156
296789	2729.7775529802175
88536	227.2611880123267
69977	1787.7897354474396
14044	4852.3686331966965
467551	1195.1817134378846
114274	1231.9066844763101
70247	1079.8679183948655
246255	4142.9481779832795
483316	9176.99155574196
456873	2599501.4284418616
70392	1.7032755298651252
533753	482.9893470775471
70394	930.2037862061081
521343	7328.09182353189
