300715	65341.98828910835
350213	16955.935451948517
448522	2903.732111382715
216085	14555.300290276386
350230	32993.00837989671
121371	15712.025889695507
560156	14358.798523668305
126493	40310.9424468019
347169	26130.886795670544
311847	147850.8584454521
237097	5647.867101730611
389654	151243.83460565773
22962	582733.2174765051
362546	246410.10017568222
422963	72214.17068902221
363062	477046.083284124
379961	9361.764343538118
367167	10545.517188164822
58944	23097.460343661347
507458	85281.00057411137
121411	3424.580162339508
529991	55090.377618424296
121419	25050.32858252741
100436	27904.43012530009
246870	38178.72552460051
405594	12560.276688753926
361053	8159.315220342103
448632	14886.649800677034
157306	223623.42515803396
562821	58607.45058886233
456843	522808.99324325885
562329	183172.306611497
355994	6695.717228117704
379548	4270.793962445554
154782	45128.96084427896
492708	13035.86599347487
579237	67091.54447164564
41643	1202.942416438486
490013	46884.31990511963
111287	44194.76336327962
534213	34201.96217897425
324811	2209.136160242095
452817	19311.383656330338
181458	25483.106118119875
219354	120588.16627596662
78555	7289.757154438732
179934	5751.636543604886
104145	193376.77200292103
39146	71857.01281732549
311558	72836.13282644987
299273	367370.74634557194
562464	73777.89458993277
157475	180372.88330096507
313637	16806.625111403817
271657	38313.41154600643
151858	21891.949997528416
414516	58438.8110125822
344798	191474.85924472692
462137	0
387387	6792.987969111757
32062	77142.74183134579
6976	3352.482848067422
383302	45751.46106837181
373577	95398.02388433405
524620	19320.128295774695
387405	213979.65567674165
9556	5507.096734209981
42842	29025.623117761657
477072	247154.3532175481
378734	14413.201222133108
295742	80570.90251657699
20861	124533.66207999269
423296	4416.771792205132
451970	42132.922416462636
554372	1382.3270784415397
200071	5601.784010935449
146314	12567.67257681354
45456	30690.88255349728
206765	120466.05957189258
269743	7436.340663863815
453554	109880.1939440325
438708	33245.76928418936
457654	225331.49604947487
308811	334027.28449292824
114119	12886.615675417026
363982	62287.27356192034
404431	98580.38168442121
354789	68021.5415532061
162282	8465.664397927218
126448	33841.949047973074
381938	40030.25115345954
454134	20281.104375066185
549880	7455.883095299935
369662	22690.459540510587
