19584	4074.730204175573
278785	3194.699766838998
326530	1393.111847296417
236523	1787.6387385699213
177924	3467.0175040166314
256645	28.492995691756487
251142	1068.9527766990293
96519	1296.212866130296
402195	800373.6897343786
360074	73855.05603623754
497035	560.7387322563155
285122	140818.6960792448
29188	57017.501808779416
480783	1357.8722707065742
213763	2333.140341817239
389811	539250.6732070714
448536	70144.1090584897
189977	29907.067142168828
140314	209608.71526414735
55323	26657.94382345116
457373	226423.328406093
219757	28488.38359987554
389920	180397.55087041084
481697	7561.508147001092
548362	885138.0849619636
416676	3645.1971871106502
374951	49322.542637033956
146600	29212.972855932854
142890	503.3865247272345
308615	32216.89193703297
497710	8604.854772663846
352687	6140.584911506639
138675	1557.1263939702026
284852	190906.4784916372
351158	27625.730874516354
493625	979.0974296852813
354847	52591.781443901324
187965	329.74423989194355
310718	350.9721291843573
460864	115497.82699798651
520352	334772.06997040333
388930	658.0938691161602
416707	1426.3539705174057
448650	176977.4141913857
313782	25844.31202218777
437318	247683.00557411488
462279	2232.0087591127667
194632	17628.879026074006
417609	621.6590789513074
345859	107641.70449522753
115059	6545.325330654124
453043	7484.152084647733
541903	58501.97597284476
122066	4682.366570752293
151507	16703.15889133041
311650	271218.1312314419
462265	881.0259141665391
147032	67437.50365041701
211033	28331.047027456894
184794	25952.952758307525
121435	16678.504377838126
402174	453687.9180634153
374754	191075.34485923022
484452	209984.72871910167
518885	13266.537349283606
392935	1833.981340399514
507263	218811.9812226942
234090	43433.92409418388
493291	365.2108103389772
260717	140.44466128668202
190156	354912.01973998063
448701	458931.29381891614
548336	543284.578283486
218866	3043.604350659943
317139	114646.64426616342
381557	409524.5695654234
202742	651.8859108511624
427514	414379.9537422099
294655	1715.4217514203733
470362	229952.12309421884
234493	4522.299840439542
477694	755525.0686749695
421503	1549.772126708965
