273923	138.67621033111016
109060	10926.110038033808
144902	35889.342000072575
88083	225979.83303556766
316438	4180.581071230313
569880	6403.980124148003
261146	1213.0042523926697
397853	5632.621502115935
72748	62790.80450186539
46639	40636.821057408226
308276	2603745.168930881
541243	5051.5187022350465
579132	41599.117567904985
432189	192996.15229204117
333376	530.1874633268793
197699	52205.715825718886
322572	32457.763701804466
42571	47702.09764286297
308301	2603745.168930881
432209	61809.11403589459
398419	0
51290	3558.43838780884
528314	115.0448391221869
220889	651928.6601648732
495728	207974.47385322416
555124	2994.2194103631505
320633	6448.7082338724085
232575	2187.809857954547
318595	11994.377052428606
303238	2090.891165791504
557706	50372.35955712809
202382	10851.263559424244
311832	94808.3508777763
398483	0
380356	19132.653067753927
390304	10963.18270832927
159856	2996.011179947087
364195	699638.4523100529
184996	8879.927318273078
412326	51498.98320419115
331433	6208.163654377209
170164	22618.91789260631
406717	61601.205286037984
18637	1645.3681715824648
252633	23335.688823702654
518884	8687.377772469024
323813	4440.992858081689
325864	6386.281044526397
319735	3346.8195604535385
489721	9254.667058694526
175870	10107.176695564614
372996	3999.6276549137774
397575	7935.072717480439
339216	315.7163909708162
209625	209832.3360043447
558981	0
316713	31510.514941224115
318260	6202.401544536747
318778	19475.110998962897
375613	53332.397001111705
398654	1897.8776407089797
212802	6698.661532540446
284996	55406.354834562815
196937	6273.88486388845
514895	26026.3581565806
160087	3372.210863349756
437307	128621.37769420634
547729	168010.93363873643
98665	119273.50307941462
479083	92334.48813754578
217965	100053.76225815296
243575	23180.01906544604
125827	67528.69100106222
317317	3523.10158807973
314763	43901.22134054245
310161	10634.255286526852
126354	98015.82069845528
385434	147452.23752516872
517533	57375.91645444274
489914	0
517536	19006.812637515348
559523	211658.02870452523
22948	579562.5420381047
517541	6285.918210302015
135593	60378.585821791086
380843	6764.444667000213
471473	4378.936293147689
398773	2062.4458493276925
489913	119443.70937091351
440762	192474.14289374143
232892	112977.22850187229
157636	12221.086253268697
234954	23302.71118321855
251339	6020.604260521671
347602	522.0508429813623
496596	27250.13177229723
328152	12067.622584113678
209369	15226.795295506408
119782	7438.333897429206
374248	5830.9916567876835
373739	43164.74640368425
82423	66434.96480708844
180731	25067.251602826513
109053	23395.631534954206
