116225	153.42489795918365
469513	432.6206530612245
400912	48.65661224489795
175132	193.6481632653061
189470	51298.062285714244
55844	110382.84648979592
217640	18421.072126672458
41014	16436.187020408164
366664	77.58155102040817
78922	48.18057142857142
560206	100234.72603966654
237650	161.73595918367343
240212	351211.87113116856
557657	1060.2782857142856
291258	118.39877551020408
126558	53.430122448979574
73314	112.39804081632651
276594	37821.27689795913
323702	171.25240816326524
187513	32.14367346938775
447102	14.333632653061226
510079	24.902612244897956
71296	30945.67526530607
24193	53238.595933342775
510083	40999.89314285715
170118	54382.56657142852
326797	300.01053061224485
180884	29684.368000000017
348310	531.8817142857143
122521	1403.8618367346944
109722	5810.685224489799
102556	58772.69795918365
388769	10133.895755102041
373926	33436.0587755102
390825	107282.92110204077
316080	2757.831102040815
202423	1823.4197551020402
34496	126933.35755102035
218304	4135.231183673471
283329	1931.2191846315993
444107	7396.7396734693875
36044	103790.11791836728
380114	765.534775510204
239320	21665.001678382585
78558	41.9614693877551
154347	27.025142857142857
491244	2411.06375510204
513265	13.250530612244896
237302	1572.5818603046855
37277	129798.07510204102
491257	78.90922448979592
490623	144114.24710204106
74493	157.91137299990422
536329	1564.4186122448982
457483	98493.00212244886
520463	37.27967346938776
166190	17925.880326530612
496407	18.832
501537	538.0309387755103
189730	4797.814489795915
348456	3208.925632653062
521003	8937.985142857146
233774	2872.1289387755087
241455	878.247265306122
9521	95.95061224489795
220472	30.890244897959178
123199	7.354612244897958
292682	23535.170780492466
123211	46.30261224489796
501077	42.82620408163265
202081	506.10563265306115
543594	21.325755102040812
262009	23.736530612244895
60797	214.49351020408167
541056	63.737061224489786
192385	304932.3602857145
560520	4644.324081632651
506250	106.1789387755102
331674	76236.11118367336
296861	1408.612361981412
53154	5291.000423493343
225193	5397.226849477819
151467	39.227510204081625
245164	49410.58665306121
563119	518.6835918367348
526772	63817.51212244893
311733	57680.05326530609
464824	14.150204081632651
539066	6415.436122448979
210875	232421.50432653067
473535	4440.124408163263
380865	14010.839322106976
452548	152737.71775510168
98250	871.7399183673466
311755	19683.07363265306
195535	95381.43338775515
540630	487.1426122448981
233439	54.42587755102041
216036	23417.871510204066
491496	597.8592244897957
297452	30.850938775510198
214610	8.516326530612243
232949	6553.789306122449
424441	2.1793061224489794
216059	3065.4058775510184
117756	3623.9342723004684
308733	16193.615549679007
