181761	1537.0175159235666
1031	0.5111464968152867
201739	114.04246284501062
320525	682.8349256900212
89103	183897.64570063702
183322	61.39437367303609
24097	4765.418789808916
134692	206.0488322717622
336933	13.602176220806793
112681	97.57218683651806
404010	146.7842356687898
298046	3606.081740976646
79935	297.6008492569001
201792	74.20143312101912
211009	3368.2850318471346
8258	0
211011	21400.79511677282
8260	14.993630573248408
487521	146.72744161358813
440397	883.7722929936307
322640	278.3760615711252
322642	343.2064755838641
124502	59.804140127388536
553565	2294.366242038217
88161	4255.408174097665
122943	8420.229830148623
473959	242299.34182590252
60012	341.8718152866242
248946	73.54830148619956
310390	4858.504246284501
581116	8.74628450106157
24199	618.487261146497
14474	6.275743099787686
162459	988.1881634819533
381599	225.1316348195329
347296	22.26326963906582
398499	34.98513800424629
138918	62.30307855626327
11951	6168.913481953291
359602	109.38535031847134
106867	53187.40552016986
420020	3115.097133757962
150210	3820.138535031846
283649	2124.8643842887473
258760	1741.8736730360938
281037	111.06077494692144
258768	64591.99256900212
14547	7287.5575902335495
379608	29.248938428874737
134873	2.555732484076433
134874	0
134875	0
326367	1430.8126326963913
186085	596.6215498938428
12017	5361.415605095542
24313	24.875796178343947
155132	44.75371549893843
8462	8983.115711252649
325620	163.85084925690026
498448	727.1910828025477
530198	27.601910828025474
300315	1.306263269639066
404769	704.2462845010616
539950	2222.294585987261
539961	412.8359872611465
218429	38711.22558386409
134974	31.691082802547772
476486	15.73195329087049
180044	853.387473460722
559437	21857.8736730361
255325	76.2744161358811
74078	56616.23301486199
111460	1089.4803609341827
315237	60.82643312101911
131943	54.20992569002123
57192	7380.8986199575365
334698	15.902335456475583
328563	25.159766454352436
557545	46443.338641188966
242239	34800.5573248408
106878	132983.56422505304
81794	728.8949044585987
327555	22667.472929936303
266632	442.7664543524416
571789	621186.9949575377
557465	30232.497876857742
48025	10227.303078556266
134558	30.725583864118896
134567	42.99309978768578
134569	57.64596602972399
118698	33342.88110403398
108976	640.32457537155
324537	155.64410828025478
25023	1217.3237791932056
247750	95.8115711252654
499149	29.703290870488324
499150	43.84501061571125
533984	48.047770700636946
346597	8274.723460721869
533993	32.997346072186836
39407	387.10828025477707
64496	2.3285562632696393
499186	47.30944798301486
218100	124762.99389596602
203257	1503.33864118896
80890	5681.847664543526
80892	101.37738853503184
