134664	3079.788736213157
32777	6011.448262972894
573964	5014.721824789637
189976	129353.02907551889
233648	23453.245455943896
109093	266.53400411334223
4649	36681.780123327604
504884	9571.624085944146
110135	84323.11479361821
134713	31190.022821287323
336956	243.42421795743613
448578	46428.72644967697
423491	1902.8308696884471
407651	92779.79134997969
218196	196362.58369524922
419086	43192.38118824237
146008	2544.4708783608644
88153	4916.6335448784
93275	41226.51391099389
302687	9112.84082540583
73315	791.4326194940446
431205	284.38925746663676
276596	1322.4891123611023
276604	92170.32999069768
497277	69157.00642988303
524935	4043.9470815376826
313995	289965.5879698059
568983	260.8769781227366
207001	4996.746165604418
169727	5835.454728768927
145057	54431.21436571927
470192	10278.073828436327
175798	4215.1426030091825
92348	158595.93710141405
31933	6170.797046896458
419006	100278.7497346191
208843	62321.47310143464
37061	63055.55295855409
564426	2316.8014018793465
111319	738.955152578833
564956	882.9242881197029
566515	120651.42410871545
93428	6365.365375684648
374011	304592.61646215053
435669	450.86309226192634
550670	15593.951091724606
404489	210.93282752305586
79138	515.8950837259274
399323	39400.91456966156
503076	28268.324990612946
13095	46533.9611728839
568111	379.16690939746076
509237	2064.841737947641
504635	3605.7906287260516
32066	15110.030629622372
526659	112.99746289392276
351563	14646.036817077396
38047	140734.92384490906
48463	24139.264281283715
550755	9205.919476118148
444262	5725.001626199425
391740	6848.928903132973
252080	2588.9284308132446
21875	18882.409910652554
204667	1642.3036564656747
191874	160657.39427475104
572803	1517.2894717219224
570757	1409.5376605449826
374162	3068.8987656339705
465299	31292.874406617717
542102	10443.478839422194
54686	9991.664945977263
141221	597.6506282657829
79271	8514.509524700643
416169	12459.515633365063
427951	43061.9854349411
84915	6639.145194054602
218036	101777.34249786647
263607	129.67057179817004
270267	2170.53731204715
339903	164.6070130304286
81862	891.3933443434278
116685	2875.217447199266
446416	85.42939368173195
492814	5559.99979554412
571347	0
446421	11689.83692760229
210255	197657.73655157525
443873	225.46390140514967
116706	15005.389387741045
553451	105498.67718343249
353265	13712.272978939112
565673	536.4641519683723
256688	9669.88430480036
