117252	7939.178982980841
116869	361.8244444987462
252144	24924.690952358804
310299	703.371924632024
336103	92.21441824493607
225696	542.769004502679
408353	1570.3418983680338
117285	985.2984453295645
226863	3971.1357316902245
422451	187.60968239753316
196534	259.4926909931903
203831	121.34684729503667
341176	135.19616635968637
81849	3065.8615459334455
81850	820.3691841192344
136254	2974.368637777061
367551	7434.475652684121
401100	1152.8872428424702
554836	1236.3029105459514
339925	95.77966270320563
309726	326.9791011338816
535904	2064.4999437975957
134503	1747.5746416801128
106728	10807.312076243728
142569	795.5350400771226
468458	14.355828220858895
171367	1865.7901683598361
134892	1635.7037343983154
372077	1541.2711578144595
562672	1024.4509835936515
182641	569.3188756906078
277746	6892.759085825723
335987	159.35701964984645
187454	34734.48636386121
468457	15.791411042944787
551252	1023.7141277063668
562682	3074.6166594930432
134525	58703.37423312885
7807	17281.072769678136
