340501	695.4495434997965
70699	98.79142880703189
229469	56.804901036757784
73992	1028.9562209950504
1101	1134.536220465724
581201	251.17584085946413
140884	7440.152229437147
243805	17120.396149347875
314465	611.9569163871117
118883	702.5567715316058
468587	2063.4806812965603
468590	123.11027332704995
468595	106.76877560916817
401018	418.12204788478357
243835	25.458006049084307
70784	39.96286841494546
261249	681.0257600371318
70787	146.86613665499453
135	4120.347305809968
46736	892.0957429641707
333209	177.93590951932137
171681	20777.037598806037
254626	1516.8021034815451
82599	402.9494303070814
106354	0
264371	28527.144203581538
134837	2411.162661813634
192182	9798.957483066471
553153	348.6334238073043
401090	319.77409337010045
349391	3487.365692742696
238812	1251.4271512466842
243834	26.05492209060274
21737	2102.103422488363
192234	8434.94383125952
500976	772.1038435433892
142069	223.2565270637766
342262	56.47464721603886
562425	61.704068580349016
312578	1240.8805496419498
251435	70.5180967262917
340231	890.4021068789677
70408	98.9628747581121
30474	147.33910813136004
414987	652.6453574910279
109836	356.1656312358522
256269	66.88906938964958
134415	8050.585704766276
464657	1260.1979264844488
334612	76.73865650418462
117526	19990.45821285875
224537	1106.9042087785494
48923	274.78872443075
401136	222.66729500471257
134449	6755.82254860123
134961	4240.459590857003
15669	61.59537421292786
359229	213.6305658487409
205632	1766.8041224464105
15682	1387.7695840348183
476483	5845.23078575266
243524	141480.6475476332
286533	353.4967012252593
421217	125.86426717067863
385893	133.27694728216093
15725	49.64704980413833
343407	887.163413042513
477554	2220.258179786776
274814	739.3922546435808
141190	28538.31889679645
372106	521.7946152639776
208267	54.243569724196924
1346	157.54948162111216
468366	3427.7811417106614
134545	532.2171510913856
243523	664.0908732987461
149908	174.39617647039523
243609	3523.0892539408014
455576	370.32045240339306
562073	79.64849666950943
562081	15.393280683318721
448930	1384.8916116870876
238502	2679.668176923602
493994	3833.6976527439997
44018	47.30442978322337
468404	258.8350732649416
538554	382.9877474081056
134590	287.8436962813076
179139	7545.596289378761
178128	146.5689219791052
468438	125.11681907500666
134625	6149.422032092483
11746	1500.9887065468474
361521	8600.895381715367
261098	215.60454861916924
134635	2507.9502583637386
552428	2547.677095197152
468462	30.282752120640904
44016	1468.2414044793477
487922	291.2903225806452
406003	1548.2808157049803
44023	79.52367613956632
273913	968.3122856857262
338429	997.549481621112
44031	7042.933819637853
