541057	16033.950444131478
303107	3353.089265972243
22003	132.04225352112675
448897	885.5806019252457
455944	244.54279078725094
110252	427.76178551910414
177943	2582.63823861128
542348	1503.2279261178376
541075	13701.74142728121
542863	357.9037608266896
336144	105.37754683002021
359063	1380.3914037265529
204051	14381.766391745887
541077	12703.463431203254
204054	12175.164885385831
341015	221.04815938545784
542360	1099.164589986521
430874	1210.2259100432093
335643	286.0045983849052
541085	8506.032544945516
85790	7536.528922992451
492855	1412.3942762780414
408475	1494.8991732703073
332070	2195.722746655726
164391	6825.650994838838
77992	1675.3810983218723
75233	1667.4290937165893
410538	1751.3217397156234
410540	4711.95450213926
152237	1096.5088539437997
542255	3721.1350002921645
375216	1429.5896115005867
249869	3575.2390214746297
567789	3911.889654013016
355123	1448.069263177559
284212	1072.4076714447508
332085	2787.5805680856515
17562	2180.6647842248335
121783	2614.566005094721
144826	255.64300576184377
340924	113.98474445680786
260416	5202.238072968874
338626	343.1749574334436
303556	3704.2865558234616
251318	25580.840105962157
390215	3339.9048276098756
81096	3222.9291210316087
430604	453.89839587624914
541072	18735.605231673075
132300	27.212307938540334
28366	19195.87906484945
513068	3160.148857348029
69584	1462.6038468779618
465874	2167.700851768042
463054	1817.6872029563135
488591	2216.286997391566
250106	2441.3159597979293
103902	1973.6320198735314
302608	982.7645413088869
265955	3809.863331439024
265958	3160.0697455323684
158959	644.7082888905717
429036	2564.255587652871
332653	3964.2679816987934
247022	3977.535772916199
330607	6403.97781981291
272232	4833.934627044425
553074	1282.0048378562622
158707	2308.432375679888
227829	3319.380610088918
426281	6054.003963605771
312569	985.0752587512411
513018	1447.7916048170464
250109	2479.651989196415
184703	954.2641576076464
