113156	9190.79479257669
289288	181261.43056027818
476686	131214.95517018207
296477	206.8097823424988
179238	136584.63147882975
385575	18655.5956712665
298538	2482.3943227934637
123951	636.7143448564426
489014	14496.576187378469
80952	2792.0290507426703
80955	7914.595936971216
246848	68.76398777676296
266308	52725.01084829122
266314	13737.491173068587
229453	201.04449999028864
548437	275693.01501846174
548440	193089.38787223582
459355	75808.47149069718
369756	216654.8302224001
327265	21539.810976344892
69222	270185.49583060684
129132	3255.008898577941
439419	7181.6708546427935
408703	92.57105704340928
380545	225771.7075311557
147590	199.81104294453672
573575	4213.827910875905
238731	1297.28852056274
337549	104.22155709494753
393878	1135.4334256250042
168604	78.29555305337978
81605	7912.935998267701
15522	61156.52578508378
573607	8131.530287335915
30377	7231.699079610702
575661	2865.2394716263125
449565	252174.4223340551
496819	1471.7459495798319
127157	32108.244214558927
484542	10284.265021368843
425665	216903.98356588316
425669	59995.18739840892
77516	125588.47790524022
180428	32160.13216035581
404688	64041.16906671086
116946	8578.92515241251
312021	377355.85540200217
112857	40534.35270472405
7884	67965.85459775172
209638	40611.176076842174
333544	308.6004741337254
26857	420663.5263305571
104172	226991.80741674334
241393	6611.536919120406
556275	83819.17064676833
243448	74.24410735122521
389881	179906.6281215838
435963	195682.6754550979
378109	52234.103777085176
378111	68190.12045233152
378112	148365.7411266018
13579	90.39237272561914
525600	33868.6150563857
393001	28751.342807425015
393005	310598.6644232802
405807	68.00158131348823
380212	430987.8833482734
102726	5328.638572743887
288589	19.856394503650737
14671	90.39939425221812
29534	21242.118824332516
97638	307334.18595240323
344426	287.14410265379814
78056	638.0483323158949
110465	3870.938963324186
215942	57072.62881605364
537992	151.59561164590173
76012	8265.298427157075
135050	43285.24715620175
123789	794.5807204678142
119694	34728.37016918108
350112	37889.04531539577
171430	114639.8973927964
77544	128096.91186773422
189359	214155.60707942527
110007	4385.567863622576
417866	1254.0804778602662
464830	2435.122931940005
80326	182004.0757757636
408523	138249.98403413664
135117	393702.4573028671
135118	275499.4170220131
58189	9295.952063985485
404432	135586.66024327406
2522	891.5137008146148
188380	33112.95836965742
148958	335834.3861267229
283103	50.68172121730062
189416	39406.513037304954
464367	132817.8893774207
560114	339321.7778190805
247797	2024.2807705694825
457720	282670.038263063
11775	45366.22300183926
