41089	245349.24241110997
396127	414973.71497738815
496899	32841.10696526747
6662	18314.519406410956
267785	205985.0408203488
560524	123335.09278170395
370063	396927.7175310474
181784	150929.4260740223
311698	541411.6840417171
292500	15309.036554473922
247191	133644.5659830026
137624	173396.18253503295
35737	148906.9823951758
441755	109511.90687242993
149978	304331.86001522746
167327	8938.51158397406
191978	1702551.8746438217
505122	46844.74425919587
214435	156112.11660263376
461861	0
208424	772137.66014704
409385	6284.201678500579
6826	1848.5494395826963
370988	84522.35243204454
383372	435550.36501314247
392751	41524.260903255716
437297	158586.65366225754
311219	191833.16328941754
114356	1030.8371667875974
392757	101712.95954900423
54198	36282.97229707439
35465	39480.853540655786
489651	305396.65492749406
41785	80738.28288857314
478010	9488.186689790959
42207	142403.57654094306
299965	28125.178261637655
500672	84136.79889123792
554049	76230.04031613267
210998	642764.9909525185
46668	89411.11358409791
494795	19252.664116337633
98252	6832.322152073936
249378	169241.18403044148
270542	475827.5755776108
237417	24971.340943378957
394323	71595.57871163683
241786	162738.93246955855
441657	85979.87279237897
139514	218549.93776523863
429786	15146.148986232194
43611	63036.89874738869
220	1339092.6149460599
369594	90153.56058622828
126175	233592.65618259172
373647	205013.49104882844
110050	10512.665254197298
389476	185731.65487176078
308966	30178.74155649526
42982	98316.28135197559
93687	43834.34334411417
77288	976.0193404297293
98300	10880.390349493802
293738	8700.747500638357
36199	234802.5667195001
157293	563129.1999422434
399549	64090.05914866286
163312	60618.938477774456
6504	17433.942154880766
35698	191817.23060599706
17523	75888.7442812197
40693	2920.278050403963
395766	264053.7041663594
461865	21124.973809472896
189716	456854.5340990975
57466	17896.879147450276
312316	75451.22805653482
154346	3392.8681826190527
380858	63320.41997393022
