567680	2022.870326585801
529573	1845.2515753370024
204551	2335.7563375538844
498348	165.58573486766136
434199	527.4219571359099
195598	26331.351544043922
568365	13565.935553053048
451984	8109.282317603099
468696	10731.463178243015
383762	49887.12698904492
143253	2353.686010871122
143254	1138.600838665377
542681	2148.9541501278504
68376	94.52017853241364
174191	8412.198854613363
67996	179.7701679734074
281562	33426.03492021656
498757	1993.0690148271096
263712	1409828.0950846386
124833	7705.644054155762
124835	8615.049800605917
560421	1522.7774907155936
384038	28485.510408382142
478887	5012.32750965381
369324	2129.3021202895875
497965	981.2981769701106
384047	27940.252100984162
569009	325.37066233010887
534706	1908.4941401408819
534707	2541.680856215393
174137	17803.50126276473
173791	20878.691644432012
133043	3739.5760440525955
20416	78042.74905557263
474699	11574.869332104508
173636	7538.010472726273
581366	598.9666743102409
436551	22953.09227681853
436553	10607.188274749064
276939	938.2203264055582
533965	631.8641675882355
184013	398.26556756656674
173521	19660.20678065082
978	1165.7863811155216
383827	42615.09682943034
183892	395.82559851656856
173784	12205.464041334926
577113	2410.427729838332
85210	6083.415796297659
549135	26385.419768812048
173825	5860.718353676419
263261	3690.8959624580766
173970	2148.6345738353602
183903	6069.363533414796
249697	459.5088229164254
269794	32029.938670416715
174162	15904.01227781773
174181	19204.30222643823
84966	355.57899143080664
173929	12228.72814235646
173674	18383.42318791214
303826	9533.368890191157
147951	562.283964837713
544240	1043.9273188925995
344822	7513.1510751364385
294321	6909.111251046714
173812	11085.197161112237
174197	28636.14329603757
73974	1435.7336917506793
213880	0
579961	40.65593495427448
561581	19411.577741123667
392062	17830.374525184838
