222721	4157.563982112177
258049	161205.7498585758
145421	327.0139047526615
387093	10891.897629455576
78872	91354.1395097824
30747	3507.203934971973
558622	80606.86149910369
477218	40042.99621715935
374821	11362.780611585376
235046	63039.95086080153
348715	9733.599784348455
363054	361191.0571906923
42552	269050.30694015016
115769	123806.04236674683
381437	1050.5139875930545
429629	50527.96759326511
355390	7854.131976734347
355391	3698.7191723127457
527426	39576.61822121533
560197	196089.51504501337
429647	105193.67174621123
500325	50756.21483291247
71869	355420.5769049825
457339	430421.33325720043
504452	76424.8088096023
5768	268896.80384310964
159888	26723.88566900758
387733	181713.30641996828
2198	252437.61664130428
56483	3175.5613456679903
360612	59247.90483524007
97969	266214.1117772623
122036	9156.638196840891
396470	36493.02075196424
507575	177512.06277124266
255160	4554.170139699137
172729	125833.87767562241
308410	334375.7040234202
274107	11384.892468934404
430780	51969.34021596209
35530	267084.3673284674
511172	196117.90862677793
191175	500215.3027211603
169674	552273.1613445624
437601	29628.48328304123
104661	86035.09497071011
388310	21404.22374207681
216806	11744.887020079808
203498	5968.959655032578
348912	7023.34156524501
375548	144628.17614567562
410325	109267.76507200595
292096	2603.358339021442
561411	7010.376690662692
107272	656269.9494862921
129805	399961.37618118734
222991	37605.80757376959
221464	228394.96759242646
343326	186.9658129922427
406817	63860.6157456833
58665	107874.15780678325
475947	1520.4276062429017
291120	284804.2048530947
32577	165261.55443466676
490835	88944.94485950466
185692	110499.88272352696
364382	31699.60591246395
534881	241142.09269032278
488290	434447.47377097997
56679	24297.20306641181
134010	60703.91462542676
283004	201880.83225748886
426369	387.4983178624204
426372	223.24513106379214
394640	124579.88105042336
91542	28335.19209435593
425882	164199.46757420123
425883	122518.43270192048
232861	29746.692882270883
522148	155861.01692670968
185245	77484.867395826
222145	25371.69462512327
233416	65050.33023017
527312	23021.772278783825
40405	241806.71920579718
251352	10234.843984449035
280228	308865.58505360706
222689	165659.9978792158
72678	6213.789903982371
233448	55041.80365682258
362985	325003.7827286491
567791	3101.454661147107
513008	1536.4910844047781
455669	22166.991166926386
427510	160359.78476030842
12797	126070.72741838291
429567	107871.78321140319
