271616	948.9767600983824
242177	33793.91067713879
163712	143127.9403675782
13187	231408.45468402735
33156	86172.47846928521
39686	77.0507244692501
219912	20171.397164717866
312302	694609.7161546437
540695	17264.184413446426
303884	58581.269987808075
35726	187789.23517821595
21158	540182.6795668754
471192	5881.284603803525
209597	882090.4475767657
245269	7377.607781940432
210839	454530.67604287673
270360	47.3990211679125
382745	331.6018890497127
259867	17668.60578888098
57372	4908.979219291392
559261	772.521446050573
432926	226457.9844214003
713	295150.65850843774
105634	4114.3567133111155
312239	369705.2816130629
62374	27.50943396226415
192935	8541.216939163305
478505	839.3441736419179
279338	3291.5146706387877
139820	2292.3302430834965
305965	17953.732175781366
187933	10944.703008068755
102167	88577.45528023179
569266	749.3902116791248
415668	2186.166737745809
509111	1519.7464055807093
19384	70.58692201560058
442297	80920.47124978401
129119	206589.96505571477
107648	239.76373785314468
403261	312.9642638609693
463551	28150.4240288198
463808	89304.89970630477
411201	376.82625109018045
74435	43287.903740010595
38848	26657.982465153018
4934	338.37792552477106
376519	1905.550468724495
455881	181.28456346913788
551882	115569.6595139813
230987	16050.02060847656
235980	1358.9684603663184
418638	17.0
18000	104514.54191674141
133459	19794.725675915604
25209	17077.656483965085
249433	32822.67240860036
500570	1324.0432012269605
191835	118382.29263295553
410207	196555.07493514608
38086	200440.90904132766
410849	143.21910862094325
508603	12941.280492970354
740	46378.59989542144
559910	43991.47662354003
194279	34011.52091072523
129129	18605.006614317215
288362	2286.056455344128
108306	308437.2222550892
133473	18355.20425241679
198077	9289.701296217638
15984	402641.7177386828
154481	969.8134122235662
264434	36318.94342835047
48917	6053.275430237045
431223	82745.11857563861
115101	853.9711197732105
90361	20254.385931123008
147965	2618.3596178057496
104081	13073.751153400925
348326	18015.56585636492
