286723	3402.9879103372937
524808	4225.2089203724445
508937	2964.934802134749
582157	1485.377850102656
176150	1685.255265804756
542232	973.308372483023
542383	5807.456605535939
526367	320.64575342375576
142896	2714.46298994078
278024	12096.544582009572
569394	24.15217391304348
52275	20.019365795222324
580155	2507.444030646545
431187	27422.837621387378
511064	810.8128631536764
574554	9205.123380904251
243810	1263.549746731392
374971	2018.887328900275
39017	1369.4093490032758
406122	1084.1464743515796
347251	93.94525389959637
265346	37626.400046156996
23177	1687.1021847786928
337043	916.5999909940583
548506	2274.171308793861
330010	7930.112491211135
60357	6371.399027591153
472091	9489.942571999374
27301	7397.496635446052
263846	1948.2365733244224
495277	9681.357586378805
267439	264.38169482137914
437435	2011.1668521707522
49340	3380.4774839217785
213703	2364.690411125494
553170	1074.4458648995712
224469	2512.3720050393777
396503	10973.73743923262
523993	12260.91418434608
552667	482.05401423657605
46812	3715.182685029572
46813	202.28765297254128
121567	940.2416628699893
508131	788.1208588219303
229096	5396.055228505773
46831	2996.992907764993
86313	38.03030641985531
427263	584.3138337033773
149249	0
86275	203.0893565557475
147959	3025.3797932650073
273623	3830.9313108647125
394969	0
22810	8061.704781045672
365853	1244.0641481104683
232229	4307.200501176528
382249	6533.676811291201
47916	3139.3946906651545
206125	1100.2818478241927
439602	13042.211856459964
571699	149.70823315300873
472894	3.0878980891719743
405314	1884.9700879850834
47901	2105.4531333463146
512843	1287.31002413683
182605	1427.879738414439
577366	3248.5746428131156
366434	7961.664160668398
366436	237.45890429342722
542064	3801.378484486554
550257	6097.2460526697105
188277	1376.9503615595258
461179	863.1965010749919
378239	1742.9024935460454
378240	465.45206176397494
405377	13728.831348769678
510857	3543.7947342537855
155022	2751.7539108640162
3984	8188.395538898878
511384	6895.258870553784
506277	6097.8681695438945
577448	544.5029718942106
569769	8539.064703384092
81836	1308.3814375750853
60334	3882.281276339392
508849	12408.532987446983
388020	296.74127482859114
205757	9597.60875103388
301504	8.304171564577315
419779	1438.436688736376
536516	2333.789313974594
155077	3263.2623380122973
498635	169.0654493420892
475099	3872.941365193706
542695	1307.4744872529939
194537	4422.889631017495
509437	15673.374430000253
569768	3238.438015008322
506281	6932.439597377959
301560	9.166936790923824
401405	5211.699777077396
