216074	7974.842264150944
417803	62319.59235054329
11278	41.59878169086958
437263	7842.124689731298
487444	124.75973784967748
461856	79203.77013417958
189985	101616.83065572075
461858	96053.05899899968
560169	59437.3732427305
300586	48.86654478976234
410160	28031.93233210306
280628	13088.953673898799
339009	71.551369434083
122949	21837.93147666518
490570	5832.781132075471
486987	63306.551200717484
259666	23539.846415094322
440416	55854.09714946017
189537	64500.24710703321
536674	79324.23589941704
248935	65382.63962885033
166503	35521.39451002036
209010	15761.995471698116
443512	38999.824443447964
311930	236366.63446346813
513149	84222.55257907623
258174	67936.76409230454
504961	20242.069302197222
432231	130367.80265755577
294027	90576.47133662172
467607	63946.51469301507
219503	54957.53066606878
315973	17611.14971473905
235697	228875.1414397572
543922	378.9419902728433
226491	39114.97471698113
563390	7763.95358490566
403647	37026.013386223305
278722	172.34216136042218
191689	30.559245283018868
15563	2857.4015094339616
352972	5700.912216894897
221400	123418.53040667792
380635	8413.804938084231
219357	115977.11227208444
439523	6922.453584905665
505062	16798.419850298367
459501	814.5602938843089
372468	8015.800282846401
140533	308.80528301886795
180987	29271.382008209446
270076	3192999.2932075476
38144	40653.794505881124
366854	99.27387120140733
14091	178736.18285260952
191761	33011.2847683764
14098	63480.76053533856
331545	2231.808041806078
567066	1165.5862716015317
199462	227173.61149184228
240430	47.52
533810	35035.790682625644
318774	4607.330372184471
318786	26416.01984891863
166726	31129.970943396223
327498	68.79986064640751
273739	793.9156641716395
8530	4775.222092373497
429907	2973.130327342969
325976	64162.383884653864
157020	50239.09880379427
383326	140184.50980338737
559967	80344.35783863952
415072	26468.481277637886
61841	5022.242647028388
93551	147.1177358490566
72052	232023.2475995999
438145	372.3147169811321
369543	1441880.9736125001
376201	668.6268290159014
467340	303.9486792452831
189327	32353.08949536063
368529	2047.4787223621122
293780	11291.390423138215
441755	25456.396604463458
566179	12461.003889482943
541092	68.14188679245284
544692	157.8225483770825
567226	3760.5819481908175
507295	45216.31797868303
389576	102445.93849608501
107996	58982.24287951432
293860	9736.925407885206
483302	1050.8196226415096
579560	170979.34978234625
179689	55286.791532544594
216046	69193.26849987925
191827	48405.696733469
76276	887.7498113207548
